A/A0 V/V0 Vr eb eb_bend eb_ad ea ega ev ek ee  h0 h1 h2
1 1.00092 0.642589 0.109093 0.0496849 0.0594082 0.000367957 0 1.12357e-05 1.76331e-08 0 12.5019588470459 7.345518589019775 24.84242057800293
1.00219 1.00002 0.639915 0.10539 0.0497361 0.0556542 0.000759507 5.97331e-05 6.33605e-09 0.000161202 0 12.52929401397705 7.768661975860596 24.86806297302246
1.00166 1.00039 0.640649 0.103137 0.0499024 0.053235 0.00130519 3.45825e-05 1.9889e-06 6.06785e-05 0 12.52275371551514 8.062176704406738 24.95119285583496
1.00192 1.00006 0.640194 0.10128 0.0499696 0.0513106 0.00135515 4.6031e-05 4.55353e-08 7.35904e-05 0 12.5259485244751 8.296051025390625 24.98479652404785
1.0018 1.00009 0.640327 0.0999085 0.0500762 0.0498324 0.00155089 4.05732e-05 1.07765e-07 5.44472e-05 0 12.5244836807251 8.480712890625 25.03808403015137
1.0018 1.00004 0.640295 0.0985917 0.0501119 0.0484798 0.00185482 4.06492e-05 2.48852e-08 9.10676e-05 0 12.52450275421143 8.651382446289062 25.05595970153809
1.0017 1.00007 0.640411 0.0973029 0.0501825 0.0471204 0.00228249 3.62385e-05 7.26563e-08 0.000109597 0 12.52324390411377 8.825961112976074 25.09124183654785
1.00168 1.00004 0.640409 0.0960647 0.0501656 0.0458991 0.00193055 3.53909e-05 2.11993e-08 7.663e-05 0 12.52298641204834 8.984519958496094 25.08277320861816
1.00144 1.00009 0.640674 0.0951133 0.0503871 0.0447262 0.00384241 2.58525e-05 1.0289e-07 0.000187221 0 12.51994037628174 9.140120506286621 25.19354057312012
1.00152 0.999989 0.640531 0.0938977 0.0502031 0.0436946 0.00269407 2.89334e-05 1.57344e-09 6.13366e-05 0 12.52097988128662 9.276885032653809 25.1015682220459
1.00142 1.00009 0.640691 0.0927743 0.0501866 0.0425877 0.00220262 2.53108e-05 1.1291e-07 0.000190709 0 12.51974487304688 9.42652416229248 25.09328079223633
1.00133 1.00022 0.640862 0.0916973 0.0501711 0.0415262 0.00223123 2.2106e-05 6.40962e-07 0.000163397 0 12.51858329772949 9.571855545043945 25.08553886413574
1.00121 1.00023 0.640984 0.0906107 0.0501346 0.0404761 0.00248349 1.82825e-05 6.97803e-07 8.97134e-05 0 12.51708030700684 9.71760368347168 25.06729507446289
1.00108 1.00026 0.641131 0.0895046 0.0500835 0.0394211 0.00208021 1.45143e-05 9.13547e-07 9.3842e-05 0 12.51543045043945 9.865969657897949 25.04175567626953
1.00105 1.00029 0.641177 0.0884896 0.0500324 0.0384572 0.00263246 1.37902e-05 1.1418e-06 0.000285485 0 12.51508617401123 10.00273513793945 25.01619911193848
1.001 1.00032 0.641239 0.08746 0.0499489 0.0375112 0.00189728 1.25577e-05 1.33309e-06 0.000186134 0 12.51448631286621 10.138747215271 24.97445106506348
1.00094 1.00028 0.641277 0.0866094 0.0500148 0.0365946 0.00330622 1.09856e-05 1.03771e-06 0.000232546 0 12.51367855072021 10.27227878570557 25.00738525390625
1.0008 1.00042 0.641501 0.0856441 0.0498997 0.0357444 0.0025564 8.01584e-06 2.38057e-06 0.000157038 0 12.51196670532227 10.3980131149292 24.94983291625977
1.00078 1.00041 0.641516 0.0847267 0.0497725 0.0349542 0.00254252 7.55766e-06 2.26508e-06 0.000123209 0 12.51168918609619 10.51566314697266 24.88625144958496
1.00066 1.00045 0.641648 0.0838829 0.049719 0.0341638 0.00245032 5.52023e-06 2.67221e-06 8.40748e-05 0 12.51026916503906 10.63514804840088 24.85951614379883
1.00062 1.00046 0.641698 0.0830286 0.0496343 0.0333943 0.00291055 4.83875e-06 2.85637e-06 4.67335e-05 0 12.50973796844482 10.75243854522705 24.81717681884766
1.00059 1.00047 0.641737 0.0822004 0.049538 0.0326624 0.00250751 4.33927e-06 2.99833e-06 0.000107989 0 12.50932025909424 10.86522102355957 24.76901817321777
1.00054 1.00049 0.64179 0.081453 0.0494689 0.0319841 0.00222756 3.70253e-06 3.1921e-06 3.97057e-05 0 12.50876522064209 10.97093677520752 24.73446655273438
1.00048 1.00058 0.641905 0.0806703 0.0493451 0.0313252 0.00213124 2.93049e-06 4.46171e-06 3.12293e-05 0 12.50801277160645 11.07478809356689 24.67255783081055
1.0004 1.00056 0.64198 0.0799258 0.0492683 0.0306575 0.00246609 1.96556e-06 4.23474e-06 6.60209e-05 0 12.50692176818848 11.18125820159912 24.63413047790527
1.00037 1.00061 0.642039 0.0791949 0.0491891 0.0300057 0.00208509 1.68946e-06 4.99681e-06 6.83645e-05 0 12.50655364990234 11.28604507446289 24.59455871582031
1.00031 1.00066 0.642126 0.0784703 0.0490865 0.0293838 0.00221102 1.17102e-06 5.74586e-06 4.83039e-05 0 12.50578308105469 11.38723087310791 24.54325294494629
1.00026 1.0007 0.642202 0.0778443 0.0490449 0.0287994 0.00215801 8.36226e-07 6.59728e-06 7.29002e-05 0 12.50519275665283 11.48326587677002 24.52245330810547
1.00015 1.00073 0.642323 0.07712 0.0488983 0.0282217 0.00203676 2.81729e-07 7.0915e-06 0.00016362 0 12.50384044647217 11.57941246032715 24.44913101196289
1.00017 1.00074 0.642316 0.0764368 0.0487588 0.0276781 0.0020905 3.49892e-07 7.37057e-06 8.20532e-05 0 12.50405597686768 11.6702299118042 24.37938499450684
1.00008 1.00078 0.64242 0.0758087 0.0486876 0.027121 0.0024087 8.78847e-08 8.10677e-06 0.000114776 0 12.50300407409668 11.76469421386719 24.34381866455078
1.00002 1.00082 0.642513 0.0751589 0.0485745 0.0265844 0.00194848 3.86747e-09 9.08038e-06 0.000141674 0 12.50218868255615 11.85653972625732 24.2872371673584
0.999993 1.00085 0.642553 0.0744438 0.0483739 0.0260699 0.0017615 6.97856e-10 9.64778e-06 7.81172e-05 0 12.50186824798584 11.94528865814209 24.18695068359375
0.999911 1.00092 0.642676 0.0738401 0.0482573 0.0255829 0.00200766 9.87497e-08 1.12892e-05 4.27959e-05 0 12.5008487701416 12.03037643432617 24.12863349914551
0.999795 1.00093 0.642797 0.0732795 0.0481652 0.0251143 0.0032587 5.27212e-07 1.16026e-05 0.000100486 0 12.49939346313477 12.11316871643066 24.08258819580078
0.99978 1.00095 0.642821 0.0728526 0.0482099 0.0246428 0.00198848 6.05213e-07 1.20069e-05 0.00028415 0 12.49921226501465 12.19677829742432 24.10494232177734
0.999754 1.00096 0.642852 0.0722027 0.0480117 0.024191 0.00184102 7.56458e-07 1.22356e-05 0.000129855 0 12.49889183044434 12.27769947052002 24.00583839416504
0.999619 1.001 0.643009 0.0715051 0.0477473 0.0237578 0.00198064 1.81862e-06 1.33003e-05 0.000500466 0 12.49718761444092 12.35648345947266 23.8736743927002
0.999649 1.00109 0.643041 0.0709895 0.0476358 0.0233538 0.00188857 1.54352e-06 1.59724e-05 6.67328e-05 0 12.49757480621338 12.42991924285889 23.81787490844727
0.999624 1.00109 0.643062 0.0704497 0.0474833 0.0229664 0.00178837 1.76758e-06 1.58207e-05 0.000119736 0 12.49726390838623 12.50117206573486 23.74163246154785
0.999579 1.00104 0.643074 0.069933 0.0473305 0.0226025 0.00225857 2.21979e-06 1.44356e-05 4.99507e-05 0 12.49668502807617 12.56872940063477 23.66524124145508
0.999519 1.00116 0.643211 0.0694403 0.0471767 0.0222636 0.00181469 2.8984e-06 1.80539e-05 2.41994e-05 0 12.49594020843506 12.63221740722656 23.58837890625
0.999479 1.00118 0.643262 0.0691246 0.0471808 0.0219439 0.00242603 3.3959e-06 1.86755e-05 8.81117e-05 0 12.49544239044189 12.69248104095459 23.59038352966309
0.999492 1.00118 0.643249 0.0686634 0.0470019 0.0216615 0.00201982 3.22008e-06 1.8682e-05 4.38336e-05 0 12.49561405181885 12.74587249755859 23.5009708404541
0.999422 1.00125 0.643358 0.0682405 0.0468513 0.0213892 0.00223668 4.17762e-06 2.07354e-05 0.000163589 0 12.49473285675049 12.7980318069458 23.4256534576416
0.999383 1.00131 0.643438 0.0679187 0.0467827 0.021136 0.00188254 4.76545e-06 2.29664e-05 4.40833e-05 0 12.49424839019775 12.84671020507812 23.39136695861816
0.999394 1.00129 0.643416 0.0675635 0.0466577 0.0209059 0.00156633 4.59195e-06 2.23388e-05 0.00010129 0 12.4943733215332 12.89103031158447 23.32882690429688
0.999438 1.00134 0.643404 0.0672439 0.0465592 0.0206848 0.00160569 3.94622e-06 2.40261e-05 8.7799e-05 0 12.49493598937988 12.93369770050049 23.27957344055176
0.999386 1.00134 0.64345 0.067063 0.0465839 0.0204791 0.00153428 4.71554e-06 2.38004e-05 4.40458e-05 0 12.49428749084473 12.97397136688232 23.29195404052734
0.999306 1.00139 0.643565 0.0667564 0.0464426 0.0203138 0.00190081 6.02638e-06 2.59311e-05 0.000407544 0 12.4932804107666 13.00662136077881 23.22131538391113
0.999388 1.00146 0.64353 0.0666878 0.0465199 0.0201679 0.00154716 4.68299e-06 2.85495e-05 0.000530952 0 12.49431419372559 13.03496170043945 23.25996971130371
0.999408 1.00146 0.643511 0.0666607 0.046615 0.0200457 0.00150058 4.37852e-06 2.86157e-05 0.000521532 0 12.49456024169922 13.0589485168457 23.30749893188477
0.999472 1.00148 0.643462 0.0663955 0.0464444 0.019951 0.00204201 3.47972e-06 2.93818e-05 0.00023079 0 12.49536609649658 13.07741832733154 23.22220993041992
0.999471 1.00152 0.643488 0.066339 0.046468 0.0198711 0.00154361 3.50389e-06 3.08858e-05 0.000219448 0 12.49533748626709 13.09325790405273 23.23397827148438
0.9995 1.00152 0.64346 0.0662 0.0463855 0.0198145 0.00182307 3.12778e-06 3.09189e-05 0.000109495 0 12.49571323394775 13.10435771942139 23.1927547454834
0.999556 1.00156 0.643434 0.0661446 0.0463602 0.0197844 0.00153989 2.46947e-06 3.26767e-05 7.58886e-05 0 12.49640560150146 13.11012363433838 23.18009567260742
0.999601 1.00152 0.64336 0.0661552 0.0463897 0.0197655 0.00135702 1.98584e-06 3.08092e-05 3.53701e-05 0 12.49697971343994 13.11370277404785 23.19484901428223
0.999602 1.00152 0.643357 0.0662036 0.0464363 0.0197673 0.00269973 1.98148e-06 3.06327e-05 0.000102207 0 12.49699211120605 13.11334037780762 23.21814918518066
0.999602 1.00157 0.643394 0.0662642 0.0465146 0.0197496 0.00212023 1.97964e-06 3.30178e-05 8.48755e-05 0 12.49698066711426 13.11685752868652 23.25732040405273
0.999603 1.00154 0.643373 0.0662229 0.0464681 0.0197548 0.00198028 1.96764e-06 3.17103e-05 0.000148875 0 12.49700927734375 13.11580848693848 23.23403739929199
0.999602 1.00152 0.643363 0.0662173 0.0464689 0.0197484 0.00166159 1.98029e-06 3.09973e-05 0.000271824 0 12.49697780609131 13.11710071563721 23.23444366455078
0.999674 1.00158 0.643332 0.0662179 0.0464865 0.0197314 0.00164779 1.33141e-06 3.34816e-05 0.000112424 0 12.49787998199463 13.12019348144531 23.24326133728027
0.99967 1.00156 0.643323 0.0661116 0.0463824 0.0197292 0.00141497 1.36478e-06 3.26588e-05 0.000139469 0 12.49782371520996 13.12065887451172 23.19122695922852
0.999657 1.0015 0.643294 0.0662098 0.0464807 0.0197291 0.00189677 1.47049e-06 2.99982e-05 6.63824e-05 0 12.49766731262207 13.12071514129639 23.2403450012207
0.999651 1.00158 0.643349 0.0661838 0.0464526 0.0197312 0.00132757 1.52177e-06 3.32044e-05 0.0001728 0 12.49759483337402 13.12032413482666 23.22630882263184
0.999647 1.00151 0.643309 0.0661498 0.0464227 0.019727 0.0011971 1.56216e-06 3.03025e-05 8.14142e-05 0 12.4975414276123 13.12117671966553 23.21136283874512
0.999637 1.00155 0.643344 0.0661169 0.0463859 0.019731 0.00148277 1.64355e-06 3.2006e-05 3.70154e-05 0 12.49742603302002 13.12040996551514 23.19293975830078
0.999664 1.00155 0.643323 0.0661074 0.0463832 0.0197242 0.00128556 1.41506e-06 3.22604e-05 1.46754e-05 0 12.49775123596191 13.12167549133301 23.19158363342285
0.999663 1.00156 0.643325 0.0662127 0.0464951 0.0197176 0.00125655 1.42193e-06 3.23755e-05 7.46533e-05 0 12.49774265289307 13.12298011779785 23.24753189086914
0.999662 1.00154 0.643313 0.066102 0.0463835 0.0197185 0.00118655 1.42745e-06 3.15205e-05 1.26372e-05 0 12.49773788452148 13.12280654907227 23.1917724609375
0.999653 1.00154 0.643323 0.0660918 0.0463757 0.0197161 0.00106062 1.50143e-06 3.16242e-05 2.86016e-06 0 12.49762630462646 13.12332725524902 23.1878547668457
0.999667 1.00154 0.643307 0.0660921 0.0463818 0.0197103 0.00101955 1.38486e-06 3.14745e-05 1.6634e-06 0 12.497802734375 13.12443065643311 23.19089698791504
0.999687 1.00155 0.643298 0.0660856 0.0463775 0.0197081 0.00106483 1.22441e-06 3.21121e-05 9.24242e-06 0 12.49804019927979 13.12478923797607 23.18874168395996
0.999673 1.00153 0.643301 0.0660943 0.046392 0.0197023 0.000948528 1.3365e-06 3.14129e-05 3.7253e-05 0 12.4978723526001 13.12598133087158 23.19600296020508
0.999687 1.00154 0.643292 0.0660773 0.046378 0.0196993 0.00110816 1.22538e-06 3.17052e-05 4.83233e-06 0 12.498046875 13.12652397155762 23.18899917602539
0.999607 1.00156 0.643382 0.0660779 0.0463843 0.0196936 0.00135443 1.93535e-06 3.25351e-05 2.07355e-05 0 12.49704265594482 13.12798309326172 23.19215965270996
0.999648 1.00153 0.643324 0.0660991 0.0464103 0.0196889 0.00108832 1.54775e-06 3.14034e-05 1.02738e-05 0 12.49756240844727 13.12876319885254 23.20515441894531
0.999639 1.00152 0.643327 0.0661594 0.0464778 0.0196816 0.0011551 1.63058e-06 3.09768e-05 0.000326441 0 12.49744319915771 13.13024711608887 23.2388973236084
0.999638 1.00161 0.643384 0.066211 0.0465332 0.0196778 0.00122852 1.63432e-06 3.46776e-05 0.000478372 0 12.49744129180908 13.13099479675293 23.26659202575684
0.999653 1.00153 0.643315 0.0663512 0.0466805 0.0196707 0.00108222 1.50383e-06 3.11201e-05 0.00042946 0 12.49762058258057 13.13236141204834 23.34023857116699
0.999679 1.00156 0.643313 0.0662916 0.0466255 0.0196661 0.00108994 1.29198e-06 3.25551e-05 0.000278496 0 12.49793815612793 13.13318157196045 23.31275939941406
0.999665 1.00155 0.643315 0.0661882 0.0465248 0.0196634 0.00104822 1.40022e-06 3.18609e-05 5.86758e-05 0 12.49776840209961 13.13375663757324 23.26241683959961
0.999658 1.00154 0.643317 0.0660694 0.0464101 0.0196593 0.000941063 1.46053e-06 3.15317e-05 7.52362e-05 0 12.4976863861084 13.13461780548096 23.20505905151367
0.999662 1.00153 0.643306 0.0660841 0.04643 0.0196541 0.00103498 1.42954e-06 3.10868e-05 5.09358e-05 0 12.49773216247559 13.13564395904541 23.21501159667969
0.999625 1.00156 0.643361 0.0661435 0.0464925 0.019651 0.00103076 1.75427e-06 3.2312e-05 0.000244662 0 12.49728202819824 13.13639640808105 23.24625205993652
0.999679 1.00154 0.643296 0.066357 0.0467141 0.0196429 0.000925587 1.29101e-06 3.14961e-05 0.000307424 0 12.49794673919678 13.13780117034912 23.35706901550293
0.999667 1.00157 0.643328 0.0660834 0.0464422 0.0196412 0.00110062 1.3863e-06 3.27971e-05 3.3999e-05 0 12.49779891967773 13.13818645477295 23.22109985351562
0.999654 1.00157 0.643338 0.066067 0.0464307 0.0196363 0.000944893 1.49413e-06 3.26886e-05 0.000172479 0 12.49763965606689 13.13920402526855 23.21536445617676
0.999664 1.0015 0.643286 0.0662019 0.0465742 0.0196277 0.000856266 1.41517e-06 2.99366e-05 0.000146558 0 12.4977560043335 13.14089679718018 23.287109375
0.999665 1.00152 0.643301 0.0660456 0.0464223 0.0196233 0.000865705 1.40136e-06 3.09742e-05 0.000329405 0 12.49778175354004 13.14176559448242 23.21116256713867
0.999684 1.00154 0.643293 0.0660393 0.0464242 0.0196151 0.000839272 1.24445e-06 3.16664e-05 0.00014233 0 12.49800777435303 13.14332294464111 23.21209716796875
0.999665 1.00153 0.643304 0.0660181 0.0464065 0.0196116 0.000779581 1.40133e-06 3.11382e-05 0.000114615 0 12.49777412414551 13.14410305023193 23.20323371887207
0.999635 1.0016 0.64338 0.0660338 0.0464292 0.0196047 0.000992034 1.66557e-06 3.4186e-05 3.87009e-05 0 12.49738121032715 13.14560222625732 23.21457672119141
0.999673 1.00153 0.643301 0.0660194 0.0464242 0.0195952 0.000798906 1.33931e-06 3.14315e-05 5.26291e-05 0 12.4978666305542 13.14734077453613 23.21211624145508
0.999682 1.00156 0.643306 0.0660772 0.0464872 0.01959 0.000768952 1.26692e-06 3.22892e-05 3.14511e-05 0 12.4979772567749 13.14835262298584 23.24358177185059
0.999591 1.00151 0.643367 0.0660503 0.0464669 0.0195833 0.00177695 2.09435e-06 3.0587e-05 0.000103267 0 12.49684429168701 13.15003395080566 23.23346328735352
0.999634 1.00152 0.643327 0.0660022 0.0464237 0.0195785 0.00108384 1.67767e-06 3.06548e-05 4.98154e-05 0 12.49738216400146 13.15084171295166 23.21184730529785
0.999674 1.00158 0.643326 0.0660194 0.0464502 0.0195693 0.00101392 1.32789e-06 3.31408e-05 0.000188753 0 12.49789142608643 13.1525239944458 23.22509384155273
0.999646 1.0015 0.643307 0.0660397 0.0464749 0.0195648 0.000879685 1.56247e-06 3.02082e-05 0.000137247 0 12.49753952026367 13.15351867675781 23.23743629455566
0.999661 1.00158 0.643341 0.0660117 0.046455 0.0195566 0.000939933 1.43547e-06 3.33191e-05 0.000216703 0 12.49771976470947 13.15509700775146 23.22751235961914
0.999648 1.00151 0.643309 0.0660331 0.0464853 0.0195479 0.000827595 1.5482e-06 3.03997e-05 0.000126725 0 12.49755668640137 13.15689277648926 23.24263572692871
0.999667 1.00157 0.643329 0.0660147 0.0464758 0.0195389 0.000771253 1.38555e-06 3.28939e-05 0.000154351 0 12.49780464172363 13.15861129760742 23.23793029785156
0.999663 1.00151 0.643295 0.0661072 0.0465829 0.0195243 0.000733059 1.41881e-06 3.04314e-05 7.57413e-05 0 12.49774551391602 13.16154861450195 23.29142570495605
0.999664 1.00154 0.643316 0.0659493 0.0464326 0.0195167 0.000687754 1.41473e-06 3.18483e-05 5.74285e-05 0 12.49775123596191 13.16307640075684 23.21631240844727
0.999655 1.00154 0.643323 0.0659462 0.0464402 0.019506 0.000667784 1.48399e-06 3.17562e-05 3.34681e-05 0 12.49764442443848 13.16524124145508 23.2200927734375
0.999656 1.00155 0.643325 0.0659486 0.0464536 0.019495 0.000694525 1.48287e-06 3.19117e-05 7.63944e-05 0 12.49765968322754 13.16743850708008 23.22680854797363
0.999663 1.00153 0.64331 0.0659913 0.0465081 0.0194832 0.000741674 1.42237e-06 3.13991e-05 8.35436e-05 0 12.4977445602417 13.16977882385254 23.25403785705566
0.999672 1.00156 0.643321 0.0659888 0.0465181 0.0194707 0.000680698 1.34869e-06 3.26162e-05 0.000112737 0 12.4978551864624 13.17224597930908 23.25903511047363
0.999666 1.00154 0.643311 0.0659373 0.0464789 0.0194583 0.000645439 1.39621e-06 3.16571e-05 5.54808e-05 0 12.49777984619141 13.17474555969238 23.23946189880371
0.999673 1.00154 0.643307 0.0659041 0.0464601 0.019444 0.000622564 1.33672e-06 3.18239e-05 3.38675e-05 0 12.4978723526001 13.17759323120117 23.23006439208984
0.999627 1.00152 0.643338 0.0659442 0.0465128 0.0194314 0.00132901 1.74346e-06 3.0939e-05 5.50204e-05 0 12.49728775024414 13.18029594421387 23.25640487670898
0.999626 1.00153 0.64334 0.0659088 0.046486 0.0194227 0.000915275 1.75114e-06 3.10438e-05 8.40754e-05 0 12.49728012084961 13.18202877044678 23.24302101135254
0.999661 1.00155 0.643324 0.0659076 0.0465 0.0194076 0.00105317 1.43856e-06 3.21314e-05 2.9627e-05 0 12.49772453308105 13.18494033813477 23.2500171661377
0.999661 1.00153 0.64331 0.0659703 0.0465781 0.0193921 0.000850317 1.43276e-06 3.13342e-05 9.13647e-05 0 12.4977331161499 13.18803787231445 23.28907012939453
0.99962 1.00157 0.643376 0.0659217 0.0465404 0.0193813 0.00114742 1.80617e-06 3.29638e-05 5.0749e-05 0 12.49721527099609 13.19036865234375 23.27020835876465
0.999645 1.00153 0.643324 0.0659337 0.0465678 0.0193659 0.000944187 1.57127e-06 3.12086e-05 9.18999e-05 0 12.49752426147461 13.19336318969727 23.28388023376465
0.999645 1.00155 0.643335 0.0658793 0.0465282 0.0193511 0.000824315 1.57686e-06 3.19034e-05 0.000111002 0 12.49751567840576 13.19633102416992 23.26408004760742
0.999662 1.00158 0.643339 0.0658484 0.0465155 0.0193329 0.000747624 1.43143e-06 3.31863e-05 5.57162e-05 0 12.49772548675537 13.19993495941162 23.25776863098145
0.999671 1.0016 0.643342 0.0658516 0.0465386 0.0193129 0.0011912 1.35689e-06 3.39746e-05 3.95142e-05 0 12.49784660339355 13.2039041519165 23.26932334899902
0.999652 1.00148 0.643289 0.0659097 0.0466152 0.0192946 0.001127 1.51574e-06 2.93974e-05 8.08465e-05 0 12.49759960174561 13.20767974853516 23.30757713317871
0.999621 1.00153 0.643349 0.0658546 0.046579 0.0192756 0.000871491 1.79797e-06 3.12693e-05 0.000128575 0 12.49722194671631 13.2116174697876 23.28947448730469
0.99962 1.00155 0.643361 0.0658237 0.0465705 0.0192533 0.000796 1.80831e-06 3.19746e-05 0.000213261 0 12.49720096588135 13.21611976623535 23.28521919250488
0.999633 1.00155 0.643348 0.0659 0.0466728 0.0192272 0.000751622 1.68015e-06 3.20107e-05 0.000134503 0 12.49738025665283 13.22131061553955 23.33640670776367
0.99961 1.00154 0.643368 0.0658221 0.046623 0.019199 0.000836361 1.90299e-06 3.1829e-05 0.000111466 0 12.49708080291748 13.22709655761719 23.31150436401367
0.999613 1.00155 0.643367 0.0657622 0.0465932 0.0191689 0.000703819 1.86958e-06 3.1964e-05 2.41841e-05 0 12.49711894989014 13.2331485748291 23.2966194152832
0.999612 1.00155 0.643366 0.0657669 0.0466252 0.0191417 0.000660396 1.88263e-06 3.18583e-05 2.65272e-05 0 12.49711322784424 13.23866653442383 23.3126277923584
0.999604 1.00153 0.643362 0.0657298 0.0466205 0.0191093 0.000891794 1.95571e-06 3.1126e-05 6.3331e-05 0 12.49701881408691 13.24522113800049 23.31026077270508
0.999604 1.00154 0.643373 0.0656938 0.0466092 0.0190847 0.000846325 1.96353e-06 3.17859e-05 1.34448e-05 0 12.4970006942749 13.25022125244141 23.30455780029297
0.999602 1.00155 0.643379 0.0656723 0.0466171 0.0190552 0.000711065 1.98482e-06 3.19949e-05 3.71468e-06 0 12.49698066711426 13.25618934631348 23.30857467651367
0.999611 1.00155 0.643368 0.0656521 0.0466293 0.0190228 0.000809525 1.89369e-06 3.19014e-05 1.09702e-05 0 12.49709796905518 13.26269817352295 23.31465339660645
0.999598 1.00157 0.643393 0.0656596 0.04667 0.0189896 0.00077347 2.01841e-06 3.26948e-05 6.7269e-05 0 12.49693393707275 13.26948261260986 23.33499526977539
0.999579 1.00154 0.643396 0.0656618 0.0467065 0.0189553 0.000759732 2.2139e-06 3.17358e-05 1.52431e-05 0 12.49669742584229 13.27652549743652 23.35324478149414
0.999579 1.00156 0.643405 0.0656138 0.0466911 0.0189227 0.000737713 2.21255e-06 3.23246e-05 3.22571e-05 0 12.49669742584229 13.28313446044922 23.34551239013672
0.999592 1.00155 0.643388 0.0656679 0.0467818 0.0188862 0.00066694 2.07863e-06 3.19958e-05 1.15136e-05 0 12.49686336517334 13.2905216217041 23.3908748626709
0.999609 1.00157 0.643384 0.0656171 0.0467677 0.0188495 0.000624007 1.91112e-06 3.28279e-05 1.78223e-05 0 12.49707221984863 13.29792499542236 23.38381767272949
0.999585 1.00155 0.643393 0.0656204 0.0468051 0.0188152 0.000591836 2.15287e-06 3.18783e-05 8.59395e-06 0 12.4967794418335 13.30499076843262 23.40255928039551
0.999582 1.00154 0.64339 0.0655419 0.0467639 0.018778 0.000558011 2.18825e-06 3.15217e-05 3.35501e-05 0 12.49672698974609 13.31258678436279 23.38193893432617
0.999579 1.00158 0.643423 0.0655657 0.0468234 0.0187423 0.000658433 2.22045e-06 3.34518e-05 0.000114118 0 12.4966926574707 13.31987380981445 23.41169166564941
0.999569 1.00154 0.643405 0.0655375 0.0468372 0.0187003 0.000598539 2.32161e-06 3.16524e-05 5.49562e-05 0 12.49657535552979 13.32849884033203 23.41860580444336
0.999541 1.00153 0.643427 0.0654871 0.0468248 0.0186623 0.000665042 2.62882e-06 3.13506e-05 5.70154e-05 0 12.49622344970703 13.33638000488281 23.41240119934082
0.999569 1.00153 0.6434 0.0654351 0.0468162 0.0186189 0.000857934 2.32651e-06 3.13092e-05 1.63306e-05 0 12.49656391143799 13.34516143798828 23.40811157226562
0.999551 1.00157 0.643439 0.0654406 0.0468661 0.0185745 0.000735959 2.52492e-06 3.27194e-05 2.98474e-05 0 12.49634552001953 13.35432815551758 23.43306159973145
0.999556 1.00158 0.643444 0.0654569 0.0469275 0.0185294 0.000795808 2.46608e-06 3.34081e-05 7.88063e-05 0 12.49640941619873 13.36355113983154 23.46376037597656
0.999508 1.00154 0.643467 0.0654427 0.0469594 0.0184834 0.000855967 3.02917e-06 3.18396e-05 0.000122833 0 12.49580860137939 13.37319469451904 23.47966957092285
0.999527 1.00153 0.643439 0.0653733 0.0469331 0.0184403 0.000847405 2.79614e-06 3.12553e-05 5.60363e-05 0 12.49604511260986 13.38198375701904 23.46653366088867
0.999514 1.0016 0.643495 0.0653209 0.0469251 0.0183957 0.000825453 2.95381e-06 3.40498e-05 0.000136067 0 12.49589252471924 13.39121150970459 23.46256256103516
0.999479 1.00156 0.643507 0.06544 0.0470956 0.0183444 0.000957646 3.38836e-06 3.2664e-05 2.01133e-05 0 12.49545478820801 13.40192699432373 23.54781341552734
0.999493 1.00155 0.643483 0.0652281 0.0469288 0.0182993 0.000814508 3.21948e-06 3.19513e-05 8.23481e-05 0 12.49561309814453 13.41119575500488 23.46440124511719
0.999503 1.00156 0.64348 0.0651999 0.0469523 0.0182476 0.000829557 3.08799e-06 3.242e-05 1.47934e-05 0 12.49574375152588 13.42181777954102 23.47615051269531
0.999493 1.00156 0.64349 0.0651821 0.0469926 0.0181895 0.000770269 3.21198e-06 3.24118e-05 0.000132542 0 12.4956226348877 13.43388843536377 23.49629402160645
0.99952 1.0016 0.643492 0.0652173 0.0470875 0.0181298 0.000851002 2.878e-06 3.42586e-05 4.25829e-05 0 12.49596500396729 13.4461841583252 23.54378318786621
0.999472 1.00155 0.643506 0.0651411 0.0470672 0.0180739 0.000748354 3.4815e-06 3.21312e-05 0.000204213 0 12.495361328125 13.45797634124756 23.53359222412109
0.999464 1.00156 0.643521 0.0651233 0.0471083 0.018015 0.000701314 3.59659e-06 3.25863e-05 6.8017e-05 0 12.49525451660156 13.47025585174561 23.55414772033691
0.99949 1.00158 0.643509 0.0651094 0.0471563 0.0179531 0.00073054 3.25337e-06 3.34568e-05 2.87967e-05 0 12.49558448791504 13.48305034637451 23.57812690734863
0.999469 1.00159 0.643533 0.0650471 0.0471533 0.0178938 0.000681842 3.5194e-06 3.37185e-05 0.000107774 0 12.49532794952393 13.49550914764404 23.57668113708496
0.999477 1.00157 0.643512 0.0650015 0.0471733 0.0178282 0.000681593 3.42362e-06 3.28447e-05 9.69629e-05 0 12.49541664123535 13.50920486450195 23.58665466308594
0.999471 1.00156 0.643511 0.0650655 0.0473017 0.0177638 0.000645829 3.49713e-06 3.23957e-05 8.68148e-05 0 12.49534893035889 13.52271175384521 23.65083503723145
0.999465 1.00156 0.643518 0.0649384 0.0472348 0.0177036 0.000730917 3.57331e-06 3.25057e-05 9.27207e-05 0 12.49528408050537 13.53536033630371 23.61740684509277
0.999469 1.00157 0.643521 0.064892 0.0472528 0.0176392 0.000701013 3.52487e-06 3.28995e-05 2.02315e-05 0 12.49532699584961 13.54890155792236 23.62638282775879
0.999469 1.00155 0.643508 0.0649064 0.0473372 0.0175692 0.000910024 3.53118e-06 3.2035e-05 0.00016588 0 12.49532032012939 13.56365203857422 23.66861343383789
0.999423 1.00161 0.643592 0.0648508 0.0473459 0.0175049 0.00114301 4.15747e-06 3.47148e-05 0.000118314 0 12.4947452545166 13.57738018035889 23.67293930053711
0.999441 1.0016 0.643567 0.0648014 0.0473553 0.0174462 0.000977255 3.90729e-06 3.41919e-05 7.59851e-05 0 12.49497032165527 13.58971786499023 23.67763519287109
0.999429 1.00159 0.643574 0.0647262 0.0473433 0.0173829 0.000961023 4.07008e-06 3.39293e-05 5.4828e-05 0 12.49482250213623 13.60315418243408 23.67163276672363
0.999428 1.00157 0.643559 0.0647247 0.0474062 0.0173185 0.000902097 4.08355e-06 3.28289e-05 5.55791e-05 0 12.49481868743896 13.61682510375977 23.70308494567871
0.999429 1.00156 0.643554 0.0647287 0.0474747 0.0172541 0.000850014 4.07196e-06 3.25601e-05 2.94909e-05 0 12.49482536315918 13.63052558898926 23.73733329772949
0.99943 1.00159 0.643572 0.0645855 0.0473947 0.0171908 0.000881266 4.06147e-06 3.38317e-05 0.000108672 0 12.49482822418213 13.64399147033691 23.69734764099121
0.999453 1.0016 0.643556 0.0646443 0.0475208 0.0171235 0.000864191 3.74456e-06 3.42133e-05 6.37739e-05 0 12.49512004852295 13.65826797485352 23.76042938232422
0.999415 1.0016 0.643592 0.0645454 0.0474862 0.0170592 0.000818934 4.27189e-06 3.41665e-05 0.000193493 0 12.49465274810791 13.67215156555176 23.74310493469238
0.999416 1.00163 0.643608 0.0644772 0.047487 0.0169903 0.000775469 4.25889e-06 3.53463e-05 0.000104684 0 12.49466419219971 13.68690967559814 23.74349594116211
0.999404 1.0016 0.643599 0.0643885 0.0474687 0.0169197 0.000727268 4.43902e-06 3.39512e-05 3.46313e-05 0 12.49450302124023 13.70209503173828 23.7343578338623
0.999391 1.0016 0.643616 0.0643688 0.0475201 0.0168488 0.000774029 4.64312e-06 3.42072e-05 4.92634e-05 0 12.49434089660645 13.71740531921387 23.7600269317627
0.999386 1.00159 0.643612 0.0643679 0.0475922 0.0167757 0.000724217 4.70729e-06 3.36803e-05 6.53799e-05 0 12.49429607391357 13.73315620422363 23.79610061645508
0.999394 1.0016 0.643613 0.0643933 0.0476898 0.0167035 0.000707834 4.58796e-06 3.42371e-05 4.90531e-05 0 12.49438762664795 13.7487211227417 23.84490013122559
0.999374 1.00162 0.643641 0.0642564 0.0476225 0.0166339 0.000794799 4.89158e-06 3.48224e-05 6.02587e-05 0 12.49413585662842 13.76386451721191 23.81126403808594
0.999369 1.0016 0.643638 0.0641926 0.0476325 0.0165601 0.000742472 4.98118e-06 3.42603e-05 3.31759e-05 0 12.49407291412354 13.77989768981934 23.81622314453125
0.99938 1.00159 0.643618 0.0641577 0.0476716 0.0164861 0.000985703 4.8015e-06 3.36768e-05 9.40138e-06 0 12.49420738220215 13.79594707489014 23.8358211517334
0.999285 1.00159 0.643713 0.0641355 0.0477105 0.016425 0.00106082 6.39214e-06 3.38395e-05 6.2438e-05 0 12.49302291870117 13.80957698822021 23.85522079467773
0.999323 1.00159 0.643676 0.0640481 0.0476925 0.0163556 0.000977546 5.72922e-06 3.38745e-05 8.53286e-05 0 12.49349403381348 13.82461547851562 23.84623908996582
0.999342 1.00158 0.643652 0.0641103 0.0478346 0.0162757 0.0009988 5.41392e-06 3.34795e-05 6.12418e-05 0 12.49372959136963 13.84203624725342 23.91730880737305
0.999318 1.00163 0.643704 0.0639622 0.0477604 0.0162017 0.00102444 5.81235e-06 3.53993e-05 6.03976e-05 0 12.49344253540039 13.85830688476562 23.88023376464844
0.999336 1.00156 0.643645 0.063996 0.047869 0.0161269 0.00108002 5.51006e-06 3.26664e-05 6.24938e-05 0 12.49365615844727 13.87470626831055 23.93451881408691
0.999296 1.00162 0.643718 0.0638574 0.0478073 0.0160501 0.00111612 6.19667e-06 3.49304e-05 0.000106205 0 12.4931526184082 13.89175701141357 23.90364456176758
0.999292 1.00157 0.643688 0.0638597 0.0478946 0.0159651 0.00159991 6.25929e-06 3.27029e-05 9.64986e-05 0 12.49311256408691 13.91054916381836 23.94727897644043
0.999246 1.00163 0.643776 0.0638015 0.047916 0.0158856 0.00140297 7.11583e-06 3.55161e-05 4.12392e-05 0 12.49252796173096 13.92833232879639 23.9580078125
0.999267 1.00159 0.643731 0.0637632 0.0479564 0.0158068 0.00135935 6.71174e-06 3.38907e-05 7.36911e-05 0 12.49280166625977 13.94573783874512 23.97820281982422
0.999307 1.00161 0.6437 0.0637368 0.0480055 0.0157313 0.00156028 5.99624e-06 3.44517e-05 0.000126629 0 12.49329662322998 13.96240425109863 24.00276565551758
0.999228 1.00161 0.643781 0.0636764 0.0480181 0.0156583 0.00131044 7.45157e-06 3.47103e-05 5.19104e-05 0 12.49231815338135 13.97896003723145 24.00904655456543
0.999023 1.00172 0.644046 0.0636127 0.0480465 0.0155662 0.00229095 1.19322e-05 3.93532e-05 6.17862e-05 0 12.48974227905273 14.00027751922607 24.02325057983398
0.999161 1.00167 0.643885 0.0635525 0.048051 0.0155016 0.00160674 8.80628e-06 3.73552e-05 3.86016e-05 0 12.49146556854248 14.01427459716797 24.02548789978027
0.999201 1.00159 0.643794 0.0634991 0.0480805 0.0154186 0.00137906 7.97747e-06 3.38892e-05 2.96226e-05 0 12.49197769165039 14.03277587890625 24.04024314880371
0.999184 1.00166 0.643856 0.0634977 0.0481647 0.0153329 0.00127988 8.31969e-06 3.69408e-05 0.000125301 0 12.49175453186035 14.05214214324951 24.08236312866211
0.999155 1.00167 0.643886 0.0634081 0.0481635 0.0152446 0.0013364 8.92918e-06 3.7039e-05 3.17585e-05 0 12.49138736724854 14.07221126556396 24.08172416687012
0.999169 1.00164 0.643853 0.0633601 0.048201 0.0151591 0.00143494 8.63428e-06 3.57382e-05 0.000105767 0 12.49156188964844 14.09154796600342 24.10052490234375
0.999138 1.00163 0.643881 0.063295 0.0482192 0.0150759 0.00164122 9.2797e-06 3.56288e-05 3.42539e-05 0 12.49119186401367 14.11055564880371 24.10958862304688
0.999134 1.00161 0.643869 0.0632449 0.0482581 0.0149869 0.00153089 9.38147e-06 3.45419e-05 2.23547e-05 0 12.49112319946289 14.13086032867432 24.12902450561523
0.999158 1.00161 0.643848 0.0632205 0.0483267 0.0148937 0.00131599 8.87194e-06 3.46488e-05 6.65347e-05 0 12.49143028259277 14.15205669403076 24.16335487365723
0.999084 1.00168 0.643964 0.0632202 0.0484147 0.0148055 0.00144265 1.0486e-05 3.77224e-05 0.000244019 0 12.49050807952881 14.17253494262695 24.20735168457031
0.999143 1.00169 0.643912 0.0631184 0.0484144 0.014704 0.0013088 9.17277e-06 3.81267e-05 0.00016411 0 12.49124431610107 14.19567966461182 24.20719909667969
0.999123 1.00165 0.643904 0.0630169 0.0484048 0.014612 0.00116952 9.61289e-06 3.61753e-05 8.15603e-05 0 12.49100112915039 14.21698379516602 24.20240020751953
0.999102 1.00165 0.643929 0.0629645 0.0484401 0.0145244 0.00119226 1.00779e-05 3.65382e-05 9.14057e-05 0 12.49073505401611 14.23732757568359 24.22004318237305
0.999079 1.00169 0.643972 0.0630351 0.0486064 0.0144287 0.00120864 1.0599e-05 3.79712e-05 7.147e-05 0 12.49045658111572 14.25964069366455 24.3032169342041
0.999094 1.00172 0.643982 0.0628288 0.0484949 0.0143339 0.00114118 1.02687e-05 3.96388e-05 0.000134548 0 12.49062919616699 14.28168869018555 24.24745178222656
0.999079 1.00166 0.643958 0.0627788 0.0485379 0.0142409 0.00135512 1.06041e-05 3.6989e-05 4.61021e-05 0 12.49044799804688 14.30347347259521 24.26897239685059
0.999108 1.00168 0.643937 0.0627847 0.0486341 0.0141506 0.0012337 9.95077e-06 3.74513e-05 4.01807e-05 0 12.49080181121826 14.32454681396484 24.31703567504883
0.999081 1.00165 0.643948 0.0626855 0.048628 0.0140575 0.00106473 1.05524e-05 3.64495e-05 9.38621e-05 0 12.49047088623047 14.34653854370117 24.31403160095215
0.999029 1.0017 0.644032 0.0626586 0.0486972 0.0139614 0.00117935 1.17877e-05 3.87237e-05 9.9438e-05 0 12.4898099899292 14.36940002441406 24.34859848022461
0.99904 1.00164 0.643979 0.06258 0.048711 0.0138689 0.00104669 1.15306e-05 3.58053e-05 6.63931e-05 0 12.48994731903076 14.39125919342041 24.35547828674316
0.999021 1.00168 0.644024 0.0624578 0.0486837 0.0137741 0.00132742 1.19758e-05 3.76649e-05 6.57768e-05 0 12.48972606658936 14.41385936737061 24.34185218811035
0.999036 1.00168 0.644007 0.0624171 0.0487325 0.0136846 0.00116508 1.16218e-05 3.74492e-05 3.26852e-05 0 12.48989772796631 14.4351634979248 24.36626815795898
0.99905 1.00169 0.644 0.0623787 0.0487898 0.0135889 0.00107464 1.12761e-05 3.79877e-05 6.47983e-05 0 12.49008464813232 14.45798873901367 24.39488220214844
0.999048 1.00172 0.644024 0.0623377 0.0488511 0.0134866 0.00104991 1.13338e-05 3.94762e-05 0.00013941 0 12.49005126953125 14.48258304595947 24.42557907104492
0.999043 1.00169 0.644012 0.0623017 0.0489121 0.0133897 0.00103969 1.14515e-05 3.82736e-05 0.000117245 0 12.49000453948975 14.50595378875732 24.45603561401367
0.999028 1.00169 0.644021 0.0621705 0.0488749 0.0132956 0.000940799 1.18062e-05 3.79666e-05 9.91592e-05 0 12.48981094360352 14.5287618637085 24.43747901916504
0.999009 1.00169 0.64404 0.0620811 0.0488843 0.0131968 0.000971698 1.22684e-05 3.80007e-05 8.75403e-06 0 12.48957824707031 14.5527868270874 24.44213676452637
0.999024 1.00169 0.64403 0.0620045 0.048904 0.0131005 0.000910743 1.19158e-05 3.82625e-05 4.37079e-06 0 12.48975372314453 14.57622528076172 24.45200538635254
0.999011 1.00171 0.644052 0.0619249 0.0489207 0.0130042 0.000849631 1.22211e-05 3.89723e-05 6.91153e-05 0 12.48959541320801 14.59979820251465 24.46034240722656
0.998924 1.00172 0.644146 0.0618688 0.0489562 0.0129126 0.0009461 1.44776e-05 3.96123e-05 2.4081e-05 0 12.48850536346436 14.6225757598877 24.47810745239258
0.99898 1.00171 0.644084 0.061805 0.0489869 0.0128181 0.000826863 1.29958e-05 3.91505e-05 1.34546e-05 0 12.48921394348145 14.64565563201904 24.49345016479492
0.998983 1.00171 0.644081 0.0617348 0.049011 0.0127238 0.000852098 1.29375e-05 3.90304e-05 2.21329e-05 0 12.4892406463623 14.66896724700928 24.50551986694336
0.998988 1.00171 0.644075 0.0616955 0.0490616 0.0126339 0.000805247 1.28072e-05 3.89919e-05 5.20527e-05 0 12.48929882049561 14.69126129150391 24.53082275390625
0.998985 1.00166 0.644048 0.0616724 0.0491426 0.0125298 0.00151608 1.28733e-05 3.6931e-05 9.51925e-05 0 12.4892692565918 14.71718978881836 24.57127380371094
0.99895 1.00171 0.644109 0.0615786 0.0491429 0.0124357 0.00106801 1.37764e-05 3.88111e-05 4.69976e-05 0 12.48884010314941 14.74083709716797 24.57146263122559
0.998939 1.00172 0.64413 0.0615514 0.0492125 0.0123389 0.000925675 1.40624e-05 3.95376e-05 4.79659e-05 0 12.48869800567627 14.76516246795654 24.60624504089355
0.998925 1.00172 0.644145 0.0614704 0.0492303 0.0122402 0.000855648 1.44435e-05 3.96391e-05 9.03783e-05 0 12.48852252960205 14.79009246826172 24.61513710021973
0.99893 1.00174 0.644153 0.0613887 0.0492501 0.0121386 0.000835923 1.43232e-05 4.05583e-05 3.66089e-05 0 12.48858261108398 14.81579208374023 24.62505149841309
0.998958 1.00172 0.644113 0.0613295 0.0492881 0.0120414 0.000820012 1.35725e-05 3.9645e-05 1.40197e-05 0 12.48893260955811 14.8403959274292 24.64402770996094
0.998925 1.00173 0.644151 0.0612423 0.0493016 0.0119407 0.000832466 1.4461e-05 4.00727e-05 3.54314e-05 0 12.48851871490479 14.86617851257324 24.65080833435059
0.998937 1.00171 0.644121 0.0612034 0.0493638 0.0118396 0.00076013 1.41153e-05 3.87885e-05 2.77032e-05 0 12.48867225646973 14.8920373916626 24.6818962097168
0.998916 1.00172 0.64415 0.0611404 0.0493964 0.011744 0.000684888 1.468e-05 3.94262e-05 4.85576e-05 0 12.48841190338135 14.91670703887939 24.69819641113281
0.998919 1.00172 0.644146 0.0611512 0.0495024 0.0116488 0.000802518 1.45965e-05 3.93427e-05 8.58432e-05 0 12.48844718933105 14.94130706787109 24.75119209289551
0.998906 1.00173 0.644168 0.0610163 0.0494609 0.0115555 0.000938333 1.49597e-05 3.99608e-05 4.0728e-05 0 12.48828411102295 14.96553897857666 24.73040390014648
0.998905 1.00175 0.644181 0.0609508 0.0494829 0.0114679 0.000743304 1.49977e-05 4.07954e-05 3.40562e-05 0 12.48826217651367 14.98833751678467 24.7414493560791
0.998921 1.00174 0.64416 0.0608812 0.0495033 0.011378 0.000666563 1.45456e-05 4.0452e-05 2.94621e-05 0 12.48847675323486 15.01180267333984 24.75165176391602
0.998893 1.00174 0.644189 0.0608282 0.0495414 0.0112868 0.000811586 1.53166e-05 4.05824e-05 2.215e-05 0 12.48812198638916 15.03580856323242 24.77069091796875
0.998906 1.00172 0.644164 0.060747 0.049551 0.011196 0.000703949 1.49703e-05 3.96846e-05 9.63217e-06 0 12.48827457427979 15.05971145629883 24.77549743652344
0.998894 1.00173 0.644181 0.0606836 0.0495747 0.0111089 0.000711836 1.53015e-05 4.0021e-05 2.56694e-05 0 12.48812961578369 15.08278751373291 24.78733444213867
0.998855 1.00175 0.644229 0.060651 0.049638 0.011013 0.00115892 1.63973e-05 4.0785e-05 5.4389e-05 0 12.48764038085938 15.1083812713623 24.81899452209473
0.998817 1.00175 0.644266 0.0605952 0.0496715 0.0109237 0.0013421 1.75008e-05 4.08296e-05 4.60702e-05 0 12.48717021942139 15.13231182098389 24.83576965332031
0.998846 1.00174 0.64423 0.0605884 0.0497418 0.0108466 0.000954337 1.66474e-05 4.02894e-05 7.14801e-05 0 12.48752784729004 15.15286540985107 24.87091636657715
0.998831 1.00176 0.644256 0.0605335 0.0497697 0.0107638 0.00124699 1.70713e-05 4.11193e-05 4.09847e-05 0 12.48735237121582 15.17516326904297 24.88486289978027
0.998802 1.00176 0.644289 0.0604552 0.0497772 0.010678 0.00121413 1.79369e-05 4.14322e-05 4.01767e-05 0 12.48698902130127 15.19840526580811 24.88862419128418
0.998816 1.0018 0.644297 0.0603775 0.049781 0.0105964 0.0015308 1.75377e-05 4.29971e-05 7.01325e-05 0 12.48715019226074 15.22045707702637 24.89053344726562
0.998713 1.00176 0.644374 0.0603562 0.0498254 0.0105308 0.00159371 2.07051e-05 4.13846e-05 4.10616e-05 0 12.48587417602539 15.2385892868042 24.9127082824707
0.998815 1.00172 0.64425 0.0602984 0.0498332 0.0104651 0.00127622 1.75513e-05 3.95221e-05 3.84957e-05 0 12.48715305328369 15.25619983673096 24.91662788391113
0.998856 1.0017 0.644198 0.0602305 0.0498322 0.0103983 0.00126294 1.63504e-05 3.87133e-05 7.79828e-05 0 12.48765850067139 15.27436256408691 24.91611862182617
0.998784 1.00176 0.644307 0.0602 0.0498618 0.0103381 0.00116334 1.8493e-05 4.15004e-05 6.69183e-05 0 12.48675346374512 15.29107475280762 24.9309253692627
0.998824 1.00172 0.644241 0.0601463 0.0498792 0.0102671 0.00109858 1.72981e-05 3.95347e-05 3.01016e-05 0 12.48725700378418 15.31051540374756 24.93958473205566
0.998805 1.00175 0.644279 0.0600969 0.049908 0.0101889 0.00135484 1.78451e-05 4.09173e-05 3.38047e-05 0 12.48701763153076 15.33214282989502 24.95400619506836
0.998832 1.00173 0.644241 0.0600442 0.049935 0.0101092 0.00112291 1.7057e-05 4.01011e-05 2.84427e-05 0 12.48735523223877 15.35418605804443 24.9675178527832
0.998828 1.00173 0.644241 0.0600044 0.0499665 0.010038 0.00111224 1.71768e-05 3.97957e-05 1.76461e-05 0 12.48730659484863 15.37403106689453 24.98324584960938
0.998838 1.00173 0.644232 0.0599323 0.0499687 0.00996363 0.00105532 1.68847e-05 3.9822e-05 4.58398e-06 0 12.48743629455566 15.39475917816162 24.98430442810059
0.99889 1.00168 0.644149 0.060033 0.0501448 0.00988828 0.00141835 1.53984e-05 3.75477e-05 5.44527e-05 0 12.48808765411377 15.41574764251709 25.07236862182617
0.998834 1.00172 0.644232 0.0598753 0.0500562 0.00981912 0.00122715 1.69952e-05 3.9574e-05 3.20899e-05 0 12.48738956451416 15.43537425994873 25.02808952331543
0.998855 1.00171 0.644202 0.0597957 0.0500498 0.00974592 0.00104077 1.64026e-05 3.88691e-05 9.27382e-06 0 12.48763751983643 15.4559907913208 25.02490234375
0.998798 1.00173 0.644269 0.0597473 0.0500745 0.00967277 0.00112662 1.80564e-05 3.97235e-05 3.85182e-05 0 12.48693656921387 15.47688770294189 25.03726959228516
0.998861 1.0017 0.644194 0.0597037 0.0500961 0.00960763 0.000983998 1.62283e-05 3.86722e-05 6.86527e-06 0 12.48771381378174 15.49524974822998 25.04804801940918
0.998862 1.00171 0.644195 0.0596389 0.0500992 0.00953967 0.00115969 1.61868e-05 3.88871e-05 4.77097e-06 0 12.48772621154785 15.51465225219727 25.04959869384766
0.998829 1.00173 0.644243 0.0595867 0.050116 0.00947076 0.00104618 1.71429e-05 3.99849e-05 3.15209e-06 0 12.48731327056885 15.53448581695557 25.05797958374023
0.998876 1.00168 0.644162 0.0595596 0.0501574 0.00940222 0.00108109 1.57812e-05 3.75048e-05 4.04984e-05 0 12.4879093170166 15.55407428741455 25.07871437072754
0.998843 1.00171 0.644217 0.0595093 0.0501701 0.00933922 0.00100701 1.67462e-05 3.90698e-05 5.34021e-05 0 12.48749351501465 15.57234191894531 25.08502006530762
0.998835 1.00172 0.644231 0.0594556 0.0501785 0.0092771 0.000934527 1.69819e-05 3.95054e-05 1.76625e-05 0 12.48739337921143 15.5903434753418 25.08922958374023
0.998854 1.00171 0.644203 0.0594242 0.0502246 0.00919953 0.00137073 1.64138e-05 3.89e-05 1.08438e-05 0 12.48763751983643 15.61284446716309 25.11232376098633
0.99883 1.00166 0.644198 0.0594117 0.0502783 0.00913334 0.00130214 1.71025e-05 3.69123e-05 3.68424e-05 0 12.48734283447266 15.6322193145752 25.13915252685547
0.998764 1.00172 0.644301 0.0593438 0.0502733 0.00907049 0.00107256 1.90981e-05 3.9672e-05 2.26998e-05 0 12.48650455474854 15.65080070495605 25.13665199279785
0.998865 1.00165 0.644156 0.0593827 0.0503728 0.0090099 0.00099122 1.60938e-05 3.63857e-05 3.35917e-05 0 12.48777484893799 15.66833305358887 25.18638610839844
0.99889 1.0017 0.644163 0.0592587 0.0503153 0.00894346 0.000959145 1.54158e-05 3.84941e-05 1.35077e-05 0 12.4880838394165 15.68786716461182 25.15762519836426
0.998854 1.00167 0.644177 0.0592315 0.0503552 0.00887634 0.00118989 1.64051e-05 3.7114e-05 1.29635e-05 0 12.48764133453369 15.70781898498535 25.17757415771484
0.998846 1.00161 0.644148 0.0592023 0.0503904 0.00881191 0.00144258 1.66354e-05 3.46e-05 6.0245e-05 0 12.48754692077637 15.72697639465332 25.19523429870605
0.998854 1.00164 0.64416 0.0591726 0.0504141 0.00875847 0.00135182 1.64303e-05 3.58395e-05 0.000123336 0 12.48763370513916 15.74288845062256 25.20705604553223
0.998848 1.00163 0.644159 0.0591713 0.0504713 0.00870001 0.0016182 1.66058e-05 3.53858e-05 6.34222e-05 0 12.48755073547363 15.76037979125977 25.23563575744629
0.99889 1.00163 0.644116 0.0591101 0.0504616 0.00864854 0.00114568 1.53964e-05 3.52773e-05 0.000124082 0 12.48808574676514 15.77571582794189 25.23080062866211
0.998913 1.00163 0.644094 0.0591065 0.0505118 0.00859466 0.00103017 1.47667e-05 3.53046e-05 0.000154207 0 12.48837852478027 15.79186153411865 25.25590705871582
0.99889 1.00163 0.644116 0.0590576 0.0505144 0.00854319 0.0010974 1.54031e-05 3.52695e-05 4.31378e-05 0 12.48808097839355 15.80745410919189 25.25721740722656
0.998906 1.00162 0.644097 0.0589835 0.0504904 0.00849307 0.00105026 1.49732e-05 3.49824e-05 0.000196861 0 12.48827934265137 15.82258892059326 25.24521827697754
0.998949 1.0016 0.644041 0.0589361 0.050492 0.00844412 0.000921599 1.38153e-05 3.40273e-05 1.53437e-05 0 12.48882865905762 15.83734893798828 25.24600410461426
0.998942 1.00159 0.644045 0.0589078 0.0505133 0.00839446 0.000960747 1.40015e-05 3.38774e-05 1.42224e-05 0 12.48873901367188 15.85247611999512 25.25666809082031
0.998958 1.00159 0.644025 0.0588871 0.050539 0.00834811 0.00085962 1.35674e-05 3.36049e-05 1.62328e-05 0 12.48894214630127 15.86659336090088 25.26949501037598
0.998978 1.00158 0.644 0.0588725 0.0505703 0.00830225 0.000939686 1.30583e-05 3.3222e-05 3.16292e-05 0 12.48918628692627 15.88059425354004 25.28513336181641
0.998973 1.00158 0.644004 0.0588382 0.0505785 0.00825967 0.000822102 1.31905e-05 3.31523e-05 2.18405e-05 0 12.48911571502686 15.89367294311523 25.28926277160645
0.998936 1.00161 0.64406 0.058839 0.0506197 0.00821931 0.000849066 1.41625e-05 3.44631e-05 5.27376e-05 0 12.48865509033203 15.90617942810059 25.30984878540039
0.998987 1.00156 0.643979 0.0587837 0.0506077 0.00817597 0.000755001 1.28416e-05 3.23925e-05 4.12597e-05 0 12.48928928375244 15.9194278717041 25.30387687683105
0.999011 1.00154 0.643946 0.0587473 0.0506139 0.00813344 0.000710018 1.22402e-05 3.17591e-05 3.05552e-05 0 12.48958873748779 15.93253517150879 25.30694580078125
0.999045 1.00149 0.64388 0.0587537 0.050664 0.00808962 0.000721827 1.1408e-05 2.96856e-05 4.41478e-05 0 12.49001121520996 15.94604015350342 25.33202362060547
0.999056 1.0015 0.643874 0.058728 0.0506802 0.00804783 0.000677604 1.1143e-05 2.99943e-05 2.80933e-05 0 12.49015140533447 15.95901298522949 25.3400993347168
0.999084 1.0015 0.643848 0.0586902 0.0506823 0.00800788 0.000654206 1.04859e-05 3.00653e-05 3.4463e-05 0 12.49051380157471 15.97138977050781 25.34115219116211
0.999093 1.00146 0.643814 0.058689 0.0507221 0.00796699 0.00064271 1.02875e-05 2.8482e-05 2.11625e-05 0 12.49061965942383 15.98415565490723 25.36101722717285
0.999111 1.00146 0.643799 0.0586697 0.0507444 0.0079253 0.000755353 9.88746e-06 2.86351e-05 7.02793e-05 0 12.49084758758545 15.99717330932617 25.37218284606934
0.99912 1.00146 0.643785 0.0586462 0.0507573 0.00788883 0.000681988 9.6905e-06 2.82952e-05 3.48257e-05 0 12.49096488952637 16.00861167907715 25.3786678314209
0.999119 1.00141 0.643758 0.0586305 0.0507764 0.00785413 0.000643709 9.69928e-06 2.66939e-05 6.82129e-05 0 12.49094200134277 16.01954650878906 25.38816833496094
0.99914 1.00142 0.64374 0.0586326 0.0508135 0.00781907 0.000615844 9.23997e-06 2.68174e-05 1.64231e-05 0 12.4912052154541 16.03056716918945 25.40677261352539
0.99913 1.00141 0.643743 0.0585924 0.0508026 0.00778974 0.000828074 9.47234e-06 2.63618e-05 9.05975e-05 0 12.49107360839844 16.03987121582031 25.40132331848145
0.999148 1.00138 0.643708 0.0586129 0.0508561 0.00775674 0.000667784 9.0791e-06 2.53746e-05 0.00017446 0 12.49130725860596 16.0502815246582 25.42806434631348
0.9992 1.00139 0.643663 0.0585701 0.050849 0.00772103 0.00088442 7.99403e-06 2.57246e-05 0.000190253 0 12.49196624755859 16.06148529052734 25.42453765869141
0.999246 1.00138 0.643612 0.05858 0.0508882 0.00769183 0.000768524 7.09976e-06 2.53526e-05 0.000188671 0 12.49254322052002 16.07067489624023 25.44407844543457
0.999216 1.00137 0.643639 0.0585972 0.0509317 0.00766555 0.00130508 7.68071e-06 2.51855e-05 7.05026e-05 0 12.49215984344482 16.07912445068359 25.4658203125
0.999255 1.00131 0.643563 0.0585434 0.0509024 0.00764095 0.0010016 6.93134e-06 2.3068e-05 3.48011e-05 0 12.49264526367188 16.08688354492188 25.45120811462402
0.999285 1.00131 0.643531 0.0584797 0.0508646 0.00761517 0.000899196 6.39229e-06 2.28804e-05 1.44572e-06 0 12.49302196502686 16.09505844116211 25.43229103088379
0.999313 1.00131 0.643503 0.0584936 0.0509039 0.00758971 0.000869325 5.90114e-06 2.28192e-05 6.95136e-05 0 12.49337005615234 16.10315704345703 25.45194625854492
0.999328 1.00128 0.643471 0.0584726 0.0509093 0.00756326 0.000816972 5.65268e-06 2.18927e-05 3.09044e-06 0 12.49354839324951 16.11160659790039 25.45467567443848
0.999333 1.00129 0.643471 0.0584578 0.050918 0.00753978 0.000774828 5.55445e-06 2.21654e-05 0.00014125 0 12.49363136291504 16.1191463470459 25.45900917053223
0.999366 1.00123 0.643401 0.0584439 0.0509299 0.007514 0.000774769 5.03112e-06 2.01342e-05 1.39347e-05 0 12.4940299987793 16.12736701965332 25.46495628356934
0.999369 1.00117 0.643363 0.0584452 0.0509529 0.00749227 0.000873084 4.9771e-06 1.83942e-05 6.81586e-05 0 12.49406814575195 16.13437652587891 25.47647285461426
0.999419 1.00122 0.643341 0.0584291 0.0509462 0.00748292 0.000819927 4.21441e-06 1.97249e-05 1.09582e-05 0 12.49469375610352 16.13726425170898 25.47309875488281
0.999397 1.00119 0.643343 0.0584286 0.0509605 0.00746815 0.000951086 4.53906e-06 1.87665e-05 2.05352e-05 0 12.49442958831787 16.14208984375 25.480224609375
0.999419 1.00118 0.643321 0.0584419 0.0509881 0.00745377 0.000830785 4.22498e-06 1.86917e-05 1.33186e-05 0 12.49469375610352 16.14669036865234 25.49408149719238
0.999439 1.00118 0.6433 0.0584453 0.0510067 0.00743861 0.000781142 3.94048e-06 1.86024e-05 1.83549e-05 0 12.49494647979736 16.15155982971191 25.50333213806152
0.999467 1.00116 0.643261 0.0584186 0.0509952 0.00742337 0.000756465 3.55644e-06 1.80365e-05 3.60388e-05 0 12.49529647827148 16.15644073486328 25.49761199951172
0.999471 1.00116 0.643253 0.0583987 0.0509907 0.00740801 0.000719982 3.4978e-06 1.78573e-05 1.89564e-05 0 12.49534702301025 16.16140365600586 25.49532890319824
0.999508 1.00116 0.64322 0.0584111 0.0510176 0.00739357 0.000680538 3.02938e-06 1.7965e-05 1.45001e-05 0 12.49580669403076 16.16600608825684 25.5088005065918
0.999506 1.00113 0.643202 0.0584095 0.0510294 0.00738011 0.000644004 3.04892e-06 1.7032e-05 4.28665e-05 0 12.49579048156738 16.1703987121582 25.51470756530762
0.999536 1.00113 0.643174 0.0583948 0.0510296 0.0073653 0.000618618 2.68982e-06 1.70914e-05 1.21354e-05 0 12.49615478515625 16.17513847351074 25.5147647857666
0.999517 1.00113 0.643193 0.0584025 0.0510484 0.00735416 0.000775303 2.92136e-06 1.71144e-05 7.14745e-05 0 12.49591636657715 16.17880630493164 25.52419281005859
0.999545 1.00109 0.643138 0.0584202 0.0510772 0.00734305 0.000697962 2.58474e-06 1.58297e-05 5.08993e-05 0 12.4962739944458 16.1823616027832 25.53858375549316
0.999588 1.0011 0.643107 0.0584319 0.0511026 0.00732928 0.000673404 2.12684e-06 1.62592e-05 6.18661e-05 0 12.49679565429688 16.1867618560791 25.55130767822266
0.999601 1.00109 0.643085 0.0584709 0.0511548 0.00731618 0.000639711 1.98572e-06 1.58771e-05 2.73552e-05 0 12.49697780609131 16.19100761413574 25.5773868560791
0.9996 1.00109 0.643086 0.0583785 0.0510729 0.00730559 0.000592499 2.00323e-06 1.58364e-05 8.1762e-05 0 12.49695873260498 16.19447898864746 25.53645706176758
0.99961 1.00106 0.643057 0.0583716 0.0510765 0.00729505 0.000565097 1.89809e-06 1.5016e-05 2.56238e-05 0 12.49707221984863 16.1978874206543 25.53828048706055
0.999639 1.00105 0.643019 0.0583788 0.0510956 0.00728321 0.000580027 1.62491e-06 1.45979e-05 3.20144e-05 0 12.49744606018066 16.20169830322266 25.54778099060059
0.999628 1.00105 0.643033 0.0584324 0.0511555 0.00727693 0.000585377 1.72938e-06 1.47295e-05 3.50913e-05 0 12.49731922149658 16.20377922058105 25.57773971557617
0.999656 1.00104 0.642999 0.0583571 0.0510872 0.00726992 0.000545539 1.48357e-06 1.4414e-05 8.84349e-05 0 12.49765777587891 16.20600318908691 25.54358673095703
0.99967 1.00102 0.642973 0.0583955 0.0511321 0.00726341 0.000528871 1.36467e-06 1.38623e-05 2.33137e-05 0 12.49782752990723 16.20812034606934 25.56601524353027
0.999673 1.001 0.642954 0.0584104 0.0511509 0.00725949 0.000566149 1.33434e-06 1.32129e-05 7.69966e-05 0 12.49787712097168 16.20940017700195 25.575439453125
0.999696 1.00099 0.64293 0.0584173 0.051162 0.0072553 0.000567895 1.15742e-06 1.31134e-05 9.32878e-05 0 12.49814224243164 16.2107105255127 25.58101463317871
0.999711 1.001 0.642924 0.0583831 0.0511309 0.00725213 0.000644917 1.04729e-06 1.34704e-05 4.77324e-05 0 12.49833583831787 16.21173286437988 25.56546401977539
0.999684 1.00098 0.642932 0.0583965 0.0511493 0.00724719 0.000565276 1.24901e-06 1.27184e-05 4.43e-05 0 12.49800682067871 16.21340560913086 25.57464599609375
0.999684 1.00099 0.642941 0.0583474 0.0511061 0.00724128 0.000522968 1.25176e-06 1.30978e-05 3.51041e-05 0 12.49800586700439 16.2153434753418 25.55305290222168
0.999693 1.00099 0.642934 0.0583167 0.0510807 0.00723604 0.000530506 1.17528e-06 1.31968e-05 4.73276e-05 0 12.498122215271 16.2170467376709 25.54034614562988
0.999655 1.00101 0.642983 0.0583294 0.0511028 0.00722661 0.000714173 1.49e-06 1.36794e-05 2.29581e-05 0 12.49763584136963 16.22023391723633 25.55141448974609
0.999657 1.001 0.642974 0.0583159 0.051096 0.00721986 0.000762303 1.46876e-06 1.33887e-05 1.31388e-05 0 12.49767303466797 16.22245216369629 25.54802703857422
0.999724 1.00097 0.642889 0.0583837 0.0511659 0.0072178 0.000717493 9.55324e-07 1.25353e-05 1.37098e-05 0 12.49850559234619 16.22296142578125 25.58293914794922
0.999722 1.00097 0.642892 0.0583183 0.0511033 0.00721501 0.000629001 9.66301e-07 1.25927e-05 6.85295e-06 0 12.4984884262085 16.22389030456543 25.55165481567383
0.99972 1.00099 0.642906 0.058327 0.051116 0.00721101 0.000613665 9.8064e-07 1.30945e-05 7.51925e-06 0 12.49845218658447 16.2252082824707 25.55801582336426
0.999735 1.00096 0.642873 0.0583825 0.0511779 0.00720463 0.000604807 8.76903e-07 1.23329e-05 4.88835e-05 0 12.4986515045166 16.22727584838867 25.58894920349121
0.999737 1.00096 0.642869 0.0583369 0.0511358 0.0072011 0.000562611 8.65115e-07 1.2261e-05 0.000101141 0 12.49867534637451 16.22843170166016 25.5678882598877
0.999745 1.00091 0.642833 0.0583835 0.0511927 0.00719077 0.000834177 8.14661e-07 1.11563e-05 3.89837e-05 0 12.4987735748291 16.23180770874023 25.59637832641602
0.99977 1.00093 0.642821 0.0583158 0.0511307 0.0071851 0.00115367 6.61298e-07 1.16385e-05 8.05057e-05 0 12.49908256530762 16.23361968994141 25.56536293029785
0.999786 1.00088 0.642773 0.0583706 0.0511889 0.0071817 0.000749313 5.72088e-07 1.04086e-05 0.000107607 0 12.49929523468018 16.23471069335938 25.59445190429688
0.999778 1.00093 0.642809 0.0583425 0.0511676 0.00717488 0.000662058 6.17112e-07 1.14347e-05 5.52756e-05 0 12.49918174743652 16.23698234558105 25.58381652832031
0.999788 1.0009 0.64278 0.0583168 0.0511464 0.0071704 0.000606931 5.59558e-07 1.07467e-05 5.63923e-05 0 12.4993257522583 16.23842239379883 25.57320785522461
0.999783 1.00091 0.642795 0.0582997 0.051136 0.00716364 0.000636343 5.89491e-07 1.11082e-05 3.64306e-05 0 12.49924278259277 16.24067306518555 25.56801986694336
0.999801 1.00091 0.642774 0.0582859 0.0511258 0.00716006 0.000672496 4.97366e-07 1.0967e-05 4.73303e-05 0 12.49946975708008 16.24181747436523 25.56291007995605
0.999821 1.00091 0.642754 0.058313 0.0511546 0.00715835 0.000624292 3.98463e-07 1.0955e-05 6.18605e-05 0 12.49973201751709 16.24233818054199 25.57731056213379
0.999825 1.00087 0.64273 0.0583172 0.0511598 0.00715745 0.000698593 3.82036e-07 1.01968e-05 2.75517e-05 0 12.49977493286133 16.24262046813965 25.57990264892578
0.999805 1.00086 0.642741 0.0583046 0.0511489 0.00715578 0.000567951 4.74147e-07 9.92528e-06 1.85795e-05 0 12.49952697753906 16.24322319030762 25.57442855834961
0.999822 1.0009 0.642748 0.0582833 0.05113 0.00715336 0.000522128 3.96631e-07 1.07509e-05 1.31742e-05 0 12.49972915649414 16.24396324157715 25.56499290466309
0.99982 1.00089 0.642744 0.058299 0.0511473 0.0071517 0.000501754 4.03831e-07 1.0551e-05 1.35528e-05 0 12.49971008300781 16.24453163146973 25.57368278503418
0.999823 1.00088 0.642734 0.0582875 0.0511393 0.00714817 0.000533097 3.89615e-07 1.02896e-05 1.26726e-05 0 12.499755859375 16.24568176269531 25.56964302062988
0.999835 1.00088 0.642723 0.0582692 0.0511272 0.00714207 0.000495167 3.39441e-07 1.02901e-05 4.70294e-06 0 12.49989891052246 16.24767303466797 25.56359672546387
0.999845 1.00088 0.642715 0.0582721 0.0511316 0.00714048 0.000469912 3.00682e-07 1.03547e-05 1.50881e-05 0 12.50002288818359 16.24818229675293 25.56582641601562
0.999883 1.00085 0.642659 0.0583019 0.0511669 0.00713499 0.000649531 1.7233e-07 9.62772e-06 5.21245e-05 0 12.50048446655273 16.24990463256836 25.58345603942871
0.99985 1.00085 0.642692 0.0582986 0.0511567 0.00714197 0.000499748 2.79745e-07 9.70715e-06 7.90722e-05 0 12.50009346008301 16.24767303466797 25.57833099365234
0.999815 1.00086 0.64273 0.0583232 0.051179 0.00714416 0.00047286 4.27384e-07 9.84259e-06 0.000106729 0 12.49964714050293 16.24703979492188 25.58954238891602
0.999844 1.00089 0.642719 0.0583264 0.0511826 0.00714373 0.000430633 3.03381e-07 1.04751e-05 8.37903e-05 0 12.50001239776611 16.24711036682129 25.59132194519043
0.999787 1.00094 0.642807 0.0583139 0.0511683 0.00714557 0.000518403 5.65626e-07 1.17191e-05 0.000121444 0 12.49930763244629 16.24664306640625 25.58416175842285
0.99984 1.00087 0.642711 0.0583096 0.0511627 0.00714686 0.000448399 3.19875e-07 1.00508e-05 9.11783e-05 0 12.49995803833008 16.24608421325684 25.58137321472168
0.999824 1.00088 0.642733 0.0583368 0.0511872 0.0071496 0.000471237 3.85699e-07 1.02922e-05 7.85947e-05 0 12.49975490570068 16.24521255493164 25.59361839294434
0.999811 1.00091 0.642764 0.0583984 0.0512467 0.00715168 0.000481733 4.48645e-07 1.09536e-05 7.09248e-05 0 12.49959659576416 16.24455833435059 25.62334060668945
0.999839 1.00087 0.642712 0.0583085 0.0511564 0.0071521 0.000495345 3.22454e-07 1.00577e-05 5.2498e-05 0 12.49995517730713 16.24435806274414 25.57818603515625
0.999836 1.00088 0.642723 0.0583402 0.0511861 0.00715401 0.000464654 3.35898e-07 1.03303e-05 4.38884e-05 0 12.49991226196289 16.24374008178711 25.59307861328125
0.999831 1.0009 0.64274 0.0582851 0.0511309 0.00715422 0.000441578 3.56636e-07 1.0784e-05 4.30571e-05 0 12.49984169006348 16.24366569519043 25.56545066833496
0.999822 1.00089 0.642742 0.058296 0.0511409 0.00715516 0.000427828 3.95581e-07 1.05228e-05 4.23808e-05 0 12.49973583221436 16.24338531494141 25.57044410705566
0.999824 1.0009 0.642748 0.0582896 0.0511348 0.00715482 0.00041644 3.85746e-07 1.08321e-05 5.98331e-05 0 12.49976921081543 16.24349212646484 25.5673942565918
0.999811 1.00089 0.642754 0.0582657 0.0511103 0.00715535 0.000398302 4.47384e-07 1.05904e-05 3.22219e-05 0 12.49959850311279 16.24334716796875 25.5551700592041
0.99982 1.00088 0.642735 0.0582864 0.0511327 0.00715375 0.000538692 4.04441e-07 1.02163e-05 5.20627e-05 0 12.49972057342529 16.24385452270508 25.56634712219238
0.999828 1.00093 0.642761 0.0582452 0.0510922 0.00715294 0.000665322 3.70935e-07 1.14624e-05 2.44741e-05 0 12.49980735778809 16.24410057067871 25.54610061645508
0.999813 1.00091 0.642763 0.0582829 0.0511295 0.0071534 0.00044614 4.38967e-07 1.09656e-05 1.46188e-05 0 12.49961566925049 16.24398994445801 25.56471824645996
0.999804 1.00091 0.642776 0.058249 0.0510951 0.00715384 0.000421989 4.78286e-07 1.11642e-05 2.90336e-05 0 12.49952030181885 16.24386024475098 25.54755783081055
0.999822 1.0009 0.642748 0.0582835 0.0511295 0.00715399 0.000415765 3.95779e-07 1.07548e-05 7.02408e-05 0 12.49973297119141 16.24377059936523 25.56475067138672
0.99984 1.00091 0.642736 0.0582806 0.0511261 0.00715449 0.000410702 3.20854e-07 1.09409e-05 0.000101747 0 12.4999532699585 16.24356079101562 25.56304931640625
0.999804 1.0009 0.642766 0.0582719 0.0511156 0.00715632 0.000389268 4.80423e-07 1.07712e-05 7.26493e-05 0 12.4995174407959 16.2430362701416 25.55779266357422
0.999821 1.00091 0.642759 0.0582898 0.051135 0.00715474 0.000380207 4.00076e-07 1.1128e-05 2.47148e-05 0 12.49971199035645 16.2435245513916 25.56748962402344
0.999822 1.00089 0.642745 0.0582837 0.0511301 0.00715357 0.000378841 3.96729e-07 1.06254e-05 5.38543e-05 0 12.49973678588867 16.24390411376953 25.56505393981934
0.999814 1.0009 0.642756 0.0582733 0.0511198 0.00715352 0.000361318 4.30871e-07 1.07972e-05 3.85971e-05 0 12.4996337890625 16.24394416809082 25.55987930297852
0.99983 1.00094 0.642767 0.0583322 0.0511799 0.00715231 0.000466951 3.6126e-07 1.17643e-05 1.63476e-05 0 12.49983406066895 16.24431037902832 25.5899543762207
0.999812 1.00091 0.642765 0.058259 0.0511032 0.00715585 0.000385492 4.42996e-07 1.10394e-05 8.85714e-05 0 12.49960994720459 16.2431812286377 25.55159568786621
0.999811 1.0009 0.642762 0.0583049 0.0511507 0.00715416 0.000376247 4.45792e-07 1.08907e-05 4.31304e-05 0 12.49959850311279 16.24374580383301 25.57537460327148
0.999825 1.00092 0.642761 0.0582809 0.0511293 0.00715158 0.000354139 3.81922e-07 1.13768e-05 4.67334e-05 0 12.49977397918701 16.24456024169922 25.56464195251465
0.999816 1.00092 0.642767 0.0582302 0.0510805 0.00714969 0.000327343 4.23529e-07 1.12538e-05 9.44023e-05 0 12.49965858459473 16.24520492553711 25.54026031494141
0.999815 1.00089 0.64275 0.0582664 0.0511193 0.00714705 0.000318618 4.26208e-07 1.05809e-05 2.75027e-05 0 12.49964904785156 16.2460823059082 25.55964088439941
0.99982 1.00093 0.642769 0.0582801 0.051136 0.00714407 0.000462341 4.05132e-07 1.14647e-05 3.1424e-05 0 12.49971389770508 16.2470531463623 25.56800842285156
0.999818 1.00088 0.642741 0.0582795 0.0511379 0.00714156 0.000381115 4.15879e-07 1.03419e-05 2.86862e-05 0 12.49967193603516 16.24790000915527 25.5689640045166
0.999832 1.00089 0.642736 0.058259 0.05112 0.00713894 0.000377271 3.53217e-07 1.06783e-05 0.000119513 0 12.49985790252686 16.24872207641602 25.56000709533691
0.999844 1.0009 0.642732 0.058314 0.0511775 0.00713652 0.000352305 3.05527e-07 1.09206e-05 0.000113936 0 12.50000858306885 16.24950408935547 25.5887622833252
0.999835 1.00088 0.642725 0.0583287 0.0511933 0.00713545 0.000340715 3.38941e-07 1.03674e-05 8.75373e-05 0 12.49991130828857 16.24985694885254 25.59664535522461
0.999812 1.00088 0.642749 0.0582844 0.0511541 0.00713035 0.000406082 4.42128e-07 1.04197e-05 8.94398e-05 0 12.49960803985596 16.25160789489746 25.57703590393066
0.999844 1.00085 0.642695 0.0583234 0.0511951 0.00712838 0.000377806 3.02549e-07 9.60581e-06 0.000111824 0 12.5000114440918 16.25218963623047 25.59753036499023
0.999848 1.00089 0.642715 0.0582241 0.0510996 0.00712457 0.000344396 2.8967e-07 1.04596e-05 7.41711e-05 0 12.50005531311035 16.2534351348877 25.54976654052734
0.999854 1.00087 0.642701 0.0582433 0.051122 0.00712135 0.000346935 2.67799e-07 1.01665e-05 8.20794e-05 0 12.50013542175293 16.25449562072754 25.56097793579102
0.999846 1.00087 0.642704 0.0582431 0.0511237 0.00711938 0.000331128 2.94632e-07 9.99835e-06 7.23627e-05 0 12.50003719329834 16.25516510009766 25.56184768676758
0.999858 1.00087 0.642696 0.0582325 0.0511155 0.00711698 0.00032128 2.51646e-07 1.01175e-05 0.000100466 0 12.50018405914307 16.25593566894531 25.5577564239502
0.999866 1.00088 0.642692 0.0582586 0.0511431 0.00711549 0.000319013 2.24524e-07 1.02427e-05 5.89641e-05 0 12.50028800964355 16.25641059875488 25.5715446472168
0.999861 1.00086 0.642687 0.0582968 0.051182 0.00711484 0.000352514 2.41835e-07 9.88419e-06 9.99002e-05 0 12.50022506713867 16.25663375854492 25.59099197387695
0.999861 1.00086 0.642688 0.0582908 0.0511775 0.00711331 0.000338454 2.4045e-07 9.93302e-06 9.45154e-05 0 12.50022602081299 16.25713539123535 25.5887279510498
0.999864 1.00084 0.642673 0.0583046 0.0511919 0.00711275 0.000312215 2.30106e-07 9.50755e-06 6.94853e-05 0 12.50026035308838 16.25731468200684 25.59594535827637
0.999866 1.00081 0.642649 0.0582702 0.0511611 0.00710903 0.000339221 2.24396e-07 8.74884e-06 0.000102197 0 12.50028800964355 16.25855255126953 25.58058547973633
0.99984 1.00088 0.64272 0.0582754 0.0511668 0.00710864 0.000376492 3.18476e-07 1.03729e-05 3.61219e-05 0 12.49996566772461 16.25872993469238 25.58339309692383
0.999867 1.00087 0.64269 0.0582566 0.0511493 0.00710733 0.000335712 2.22594e-07 1.02145e-05 4.91894e-05 0 12.50028419494629 16.25910758972168 25.57463073730469
0.999871 1.00088 0.642688 0.058249 0.051143 0.00710599 0.000320423 2.09443e-07 1.02595e-05 4.62654e-05 0 12.50033855438232 16.25954437255859 25.57151031494141
0.99986 1.00086 0.642685 0.0582517 0.0511456 0.00710608 0.000360868 2.45839e-07 9.79964e-06 5.23851e-05 0 12.50020694732666 16.25955009460449 25.57283401489258
0.99987 1.00087 0.642682 0.0583167 0.051212 0.00710468 0.00033402 2.12398e-07 1.00175e-05 4.80229e-05 0 12.50034332275391 16.25998497009277 25.60598754882812
0.999868 1.00088 0.642694 0.0582893 0.0511848 0.00710447 0.000318766 2.16362e-07 1.0421e-05 4.6131e-05 0 12.5003137588501 16.26005935668945 25.59243202209473
0.999876 1.00084 0.642662 0.0582717 0.0511694 0.00710237 0.000759753 1.9304e-07 9.51126e-06 6.83688e-05 0 12.50040912628174 16.26072883605957 25.58467674255371
0.999882 1.00087 0.642673 0.0582416 0.0511386 0.00710293 0.000408984 1.75341e-07 1.01166e-05 3.87929e-05 0 12.50047206878662 16.26052856445312 25.56930541992188
0.999855 1.00087 0.642695 0.0582367 0.0511341 0.00710257 0.000386293 2.62243e-07 1.00027e-05 4.21693e-05 0 12.50014781951904 16.26071548461914 25.56707382202148
0.999841 1.00083 0.64269 0.0582741 0.0511714 0.00710273 0.000427562 3.17207e-07 9.29927e-06 0.000136987 0 12.49996662139893 16.26069450378418 25.585693359375
0.999859 1.00086 0.642689 0.0582499 0.0511487 0.00710112 0.000465083 2.48365e-07 9.89241e-06 7.79669e-05 0 12.50019359588623 16.26118659973145 25.57436752319336
0.999869 1.00089 0.642695 0.0582786 0.0511784 0.00710025 0.00038516 2.14854e-07 1.04633e-05 3.2974e-05 0 12.50032043457031 16.26144981384277 25.58917999267578
0.999851 1.00088 0.642711 0.0582534 0.0511522 0.0071012 0.000363048 2.77553e-07 1.04279e-05 4.92261e-05 0 12.50009250640869 16.26118278503418 25.57607460021973
0.99985 1.00089 0.642715 0.0582261 0.0511255 0.00710062 0.000347499 2.79651e-07 1.05565e-05 4.5536e-05 0 12.50008773803711 16.2613697052002 25.56272125244141
0.999858 1.00087 0.642697 0.0582904 0.0511907 0.00709968 0.000396113 2.52568e-07 1.0155e-05 5.47584e-05 0 12.50018787384033 16.26166343688965 25.5953483581543
0.99985 1.00088 0.642712 0.0582248 0.0511265 0.00709828 0.000331459 2.81403e-07 1.04309e-05 5.60905e-05 0 12.50008583068848 16.26214408874512 25.56327819824219
0.999855 1.00089 0.64271 0.0582241 0.0511275 0.00709663 0.000307572 2.64062e-07 1.04967e-05 7.9601e-05 0 12.50014019012451 16.26268768310547 25.56372833251953
0.99985 1.00087 0.642704 0.0582462 0.0511508 0.00709543 0.00030132 2.81739e-07 1.01373e-05 4.09681e-05 0 12.50008583068848 16.26309585571289 25.57539558410645
0.999874 1.00087 0.642679 0.0582777 0.0511814 0.00709629 0.00044649 1.97685e-07 1.00748e-05 0.000108807 0 12.50039196014404 16.26276397705078 25.59072494506836
0.99988 1.0009 0.642691 0.0583478 0.0512535 0.00709432 0.000653209 1.81386e-07 1.06958e-05 0.000157155 0 12.50045967102051 16.26339149475098 25.62675857543945
0.999863 1.00087 0.64269 0.0582604 0.051169 0.00709146 0.00050206 2.33453e-07 1.00896e-05 0.000153557 0 12.50025367736816 16.2643871307373 25.58449172973633
0.999885 1.00089 0.642684 0.0582623 0.0511746 0.00708771 0.000468479 1.64513e-07 1.06295e-05 9.29666e-05 0 12.50053024291992 16.26557350158691 25.58729553222656
0.999872 1.00087 0.642682 0.0582867 0.0512021 0.00708457 0.000445572 2.05883e-07 1.00943e-05 0.000152423 0 12.50035953521729 16.26664352416992 25.60104179382324
0.999891 1.00087 0.642663 0.0582696 0.0511865 0.00708309 0.000381142 1.49806e-07 1.00715e-05 6.60263e-05 0 12.50059223175049 16.26710319519043 25.59326171875
0.999872 1.00084 0.642665 0.0583105 0.0512282 0.00708223 0.000368601 2.03644e-07 9.52631e-06 8.1032e-05 0 12.5003662109375 16.26742362976074 25.61409950256348
0.999869 1.0009 0.642702 0.0582479 0.051167 0.00708089 0.000417517 2.14371e-07 1.07343e-05 0.000184865 0 12.50032234191895 16.26787376403809 25.58353614807129
0.999873 1.00084 0.642664 0.0583114 0.0512317 0.00707975 0.000362147 2.00355e-07 9.50836e-06 0.000123768 0 12.5003776550293 16.26825523376465 25.61584663391113
0.999867 1.00085 0.642675 0.0582919 0.0512136 0.00707836 0.000398049 2.22205e-07 9.66218e-06 0.000161568 0 12.50028991699219 16.26872062683105 25.60681343078613
0.99989 1.00087 0.642664 0.0582746 0.0511997 0.00707484 0.000347714 1.50249e-07 1.0095e-05 0.000125091 0 12.50059413909912 16.26984214782715 25.59986686706543
0.999869 1.00084 0.642667 0.0582946 0.0512204 0.00707418 0.000766222 2.15459e-07 9.4564e-06 0.000133531 0 12.50031089782715 16.27012062072754 25.61018943786621
0.999864 1.00085 0.642674 0.0582975 0.0512245 0.00707302 0.000397206 2.32771e-07 9.5373e-06 9.48316e-05 0 12.50025463104248 16.2705078125 25.61224555969238
0.999873 1.00086 0.642675 0.0582154 0.0511445 0.00707096 0.000370296 2.00237e-07 9.91678e-06 5.94613e-05 0 12.5003833770752 16.27117156982422 25.57223701477051
0.999875 1.00086 0.64267 0.0582547 0.051189 0.00706564 0.000388439 1.94774e-07 9.79611e-06 4.02257e-05 0 12.50039768218994 16.27293395996094 25.59450531005859
0.999885 1.00085 0.642655 0.0581957 0.051131 0.00706466 0.000354472 1.65791e-07 9.58803e-06 9.96121e-05 0 12.50052165985107 16.27322578430176 25.56553268432617
0.999891 1.00085 0.642654 0.0581892 0.0511251 0.0070641 0.000345182 1.49856e-07 9.73123e-06 5.32925e-05 0 12.5005989074707 16.27341461181641 25.56254577636719
0.999891 1.00085 0.642651 0.0582093 0.051146 0.00706327 0.000331544 1.48764e-07 9.64447e-06 4.98207e-05 0 12.50059127807617 16.27367782592773 25.57302284240723
0.999866 1.00085 0.642673 0.0581802 0.0511163 0.00706389 0.000316596 2.25142e-07 9.58274e-06 0.000188275 0 12.50028324127197 16.27354049682617 25.55816078186035
0.999887 1.00088 0.642676 0.0581753 0.0511128 0.00706246 0.000397029 1.59293e-07 1.04206e-05 0.000177346 0 12.5005521774292 16.27395439147949 25.55641937255859
0.999876 1.00085 0.642667 0.0581759 0.0511124 0.0070635 0.000371212 1.93403e-07 9.68059e-06 5.20336e-05 0 12.50040054321289 16.27363204956055 25.55618476867676
0.99987 1.00086 0.642681 0.058157 0.0510953 0.0070617 0.000328895 2.12906e-07 9.96174e-06 6.66557e-05 0 12.50032234191895 16.27425003051758 25.54766082763672
0.99986 1.00086 0.642685 0.0581954 0.051134 0.00706143 0.000370625 2.46534e-07 9.78275e-06 5.42842e-05 0 12.50020980834961 16.27437973022461 25.56701278686523
0.999862 1.00087 0.642693 0.0581534 0.0510901 0.00706325 0.000322648 2.3678e-07 1.01775e-05 4.64885e-05 0 12.50023746490479 16.27375221252441 25.54504013061523
0.999864 1.00086 0.642682 0.0581672 0.0511036 0.0070636 0.000728192 2.32178e-07 9.81354e-06 5.74663e-05 0 12.50025272369385 16.27363204956055 25.55182456970215
0.999772 1.00088 0.642787 0.0581673 0.0511028 0.00706445 0.000514546 6.47116e-07 1.04231e-05 2.01392e-05 0 12.49911689758301 16.27357482910156 25.5514030456543
0.999863 1.0009 0.64271 0.0581705 0.0511046 0.00706585 0.000409439 2.36329e-07 1.0799e-05 9.27687e-06 0 12.50024509429932 16.27288055419922 25.55232048034668
0.999843 1.00089 0.642723 0.0581554 0.0510874 0.00706797 0.000366433 3.08762e-07 1.05612e-05 1.53555e-05 0 12.50000286102295 16.27223205566406 25.543701171875
0.999833 1.0009 0.64274 0.058149 0.0510824 0.00706659 0.00038585 3.46934e-07 1.08593e-05 2.27447e-05 0 12.49987506866455 16.27271270751953 25.54120063781738
0.999845 1.00093 0.642743 0.058161 0.0510935 0.00706754 0.000507376 2.98759e-07 1.14303e-05 5.15417e-05 0 12.50002670288086 16.27237129211426 25.5467529296875
0.999864 1.00094 0.642735 0.0581803 0.0511127 0.00706754 0.000420151 2.31216e-07 1.18106e-05 6.67903e-05 0 12.50026416778564 16.27232933044434 25.55635833740234
0.999827 1.00088 0.64273 0.0581763 0.0511089 0.00706738 0.000376611 3.73649e-07 1.02684e-05 4.60641e-05 0 12.49981021881104 16.27246284484863 25.55446815490723
0.999832 1.00088 0.642726 0.058205 0.0511386 0.00706636 0.000359963 3.53385e-07 1.02837e-05 4.88187e-05 0 12.49985027313232 16.27280044555664 25.5693302154541
0.999867 1.00092 0.642719 0.0582419 0.0511781 0.00706387 0.00033135 2.21251e-07 1.1293e-05 7.13505e-05 0 12.50030326843262 16.27353668212891 25.58902549743652
0.999826 1.00091 0.642751 0.0582396 0.0511729 0.0070667 0.000469006 3.77658e-07 1.10103e-05 0.000100844 0 12.49978923797607 16.272705078125 25.58644485473633
0.999855 1.00086 0.642695 0.0583044 0.0512385 0.00706597 0.000552964 2.61817e-07 9.97208e-06 9.80655e-05 0 12.50014591217041 16.27286529541016 25.61923217773438
0.99985 1.00088 0.642708 0.0582019 0.0511375 0.00706436 0.000451613 2.83028e-07 1.025e-05 0.000103016 0 12.50008201599121 16.2734203338623 25.56876945495605
0.999826 1.00085 0.642714 0.0582092 0.0511466 0.00706254 0.000409002 3.79412e-07 9.64831e-06 8.4583e-05 0 12.49978065490723 16.27407836914062 25.57330894470215
0.999856 1.0009 0.642719 0.0581899 0.0511296 0.00706028 0.000359691 2.58797e-07 1.09062e-05 7.41919e-05 0 12.50017261505127 16.27475357055664 25.56478881835938
0.999832 1.00088 0.642726 0.0581964 0.0511374 0.00705902 0.000339453 3.53356e-07 1.03127e-05 0.000139837 0 12.49985694885254 16.27523994445801 25.56870651245117
0.999858 1.0009 0.642712 0.0582224 0.0511657 0.00705675 0.000315409 2.5281e-07 1.07045e-05 0.000102083 0 12.5001745223999 16.27593040466309 25.58283805847168
0.999857 1.00091 0.642722 0.0581619 0.051106 0.00705588 0.000315152 2.57246e-07 1.10445e-05 0.000103006 0 12.50017547607422 16.2762279510498 25.55300903320312
0.999829 1.00087 0.642723 0.0581638 0.0511073 0.00705655 0.000296664 3.67082e-07 1.0056e-05 8.52318e-05 0 12.49982357025146 16.27606391906738 25.55361938476562
0.99984 1.00089 0.642727 0.0581598 0.0511047 0.00705507 0.000284562 3.21957e-07 1.06108e-05 3.41479e-05 0 12.49995040893555 16.27653503417969 25.55235862731934
0.999846 1.00091 0.64273 0.0581353 0.0510809 0.00705443 0.000278545 2.9658e-07 1.09646e-05 7.92206e-05 0 12.50002670288086 16.2767276763916 25.54045486450195
0.99987 1.00087 0.642682 0.0581738 0.0511181 0.00705575 0.000436507 2.10302e-07 1.00371e-05 6.33446e-05 0 12.50034046173096 16.27624130249023 25.55906105041504
0.999797 1.00088 0.642759 0.0581221 0.0510635 0.00705852 0.00036448 5.17292e-07 1.02631e-05 0.000102186 0 12.49942398071289 16.27549362182617 25.53178024291992
0.999827 1.00089 0.642735 0.0582067 0.0511505 0.00705626 0.000353915 3.72692e-07 1.04793e-05 6.54706e-05 0 12.49980640411377 16.27616691589355 25.57522773742676
0.999851 1.00092 0.642733 0.0581716 0.051116 0.00705551 0.000359621 2.79203e-07 1.12455e-05 0.000107743 0 12.50009155273438 16.27635383605957 25.5580005645752
0.999809 1.00087 0.642745 0.0582013 0.0511442 0.00705711 0.00037538 4.57846e-07 1.0163e-05 9.33353e-05 0 12.49955749511719 16.27592086791992 25.57211494445801
0.999849 1.00097 0.64277 0.058177 0.0511217 0.00705533 0.000393164 2.8496e-07 1.26308e-05 8.43764e-05 0 12.50007247924805 16.27641868591309 25.56084632873535
0.999823 1.00098 0.642802 0.0581426 0.0510884 0.00705419 0.000390082 3.91486e-07 1.29109e-05 0.000102063 0 12.49974250793457 16.27686882019043 25.54419708251953
0.999824 1.0009 0.642751 0.0581893 0.0511338 0.00705552 0.000539068 3.89431e-07 1.09088e-05 0.000173379 0 12.49974822998047 16.27642059326172 25.5668830871582
0.999788 1.0009 0.642779 0.0581891 0.0511331 0.00705597 0.000456537 5.60528e-07 1.0711e-05 4.55326e-05 0 12.49930953979492 16.27634239196777 25.56657791137695
0.999776 1.00092 0.642806 0.0581536 0.0511006 0.00705304 0.000411792 6.27191e-07 1.12758e-05 6.03742e-05 0 12.49915504455566 16.2773609161377 25.5502758026123
0.99983 1.00096 0.642782 0.0580985 0.051052 0.00704656 0.000400422 3.60189e-07 1.23703e-05 8.92198e-05 0 12.49983596801758 16.27939033508301 25.52598190307617
0.999793 1.00089 0.642769 0.0581575 0.0511146 0.00704296 0.000400253 5.33214e-07 1.05267e-05 4.70313e-05 0 12.49938297271729 16.28066635131836 25.55728530883789
0.999815 1.00089 0.642749 0.0581261 0.0510848 0.00704128 0.000567694 4.30152e-07 1.05239e-05 6.59844e-05 0 12.4996395111084 16.28118515014648 25.54238319396973
0.999829 1.00093 0.64276 0.0581446 0.051106 0.00703855 0.000511666 3.64726e-07 1.14896e-05 5.67527e-05 0 12.49982261657715 16.28204917907715 25.55303382873535
0.999794 1.0009 0.642777 0.0581076 0.0510686 0.00703901 0.000454689 5.30016e-07 1.08443e-05 0.000140764 0 12.49938583374023 16.2819938659668 25.5342960357666
0.999818 1.00092 0.642768 0.0581367 0.0511 0.00703667 0.00042278 4.129e-07 1.13886e-05 3.76826e-05 0 12.4996862411499 16.28271293640137 25.54999923706055
0.999816 1.00092 0.642769 0.0581067 0.0510719 0.00703478 0.00040045 4.22786e-07 1.13313e-05 7.46524e-05 0 12.49966049194336 16.28334617614746 25.53597068786621
0.999831 1.00094 0.642766 0.0580933 0.0510596 0.00703375 0.000404445 3.58087e-07 1.17648e-05 6.37761e-05 0 12.49984836578369 16.28365325927734 25.52977561950684
0.99979 1.0009 0.642781 0.0581364 0.0511042 0.00703215 0.000423383 5.52413e-07 1.08104e-05 4.02906e-05 0 12.49932289123535 16.28427886962891 25.55211067199707
0.999794 1.00089 0.642768 0.0581541 0.0511243 0.00702975 0.000408545 5.30263e-07 1.04898e-05 2.05413e-05 0 12.49938297271729 16.28507804870605 25.56215858459473
0.999817 1.00091 0.642762 0.0580753 0.0510486 0.00702663 0.000375241 4.18041e-07 1.11225e-05 4.5098e-05 0 12.49966716766357 16.28604888916016 25.52433586120605
0.999795 1.00094 0.642803 0.0581169 0.0510955 0.00702137 0.000409802 5.27942e-07 1.18369e-05 6.20752e-05 0 12.49939060211182 16.28786468505859 25.54776382446289
0.999805 1.00092 0.642778 0.0580771 0.0510585 0.00701852 0.00038113 4.77802e-07 1.12403e-05 7.11167e-05 0 12.49951934814453 16.28879547119141 25.52926826477051
0.999839 1.00093 0.642753 0.0580726 0.0510563 0.00701634 0.000507956 3.24839e-07 1.15644e-05 6.37927e-05 0 12.4999475479126 16.2894458770752 25.52816009521484
0.999778 1.00092 0.642803 0.0580816 0.0510651 0.00701653 0.000440841 6.16018e-07 1.1226e-05 6.51382e-05 0 12.49917984008789 16.28951644897461 25.53252792358398
0.999819 1.00094 0.642777 0.0580447 0.0510297 0.00701495 0.000412759 4.0941e-07 1.17494e-05 6.1806e-05 0 12.4997091293335 16.28994369506836 25.51485252380371
0.999803 1.00091 0.642774 0.0580535 0.0510389 0.00701456 0.000394589 4.87045e-07 1.10339e-05 2.80587e-05 0 12.49949550628662 16.29011917114258 25.51947593688965
0.999834 1.00096 0.642779 0.0580628 0.0510503 0.00701245 0.000387581 3.449e-07 1.24021e-05 6.94907e-05 0 12.49987506866455 16.29074478149414 25.52516746520996
