A/A0 V/V0 Vr eb eb_bend eb_ad ea ega ev ek ee
1 1.00092 0.642589 0.109093 0.0496849 0.0594082 0.000367957 0 1.12357e-05 1.76331e-08 0
1.00219 1.00002 0.639915 0.10539 0.0497361 0.0556542 0.000759507 5.97331e-05 6.33605e-09 0.000161202 0
1.00166 1.00039 0.640649 0.103137 0.0499024 0.053235 0.00130519 3.45825e-05 1.9889e-06 6.06785e-05 0
1.00192 1.00006 0.640194 0.10128 0.0499696 0.0513106 0.00135515 4.6031e-05 4.55353e-08 7.35904e-05 0
1.0018 1.00009 0.640327 0.0999085 0.0500762 0.0498324 0.00155089 4.05732e-05 1.07765e-07 5.44472e-05 0
1.0018 1.00004 0.640295 0.0985917 0.0501119 0.0484798 0.00185482 4.06492e-05 2.48852e-08 9.10676e-05 0
1.0017 1.00007 0.640411 0.0973029 0.0501825 0.0471204 0.00228249 3.62385e-05 7.26563e-08 0.000109597 0
1.00168 1.00004 0.640409 0.0960647 0.0501656 0.0458991 0.00193055 3.53909e-05 2.11993e-08 7.663e-05 0
1.00144 1.00009 0.640674 0.0951133 0.0503871 0.0447262 0.00384241 2.58525e-05 1.0289e-07 0.000187221 0
1.00152 0.999989 0.640531 0.0938977 0.0502031 0.0436946 0.00269407 2.89334e-05 1.57344e-09 6.13366e-05 0
1.00142 1.00009 0.640691 0.0927743 0.0501866 0.0425877 0.00220262 2.53108e-05 1.1291e-07 0.000190709 0
1.00133 1.00022 0.640862 0.0916973 0.0501711 0.0415262 0.00223123 2.2106e-05 6.40962e-07 0.000163397 0
1.00121 1.00023 0.640984 0.0906107 0.0501346 0.0404761 0.00248349 1.82825e-05 6.97803e-07 8.97134e-05 0
1.00108 1.00026 0.641131 0.0895046 0.0500835 0.0394211 0.00208021 1.45143e-05 9.13547e-07 9.3842e-05 0
1.00105 1.00029 0.641177 0.0884896 0.0500324 0.0384572 0.00263246 1.37902e-05 1.1418e-06 0.000285485 0
1.001 1.00032 0.641239 0.08746 0.0499489 0.0375112 0.00189728 1.25577e-05 1.33309e-06 0.000186134 0
1.00094 1.00028 0.641277 0.0866094 0.0500148 0.0365946 0.00330622 1.09856e-05 1.03771e-06 0.000232546 0
1.0008 1.00042 0.641501 0.0856441 0.0498997 0.0357444 0.0025564 8.01584e-06 2.38057e-06 0.000157038 0
1.00078 1.00041 0.641516 0.0847267 0.0497725 0.0349542 0.00254252 7.55766e-06 2.26508e-06 0.000123209 0
1.00066 1.00045 0.641648 0.0838829 0.049719 0.0341638 0.00245032 5.52023e-06 2.67221e-06 8.40748e-05 0
1.00062 1.00046 0.641698 0.0830286 0.0496343 0.0333943 0.00291055 4.83875e-06 2.85637e-06 4.67335e-05 0
