A/A0 V/V0 Vr eb eb_bend eb_ad ea ega ev ek ee  h0 h1 h2
1 1.00092 0.642589 0.109093 0.0496849 0.0594082 0.000367957 0 1.12357e-05 4.40827e-09 0 12.5019588470459 7.345518589019775 24.84242057800293
1.00271 0.999191 0.638882 0.101555 0.0502118 0.0513433 0.00154466 9.18405e-05 8.72503e-06 0.00195421 0 12.50598907470703 7.396147727966309 24.84626388549805
1.00103 1.00083 0.641542 0.0975042 0.0507795 0.0467247 0.00186791 1.33089e-05 9.26426e-06 0.00194403 0 12.51104068756104 7.484310626983643 24.85007858276367
1.00124 1.0001 0.640868 0.0934108 0.0507006 0.0427102 0.00337058 1.92378e-05 1.20827e-07 0.0020026 0 12.51298713684082 7.574967384338379 24.87776565551758
1.00118 1.00025 0.641025 0.0898927 0.050404 0.0394887 0.00194892 1.74936e-05 8.57332e-07 0.00163418 0 12.51919651031494 7.670492649078369 24.92041397094727
1.00109 1.00016 0.641057 0.0866461 0.050222 0.0364241 0.00340622 1.48347e-05 3.5599e-07 0.00230782 0 12.52446174621582 7.762266635894775 24.9678783416748
1.00062 1.00035 0.641626 0.0837276 0.0500719 0.0336557 0.0025471 4.83421e-06 1.63968e-06 0.00196678 0 12.52479457855225 7.845786094665527 25.01747131347656
1.00044 1.00073 0.642048 0.0809887 0.0498442 0.0311445 0.00213103 2.38645e-06 7.11519e-06 0.00187183 0 12.52943134307861 7.929049968719482 25.03290748596191
1.00039 1.00061 0.642018 0.0785599 0.0496468 0.0289131 0.00240332 1.90725e-06 5.03763e-06 0.00186265 0 12.53460121154785 8.008479118347168 25.08169174194336
1.00002 1.00074 0.642457 0.0761329 0.0491194 0.0270136 0.00250621 4.5969e-09 7.31387e-06 0.00207516 0 12.53526782989502 8.076925277709961 25.09032440185547
1.00012 1.00079 0.642389 0.0740365 0.0486775 0.025359 0.00177561 1.79155e-07 8.2248e-06 0.00190696 0 12.53617477416992 8.141444206237793 25.14517211914062
0.999719 1.00092 0.642861 0.0719962 0.0481336 0.0238625 0.00179082 9.89341e-07 1.12559e-05 0.00196179 0 12.5358419418335 8.287012100219727 25.10586929321289
0.999556 1.00109 0.643126 0.0702272 0.0476943 0.0225329 0.00222906 2.46401e-06 1.57784e-05 0.00159564 0 12.51486110687256 8.881124496459961 25.38973999023438
0.999467 1.00122 0.643294 0.0687855 0.0473347 0.0214508 0.00177988 3.54514e-06 1.97047e-05 0.00250677 0 12.51746368408203 9.410988807678223 25.35028457641602
0.999223 1.00119 0.643517 0.0675703 0.0469967 0.0205736 0.00202974 7.55233e-06 1.90382e-05 0.00265931 0 12.51674556732178 9.855865478515625 25.2020149230957
0.999458 1.00158 0.643537 0.0667371 0.0467797 0.0199573 0.00147528 3.66635e-06 3.33212e-05 0.00218709 0 12.51558113098145 10.29641914367676 25.11100006103516
0.99956 1.00133 0.643276 0.0669781 0.0472401 0.019738 0.00263343 2.41939e-06 2.3459e-05 0.0024891 0 12.50973987579346 10.71252250671387 25.03593254089355
0.99945 1.00166 0.6436 0.0671349 0.0473147 0.0198202 0.00191858 3.78074e-06 3.69815e-05 0.00224277 0 12.50742244720459 11.10360622406006 24.9221076965332
0.999671 1.00152 0.643295 0.0670378 0.047202 0.0198358 0.00134667 1.35536e-06 3.09124e-05 0.00192702 0 12.50684833526611 11.46392250061035 24.82341575622559
0.999903 1.00187 0.643294 0.0670218 0.0473212 0.0197006 0.00123752 1.17128e-07 4.66399e-05 0.00197107 0 12.502197265625 11.78325462341309 24.55969429016113
0.99968 1.00144 0.64323 0.067386 0.0477591 0.0196269 0.00121448 1.27798e-06 2.74866e-05 0.00163208 0 12.50344753265381 12.06865310668945 24.3387565612793
0.999876 1.00156 0.64312 0.0675204 0.0478782 0.0196422 0.000869452 1.93713e-07 3.23808e-05 0.00215807 0 12.49844741821289 12.33707332611084 24.06681632995605
0.999668 1.0015 0.643282 0.067259 0.0475768 0.0196822 0.000763293 1.38013e-06 2.99114e-05 0.00215047 0 12.49641132354736 12.58176612854004 23.84711074829102
0.999749 1.00158 0.643255 0.0676296 0.0480075 0.0196221 0.000665554 7.8888e-07 3.31924e-05 0.00202971 0 12.4952974319458 12.78608131408691 23.66738319396973
0.999669 1.00157 0.643327 0.067057 0.0474865 0.0195705 0.000653267 1.37269e-06 3.2875e-05 0.00243556 0 12.49224472045898 12.95618534088135 23.49835395812988
0.999645 1.00155 0.643336 0.0667557 0.0472042 0.0195515 0.000587438 1.57574e-06 3.19212e-05 0.00178388 0 12.49518966674805 13.07621574401855 23.38987731933594
0.999754 1.00164 0.643288 0.0669492 0.047413 0.0195362 0.000568177 7.54886e-07 3.57421e-05 0.00182555 0 12.49645042419434 13.11932277679443 23.62005043029785
0.999683 1.00154 0.643293 0.0671382 0.0476685 0.0194697 0.000630346 1.25946e-06 3.15309e-05 0.00203467 0 12.49507617950439 13.103440284729 23.65734672546387
0.999864 1.0017 0.643222 0.0670441 0.0476579 0.0193861 0.000656752 2.31576e-07 3.85308e-05 0.0020121 0 12.49783992767334 13.09946537017822 23.60099792480469
0.999643 1.00158 0.64336 0.0667225 0.0473631 0.0193594 0.00069027 1.59176e-06 3.3371e-05 0.00197854 0 12.50075054168701 13.1254301071167 23.66058349609375
0.999639 1.0015 0.643314 0.0665457 0.0472442 0.0193015 0.000765185 1.62824e-06 3.01822e-05 0.00148443 0 12.49795722961426 13.14099788665771 23.87957572937012
0.999764 1.00153 0.643212 0.0665643 0.047352 0.0192123 0.00075385 6.93672e-07 3.14137e-05 0.00147273 0 12.50040149688721 13.13715934753418 23.9390926361084
0.999742 1.0017 0.643342 0.0667056 0.0476064 0.0190992 0.000647961 8.29753e-07 3.86963e-05 0.00139577 0 12.49781131744385 13.1300106048584 23.78838348388672
0.999634 1.00146 0.643294 0.0664629 0.0474572 0.0190057 0.00070582 1.67431e-06 2.86342e-05 0.00132092 0 12.49882125854492 13.14168357849121 24.00374984741211
0.999593 1.00157 0.643403 0.0662864 0.0473904 0.018896 0.000655869 2.0749e-06 3.3027e-05 0.00147325 0 12.49781894683838 13.15230655670166 23.74327659606934
0.999611 1.00151 0.643342 0.0660992 0.0473385 0.0187607 0.000871186 1.89356e-06 3.02613e-05 0.00112176 0 12.49751567840576 13.15617370605469 23.60210227966309
0.999504 1.00145 0.643411 0.0659616 0.0473012 0.0186604 0.000662089 3.07353e-06 2.81417e-05 0.00138018 0 12.49888706207275 13.15882015228271 23.70649719238281
0.999613 1.00156 0.643378 0.0661286 0.0476015 0.0185271 0.000566124 1.87502e-06 3.26751e-05 0.000798807 0 12.49799346923828 13.17240524291992 23.83428001403809
0.999555 1.00152 0.643406 0.0657042 0.0473061 0.0183981 0.000836817 2.481e-06 3.08628e-05 0.000851335 0 12.50025367736816 13.1884593963623 23.8289852142334
0.999572 1.00164 0.643465 0.0656372 0.0473942 0.018243 0.000817666 2.28868e-06 3.58291e-05 0.00112265 0 12.4975061416626 13.1946849822998 23.68157005310059
0.999572 1.00153 0.643396 0.0665025 0.0484456 0.018057 0.000850308 2.28626e-06 3.132e-05 0.00141095 0 12.4974422454834 13.20633602142334 23.62206649780273
0.999632 1.00169 0.643437 0.0662048 0.048313 0.0178918 0.000843726 1.69485e-06 3.79102e-05 0.00129795 0 12.49900722503662 13.22381210327148 23.67602348327637
0.999515 1.00156 0.64347 0.0655101 0.0477913 0.0177188 0.000914028 2.94425e-06 3.24658e-05 0.00182273 0 12.49874019622803 13.24673461914062 23.80319404602051
0.999265 1.00154 0.643696 0.0654605 0.0479536 0.0175068 0.000938312 6.74685e-06 3.15566e-05 0.0012821 0 12.49738788604736 13.26607894897461 23.72860908508301
0.999399 1.00158 0.643595 0.0650139 0.0477364 0.0172775 0.000817449 4.52088e-06 3.33317e-05 0.000923355 0 12.49686527252197 13.2885160446167 23.69517135620117
0.99948 1.00156 0.643504 0.0648707 0.0478383 0.0170324 0.000636986 3.37875e-06 3.25292e-05 0.000502415 0 12.49709701538086 13.31602478027344 23.66925621032715
0.999415 1.00166 0.643628 0.064481 0.0477019 0.0167791 0.00054125 4.27166e-06 3.65992e-05 0.000383026 0 12.49576282501221 13.33690547943115 23.65058898925781
0.999365 1.00165 0.643674 0.0645288 0.0480344 0.0164944 0.000578488 5.04673e-06 3.6394e-05 0.000401374 0 12.49711799621582 13.3638219833374 23.80074882507324
0.999283 1.0015 0.643656 0.0641574 0.0479623 0.0161951 0.000682941 6.43067e-06 3.00629e-05 0.000770117 0 12.49638080596924 13.39056777954102 23.65305328369141
0.999327 1.0016 0.643675 0.063938 0.048049 0.015889 0.000685659 5.66593e-06 3.3989e-05 0.000384314 0 12.49661159515381 13.42253398895264 23.69709968566895
0.999268 1.0016 0.643733 0.0637496 0.048165 0.0155845 0.000670185 6.69486e-06 3.41416e-05 0.0002779 0 12.49661731719971 13.46110916137695 24.22277641296387
0.999311 1.00169 0.64375 0.0636267 0.0483441 0.0152826 0.00094293 5.94335e-06 3.80973e-05 0.000328885 0 12.49735927581787 13.49532413482666 24.15650367736816
0.999146 1.0016 0.643849 0.0634067 0.0484177 0.014989 0.000830572 9.1136e-06 3.39787e-05 0.000737334 0 12.4958963394165 13.53200435638428 23.89564323425293
0.999131 1.00159 0.64386 0.0631891 0.0485003 0.0146888 0.00093753 9.43053e-06 3.3792e-05 0.000418895 0 12.49277305603027 13.57754898071289 23.97681999206543
0.999181 1.00167 0.643861 0.0630733 0.0487028 0.0143705 0.000790826 8.38345e-06 3.70554e-05 0.00027347 0 12.4944486618042 13.62565803527832 23.86819839477539
0.999104 1.00168 0.643945 0.0627542 0.0486891 0.0140651 0.000797301 1.00383e-05 3.77456e-05 0.000321517 0 12.49546241760254 13.677659034729 23.91916656494141
0.999084 1.00158 0.6439 0.0626694 0.0489095 0.0137599 0.000796073 1.04935e-05 3.33796e-05 0.000439706 0 12.49465847015381 13.73233890533447 23.85096740722656
0.99908 1.00174 0.644008 0.0624325 0.0489707 0.0134618 0.00120662 1.05787e-05 4.06074e-05 0.00085043 0 12.4940185546875 13.79419326782227 24.01720809936523
0.999074 1.00173 0.644003 0.0624173 0.0492661 0.0131512 0.000979766 1.07137e-05 3.9786e-05 0.00054427 0 12.49300479888916 13.85989570617676 23.98115348815918
0.998949 1.00171 0.644113 0.0620772 0.0492218 0.0128554 0.0010588 1.38211e-05 3.89563e-05 0.000626245 0 12.49354076385498 13.92728424072266 24.02450752258301
0.998813 1.00146 0.644083 0.0619386 0.0493741 0.0125645 0.00275325 1.76239e-05 2.83483e-05 0.000790619 0 12.49280548095703 13.99530982971191 24.08251190185547
0.998926 1.0018 0.644196 0.061821 0.0495521 0.0122689 0.00171655 1.4427e-05 4.34541e-05 0.000669889 0 12.49334049224854 14.06308269500732 24.17205047607422
0.998798 1.00165 0.644218 0.0615579 0.0495975 0.0119605 0.00134283 1.80493e-05 3.61604e-05 0.000524881 0 12.49128913879395 14.13030529022217 24.20883941650391
0.998886 1.00171 0.644176 0.0614173 0.0497638 0.0116535 0.000954141 1.55169e-05 3.91365e-05 0.000774497 0 12.49109363555908 14.19921875 24.25012969970703
0.998774 1.00162 0.644222 0.0610964 0.0497382 0.0113582 0.00122341 1.8803e-05 3.48123e-05 0.0014464 0 12.49172401428223 14.27283477783203 24.35136985778809
0.998994 1.00174 0.644091 0.0613636 0.0502844 0.0110792 0.00100398 1.26588e-05 4.05758e-05 0.000684816 0 12.49076080322266 14.34466361999512 24.34455108642578
0.998905 1.00171 0.644157 0.0609656 0.0501451 0.0108205 0.00112167 1.49893e-05 3.91397e-05 0.00113367 0 12.49051284790039 14.41704273223877 24.45475769042969
0.998851 1.00177 0.644245 0.0605397 0.049975 0.0105647 0.00128907 1.65166e-05 4.16693e-05 0.000551274 0 12.4904613494873 14.48845195770264 24.4853687286377
0.998821 1.00184 0.644321 0.0602628 0.0499814 0.0102814 0.00122889 1.73846e-05 4.51858e-05 0.000286869 0 12.49038791656494 14.56368064880371 24.63302993774414
0.99879 1.00172 0.644272 0.0600732 0.0500452 0.010028 0.00198381 1.82951e-05 3.93767e-05 0.000736912 0 12.48881435394287 14.63655471801758 24.61087608337402
0.998883 1.00171 0.644179 0.0600103 0.0502364 0.00977385 0.00148309 1.5603e-05 3.91544e-05 0.000667618 0 12.48711585998535 14.70908164978027 24.68704795837402
0.99882 1.00176 0.644267 0.0601018 0.0505921 0.0095097 0.00115097 1.74117e-05 4.11381e-05 0.000842062 0 12.48854064941406 14.7828426361084 24.77605819702148
0.998871 1.00168 0.644168 0.0598033 0.0505251 0.00927824 0.00115613 1.59413e-05 3.75829e-05 0.000560076 0 12.48693561553955 14.86153411865234 24.79874801635742
0.998798 1.00164 0.644215 0.0594975 0.0504399 0.00905758 0.000948873 1.8056e-05 3.59736e-05 0.000551378 0 12.48804187774658 14.94018936157227 24.88190841674805
0.998932 1.00173 0.644146 0.0595165 0.0506597 0.00885679 0.00103444 1.42708e-05 4.01534e-05 0.000490829 0 12.48662090301514 15.01741313934326 24.86909484863281
0.998772 1.00157 0.644196 0.0592144 0.0505229 0.00869141 0.00118479 1.88681e-05 3.30007e-05 0.00071385 0 12.4893741607666 15.09035873413086 25.14218330383301
0.998934 1.00161 0.644064 0.0594259 0.0508893 0.00853661 0.00113818 1.41971e-05 3.46782e-05 0.0010005 0 12.48827266693115 15.15970706939697 25.07254981994629
0.998922 1.0016 0.644071 0.0591381 0.0507469 0.0083912 0.00104418 1.45356e-05 3.43344e-05 0.0008836 0 12.48759365081787 15.22897243499756 24.98748016357422
0.998964 1.00156 0.644004 0.0589516 0.0507005 0.00825104 0.00144541 1.34167e-05 3.25715e-05 0.000457231 0 12.48721504211426 15.3065881729126 24.99072265625
0.999073 1.00158 0.643912 0.0588073 0.0506994 0.00810791 0.00114415 1.07417e-05 3.34676e-05 0.000281139 0 12.48684024810791 15.37692546844482 25.02260398864746
0.999029 1.00151 0.643904 0.0588117 0.0508153 0.00799647 0.00118108 1.17904e-05 3.0252e-05 0.000399793 0 12.48799896240234 15.4480152130127 25.11820983886719
0.999102 1.00146 0.643806 0.0587956 0.0509148 0.00788079 0.000914875 1.00716e-05 2.85517e-05 0.00039386 0 12.48720741271973 15.52334594726562 25.29604339599609
0.999076 1.00142 0.643804 0.0587589 0.0509842 0.00777474 0.00091872 1.06669e-05 2.69178e-05 0.000312168 0 12.48784446716309 15.58991622924805 25.26252174377441
0.999165 1.00132 0.643655 0.0586738 0.0509855 0.0076883 0.0012009 8.72584e-06 2.33171e-05 0.000690476 0 12.48692512512207 15.65450668334961 25.21996688842773
0.999213 1.00134 0.643621 0.0586645 0.0510642 0.00760026 0.00104389 7.74011e-06 2.40293e-05 0.000293804 0 12.48860168457031 15.71341323852539 25.32983207702637
0.999312 1.0013 0.6435 0.0586223 0.0510929 0.00752938 0.00102087 5.90936e-06 2.26675e-05 0.000529776 0 12.48660850524902 15.76316165924072 25.26144981384277
0.9994 1.00118 0.643337 0.0586787 0.0511973 0.00748136 0.0009132 4.49358e-06 1.86418e-05 0.00018268 0 12.48863697052002 15.80933380126953 25.44467353820801
0.999334 1.0012 0.643415 0.0587507 0.0513161 0.00743459 0.000888556 5.55047e-06 1.92724e-05 0.000802609 0 12.48847961425781 15.85353374481201 25.37343597412109
0.999616 1.00119 0.643134 0.0589217 0.0515444 0.00737732 0.000947682 1.84461e-06 1.88906e-05 0.000388709 0 12.48900127410889 15.89634323120117 25.35026931762695
0.999489 1.00118 0.643252 0.0586205 0.0512713 0.00734924 0.000823321 3.27014e-06 1.8622e-05 0.000342752 0 12.49036884307861 15.94028568267822 25.34969329833984
0.999553 1.00112 0.643153 0.0585351 0.0512155 0.00731957 0.000787438 2.50316e-06 1.68635e-05 0.00061602 0 12.48982524871826 15.97508525848389 25.40762901306152
0.999567 1.0011 0.643123 0.0584988 0.0512135 0.00728527 0.000685742 2.34145e-06 1.61004e-05 0.000511689 0 12.49073886871338 16.01119041442871 25.45742225646973
0.999605 1.00108 0.643071 0.0585272 0.0512703 0.00725687 0.000868351 1.94719e-06 1.54334e-05 0.000450894 0 12.49041080474854 16.04473876953125 25.49210166931152
0.999671 1.00105 0.642991 0.0584937 0.0512565 0.00723717 0.000844434 1.35064e-06 1.47008e-05 0.000364602 0 12.49151515960693 16.07199478149414 25.49273490905762
0.999778 1.00097 0.642837 0.0585741 0.0513461 0.007228 0.000652393 6.15305e-07 1.25875e-05 0.000287074 0 12.49212169647217 16.10001182556152 25.53214645385742
0.999689 1.001 0.64294 0.0585347 0.0513128 0.00722195 0.000635402 1.21237e-06 1.3255e-05 0.000325685 0 12.49335765838623 16.12254333496094 25.54645919799805
0.999744 1.00094 0.64285 0.0583869 0.0511772 0.0072097 0.000633512 8.17958e-07 1.17765e-05 0.000218857 0 12.49446678161621 16.13781929016113 25.59865570068359
0.999744 1.00095 0.642855 0.0583822 0.0511805 0.00720174 0.000548656 8.20728e-07 1.19696e-05 0.000240923 0 12.49363231658936 16.15312576293945 25.65804672241211
0.999777 1.00097 0.642839 0.0583291 0.0511378 0.00719133 0.000511199 6.2406e-07 1.26038e-05 7.74385e-05 0 12.49715709686279 16.1710376739502 25.7721996307373
0.999786 1.00093 0.642806 0.0584125 0.0512244 0.00718811 0.000565974 5.72055e-07 1.16395e-05 0.000219124 0 12.49557113647461 16.18047904968262 25.63565635681152
0.999807 1.00089 0.642761 0.0585166 0.0513361 0.00718044 0.000451099 4.67332e-07 1.06727e-05 8.63465e-05 0 12.49636459350586 16.19001770019531 25.60776138305664
0.999838 1.00091 0.642742 0.0586234 0.0514544 0.00716895 0.000410146 3.27332e-07 1.1121e-05 0.00018942 0 12.49655055999756 16.20118713378906 25.60675048828125
0.999838 1.00092 0.642747 0.058324 0.0511665 0.00715743 0.000390905 3.2826e-07 1.12911e-05 0.000118248 0 12.49703216552734 16.21042251586914 25.6351490020752
0.999847 1.00088 0.642709 0.0582907 0.0511459 0.00714481 0.000372012 2.91366e-07 1.02248e-05 4.08755e-05 0 12.49784564971924 16.21671295166016 25.62828063964844
0.999861 1.00095 0.642742 0.0583133 0.0511796 0.00713374 0.000517319 2.42626e-07 1.19635e-05 0.000183447 0 12.49919319152832 16.21948051452637 25.67304420471191
0.999903 1.00085 0.642637 0.0584394 0.0513133 0.00712617 0.000392899 1.17222e-07 9.56576e-06 0.000139182 0 12.49806118011475 16.22168159484863 25.6563892364502
0.999857 1.00084 0.642678 0.0585022 0.0513789 0.00712334 0.000487161 2.56322e-07 9.43928e-06 0.000698728 0 12.49876117706299 16.22558403015137 25.58860969543457
0.999873 1.00091 0.642705 0.0583893 0.0512735 0.00711581 0.000383565 2.02031e-07 1.09889e-05 0.00035286 0 12.49876880645752 16.22819900512695 25.59023475646973
0.999873 1.00082 0.642652 0.0583617 0.0512468 0.00711489 0.000389892 2.02151e-07 9.05927e-06 0.000273773 0 12.49917221069336 16.23155212402344 25.56891059875488
0.999874 1.0009 0.642701 0.058357 0.051245 0.00711203 0.000444995 1.97525e-07 1.08968e-05 0.000199058 0 12.4992847442627 16.23259544372559 25.61221122741699
0.999854 1.00088 0.642705 0.0583451 0.051239 0.00710611 0.000344646 2.65447e-07 1.03068e-05 0.000265122 0 12.49954891204834 16.23507118225098 25.66804695129395
0.99988 1.00085 0.64266 0.05835 0.0512509 0.00709913 0.000338673 1.81512e-07 9.58763e-06 0.000343597 0 12.4999361038208 16.23878479003906 25.72723197937012
0.999876 1.00085 0.642663 0.0584196 0.0513304 0.00708921 0.000338215 1.92658e-07 9.55638e-06 0.000122997 0 12.4999475479126 16.24259948730469 25.5832633972168
0.999905 1.00084 0.642632 0.0582536 0.0511719 0.0070817 0.000322056 1.12814e-07 9.45603e-06 0.000141668 0 12.50004196166992 16.24674415588379 25.57292938232422
0.999818 1.00085 0.642718 0.0583398 0.0512552 0.00708459 0.000501632 4.12639e-07 9.54203e-06 0.00034329 0 12.50022125244141 16.25037384033203 25.58979034423828
0.999912 1.00086 0.642637 0.0582614 0.0511843 0.00707709 0.000360719 9.69955e-08 9.85741e-06 0.000211775 0 12.50074672698975 16.2527904510498 25.65663909912109
0.999857 1.00085 0.642682 0.0584014 0.0513282 0.00707319 0.000483699 2.55651e-07 9.58468e-06 0.000133165 0 12.50017166137695 16.25381851196289 25.68943786621094
0.999873 1.00084 0.642663 0.0582859 0.051215 0.00707091 0.000445213 2.02573e-07 9.44809e-06 0.00012397 0 12.50036811828613 16.25629043579102 25.63672637939453
0.999868 1.00087 0.642688 0.0582881 0.0512053 0.00708284 0.000584263 2.17748e-07 1.01827e-05 0.000285717 0 12.50036334991455 16.2565803527832 25.62341117858887
0.999956 1.0008 0.642558 0.0584807 0.051401 0.00707969 0.000451996 2.40778e-08 8.60939e-06 0.00046783 0 12.50039291381836 16.25753593444824 25.62248039245605
0.999842 1.00092 0.642742 0.0582859 0.0512089 0.00707701 0.00041013 3.12118e-07 1.12381e-05 0.000321074 0 12.50014019012451 16.25955581665039 25.61952209472656
0.999846 1.00082 0.642673 0.0584824 0.0514176 0.00706482 0.000639027 2.96047e-07 8.90231e-06 0.000478111 0 12.50044918060303 16.26179695129395 25.62542915344238
0.999946 1.00093 0.64265 0.0585718 0.0515106 0.00706125 0.000458111 3.59447e-08 1.16041e-05 0.000880503 0 12.50041007995605 16.26509857177734 25.66521644592285
0.999923 1.00092 0.642663 0.0584953 0.0514333 0.00706203 0.000519283 7.44284e-08 1.12219e-05 0.000280338 0 12.50076961517334 16.26752281188965 25.58597373962402
0.999866 1.00083 0.642662 0.0584015 0.051342 0.00705951 0.000542564 2.23675e-07 9.21518e-06 0.000510156 0 12.4996919631958 16.26676368713379 25.62761306762695
0.999911 1.00084 0.642623 0.058424 0.0513724 0.00705164 0.000673032 9.9309e-08 9.34903e-06 0.000472371 0 12.50086116790771 16.26903915405273 25.5921516418457
0.999819 1.00099 0.64281 0.0586467 0.0515808 0.00706588 0.000745565 4.10234e-07 1.30594e-05 0.000386536 0 12.50016784667969 16.27046203613281 25.66410446166992
0.999904 1.00092 0.642682 0.0583375 0.0512594 0.0070781 0.0009048 1.15887e-07 1.12195e-05 0.000543673 0 12.50036811828613 16.27119255065918 25.60752296447754
0.99982 1.00089 0.642748 0.0585402 0.0514515 0.00708872 0.000661018 4.06961e-07 1.068e-05 0.00020044 0 12.50031852722168 16.26723480224609 25.60261535644531
0.999783 1.0009 0.642785 0.0582143 0.051133 0.00708124 0.000573972 5.88794e-07 1.07181e-05 0.000153562 0 12.50141620635986 16.26807594299316 25.70048522949219
0.99983 1.00093 0.642764 0.0582303 0.0511619 0.00706835 0.000694961 3.61486e-07 1.16618e-05 0.000139639 0 12.49998378753662 16.26923179626465 25.60443305969238
0.999798 1.00091 0.64278 0.0582743 0.0512123 0.00706194 0.000599178 5.1055e-07 1.10986e-05 0.000167758 0 12.50003528594971 16.27327156066895 25.70880126953125
0.999831 1.0009 0.642744 0.0582586 0.0512008 0.00705775 0.000549797 3.57126e-07 1.09269e-05 0.000121486 0 12.5012903213501 16.27422523498535 25.75530052185059
0.999774 1.00086 0.64277 0.0583665 0.0513178 0.00704873 0.00053338 6.37867e-07 9.86389e-06 0.000101821 0 12.5009880065918 16.27401733398438 25.71662712097168
0.999778 1.0009 0.64279 0.0581443 0.0510982 0.00704609 0.0004464 6.1675e-07 1.07464e-05 0.000311393 0 12.50028610229492 16.27499389648438 25.67098999023438
0.999811 1.00094 0.642783 0.0583644 0.0513278 0.00703661 0.000405238 4.47032e-07 1.1683e-05 0.00057416 0 12.50084686279297 16.27750205993652 25.68619728088379
0.999807 1.00099 0.64282 0.0582365 0.0512059 0.00703065 0.000516152 4.67462e-07 1.2979e-05 0.000283341 0 12.49970054626465 16.27297782897949 25.79041481018066
0.999788 1.00093 0.642804 0.0582752 0.0512539 0.00702125 0.000494322 5.61277e-07 1.16389e-05 0.00023729 0 12.50075817108154 16.26872444152832 25.62966728210449
0.999837 1.00098 0.642789 0.058395 0.0513795 0.00701556 0.000452558 3.32581e-07 1.28996e-05 0.000320665 0 12.4997034072876 16.26539993286133 25.72574615478516
0.999893 1.00104 0.642768 0.0584859 0.0514833 0.00700259 0.000486277 1.43121e-07 1.43055e-05 0.000475004 0 12.49924659729004 16.26797866821289 25.56651878356934
0.999761 1.00091 0.642818 0.0581917 0.0511898 0.00700187 0.00114093 7.17038e-07 1.11465e-05 0.00156372 0 12.49983215332031 16.27212905883789 25.58095169067383
0.999742 1.00084 0.642788 0.058564 0.0515764 0.00698768 0.000723482 8.35329e-07 9.38533e-06 0.000694615 0 12.49943447113037 16.27435111999512 25.60617256164551
0.999844 1.00097 0.642774 0.0583543 0.0513823 0.00697205 0.000796737 3.05139e-07 1.2579e-05 0.0007864 0 12.49984359741211 16.27566719055176 25.60040283203125
0.999833 1.00092 0.642752 0.0584033 0.0514399 0.00696341 0.000708882 3.49551e-07 1.12849e-05 0.000390789 0 12.4991397857666 16.27879524230957 25.65887641906738
0.999795 1.00083 0.642728 0.0583561 0.0514071 0.00694901 0.000721781 5.25522e-07 9.1072e-06 0.000489517 0 12.49918079376221 16.27966690063477 25.54911041259766
0.999769 1.0009 0.642803 0.0584188 0.0514934 0.00692536 0.000664629 6.65557e-07 1.08981e-05 0.00049195 0 12.49959659576416 16.28275108337402 25.66388320922852
0.999735 1.00082 0.642785 0.0582935 0.0513777 0.00691579 0.000616371 8.79346e-07 9.05946e-06 0.00101739 0 12.49954509735107 16.28474998474121 25.60293197631836
0.999859 1.00097 0.642758 0.058186 0.0512748 0.00691117 0.000647905 2.46853e-07 1.25497e-05 0.000650683 0 12.49930858612061 16.28792190551758 25.62697982788086
0.999809 1.00092 0.642777 0.0583189 0.0514116 0.00690735 0.000572581 4.58297e-07 1.13645e-05 0.000794523 0 12.49992275238037 16.28969573974609 25.68973159790039
0.999737 1.0008 0.642766 0.0581211 0.0512234 0.00689766 0.000585689 8.64661e-07 8.51513e-06 0.000563397 0 12.50062561035156 16.29390335083008 25.74162483215332
0.999815 1.00092 0.642767 0.0582024 0.051313 0.00688939 0.000768552 4.28499e-07 1.12082e-05 0.00035478 0 12.4989709854126 16.29446220397949 25.59490394592285
0.999807 1.00083 0.642719 0.0582014 0.0513221 0.00687924 0.00112172 4.67841e-07 9.18317e-06 0.000706558 0 12.49872303009033 16.29923820495605 25.78819465637207
0.999794 1.00099 0.642836 0.058305 0.0514301 0.00687487 0.000790168 5.31007e-07 1.31437e-05 0.000509106 0 12.50001049041748 16.30424118041992 25.69112777709961
0.999787 1.00087 0.642765 0.0580648 0.0511913 0.00687352 0.000690943 5.68941e-07 1.01108e-05 0.000359137 0 12.49987125396729 16.30714988708496 25.71998023986816
0.999777 1.00091 0.642797 0.0581468 0.0512722 0.00687461 0.000741089 6.21297e-07 1.0984e-05 0.000213839 0 12.49940013885498 16.31205558776855 25.70353889465332
0.999754 1.00096 0.642852 0.0579318 0.051061 0.0068708 0.000640444 7.59384e-07 1.22192e-05 0.000206034 0 12.4990816116333 16.32006645202637 25.74671936035156
0.999748 1.0009 0.642821 0.0583535 0.0514939 0.00685965 0.000715175 7.94682e-07 1.08217e-05 0.000577658 0 12.49864101409912 16.32334327697754 25.68882179260254
0.999779 1.00089 0.642783 0.0582323 0.0513841 0.00684821 0.000994403 6.08365e-07 1.05451e-05 0.00106307 0 12.50020503997803 16.32460784912109 25.63740539550781
0.999728 1.00097 0.642888 0.058078 0.0512358 0.00684229 0.000718596 9.21641e-07 1.2681e-05 0.000458283 0 12.49956321716309 16.32601547241211 25.70577239990234
0.99981 1.00096 0.642802 0.0581018 0.0512676 0.00683422 0.000606366 4.52013e-07 1.24024e-05 0.000453465 0 12.49866771697998 16.32944107055664 25.6116943359375
0.999711 1.00084 0.64282 0.0580859 0.0512514 0.00683445 0.000633574 1.04519e-06 9.47521e-06 0.000204812 0 12.49964427947998 16.33204650878906 25.65649223327637
0.99976 1.00091 0.642814 0.058021 0.0511936 0.0068274 0.000668317 7.22565e-07 1.09914e-05 0.000122764 0 12.49954414367676 16.33549118041992 25.66108703613281
0.999723 1.00098 0.642896 0.0577734 0.0509461 0.00682724 0.000614747 9.6202e-07 1.27855e-05 0.000350558 0 12.49938297271729 16.33698654174805 25.71506500244141
0.999741 1.00093 0.642849 0.0580766 0.0512627 0.00681393 0.00073778 8.40606e-07 1.16007e-05 0.000379344 0 12.49930095672607 16.33747100830078 25.59565925598145
0.999671 1.0009 0.642894 0.0579654 0.0511696 0.00679579 0.00135721 1.35224e-06 1.07744e-05 0.000736765 0 12.49917030334473 16.33710861206055 25.6361083984375
0.999756 1.00088 0.642799 0.0578716 0.051106 0.00676554 0.000938046 7.42351e-07 1.02873e-05 0.000500415 0 12.49888229370117 16.33846473693848 25.5305004119873
0.999669 1.00096 0.642938 0.0581432 0.0513821 0.00676108 0.00088696 1.37095e-06 1.23894e-05 0.00048171 0 12.49881172180176 16.34223365783691 25.74695587158203
0.999788 1.00095 0.642816 0.0578982 0.0511378 0.00676039 0.00121738 5.61196e-07 1.21198e-05 0.000887071 0 12.49919605255127 16.34601020812988 25.69208145141602
0.999666 1.00087 0.642883 0.05813 0.0513688 0.00676122 0.000805643 1.39821e-06 1.01751e-05 0.000775633 0 12.49857234954834 16.3481388092041 25.61788177490234
0.999597 1.00083 0.642918 0.0580228 0.0512688 0.00675399 0.00100895 2.02641e-06 9.09146e-06 0.000750119 0 12.49957942962646 16.35066986083984 25.6337776184082
0.99966 1.00096 0.642945 0.0583443 0.0515852 0.00675912 0.00105512 1.44402e-06 1.23348e-05 0.00118226 0 12.49833869934082 16.35083389282227 25.6257152557373
0.999621 1.00105 0.64304 0.0579992 0.0512343 0.00676487 0.00071142 1.80021e-06 1.47107e-05 0.00094386 0 12.4989595413208 16.35309791564941 25.59680938720703
0.999699 1.00102 0.642945 0.0580081 0.0512524 0.0067557 0.000990291 1.13543e-06 1.38763e-05 0.00081577 0 12.49848747253418 16.35323905944824 25.47304344177246
0.999538 1.00105 0.64312 0.0579763 0.0512288 0.00674749 0.000788499 2.66364e-06 1.47591e-05 0.0012038 0 12.49872303009033 16.35769081115723 25.63135147094727
0.999647 1.00112 0.643059 0.0579728 0.0512398 0.00673303 0.00100653 1.5581e-06 1.67175e-05 0.000554537 0 12.49785709381104 16.36400413513184 25.58479690551758
0.999655 1.00109 0.643034 0.0577994 0.051071 0.00672834 0.000998151 1.48421e-06 1.59205e-05 0.000936477 0 12.49891662597656 16.37409019470215 25.55304145812988
0.999654 1.00098 0.642961 0.0579951 0.0512701 0.00672499 0.00104375 1.50037e-06 1.2719e-05 0.000910374 0 12.49781703948975 16.37579345703125 25.69101524353027
0.999539 1.00105 0.643118 0.0578108 0.0510885 0.00672232 0.00113887 2.65528e-06 1.4664e-05 0.000984127 0 12.49930477142334 16.3757495880127 25.56888008117676
0.999477 1.00107 0.643194 0.057596 0.050868 0.00672799 0.000876085 3.41405e-06 1.54048e-05 0.000820676 0 12.49778461456299 16.37576484680176 25.68438148498535
0.999617 1.001 0.643009 0.0576462 0.0509209 0.0067253 0.000735305 1.83248e-06 1.32605e-05 0.000751898 0 12.49692821502686 16.37837219238281 25.63442039489746
0.999427 1.00098 0.643182 0.057876 0.0511492 0.00672682 0.000772138 4.10513e-06 1.28055e-05 0.000607012 0 12.49771595001221 16.37647819519043 25.79258346557617
0.999595 1.00108 0.643081 0.0576475 0.050939 0.00670852 0.00107282 2.04674e-06 1.54614e-05 0.000478691 0 12.49721050262451 16.37461853027344 25.61714935302734
0.999651 1.00099 0.642972 0.0576905 0.0509995 0.00669103 0.000905465 1.52008e-06 1.30699e-05 0.000929777 0 12.49819660186768 16.37755584716797 25.6262092590332
0.999489 1.00111 0.643208 0.0576804 0.051001 0.00667933 0.000852513 3.26407e-06 1.65613e-05 0.0011877 0 12.49619388580322 16.38071441650391 25.61442756652832
0.999597 1.00098 0.64302 0.0578276 0.0511641 0.00666349 0.000688312 2.02795e-06 1.29065e-05 0.00031808 0 12.49754524230957 16.38539123535156 25.61987113952637
0.999664 1.00107 0.643011 0.0574 0.0507371 0.00666296 0.000581087 1.40863e-06 1.52701e-05 0.000154974 0 12.49765586853027 16.3869743347168 25.53552055358887
0.99955 1.00111 0.643149 0.0572947 0.0506319 0.0066628 0.000525054 2.53318e-06 1.65328e-05 0.000147165 0 12.497633934021 16.38811111450195 25.63503265380859
0.999566 1.00109 0.64312 0.0572598 0.050606 0.00665378 0.000591845 2.35965e-06 1.59218e-05 0.000161139 0 12.49620532989502 16.38929176330566 25.54425621032715
0.999512 1.0011 0.643176 0.0573023 0.05065 0.00665232 0.000828985 2.97625e-06 1.60826e-05 0.000265773 0 12.49542331695557 16.38749504089355 25.43400001525879
0.999531 1.00116 0.643196 0.0571712 0.0505245 0.00664669 0.0006838 2.75288e-06 1.7883e-05 0.000502643 0 12.49717330932617 16.38809585571289 25.4604663848877
0.999552 1.00108 0.643128 0.0576121 0.0509764 0.00663567 0.000802548 2.5105e-06 1.56791e-05 0.000394529 0 12.49478530883789 16.38801765441895 25.57461547851562
0.99947 1.00126 0.643317 0.0573136 0.0506879 0.00662572 0.000893815 3.50981e-06 2.1031e-05 0.00130063 0 12.49689769744873 16.39386367797852 25.46947479248047
0.999509 1.00103 0.643134 0.0573407 0.0507327 0.00660795 0.000826464 3.01342e-06 1.41196e-05 0.000538792 0 12.49759387969971 16.39971160888672 25.4997444152832
0.999661 1.00115 0.643063 0.0574598 0.0508569 0.00660291 0.000670717 1.43985e-06 1.75015e-05 0.00064099 0 12.49557304382324 16.40406799316406 25.50051498413086
0.999549 1.00105 0.643107 0.0575966 0.0509912 0.0066054 0.00072061 2.54729e-06 1.46221e-05 0.000743312 0 12.49693202972412 16.40925407409668 25.58206558227539
0.999451 1.00107 0.643218 0.0573586 0.0507523 0.00660633 0.000660406 3.76191e-06 1.5345e-05 0.000964293 0 12.49777507781982 16.40927314758301 25.36855316162109
0.999512 1.00104 0.643137 0.0572318 0.0506231 0.00660868 0.00111271 2.98207e-06 1.43421e-05 0.00100195 0 12.49633121490479 16.40959358215332 25.31592559814453
0.999464 1.00099 0.643156 0.0571426 0.0505207 0.00662192 0.000744642 3.5959e-06 1.32076e-05 0.000638995 0 12.49651908874512 16.41265487670898 25.30300140380859
0.999518 1.00109 0.643162 0.0573228 0.0507082 0.00661464 0.000671987 2.89899e-06 1.57604e-05 0.000238878 0 12.49586296081543 16.41327285766602 25.32500076293945
0.999502 1.00107 0.643165 0.057169 0.0505617 0.00660733 0.00062176 3.10186e-06 1.51487e-05 0.000517154 0 12.49609184265137 16.41515350341797 25.26222229003906
0.999467 1.00111 0.643224 0.0568192 0.0502112 0.00660793 0.00058831 3.55705e-06 1.63018e-05 0.000645115 0 12.49635887145996 16.41888999938965 25.48822212219238
0.999584 1.00111 0.643115 0.0571164 0.0505173 0.00659907 0.000824196 2.16621e-06 1.64948e-05 0.000329788 0 12.49533939361572 16.4224853515625 25.34396934509277
0.999464 1.00111 0.643228 0.0570266 0.0504201 0.00660641 0.000617799 3.58837e-06 1.6368e-05 0.000530357 0 12.49582290649414 16.42849731445312 25.3663444519043
0.999461 1.0011 0.643226 0.0567959 0.0501925 0.00660338 0.000549141 3.6287e-06 1.61659e-05 0.000369461 0 12.49771595001221 16.42989540100098 25.4284610748291
0.999525 1.00122 0.643243 0.0568988 0.0502991 0.00659973 0.00127471 2.82448e-06 1.99268e-05 0.00080818 0 12.49631690979004 16.42930030822754 25.49562644958496
0.999479 1.00117 0.643256 0.0571865 0.0505926 0.00659392 0.000792525 3.39507e-06 1.83876e-05 0.000480343 0 12.49510192871094 16.42918968200684 25.37615776062012
0.999478 1.00116 0.64325 0.0568903 0.0502982 0.00659212 0.000669753 3.4112e-06 1.80143e-05 0.000685528 0 12.49586009979248 16.42824935913086 25.31154251098633
0.999435 1.00105 0.643219 0.0567164 0.0501255 0.00659084 0.000903159 3.9886e-06 1.47092e-05 0.000948093 0 12.49524784088135 16.42381858825684 25.26033592224121
0.999535 1.00114 0.643178 0.056828 0.0502434 0.0065846 0.000832791 2.70488e-06 1.72354e-05 0.000761281 0 12.49593734741211 16.42617225646973 25.35408210754395
0.999568 1.00089 0.642987 0.0568327 0.0502663 0.0065664 0.000784238 2.32815e-06 1.05475e-05 0.000871971 0 12.49572944641113 16.42874336242676 25.28085708618164
0.999502 1.00114 0.643215 0.0568013 0.0502262 0.00657516 0.000641963 3.10303e-06 1.74558e-05 0.000781201 0 12.49529647827148 16.42860412597656 25.10560417175293
0.999539 1.00102 0.643099 0.056962 0.0503896 0.00657243 0.000795119 2.65977e-06 1.38424e-05 0.000243449 0 12.49675273895264 16.43139839172363 25.25864219665527
0.99952 1.00102 0.643114 0.056568 0.049989 0.00657898 0.000696682 2.87455e-06 1.37493e-05 0.00101456 0 12.4952564239502 16.42913627624512 25.21006965637207
0.999505 1.0011 0.643187 0.0565539 0.0499707 0.00658326 0.00073678 3.06546e-06 1.62788e-05 0.000865461 0 12.49522113800049 16.43018341064453 25.09624290466309
0.999518 1.00109 0.643164 0.0568645 0.0502815 0.00658294 0.000711595 2.89854e-06 1.58287e-05 0.000279272 0 12.49602317810059 16.43129730224609 25.1495304107666
0.99952 1.00116 0.643211 0.056679 0.0500989 0.00658012 0.000889489 2.88009e-06 1.80876e-05 0.000541404 0 12.49545001983643 16.43341636657715 25.29628372192383
0.999474 1.00103 0.643167 0.0563856 0.0498055 0.00658013 0.00119671 3.46358e-06 1.40647e-05 0.000669247 0 12.49542713165283 16.43401527404785 25.14908790588379
0.99948 1.0011 0.643209 0.0564329 0.0498601 0.00657287 0.00132375 3.38576e-06 1.61638e-05 0.000824354 0 12.49490451812744 16.4345645904541 25.0627498626709
0.999433 1.00114 0.643277 0.0563318 0.0497613 0.0065705 0.000853428 4.0128e-06 1.72826e-05 0.000768573 0 12.4961462020874 16.43648529052734 25.12169647216797
0.999557 1.00109 0.643126 0.0564843 0.0499207 0.00656364 0.000910098 2.45403e-06 1.58184e-05 0.000324775 0 12.49656867980957 16.44267845153809 25.13314056396484
0.999584 1.00114 0.643135 0.0563747 0.0498157 0.00655896 0.000837701 2.16386e-06 1.7435e-05 0.000211551 0 12.49573230743408 16.43980407714844 25.11309814453125
0.999444 1.00109 0.643239 0.0561924 0.0496315 0.00656084 0.00082412 3.87087e-06 1.59753e-05 0.000332555 0 12.49619483947754 16.44066429138184 25.19477272033691
0.999471 1.00104 0.643176 0.0561265 0.0495658 0.00656075 0.00100292 3.50267e-06 1.4338e-05 0.000378104 0 12.49596691131592 16.43844604492188 24.99450492858887
0.999567 1.00096 0.643034 0.0563249 0.0497583 0.00656653 0.00120953 2.34763e-06 1.2301e-05 0.000797701 0 12.49576568603516 16.43702125549316 24.98531341552734
0.999429 1.00117 0.643304 0.0561291 0.0495465 0.00658254 0.000959574 4.07284e-06 1.83635e-05 0.00135693 0 12.49594211578369 16.43709754943848 25.14077758789062
0.999413 1.00102 0.643222 0.0561964 0.049622 0.00657441 0.00106955 4.30343e-06 1.39453e-05 0.000515259 0 12.49596691131592 16.43806076049805 25.04944038391113
0.999609 1.00101 0.643025 0.0563137 0.049747 0.00656663 0.00106794 1.91518e-06 1.35818e-05 0.000311131 0 12.49537563323975 16.43816184997559 24.90275573730469
0.999419 1.00105 0.643234 0.0560449 0.0494602 0.00658475 0.00094128 4.21863e-06 1.46833e-05 0.000762534 0 12.49545860290527 16.44065284729004 24.93001937866211
0.999576 1.0011 0.643114 0.0559946 0.049416 0.00657861 0.000962265 2.25009e-06 1.60968e-05 0.00046863 0 12.4948787689209 16.44157409667969 24.88063049316406
0.999572 1.00109 0.64311 0.0560379 0.0494544 0.00658349 0.000985118 2.28812e-06 1.5745e-05 0.000415433 0 12.49642848968506 16.44365119934082 24.96030807495117
0.999366 1.00128 0.643432 0.055932 0.0493236 0.00660844 0.000743812 5.02325e-06 2.17666e-05 0.000467637 0 12.49675464630127 16.44521713256836 24.90784072875977
0.999466 1.00117 0.64327 0.0558413 0.0492396 0.00660165 0.000843908 3.57143e-06 1.84061e-05 0.000606268 0 12.49500274658203 16.44488906860352 24.81577682495117
0.999429 1.00116 0.643297 0.0559065 0.049294 0.00661251 0.000763358 4.07135e-06 1.8058e-05 0.000727323 0 12.49533367156982 16.44484901428223 24.78286933898926
0.999361 1.00114 0.643349 0.0560106 0.0493931 0.00661746 0.000744062 5.10106e-06 1.73693e-05 0.000456727 0 12.49654579162598 16.4426383972168 24.87915992736816
0.999483 1.00122 0.643281 0.0562358 0.0496251 0.00661064 0.000733759 3.34295e-06 1.97895e-05 0.000702922 0 12.49482917785645 16.43743324279785 24.77325820922852
0.99937 1.00109 0.64331 0.0560513 0.0494351 0.00661625 0.000766974 4.96318e-06 1.59695e-05 0.000899209 0 12.49462890625 16.44026565551758 24.81099128723145
0.999437 1.00139 0.643436 0.0557844 0.049164 0.00662042 0.00100278 3.96867e-06 2.57889e-05 0.00073849 0 12.49706745147705 16.4425106048584 24.87352561950684
0.999432 1.00118 0.643303 0.0557018 0.049081 0.0066208 0.000771755 4.03748e-06 1.84294e-05 0.000204325 0 12.49469947814941 16.43669128417969 24.73008728027344
0.999417 1.00124 0.643357 0.0556079 0.0489801 0.00662782 0.00101613 4.24718e-06 2.0435e-05 0.000238937 0 12.49666213989258 16.43844604492188 24.70798873901367
0.999369 1.00123 0.643401 0.0556494 0.0490209 0.00662848 0.000719816 4.98538e-06 2.03074e-05 0.00023018 0 12.49661731719971 16.43678665161133 24.72722625732422
0.999454 1.00117 0.643275 0.0556114 0.0489925 0.00661893 0.000881648 3.73302e-06 1.81262e-05 0.000443086 0 12.49403858184814 16.42865562438965 24.66180229187012
0.999389 1.00117 0.643343 0.0554536 0.0488351 0.00661852 0.000724273 4.66049e-06 1.83816e-05 0.00033806 0 12.49527549743652 16.43076705932617 24.61981391906738
0.99938 1.00122 0.643383 0.0554347 0.0488145 0.00662021 0.000671031 4.80575e-06 1.99193e-05 0.000211279 0 12.49481678009033 16.42713356018066 24.6469669342041
0.999444 1.0012 0.643306 0.0555554 0.0489339 0.00662153 0.000828731 3.86667e-06 1.91705e-05 0.000470059 0 12.493971824646 16.42557907104492 24.69656372070312
0.999516 1.00123 0.643254 0.0556527 0.0490321 0.0066206 0.000825583 2.92276e-06 2.00973e-05 0.000476357 0 12.49549007415771 16.42763710021973 24.81254959106445
0.999337 1.00119 0.643405 0.0553777 0.0487432 0.00663449 0.000799651 5.48722e-06 1.89763e-05 0.000485092 0 12.49408340454102 16.42597579956055 24.71754264831543
0.999414 1.00114 0.643296 0.0552938 0.0486651 0.0066287 0.00106497 4.29227e-06 1.72924e-05 0.000475978 0 12.49491500854492 16.42438888549805 24.58199501037598
0.99948 1.00114 0.643234 0.055472 0.0488473 0.00662469 0.00090648 3.38397e-06 1.73286e-05 0.00037454 0 12.49485969543457 16.42425727844238 24.54048156738281
0.999403 1.0011 0.643281 0.0556545 0.0490244 0.0066301 0.000907484 4.45073e-06 1.61251e-05 0.000515039 0 12.49467086791992 16.42189407348633 24.49004173278809
0.999333 1.00115 0.64338 0.0551768 0.048533 0.00664387 0.000758178 5.5558e-06 1.75717e-05 0.000475027 0 12.49406147003174 16.42177581787109 24.51046752929688
0.999414 1.00113 0.64329 0.0552038 0.0485615 0.00664229 0.000728689 4.28812e-06 1.70037e-05 0.000457556 0 12.49513149261475 16.42485427856445 24.4962158203125
0.999522 1.00123 0.64325 0.0555411 0.0489028 0.00663825 0.000820823 2.85173e-06 2.01478e-05 0.000355387 0 12.49432849884033 16.42514228820801 24.41753005981445
0.999354 1.00123 0.643413 0.055193 0.0485437 0.0066493 0.000646671 5.20992e-06 2.02028e-05 0.000952641 0 12.4942102432251 16.42458343505859 24.40726089477539
0.999348 1.00115 0.643364 0.0551245 0.0484726 0.0066519 0.000762214 5.30976e-06 1.74929e-05 0.000844901 0 12.49500751495361 16.42399597167969 24.46695137023926
0.999376 1.00113 0.643326 0.0552143 0.0485606 0.00665371 0.000760167 4.86249e-06 1.69836e-05 0.000411111 0 12.49592018127441 16.42413902282715 24.51604080200195
0.999391 1.00122 0.643372 0.0550207 0.048361 0.00665975 0.000775198 4.62986e-06 1.99289e-05 0.0013922 0 12.49367427825928 16.4197826385498 24.37162399291992
0.999363 1.00107 0.643304 0.0553829 0.048724 0.00665894 0.000780306 5.07247e-06 1.5394e-05 0.000765591 0 12.49463844299316 16.42159843444824 24.3325252532959
0.999417 1.00127 0.64338 0.0550469 0.0483882 0.00665868 0.000838655 4.24895e-06 2.16579e-05 0.000864091 0 12.49545383453369 16.42283248901367 24.42366218566895
0.999351 1.00121 0.643403 0.0550213 0.0483645 0.00665685 0.000701169 5.2685e-06 1.95196e-05 0.000438735 0 12.49449253082275 16.4211254119873 24.51219367980957
0.99933 1.00123 0.643433 0.0548904 0.0482327 0.00665769 0.000615049 5.61219e-06 2.00352e-05 0.000447207 0 12.49362277984619 16.41657257080078 24.26649284362793
0.999401 1.00119 0.643339 0.0551318 0.0484815 0.00665035 0.00066177 4.48177e-06 1.87608e-05 0.00080205 0 12.4946346282959 16.41693687438965 24.28078651428223
0.999278 1.00122 0.643481 0.0549158 0.0482598 0.00665601 0.000597934 6.52142e-06 1.9897e-05 0.000745272 0 12.49598789215088 16.41808128356934 24.45140838623047
0.999357 1.00129 0.643452 0.0547862 0.0481383 0.00664788 0.000516075 5.17028e-06 2.23703e-05 0.00030452 0 12.49388122558594 16.41466903686523 24.27186965942383
0.999401 1.0013 0.643413 0.0548063 0.0481597 0.00664656 0.000919283 4.47825e-06 2.2578e-05 0.000325631 0 12.49381065368652 16.41378784179688 24.23630714416504
0.99937 1.00126 0.643417 0.0547407 0.0480906 0.00665008 0.000598823 4.95704e-06 2.12229e-05 0.000207408 0 12.49415874481201 16.41311073303223 24.28028678894043
0.999376 1.00135 0.643467 0.054678 0.0480276 0.00665034 0.000616848 4.86018e-06 2.42623e-05 0.000186145 0 12.49435424804688 16.4109935760498 24.18048095703125
0.999325 1.00119 0.643415 0.0545922 0.0479423 0.0066499 0.000589426 5.69841e-06 1.88723e-05 0.000147026 0 12.49399852752686 16.41134071350098 24.36196708679199
0.999341 1.00126 0.643442 0.0546014 0.0479482 0.0066532 0.00051443 5.42828e-06 2.10529e-05 0.000165009 0 12.49467277526855 16.41129684448242 24.1941089630127
0.999324 1.00128 0.643474 0.0546266 0.0479704 0.00665616 0.000509987 5.71693e-06 2.18312e-05 0.00046304 0 12.49385261535645 16.41209411621094 24.18224906921387
0.999302 1.00127 0.643489 0.0546538 0.0479967 0.00665703 0.000491039 6.09207e-06 2.15265e-05 0.00112021 0 12.49358463287354 16.4118480682373 24.11637687683105
0.999329 1.00134 0.643509 0.0547051 0.0480501 0.00665498 0.000461496 5.62165e-06 2.40265e-05 0.000730613 0 12.49447250366211 16.41419219970703 24.24075317382812
0.999278 1.00125 0.643498 0.0546811 0.0480248 0.00665634 0.000512141 6.52249e-06 2.07706e-05 0.00111326 0 12.49292469024658 16.41253852844238 24.1298770904541
0.999296 1.00131 0.643522 0.0544438 0.0477855 0.00665831 0.000475294 6.20238e-06 2.29803e-05 0.000641901 0 12.49391746520996 16.4151496887207 24.06916809082031
0.999284 1.00129 0.643519 0.0544611 0.0478029 0.00665819 0.000435605 6.40338e-06 2.2224e-05 0.000497885 0 12.49448108673096 16.41550064086914 24.07986640930176
0.999306 1.00136 0.643544 0.0542785 0.0476204 0.00665813 0.00048261 6.01273e-06 2.47735e-05 0.000253572 0 12.49408340454102 16.41436576843262 24.04528999328613
0.999233 1.00133 0.643593 0.0542256 0.0475656 0.00666 0.000395109 7.35337e-06 2.35511e-05 9.28717e-05 0 12.49416255950928 16.41425895690918 24.01379585266113
0.999262 1.00131 0.643553 0.0542515 0.0475963 0.00665523 0.000363699 6.81048e-06 2.28721e-05 0.000236912 0 12.49351978302002 16.41452407836914 23.97113609313965
0.999291 1.00131 0.643523 0.0542048 0.0475511 0.00665367 0.000513781 6.29326e-06 2.27558e-05 0.000216447 0 12.49371814727783 16.41336631774902 23.97408866882324
0.999352 1.00131 0.643466 0.0541628 0.0475141 0.00664868 0.000444824 5.25038e-06 2.28615e-05 0.000248192 0 12.49350261688232 16.41238784790039 23.98523330688477
0.999273 1.00126 0.643512 0.054112 0.0474594 0.00665258 0.000697685 6.6094e-06 2.12585e-05 0.000224809 0 12.49324131011963 16.41213035583496 23.99839019775391
0.999366 1.00129 0.643442 0.0541308 0.0474896 0.00664119 0.000910519 5.0319e-06 2.23146e-05 0.000302776 0 12.49357318878174 16.41276931762695 24.02504920959473
0.999288 1.00129 0.643518 0.0540895 0.0474443 0.00664518 0.000839992 6.34498e-06 2.23487e-05 0.000184614 0 12.49292945861816 16.41243171691895 24.01239585876465
0.999307 1.00127 0.643484 0.0542791 0.0476358 0.00664337 0.000709137 5.99949e-06 2.15098e-05 0.000753936 0 12.49316596984863 16.41171073913574 23.89276504516602
0.999424 1.00145 0.643487 0.0545224 0.0478817 0.00664071 0.000574468 4.14663e-06 2.81006e-05 0.000331786 0 12.49301052093506 16.41177940368652 23.90145683288574
0.999292 1.00137 0.643563 0.0539867 0.0473458 0.00664099 0.0004832 6.26594e-06 2.50408e-05 0.000919952 0 12.49329662322998 16.41175270080566 23.8101806640625
0.9993 1.00128 0.643497 0.0543634 0.0477275 0.00663592 0.000688584 6.13164e-06 2.18094e-05 0.000218098 0 12.49236965179443 16.41128730773926 23.78277397155762
0.999233 1.00135 0.643608 0.0539594 0.0473223 0.00663704 0.000453976 7.35803e-06 2.43402e-05 0.000618645 0 12.49273586273193 16.4128589630127 23.79813385009766
0.999337 1.00134 0.643503 0.0541027 0.0474761 0.00662664 0.000437073 5.50063e-06 2.41135e-05 0.000228882 0 12.49309062957764 16.41331672668457 23.77556610107422
0.999283 1.00129 0.643521 0.0540129 0.047388 0.00662487 0.00040776 6.41999e-06 2.22666e-05 0.000319251 0 12.49386119842529 16.41487693786621 23.75705528259277
0.999336 1.00136 0.643516 0.053933 0.0473127 0.00662037 0.000397706 5.50628e-06 2.48131e-05 0.000204356 0 12.4928731918335 16.41372489929199 23.72969055175781
0.999317 1.00132 0.64351 0.0538606 0.0472429 0.00661776 0.000367318 5.83541e-06 2.34125e-05 0.000386611 0 12.49403190612793 16.41741943359375 23.74477195739746
0.999327 1.00125 0.643454 0.0539593 0.0473476 0.00661171 0.000613254 5.67006e-06 2.09505e-05 0.000172343 0 12.4930591583252 16.41622161865234 23.72213745117188
0.999202 1.00139 0.643664 0.0537725 0.0471476 0.00662499 0.000474216 7.96361e-06 2.58303e-05 0.000308786 0 12.49329948425293 16.41680908203125 23.81787300109863
0.999277 1.00135 0.643565 0.0537147 0.0470996 0.00661512 0.000407469 6.53548e-06 2.43518e-05 7.42683e-05 0 12.49475479125977 16.41744613647461 23.94083786010742
0.999286 1.0013 0.643521 0.0536873 0.0470785 0.00660874 0.000446153 6.36822e-06 2.24204e-05 5.62003e-05 0 12.49311351776123 16.41765213012695 23.67285537719727
0.999271 1.00129 0.643533 0.0536973 0.0470926 0.00660465 0.000472752 6.63827e-06 2.23014e-05 0.000111551 0 12.49320411682129 16.41937446594238 23.86374664306641
0.999321 1.00131 0.643496 0.0536577 0.0470614 0.00659625 0.00162214 5.77133e-06 2.28547e-05 0.000903039 0 12.492356300354 16.41914176940918 23.66115379333496
0.999301 1.0013 0.64351 0.0536795 0.0470828 0.00659664 0.00113745 6.11551e-06 2.25896e-05 0.000376314 0 12.49368095397949 16.4224739074707 23.73805236816406
0.999264 1.00131 0.643553 0.0537803 0.0471824 0.0065979 0.000813716 6.78053e-06 2.29705e-05 0.000396863 0 12.49300670623779 16.4232063293457 23.69401931762695
0.999317 1.00128 0.643481 0.0538408 0.0472509 0.00658986 0.000899285 5.83619e-06 2.18571e-05 0.000537869 0 12.49366188049316 16.42463874816895 23.6563549041748
0.999416 1.00133 0.643416 0.0538108 0.0472306 0.00658024 0.000939336 4.26734e-06 2.34913e-05 0.000405945 0 12.49342155456543 16.42557525634766 23.6214427947998
0.999196 1.00125 0.643581 0.0536872 0.0470935 0.00659368 0.000816171 8.08549e-06 2.09742e-05 0.000388957 0 12.49354076385498 16.42763328552246 23.67382049560547
0.999328 1.00139 0.643542 0.053694 0.0471105 0.00658359 0.000841533 5.63877e-06 2.58714e-05 0.000204431 0 12.49198627471924 16.42335319519043 23.57378196716309
0.999211 1.00132 0.643606 0.0536286 0.0470401 0.00658847 0.000688005 7.77717e-06 2.31105e-05 0.000630108 0 12.49291801452637 16.42657089233398 23.54978561401367
0.999259 1.00124 0.643514 0.0540444 0.0474631 0.00658129 0.000795012 6.87294e-06 2.06474e-05 0.000602335 0 12.4930419921875 16.42873954772949 23.53925132751465
0.999279 1.00142 0.643605 0.0537293 0.0471502 0.00657907 0.00132175 6.50559e-06 2.67449e-05 0.0010438 0 12.49284744262695 16.43018531799316 23.54633140563965
0.999204 1.00135 0.643638 0.0540127 0.0474291 0.00658362 0.000951427 7.92688e-06 2.44804e-05 0.000628157 0 12.49346542358398 16.43296432495117 23.53070640563965
0.999159 1.00135 0.64368 0.0536789 0.0470977 0.00658118 0.000784736 8.83881e-06 2.43822e-05 0.000612537 0 12.49320697784424 16.4328670501709 23.54141235351562
0.999215 1.00137 0.643638 0.0535437 0.046969 0.00657467 0.000768044 7.70634e-06 2.50762e-05 0.000318868 0 12.49275398254395 16.43252182006836 23.59117698669434
0.999242 1.0014 0.643631 0.0534776 0.0469084 0.00656921 0.00087809 7.18137e-06 2.61899e-05 0.000341619 0 12.49342060089111 16.43515396118164 23.62544250488281
0.999197 1.00131 0.643617 0.0535133 0.0469487 0.00656466 0.000855567 8.07013e-06 2.29374e-05 0.00111148 0 12.49466419219971 16.43825149536133 23.61532020568848
0.999148 1.00135 0.643686 0.0535135 0.0469481 0.00656535 0.00124712 9.08136e-06 2.41519e-05 0.000685553 0 12.49191570281982 16.43412017822266 23.54675483703613
0.999299 1.00138 0.643564 0.0534917 0.0469412 0.00655044 0.000860881 6.13838e-06 2.55023e-05 0.000255568 0 12.49355888366699 16.43729400634766 23.55523109436035
0.999266 1.00131 0.643547 0.0534286 0.0468863 0.00654223 0.00120816 6.72848e-06 2.27649e-05 0.000324016 0 12.49210357666016 16.43587875366211 23.52003860473633
0.999204 1.00134 0.643626 0.0534968 0.0469547 0.00654209 0.000716104 7.92074e-06 2.38043e-05 0.000367022 0 12.49268341064453 16.43824005126953 23.73154640197754
0.999228 1.0014 0.643645 0.0535218 0.0469851 0.00653673 0.000647376 7.44784e-06 2.62334e-05 0.000822164 0 12.49293899536133 16.43895721435547 23.57511711120605
0.9991 1.00136 0.643738 0.0534576 0.0469227 0.00653488 0.000850304 1.0116e-05 2.45082e-05 0.000509761 0 12.49200534820557 16.43758010864258 23.71455001831055
0.999151 1.00133 0.643672 0.0533762 0.0468525 0.00652362 0.000801351 9.01625e-06 2.352e-05 0.000390654 0 12.49144554138184 16.43850708007812 23.54886245727539
0.999225 1.00138 0.643634 0.0534586 0.0469441 0.0065145 0.000631772 7.50979e-06 2.54263e-05 0.00042333 0 12.49214744567871 16.44063377380371 23.48452377319336
0.99924 1.00132 0.643579 0.0537237 0.0472171 0.00650654 0.000726196 7.21401e-06 2.3149e-05 0.000397135 0 12.49248886108398 16.44245147705078 23.45421600341797
0.999153 1.00126 0.643628 0.0533288 0.0468258 0.00650303 0.000623096 8.96808e-06 2.12702e-05 0.00101082 0 12.49191665649414 16.44412612915039 23.47435760498047
0.999252 1.00126 0.643534 0.0533255 0.0468366 0.00648888 0.000554693 7.0036e-06 2.13064e-05 0.000196671 0 12.49130344390869 16.4439868927002 23.47406578063965
0.99931 1.00135 0.643531 0.0532916 0.0468105 0.00648108 0.000560785 5.94368e-06 2.4264e-05 0.000318995 0 12.49319934844971 16.44879341125488 23.47059631347656
0.999241 1.00135 0.6436 0.0531804 0.0467 0.00648038 0.000592979 7.19805e-06 2.43582e-05 0.000297387 0 12.49277973175049 16.45170211791992 23.44318008422852
0.999265 1.00135 0.643575 0.0532422 0.0467692 0.00647297 0.000506217 6.75338e-06 2.42334e-05 0.000127191 0 12.49200916290283 16.45189666748047 23.47736549377441
0.999286 1.00131 0.643528 0.0532613 0.0467956 0.00646565 0.00047751 6.37532e-06 2.27667e-05 0.000186718 0 12.49230861663818 16.45369529724121 23.49252319335938
0.999296 1.00133 0.643533 0.0532218 0.0467544 0.00646744 0.000768401 6.20396e-06 2.35393e-05 0.00033454 0 12.49071407318115 16.45462226867676 23.46133422851562
0.999229 1.00143 0.643663 0.0531545 0.0466858 0.00646873 0.000635174 7.42712e-06 2.7356e-05 0.00026973 0 12.49133777618408 16.45839500427246 23.42627143859863
0.999291 1.00143 0.643603 0.0532139 0.046755 0.00645887 0.000563884 6.28091e-06 2.7338e-05 0.000235951 0 12.49227237701416 16.46139907836914 23.47206115722656
0.999307 1.0013 0.643504 0.0531467 0.0466972 0.0064495 0.000502855 6.00206e-06 2.25907e-05 0.000250485 0 12.49246311187744 16.46411323547363 23.60855484008789
0.999266 1.00128 0.643533 0.0530778 0.04663 0.00644784 0.000459229 6.73758e-06 2.20131e-05 0.000240962 0 12.49136257171631 16.46552085876465 23.41289901733398
0.999271 1.00136 0.64358 0.0530194 0.0465747 0.00644473 0.000432849 6.6442e-06 2.48512e-05 5.99121e-05 0 12.49260139465332 16.47020149230957 23.41828918457031
0.999293 1.00135 0.643549 0.0529902 0.0465522 0.00643798 0.000408996 6.25109e-06 2.43151e-05 4.2683e-05 0 12.49334239959717 16.47278213500977 23.40523147583008
0.999281 1.00134 0.643553 0.0530567 0.0466211 0.00643562 0.000631931 6.46828e-06 2.38774e-05 0.000850831 0 12.49247455596924 16.47317886352539 23.34997749328613
0.999261 1.00134 0.643576 0.0530785 0.0466466 0.00643183 0.000499731 6.82319e-06 2.41099e-05 0.000453364 0 12.49277210235596 16.47570610046387 23.38460350036621
0.999196 1.00128 0.643595 0.0530269 0.0465971 0.00642978 0.000566237 8.07977e-06 2.17394e-05 0.000385554 0 12.49303913116455 16.47818374633789 23.39780235290527
0.999333 1.00131 0.643484 0.0531546 0.046738 0.00641658 0.000515396 5.5666e-06 2.28442e-05 0.000227795 0 12.49315452575684 16.47755241394043 23.37720489501953
0.999302 1.00134 0.643532 0.0530535 0.0466396 0.00641392 0.000512406 6.08645e-06 2.38759e-05 0.000526181 0 12.49232387542725 16.47726058959961 23.34290504455566
0.99926 1.00133 0.643569 0.0530979 0.0466869 0.00641093 0.000553301 6.84701e-06 2.36664e-05 0.000667216 0 12.49309539794922 16.48052978515625 23.37750434875488
0.999276 1.0013 0.643535 0.0530689 0.0466672 0.00640164 0.000498591 6.54961e-06 2.2666e-05 0.00039886 0 12.49329948425293 16.48375511169434 23.34859657287598
0.999383 1.00116 0.64334 0.0533048 0.0469127 0.00639211 0.00079257 4.75965e-06 1.79638e-05 0.00055147 0 12.49277877807617 16.48443603515625 23.31500434875488
0.99931 1.00124 0.64346 0.053084 0.046695 0.00638899 0.000698593 5.94926e-06 2.04065e-05 0.000927858 0 12.49284744262695 16.48549842834473 23.28733825683594
0.999289 1.00119 0.643447 0.0533065 0.046918 0.00638855 0.000758594 6.31214e-06 1.87445e-05 0.000863008 0 12.49311351776123 16.4878044128418 23.27609252929688
0.999263 1.00131 0.643552 0.0533852 0.046993 0.00639222 0.000605937 6.79719e-06 2.28525e-05 0.000296173 0 12.49295902252197 16.4886474609375 23.31056213378906
0.999244 1.00131 0.643572 0.0531588 0.0467698 0.00638902 0.000736839 7.13856e-06 2.29856e-05 0.000443764 0 12.49273204803467 16.49002265930176 23.32331085205078
0.99917 1.00131 0.643643 0.0530497 0.0466606 0.00638917 0.000613557 8.61141e-06 2.29241e-05 0.000562065 0 12.49190521240234 16.49087715148926 23.29855155944824
0.999249 1.00132 0.643574 0.0531145 0.0467385 0.00637594 0.000560438 7.04552e-06 2.33327e-05 0.000176661 0 12.49362087249756 16.49517440795898 23.36900329589844
0.999347 1.00137 0.643513 0.0532469 0.0468826 0.00636432 0.000529614 5.32819e-06 2.52214e-05 0.00043539 0 12.49323749542236 16.49616241455078 23.31978988647461
0.999276 1.00132 0.643544 0.0530446 0.0466833 0.00636131 0.000484244 6.54681e-06 2.31242e-05 0.00046167 0 12.49270915985107 16.49731063842773 23.34346961975098
0.999238 1.00128 0.643554 0.0530983 0.0467402 0.00635808 0.000489875 7.25012e-06 2.17106e-05 0.000580339 0 12.49291038513184 16.50052261352539 23.33359336853027
0.999317 1.00133 0.64351 0.0530967 0.0467473 0.00634936 0.000452166 5.83967e-06 2.34347e-05 0.00046436 0 12.49423789978027 16.50360679626465 23.45633888244629
0.999346 1.00141 0.643539 0.0529767 0.0466322 0.00634453 0.000426187 5.34555e-06 2.66664e-05 0.000668202 0 12.49333381652832 16.50485420227051 23.34750175476074
0.999236 1.00126 0.643545 0.0529614 0.0466176 0.00634382 0.000409201 7.28809e-06 2.11276e-05 0.000666053 0 12.49308109283447 16.50506019592285 23.458984375
0.999295 1.0013 0.643517 0.0530117 0.0466753 0.00633646 0.000511625 6.21848e-06 2.2636e-05 0.000588787 0 12.49274730682373 16.50383377075195 23.49649429321289
0.999429 1.00133 0.643408 0.0534301 0.0471037 0.00632637 0.000852527 4.07213e-06 2.3765e-05 0.000407436 0 12.49250793457031 16.5049877166748 23.38488006591797
0.999297 1.00129 0.643507 0.0533811 0.0470482 0.00633296 0.000574796 6.17421e-06 2.22376e-05 0.000900102 0 12.49159145355225 16.50511360168457 23.33028411865234
0.999343 1.00138 0.643519 0.0531888 0.0468632 0.00632553 0.000577656 5.39732e-06 2.53573e-05 0.000966579 0 12.4925708770752 16.50955581665039 23.36927604675293
0.999261 1.00132 0.643559 0.0529579 0.0466343 0.00632365 0.000771299 6.83022e-06 2.31222e-05 0.000828332 0 12.49379730224609 16.5134162902832 23.44130325317383
0.999315 1.00136 0.643532 0.0530054 0.0466888 0.00631665 0.000829527 5.87463e-06 2.45364e-05 0.0004612 0 12.49290657043457 16.51461982727051 23.34167289733887
0.999341 1.00132 0.643486 0.0530353 0.0467243 0.00631095 0.000617774 5.43382e-06 2.33994e-05 0.000274707 0 12.4924430847168 16.51583862304688 23.37009429931641
0.999273 1.00132 0.643547 0.0529458 0.0466337 0.00631208 0.000590467 6.61168e-06 2.311e-05 0.000400037 0 12.4934196472168 16.51872444152832 23.37364196777344
