A/A0 V/V0 Vr eb eb_bend eb_ad ea ega ev ek ee  h0 h1 h2
1 1.00092 0.642589 0.109093 0.0496849 0.0594082 0.000367957 0 1.12357e-05 4.40827e-09 0 12.5019588470459 7.345518589019775 24.84242057800293
1.00106 1.00079 0.641485 0.10858 0.0496497 0.0589302 0.000369539 1.40838e-05 8.31005e-06 5.15077e-05 0 12.50400543212891 7.350051403045654 24.80956649780273
1.00159 1.00079 0.640974 0.108209 0.0496689 0.05854 0.000411011 3.16531e-05 8.22254e-06 2.60546e-06 0 12.50560569763184 7.354342460632324 24.80972099304199
1.00147 1.00092 0.641175 0.107934 0.0496672 0.058267 0.000422554 2.70025e-05 1.12311e-05 2.79388e-06 0 12.50659465789795 7.35820198059082 24.81678199768066
1.00149 1.00081 0.641086 0.107663 0.0496632 0.0579995 0.000574349 2.77632e-05 8.74425e-06 3.36304e-06 0 12.50735092163086 7.361884117126465 24.8171558380127
1.00154 1.00078 0.64102 0.107409 0.0496674 0.0577415 0.000543261 2.9503e-05 8.0321e-06 3.46073e-06 0 12.50807285308838 7.365508079528809 24.81088256835938
1.00155 1.00073 0.640977 0.107167 0.0496688 0.0574986 0.000528667 3.01621e-05 7.19333e-06 4.95936e-06 0 12.5088357925415 7.369130611419678 24.80963325500488
1.00158 1.0007 0.640928 0.106939 0.0496745 0.0572649 0.000552489 3.12763e-05 6.53911e-06 3.39034e-06 0 12.50966835021973 7.372765064239502 24.81188201904297
1.0016 1.00067 0.640893 0.106717 0.0496772 0.05704 0.000554672 3.19565e-05 6.00199e-06 2.93828e-06 0 12.51058959960938 7.376448631286621 24.81974220275879
1.00163 1.00063 0.640837 0.106497 0.0496773 0.0568194 0.000563527 3.30961e-05 5.22846e-06 2.46368e-06 0 12.51156139373779 7.380165576934814 24.81625938415527
1.00165 1.00059 0.640793 0.1063 0.0496954 0.0566043 0.000576814 3.41149e-05 4.71056e-06 2.29445e-06 0 12.51258945465088 7.383899688720703 24.8214168548584
1.00168 1.00056 0.64075 0.106099 0.0497046 0.0563946 0.000591544 3.50778e-05 4.20429e-06 1.75043e-06 0 12.51522827148438 7.393250465393066 24.82486343383789
1.00168 1.00044 0.640673 0.105865 0.0497109 0.0561543 0.000670114 3.5139e-05 2.62025e-06 2.8371e-06 0 12.52185344696045 7.434703826904297 24.83446502685547
1.00173 1.00048 0.640648 0.105634 0.0496999 0.0559342 0.000661722 3.72386e-05 3.06444e-06 1.36804e-06 0 12.52033805847168 7.467117309570312 24.83359146118164
1.00175 1.00046 0.640613 0.105462 0.0497244 0.0557374 0.000669045 3.83406e-05 2.84606e-06 1.28335e-06 0 12.52058506011963 7.498014450073242 24.83158302307129
1.00176 1.00039 0.640558 0.105271 0.0497284 0.0555424 0.000755403 3.8747e-05 2.02379e-06 2.43871e-06 0 12.52116298675537 7.527709484100342 24.83373260498047
1.00176 1.00045 0.640596 0.105094 0.0497339 0.0553599 0.00073297 3.8686e-05 2.66636e-06 1.40852e-06 0 12.52138137817383 7.555903434753418 24.83440780639648
1.00177 1.00041 0.640567 0.104925 0.049744 0.055181 0.000733055 3.90159e-05 2.27472e-06 1.22985e-06 0 12.52172756195068 7.583002090454102 24.83725738525391
1.00179 1.00038 0.640526 0.104755 0.0497508 0.0550041 0.000867244 3.99668e-05 1.94301e-06 1.83183e-06 0 12.52194499969482 7.609210014343262 24.83860397338867
1.00179 1.00038 0.640517 0.104584 0.0497519 0.0548322 0.000840591 4.02468e-05 1.89353e-06 1.74988e-06 0 12.52229881286621 7.634895801544189 24.83865356445312
1.00181 1.00035 0.64049 0.104426 0.0497625 0.0546631 0.000825646 4.07381e-05 1.63268e-06 7.91234e-07 0 12.52260589599609 7.65999698638916 24.84768104553223
1.00182 1.00033 0.640461 0.104264 0.0497676 0.0544965 0.000824912 4.14951e-05 1.44924e-06 1.17482e-06 0 12.52290439605713 7.684517383575439 24.85227966308594
1.00184 1.00031 0.640434 0.104108 0.0497749 0.0543334 0.000831936 4.21068e-05 1.26975e-06 6.5139e-07 0 12.52291774749756 7.712850093841553 24.85542106628418
1.00184 1.00029 0.640415 0.103941 0.049802 0.0541386 0.000988558 4.2545e-05 1.13954e-06 2.73235e-06 0 12.52353858947754 7.738527774810791 24.84993362426758
1.00185 1.00027 0.6404 0.103775 0.0498045 0.0539703 0.00105468 4.25762e-05 9.71321e-07 2.62297e-06 0 12.5238618850708 7.761667728424072 24.86221504211426
1.00186 1.00025 0.640372 0.103625 0.0498087 0.0538159 0.00102476 4.3461e-05 8.64446e-07 9.49593e-07 0 12.5239725112915 7.784743785858154 24.86422348022461
1.00187 1.00026 0.640371 0.103455 0.0498258 0.0536295 0.00106943 4.35648e-05 8.83708e-07 1.00274e-06 0 12.52395915985107 7.806417465209961 24.86695671081543
1.00188 1.00024 0.640347 0.10327 0.0498234 0.0534467 0.00116269 4.40469e-05 7.3854e-07 1.97412e-06 0 12.52405166625977 7.827667236328125 24.87199020385742
1.00183 1.00027 0.640416 0.103144 0.0498626 0.0532812 0.00151673 4.17587e-05 9.67153e-07 1.68184e-06 0 12.52431392669678 7.848609924316406 24.87540435791016
1.00182 1.00023 0.640405 0.102994 0.0498616 0.0531322 0.0013523 4.12789e-05 7.36411e-07 2.5828e-06 0 12.52438926696777 7.869101047515869 24.87596702575684
1.00185 1.00021 0.640358 0.102847 0.0498638 0.0529833 0.0012819 4.26828e-05 5.79878e-07 3.91399e-06 0 12.52452278137207 7.88923978805542 24.8812427520752
1.00186 1.00021 0.640349 0.102714 0.0498748 0.0528395 0.00123785 4.30543e-05 5.69542e-07 1.0816e-06 0 12.52473831176758 7.909081935882568 24.88382911682129
1.00186 1.00019 0.640331 0.102571 0.049873 0.0526984 0.00121831 4.33976e-05 4.75042e-07 1.21627e-06 0 12.52490520477295 7.928564071655273 24.88745307922363
1.00187 1.00017 0.640315 0.102443 0.0498835 0.0525599 0.00120907 4.36689e-05 3.95478e-07 3.4842e-06 0 12.52502346038818 7.951900482177734 24.90098571777344
1.00187 1.00016 0.640306 0.102313 0.0498892 0.0524241 0.00120266 4.38331e-05 3.58099e-07 1.46892e-06 0 12.52502632141113 7.97214412689209 24.90226554870605
1.00188 1.00016 0.640297 0.102184 0.0498935 0.0522905 0.00120056 4.40217e-05 3.26205e-07 1.54325e-06 0 12.52527236938477 7.990637302398682 24.90437507629395
1.00188 1.00015 0.640289 0.102059 0.0498994 0.0521592 0.00120155 4.41874e-05 2.94326e-07 9.30978e-07 0 12.52529144287109 8.013123512268066 24.91287231445312
1.00188 1.00014 0.640281 0.101936 0.0499059 0.0520301 0.00120463 4.43785e-05 2.72374e-07 1.35866e-06 0 12.52542686462402 8.035153388977051 24.91170501708984
1.00189 1.00012 0.640266 0.101819 0.0499139 0.0519047 0.00129294 4.4515e-05 2.0358e-07 2.55333e-06 0 12.52481365203857 8.055524826049805 24.93129730224609
1.00189 1.00012 0.640258 0.101701 0.0499204 0.0517809 0.0012724 4.47235e-05 1.84007e-07 6.07606e-07 0 12.52467060089111 8.073663711547852 24.93082237243652
1.00188 1.00012 0.640267 0.101578 0.0499332 0.051645 0.00144078 4.43882e-05 1.96733e-07 1.25466e-06 0 12.52505588531494 8.091562271118164 24.93191719055176
1.00189 1.0001 0.640253 0.101462 0.0499386 0.0515236 0.00138596 4.44752e-05 1.38678e-07 3.03239e-06 0 12.52516174316406 8.108987808227539 24.93740844726562
1.00189 1.00011 0.640256 0.101351 0.0499443 0.0514063 0.00136329 4.44706e-05 1.49213e-07 1.07065e-06 0 12.52525424957275 8.126127243041992 24.93651580810547
1.00188 1.0001 0.640254 0.101244 0.0499524 0.0512911 0.00135197 4.4332e-05 1.28021e-07 2.13938e-06 0 12.5253324508667 8.142982482910156 24.94177436828613
1.00188 1.0001 0.640258 0.10114 0.0499654 0.0511751 0.00170304 4.42785e-05 1.43647e-07 1.2826e-06 0 12.52537441253662 8.159551620483398 24.94459533691406
1.00185 1.00015 0.640315 0.101032 0.0499685 0.0510637 0.00168118 4.28199e-05 2.8164e-07 1.08203e-06 0 12.52542495727539 8.17585563659668 24.94673347473145
1.00183 1.00016 0.640347 0.100933 0.049974 0.0509587 0.00157989 4.16899e-05 3.33442e-07 1.28416e-05 0 12.525465965271 8.191906929016113 24.94968605041504
1.00183 1.00013 0.64033 0.100829 0.0499767 0.050852 0.00153767 4.17271e-05 2.37253e-07 7.13716e-06 0 12.52551555633545 8.207715034484863 24.95293807983398
1.00183 1.00014 0.640331 0.100738 0.0499926 0.0507455 0.00151252 4.189e-05 2.6417e-07 1.85026e-06 0 12.52554512023926 8.223088264465332 24.95697784423828
1.00183 1.00013 0.640327 0.100625 0.0499844 0.0506403 0.00150186 4.18928e-05 2.40301e-07 1.26723e-05 0 12.52560901641846 8.238259315490723 24.96022796630859
1.00183 1.00011 0.640309 0.10053 0.0499946 0.0505356 0.0015021 4.19453e-05 1.5337e-07 1.54072e-06 0 12.52551937103271 8.255035400390625 24.96658134460449
1.00183 1.0001 0.640303 0.100431 0.0499986 0.050432 0.00150201 4.20176e-05 1.36383e-07 1.57408e-06 0 12.52553749084473 8.269986152648926 24.96930694580078
1.00184 1.00011 0.640305 0.100322 0.0499928 0.0503294 0.0015042 4.21367e-05 1.53667e-07 1.81611e-06 0 12.52554035186768 8.284450531005859 24.97216606140137
1.00184 1.0001 0.640298 0.100227 0.0499994 0.0502278 0.00150795 4.22714e-05 1.37669e-07 1.22104e-06 0 12.52550220489502 8.298686027526855 24.97622489929199
1.00184 1.0001 0.640299 0.100137 0.0500092 0.050128 0.00151299 4.21102e-05 1.26451e-07 2.16676e-06 0 12.52548694610596 8.31303882598877 24.98270988464355
1.00183 1.00009 0.640298 0.100035 0.0500054 0.0500294 0.00154735 4.19316e-05 1.09422e-07 6.37231e-07 0 12.52509689331055 8.327019691467285 24.98423767089844
1.00183 1.00008 0.640292 0.0999391 0.0500084 0.0499307 0.0015455 4.20357e-05 9.43115e-08 5.52237e-07 0 12.5247859954834 8.340176582336426 24.98698616027832
1.00184 1.00008 0.640289 0.0998578 0.0500249 0.0498329 0.00154894 4.21107e-05 8.84137e-08 1.20808e-06 0 12.52479362487793 8.35340690612793 24.98833465576172
1.00184 1.00007 0.640283 0.0997519 0.050016 0.0497359 0.00155338 4.21902e-05 7.42254e-08 1.11974e-06 0 12.52484703063965 8.366601943969727 24.99631118774414
1.00184 1.00007 0.640278 0.0996601 0.0500202 0.0496399 0.00155988 4.2258e-05 6.51836e-08 6.8629e-07 0 12.52484798431396 8.379683494567871 24.99220085144043
1.00184 1.00008 0.640281 0.099593 0.0500484 0.0495447 0.00201084 4.23169e-05 7.70243e-08 2.83159e-06 0 12.52485370635986 8.392693519592285 24.99725723266602
1.00183 1 0.640248 0.0994706 0.0500355 0.0494351 0.001844 4.16479e-05 6.90871e-11 1.85898e-06 0 12.52488136291504 8.405585289001465 24.99930381774902
1.00182 1.00007 0.640295 0.0993671 0.0500296 0.0493375 0.00176994 4.13845e-05 5.98166e-08 1.70635e-06 0 12.52491092681885 8.418361663818359 24.99643325805664
1.00183 1.00004 0.640273 0.099274 0.050034 0.04924 0.00181357 4.17374e-05 2.55893e-08 1.73728e-06 0 12.5249490737915 8.431010246276855 24.99969673156738
1.00183 1.00005 0.640281 0.0991864 0.0500375 0.0491489 0.00177612 4.16633e-05 3.91373e-08 1.63446e-06 0 12.52490043640137 8.44350528717041 25.00459480285645
1.00183 1.00005 0.640277 0.0991142 0.0500553 0.0490589 0.00178659 4.17939e-05 3.60374e-08 3.18003e-06 0 12.52485752105713 8.455862998962402 25.00270843505859
1.00182 1.00006 0.640282 0.0990011 0.0500435 0.0489577 0.00179306 4.16375e-05 4.13997e-08 3.44883e-06 0 12.52488994598389 8.468194007873535 25.00420570373535
1.00183 1.00004 0.640266 0.0989193 0.0500509 0.0488684 0.00177633 4.18789e-05 1.9823e-08 3.39347e-06 0 12.52490234375 8.480440139770508 25.0124568939209
1.00183 1.00004 0.640268 0.0988431 0.0500626 0.0487805 0.00177978 4.17829e-05 2.0311e-08 1.51445e-06 0 12.52492713928223 8.492587089538574 25.00798797607422
1.00183 1.00003 0.640263 0.0987458 0.0500528 0.0486929 0.00177783 4.17723e-05 1.21971e-08 1.69962e-06 0 12.52494335174561 8.504634857177734 25.01010322570801
1.00183 0.999992 0.640241 0.0986684 0.0500698 0.0485985 0.00199623 4.16743e-05 7.97946e-10 1.64933e-06 0 12.52496719360352 8.51658821105957 25.02419090270996
1.0018 1.00005 0.640301 0.0985866 0.0500774 0.0485092 0.00190418 4.05427e-05 3.1153e-08 2.13406e-06 0 12.52477741241455 8.530462265014648 25.01775932312012
1.00181 1.00003 0.640283 0.098485 0.0500658 0.0484191 0.00183423 4.09605e-05 1.61495e-08 3.28448e-06 0 12.52470302581787 8.542781829833984 25.01478576660156
1.00181 1.00004 0.640286 0.0984131 0.0500825 0.0483306 0.00180206 4.09169e-05 1.95023e-08 2.57334e-06 0 12.52480506896973 8.555011749267578 25.01701164245605
1.00176 1.00007 0.640356 0.0983388 0.0501022 0.0482366 0.00222104 3.85881e-05 6.48794e-08 4.51341e-06 0 12.52478981018066 8.566518783569336 25.01873397827148
1.00178 1.00004 0.640313 0.0982426 0.0500928 0.0481498 0.00208912 3.95667e-05 1.66991e-08 3.70406e-06 0 12.52481842041016 8.577866554260254 25.02765274047852
1.00177 1.00006 0.640341 0.0981539 0.0500978 0.0480561 0.00204883 3.8986e-05 4.53959e-08 4.09022e-06 0 12.5247745513916 8.59068775177002 25.02173233032227
1.00167 1.00008 0.640446 0.0980645 0.0501444 0.0479201 0.00251095 3.496e-05 9.21916e-08 2.41439e-06 0 12.52485179901123 8.601936340332031 25.02542686462402
1.00172 1.00003 0.640364 0.0979535 0.050142 0.0478115 0.0023176 3.71812e-05 1.50124e-08 2.92252e-06 0 12.524827003479 8.613085746765137 25.03128623962402
1.00174 1.00004 0.64036 0.0978654 0.0501454 0.0477201 0.00220384 3.76363e-05 2.35385e-08 2.89895e-06 0 12.52481079101562 8.624186515808105 25.02640342712402
1.00174 1.00004 0.640358 0.0977553 0.0501249 0.0476304 0.00211412 3.77218e-05 2.34081e-08 2.35577e-06 0 12.52478408813477 8.636176109313965 25.03491592407227
1.00173 1.00004 0.640358 0.0976635 0.0501236 0.0475399 0.00210055 3.76335e-05 1.98597e-08 2.74343e-06 0 12.52446937561035 8.647665023803711 25.0387077331543
1.00173 1.00004 0.640362 0.0975772 0.0501285 0.0474487 0.00206176 3.75832e-05 2.57555e-08 2.24181e-06 0 12.52457332611084 8.659062385559082 25.03292655944824
1.00174 1.00004 0.640354 0.0974812 0.0501264 0.0473547 0.0020096 3.79734e-05 2.69713e-08 3.36832e-06 0 12.52457809448242 8.670329093933105 25.0412425994873
1.00173 1.00005 0.640369 0.097396 0.0501319 0.0472642 0.00199144 3.74272e-05 3.23471e-08 2.25879e-06 0 12.52392482757568 8.682624816894531 25.05109786987305
1.00173 1.00004 0.640366 0.0973043 0.0501312 0.0471731 0.00194832 3.73613e-05 2.4627e-08 1.34863e-06 0 12.52420139312744 8.693545341491699 25.0463981628418
1.0017 1.00006 0.6404 0.0972263 0.0501423 0.0470839 0.00229771 3.62502e-05 4.20484e-08 3.10551e-06 0 12.52404022216797 8.705573081970215 25.04890632629395
1.00171 1.00004 0.640381 0.0971346 0.0501424 0.0469922 0.00237653 3.66367e-05 2.17825e-08 4.4063e-06 0 12.52287006378174 8.72352123260498 25.07222557067871
1.00169 1.00008 0.640422 0.0970537 0.0501479 0.0469058 0.00213795 3.58188e-05 7.70382e-08 2.08596e-06 0 12.52351760864258 8.737086296081543 25.07097625732422
1.00169 1.00007 0.640419 0.0969731 0.0501528 0.0468203 0.00204767 3.581e-05 6.56734e-08 4.08092e-06 0 12.52365684509277 8.748724937438965 25.07268333435059
1.00169 1.00007 0.640418 0.0968799 0.0501457 0.0467342 0.00200488 3.5853e-05 6.76503e-08 3.14276e-06 0 12.52367877960205 8.760200500488281 25.06246757507324
1.00169 1.00006 0.640411 0.0967876 0.0501393 0.0466483 0.00199945 3.59105e-05 5.05911e-08 2.15459e-06 0 12.52365207672119 8.771820068359375 25.06179428100586
1.00169 1.00006 0.64041 0.0967287 0.0501663 0.0465625 0.00196731 3.58919e-05 4.85514e-08 2.23162e-06 0 12.52363300323486 8.783535957336426 25.06427574157715
1.0017 1.00006 0.640408 0.0966196 0.0501428 0.0464768 0.00193507 3.59293e-05 4.37057e-08 1.71905e-06 0 12.52374935150146 8.795557975769043 25.06320953369141
1.00169 1.00006 0.64041 0.0965351 0.0501437 0.0463913 0.00191605 3.58679e-05 4.58426e-08 3.34964e-06 0 12.52358531951904 8.807285308837891 25.06593132019043
1.0017 1.00004 0.640389 0.0964448 0.0501377 0.046307 0.00216859 3.62455e-05 2.10832e-08 1.58345e-06 0 12.52357006072998 8.819014549255371 25.06557464599609
1.00172 1.00004 0.640375 0.0963721 0.0501497 0.0462224 0.00204902 3.67753e-05 1.68826e-08 1.65315e-06 0 12.52325057983398 8.830659866333008 25.07115936279297
1.00171 1.00004 0.640378 0.0962812 0.050142 0.0461392 0.00200137 3.67481e-05 2.15869e-08 5.43187e-06 0 12.5233678817749 8.842453002929688 25.07122993469238
1.00171 0.999996 0.640353 0.0962091 0.0501552 0.0460539 0.00260889 3.66182e-05 1.78566e-10 2.99987e-06 0 12.52312183380127 8.853718757629395 25.07395553588867
1.00168 1.00004 0.640415 0.0961286 0.050154 0.0459746 0.00236457 3.51426e-05 2.16798e-08 2.77569e-06 0 12.52312469482422 8.864775657653809 25.0764102935791
1.00169 1.00003 0.640395 0.0960533 0.0501611 0.0458922 0.00223455 3.5728e-05 1.23119e-08 2.56217e-06 0 12.5231351852417 8.87589168548584 25.0728645324707
1.00161 1.00006 0.640497 0.095987 0.0501924 0.0457946 0.00268865 3.2223e-05 5.16326e-08 1.13889e-05 0 12.52314567565918 8.887012481689453 25.06964111328125
1.00161 0.999979 0.640444 0.0959066 0.0501919 0.0457148 0.00237956 3.22349e-05 5.66739e-09 2.82785e-06 0 12.52314376831055 8.898138046264648 25.08314514160156
1.00167 1.00002 0.640406 0.0958219 0.0501946 0.0456274 0.00223528 3.50007e-05 6.24265e-09 2.29525e-06 0 12.52315330505371 8.909242630004883 25.07138824462891
1.00167 1 0.640392 0.0957449 0.0501982 0.0455467 0.00241278 3.50734e-05 5.64334e-11 4.93952e-06 0 12.52313327789307 8.920358657836914 25.07187652587891
1.00167 1.00001 0.640403 0.0956355 0.0501686 0.045467 0.0023273 3.4905e-05 2.28615e-09 3.57697e-06 0 12.5232458114624 8.931252479553223 25.06885147094727
1.00166 1.00002 0.640416 0.0955502 0.0501623 0.0453879 0.00223888 3.45407e-05 6.07194e-09 3.03265e-06 0 12.52340793609619 8.942190170288086 25.07487297058105
1.00165 1.00003 0.640428 0.0954891 0.0501807 0.0453084 0.00217885 3.42379e-05 1.09865e-08 1.72521e-06 0 12.5233907699585 8.953022956848145 25.07102203369141
1.00165 1.00003 0.640433 0.0953867 0.0501581 0.0452286 0.00213384 3.39937e-05 1.0285e-08 5.44141e-07 0 12.52336883544922 8.964146614074707 25.07757949829102
1.00162 1 0.640442 0.0953188 0.050189 0.0451298 0.00303342 3.29417e-05 9.47374e-11 1.54524e-05 0 12.52291679382324 8.974699974060059 25.07697486877441
1.00158 1.00004 0.640505 0.0952214 0.0501797 0.0450417 0.0026456 3.13856e-05 2.45842e-08 4.24965e-06 0 12.52309703826904 8.98537540435791 25.08053970336914
1.00163 1.00002 0.640446 0.0951214 0.0501611 0.0449602 0.00248659 3.33558e-05 7.6339e-09 3.81589e-06 0 12.52202701568604 8.998641967773438 25.09620094299316
1.00164 1.00002 0.640434 0.0950425 0.0501604 0.0448821 0.00239185 3.37522e-05 5.69098e-09 1.363e-06 0 12.52202606201172 9.009078025817871 25.09592628479004
1.00149 1.00019 0.640688 0.0950236 0.0502198 0.0448038 0.00337769 2.78094e-05 4.79934e-07 6.11785e-06 0 12.5228796005249 9.020112037658691 25.0972900390625
1.00134 0.999944 0.64068 0.0952692 0.0505912 0.044678 0.00480069 2.22944e-05 4.23723e-08 4.14607e-05 0 12.5229024887085 9.030680656433105 25.09911918640137
1.00127 1.00012 0.640862 0.0950701 0.0504323 0.0446378 0.00421631 2.00489e-05 2.05483e-07 1.59466e-05 0 12.52284622192383 9.041157722473145 25.08428001403809
1.00142 1.00012 0.640716 0.0949078 0.0503259 0.0445818 0.00390247 2.50556e-05 1.91638e-07 8.5166e-06 0 12.52273654937744 9.05158805847168 25.0811710357666
1.00135 1.00001 0.640709 0.0948847 0.0503792 0.0445055 0.00410918 2.27045e-05 5.87012e-10 3.55805e-05 0 12.52265071868896 9.06207275390625 25.09038162231445
1.00131 1.00013 0.640821 0.0948448 0.0504348 0.04441 0.0044515 2.14491e-05 2.10351e-07 8.04199e-06 0 12.52257537841797 9.072599411010742 25.07905769348145
1.00127 0.999935 0.640736 0.0947194 0.0503935 0.0443259 0.0051351 2.02281e-05 5.59583e-08 7.72067e-05 0 12.52224636077881 9.085752487182617 25.0944938659668
1.0013 1.00008 0.640803 0.0945741 0.0503245 0.0442496 0.00418079 2.11624e-05 9.47315e-08 1.31789e-05 0 12.52176856994629 9.097598075866699 25.0898551940918
1.00128 1.00009 0.64083 0.0944487 0.0502821 0.0441666 0.00414356 2.04116e-05 1.11168e-07 8.01676e-06 0 12.52238368988037 9.108048439025879 25.0805606842041
1.00149 0.999984 0.640561 0.0943662 0.0502486 0.0441176 0.00366872 2.76087e-05 3.35182e-09 1.71285e-06 0 12.52250289916992 9.118311882019043 25.0802059173584
1.00152 0.999936 0.640495 0.0942933 0.0502348 0.0440585 0.00412919 2.90052e-05 5.46877e-08 2.17756e-06 0 12.52060222625732 9.129545211791992 25.10988807678223
1.00144 1.00003 0.640636 0.094208 0.0502192 0.0439888 0.0034645 2.58072e-05 9.42839e-09 5.91831e-06 0 12.51865482330322 9.147103309631348 25.29558944702148
1.0015 1.00002 0.640575 0.0941408 0.0502108 0.04393 0.00322104 2.80604e-05 7.07112e-09 4.71462e-06 0 12.51779365539551 9.152834892272949 25.21613121032715
1.00151 1.00003 0.640566 0.094066 0.0501913 0.0438747 0.00296169 2.85143e-05 1.04603e-08 3.71932e-06 0 12.51965713500977 9.15936279296875 25.16296005249023
1.00152 1.00004 0.640569 0.0940025 0.0501876 0.0438149 0.00278494 2.87358e-05 2.30832e-08 2.28455e-06 0 12.51880931854248 9.169873237609863 25.18960571289062
1.00152 1.00005 0.640571 0.0939245 0.0501731 0.0437514 0.00265569 2.87758e-05 2.75579e-08 1.78612e-06 0 12.51833820343018 9.182779312133789 25.21737480163574
1.00146 1.00009 0.640656 0.0938525 0.0501763 0.0436762 0.00270221 2.65286e-05 1.0397e-07 2.78592e-06 0 12.51786327362061 9.194164276123047 25.19675064086914
1.00145 1.00007 0.640657 0.093779 0.0501833 0.0435957 0.00276664 2.61225e-05 7.18077e-08 3.29188e-06 0 12.51822853088379 9.204133987426758 25.16222381591797
1.00145 1.00004 0.640633 0.0936958 0.0501755 0.0435203 0.00278254 2.62732e-05 2.3412e-08 1.55145e-06 0 12.51792907714844 9.215312004089355 25.14109230041504
1.00146 1.00006 0.640635 0.0936106 0.0501652 0.0434454 0.00260694 2.67467e-05 5.58499e-08 4.20669e-06 0 12.52055549621582 9.220621109008789 25.12432098388672
1.00146 1.00008 0.640644 0.0935264 0.050155 0.0433713 0.00248874 2.67452e-05 8.03904e-08 1.34622e-06 0 12.52100658416748 9.228270530700684 25.11740112304688
1.00146 1.00009 0.640653 0.0934408 0.0501437 0.0432972 0.00239987 2.65952e-05 9.68363e-08 2.03486e-06 0 12.51992511749268 9.23807430267334 25.10962677001953
1.00145 1.00009 0.640663 0.0933612 0.0501384 0.0432228 0.00232973 2.63953e-05 1.16108e-07 2.655e-06 0 12.52068996429443 9.245545387268066 25.10540008544922
1.00145 1.0001 0.640675 0.0932798 0.0501317 0.0431482 0.00227206 2.62314e-05 1.47066e-07 2.32774e-06 0 12.52084064483643 9.252866744995117 25.09564018249512
1.00144 1.00011 0.640684 0.0932028 0.0501291 0.0430737 0.00222376 2.60171e-05 1.63268e-07 1.57045e-06 0 12.52091693878174 9.260835647583008 25.09382247924805
1.00144 1.00011 0.64069 0.0931289 0.0501296 0.0429993 0.00218436 2.58558e-05 1.72225e-07 2.4248e-06 0 12.52092266082764 9.269306182861328 25.08657073974609
1.00136 1.00009 0.640755 0.0930837 0.0501804 0.0429033 0.00285959 2.30151e-05 1.13459e-07 1.4543e-05 0 12.52017021179199 9.279718399047852 25.08815765380859
1.00134 1.0001 0.640777 0.0930348 0.0502056 0.0428292 0.00323292 2.23321e-05 1.26572e-07 5.4506e-06 0 12.52002620697021 9.290569305419922 25.09164428710938
1.00137 1.00008 0.640733 0.0929322 0.0501854 0.0427468 0.00293142 2.36131e-05 9.6133e-08 5.51396e-06 0 12.52008533477783 9.300649642944336 25.08774566650391
1.00141 1.00007 0.64069 0.0928414 0.0501651 0.0426763 0.00270995 2.47382e-05 5.69885e-08 3.97497e-06 0 12.5202465057373 9.310615539550781 25.08258819580078
1.00141 1.00007 0.640686 0.0927571 0.0501524 0.0426047 0.00268455 2.49973e-05 6.68073e-08 5.33617e-06 0 12.52023887634277 9.320566177368164 25.07751655578613
1.00142 1.00008 0.640689 0.0926715 0.0501401 0.0425314 0.00254234 2.50913e-05 8.46287e-08 1.53723e-06 0 12.52019691467285 9.330554962158203 25.07182312011719
1.00141 1.0001 0.640708 0.0925889 0.050143 0.0424459 0.00271417 2.48059e-05 1.27095e-07 1.87051e-06 0 12.52012729644775 9.340587615966797 25.06921577453613
1.00141 1.00009 0.640698 0.0925015 0.0501325 0.042369 0.00253895 2.49635e-05 1.02731e-07 2.8839e-06 0 12.52007579803467 9.350664138793945 25.06583213806152
1.00141 1.00009 0.640704 0.0924172 0.0501224 0.0422948 0.00242763 2.47776e-05 1.07245e-07 1.73382e-06 0 12.51999759674072 9.360733985900879 25.06453514099121
1.0014 1.00009 0.640712 0.0923415 0.0501209 0.0422206 0.00234855 2.45407e-05 1.14274e-07 5.48517e-06 0 12.51993465423584 9.370783805847168 25.06478118896484
1.00142 1.0001 0.640695 0.0922891 0.0501567 0.0421323 0.0024218 2.53137e-05 1.27657e-07 3.02472e-05 0 12.51892280578613 9.384212493896484 25.09019660949707
1.00138 1.00013 0.640757 0.0922053 0.0501469 0.0420584 0.002313 2.37126e-05 2.14139e-07 2.71764e-06 0 12.51866436004639 9.39433479309082 25.10279846191406
1.00136 1.00013 0.640771 0.0921108 0.0501271 0.0419838 0.00229171 2.32618e-05 2.19138e-07 2.93625e-06 0 12.51913261413574 9.40526294708252 25.09272003173828
1.00136 1.00013 0.640782 0.0920293 0.0501196 0.0419097 0.00222509 2.29967e-05 2.40651e-07 3.86605e-06 0 12.51955223083496 9.414627075195312 25.08256149291992
1.00135 1.00014 0.640795 0.091972 0.0501361 0.0418359 0.00217522 2.27766e-05 2.79524e-07 7.7754e-07 0 12.51962852478027 9.424288749694824 25.07621192932129
1.00134 1.00014 0.640799 0.0918735 0.0501113 0.0417621 0.00213379 2.26036e-05 2.72775e-07 6.47533e-07 0 12.51966762542725 9.434206008911133 25.07003974914551
1.00133 1.00013 0.640804 0.0918056 0.0501178 0.0416878 0.00230229 2.21701e-05 2.3053e-07 5.14786e-06 0 12.51957321166992 9.445852279663086 25.07150459289551
1.00133 1.00014 0.640814 0.0917331 0.0501172 0.0416158 0.00220447 2.20977e-05 2.77822e-07 5.6984e-06 0 12.51962757110596 9.456268310546875 25.06625747680664
1.00133 1.00015 0.640823 0.0916791 0.0501355 0.0415437 0.00214139 2.19962e-05 3.14839e-07 2.56439e-06 0 12.51956558227539 9.466394424438477 25.06119346618652
1.00133 1.00016 0.640824 0.0915755 0.0501045 0.041471 0.00217038 2.20506e-05 3.32972e-07 1.55128e-06 0 12.51947212219238 9.476524353027344 25.06045913696289
1.00132 1.00016 0.640835 0.091505 0.0501059 0.0413992 0.00214416 2.18353e-05 3.59987e-07 1.85339e-06 0 12.51975154876709 9.488424301147461 25.0783634185791
1.00131 1.00017 0.640848 0.0914266 0.0500994 0.0413272 0.00213144 2.15564e-05 3.98358e-07 1.24424e-06 0 12.51917457580566 9.498771667480469 25.07347679138184
1.0013 1.00017 0.640856 0.0913581 0.0501029 0.0412552 0.00221368 2.12501e-05 3.89488e-07 1.15689e-06 0 12.51902294158936 9.509026527404785 25.06354331970215
1.00131 1.00017 0.640852 0.0912864 0.0501043 0.0411821 0.00220471 2.12972e-05 3.70917e-07 1.09755e-06 0 12.51891899108887 9.519186973571777 25.05982208251953
1.00131 1.00017 0.640852 0.0912137 0.0501036 0.0411101 0.00213386 2.13181e-05 3.7766e-07 1.12414e-06 0 12.51883506774902 9.52931022644043 25.06804084777832
1.00121 1.00019 0.640957 0.0911609 0.0501295 0.0410314 0.00268086 1.8388e-05 4.89713e-07 1.70671e-05 0 12.51877021789551 9.539434432983398 25.05565643310547
1.0012 1.00015 0.64094 0.0910679 0.0501028 0.040965 0.00249605 1.80749e-05 2.98445e-07 1.943e-06 0 12.51860523223877 9.549684524536133 25.05892562866211
1.00121 1.00017 0.640944 0.0909868 0.0500962 0.0408906 0.00281107 1.83953e-05 3.98286e-07 1.75175e-06 0 12.51858711242676 9.559553146362305 25.05863380432129
1.00122 1.00019 0.640949 0.0909234 0.0501155 0.0408079 0.00274506 1.85884e-05 4.82517e-07 3.29922e-06 0 12.51854610443115 9.569476127624512 25.06774711608887
1.00123 1.00017 0.640928 0.0908291 0.0500973 0.0407317 0.00281825 1.88657e-05 3.85596e-07 2.12885e-06 0 12.51856422424316 9.579447746276855 25.05228424072266
1.00124 1.00018 0.640918 0.0907546 0.0500957 0.040659 0.00260161 1.93011e-05 4.1076e-07 3.66846e-06 0 12.51848220825195 9.589341163635254 25.05292320251465
1.00125 1.00018 0.640919 0.0906869 0.050099 0.0405878 0.0024805 1.93825e-05 4.37634e-07 1.57931e-06 0 12.51838397979736 9.599298477172852 25.0496768951416
1.00124 1.00019 0.640925 0.0906313 0.0501139 0.0405173 0.00238921 1.93146e-05 4.70819e-07 1.22096e-06 0 12.5182580947876 9.609257698059082 25.05145454406738
1.00111 1.0003 0.641128 0.0906118 0.0501754 0.0404364 0.00294906 1.53899e-05 1.23628e-06 9.53806e-06 0 12.51827430725098 9.619324684143066 25.05214881896973
1.00116 1.00018 0.641 0.0904841 0.0501197 0.0403644 0.00278309 1.67241e-05 4.1017e-07 2.45437e-06 0 12.51828765869141 9.629249572753906 25.05180549621582
1.00117 1.0002 0.641006 0.0903903 0.0500972 0.0402931 0.00259313 1.70284e-05 5.33167e-07 2.0716e-06 0 12.51712608337402 9.64063835144043 25.06474494934082
1.00118 1.00021 0.641002 0.0903064 0.0500842 0.0402222 0.0024733 1.73113e-05 5.78217e-07 1.27531e-06 0 12.51699638366699 9.649868011474609 25.05141067504883
1.00109 1.00022 0.64109 0.0902547 0.0501258 0.040129 0.00276146 1.49171e-05 6.38524e-07 3.76054e-06 0 12.51713466644287 9.660091400146484 25.04810523986816
1.00111 1.00024 0.641088 0.0902037 0.0501393 0.0400644 0.00256367 1.54297e-05 7.93731e-07 4.2097e-06 0 12.51720428466797 9.671518325805664 25.05776405334473
1.00112 1.00026 0.64109 0.0900976 0.0500972 0.0400003 0.00243485 1.56144e-05 8.77957e-07 1.07792e-06 0 12.51731872558594 9.682000160217285 25.04866790771484
1.00112 1.00025 0.641088 0.0900184 0.0500826 0.0399358 0.00234824 1.55749e-05 8.41144e-07 1.43642e-06 0 12.51749992370605 9.692008972167969 25.04782676696777
1.00112 1.00026 0.641092 0.0899429 0.0500726 0.0398703 0.00228187 1.55978e-05 8.98137e-07 1.79851e-06 0 12.51752185821533 9.701873779296875 25.04952239990234
1.00112 1.00025 0.641082 0.0898778 0.0500758 0.039802 0.00231831 1.57918e-05 8.58392e-07 1.16324e-06 0 12.51749515533447 9.711675643920898 25.05696678161621
1.00112 1.00026 0.641096 0.0898061 0.0500686 0.0397375 0.00223884 1.55974e-05 9.3666e-07 1.36274e-06 0 12.51583480834961 9.72368335723877 25.08772468566895
1.00111 1.00027 0.641103 0.0897162 0.0500546 0.0396616 0.00214153 1.54061e-05 9.39154e-07 1.13845e-06 0 12.51641941070557 9.733441352844238 25.05985260009766
1.0011 1.00023 0.641093 0.0896805 0.0500885 0.0395919 0.00240034 1.50081e-05 6.97133e-07 4.28622e-06 0 12.51655101776123 9.743304252624512 25.04858779907227
1.0011 1.00027 0.641113 0.0895818 0.0500561 0.0395257 0.0022545 1.51256e-05 9.50945e-07 1.27818e-06 0 12.5166654586792 9.753140449523926 25.04209136962891
1.0011 1.00028 0.641122 0.0895096 0.0500486 0.0394609 0.00216616 1.50855e-05 1.03052e-06 7.86102e-07 0 12.5156192779541 9.76661205291748 25.06288146972656
1.0011 1.00028 0.641125 0.0894461 0.0500498 0.0393963 0.00210405 1.50629e-05 1.05956e-06 1.05521e-06 0 12.51584625244141 9.775534629821777 25.06967163085938
1.0011 1.00029 0.641128 0.0893677 0.0500361 0.0393316 0.00205309 1.50432e-05 1.08458e-06 6.42915e-07 0 12.51593017578125 9.784453392028809 25.04861640930176
1.00109 1.00029 0.641134 0.089301 0.0500342 0.0392668 0.00217162 1.4936e-05 1.11207e-06 9.56235e-07 0 12.51591396331787 9.793478012084961 25.04130935668945
1.00109 1.00029 0.641132 0.0892329 0.0500309 0.0392021 0.00208471 1.49663e-05 1.1043e-06 8.98145e-07 0 12.51592350006104 9.802646636962891 25.03633117675781
1.00109 1.00029 0.641137 0.0891571 0.0500192 0.0391379 0.00203021 1.49043e-05 1.13455e-06 6.87267e-07 0 12.51602077484131 9.81218147277832 25.03792953491211
1.00109 1.00029 0.641142 0.0890901 0.0500163 0.0390737 0.00198957 1.48008e-05 1.14908e-06 1.80828e-06 0 12.51591777801514 9.821268081665039 25.0342903137207
1.00109 1.0003 0.641146 0.0890195 0.0500097 0.0390098 0.00195431 1.47193e-05 1.1671e-06 1.3465e-06 0 12.51584529876709 9.831965446472168 25.02731895446777
1.00108 1.0003 0.64115 0.0889505 0.0500046 0.038946 0.00192335 1.46317e-05 1.18226e-06 2.31128e-06 0 12.51565551757812 9.841819763183594 25.04426574707031
1.00108 1.0003 0.641157 0.0888812 0.049999 0.0388822 0.00190255 1.45824e-05 1.23907e-06 2.41937e-06 0 12.51571750640869 9.851109504699707 25.02804183959961
1.00108 1.0003 0.641158 0.0888184 0.0499999 0.0388185 0.00186982 1.44963e-05 1.21795e-06 2.9471e-06 0 12.51569938659668 9.86023998260498 25.02431869506836
1.00107 1.0003 0.641162 0.0887402 0.0499851 0.0387551 0.00185084 1.43968e-05 1.22139e-06 2.3e-06 0 12.51568126678467 9.869355201721191 25.02493858337402
1.00107 1.00031 0.641169 0.0886777 0.049986 0.0386918 0.00182823 1.43283e-05 1.27515e-06 1.98453e-06 0 12.51567649841309 9.878466606140137 25.01807403564453
1.00107 1.00031 0.641171 0.0886071 0.0499786 0.0386285 0.00180827 1.42294e-05 1.26574e-06 1.02431e-06 0 12.51562213897705 9.887640953063965 25.0170783996582
1.00106 1.00032 0.641182 0.0885417 0.049976 0.0385657 0.00179023 1.41287e-05 1.35567e-06 5.64385e-06 0 12.51564025878906 9.896780014038086 25.01542091369629
1.00104 1.0003 0.641195 0.088471 0.0499719 0.0384991 0.00199855 1.345e-05 1.20151e-06 1.43625e-06 0 12.51560592651367 9.905855178833008 25.00961685180664
1.00105 1.00031 0.641195 0.0884025 0.049965 0.0384375 0.00190971 1.36689e-05 1.30867e-06 1.30192e-06 0 12.51556015014648 9.914942741394043 25.00816917419434
1.00105 1.00031 0.641191 0.0883561 0.0499806 0.0383756 0.0020134 1.36854e-05 1.26602e-06 3.12611e-06 0 12.51553440093994 9.924005508422852 25.00482368469238
1.00105 1.00033 0.641204 0.0882616 0.0499641 0.0382976 0.00199646 1.36904e-05 1.44136e-06 5.647e-06 0 12.51547718048096 9.933074951171875 25.00227737426758
1.00104 1.00032 0.641203 0.0881875 0.049954 0.0382335 0.00188226 1.3523e-05 1.34152e-06 2.05673e-06 0 12.51546001434326 9.942123413085938 24.9995174407959
1.00102 1.0003 0.641211 0.0881293 0.0499892 0.0381401 0.00251593 1.30792e-05 1.23208e-06 3.07721e-06 0 12.51541996002197 9.951172828674316 24.99994468688965
1.00101 1.00034 0.64124 0.0880467 0.0499768 0.0380699 0.00224921 1.28505e-05 1.49903e-06 1.78605e-06 0 12.51537895202637 9.960207939147949 24.9925422668457
1.001 1.00032 0.64124 0.0879963 0.0499936 0.0380027 0.00278326 1.26223e-05 1.3879e-06 3.58098e-06 0 12.51534557342529 9.969221115112305 24.99298095703125
1.001 1.00033 0.641245 0.087917 0.0499786 0.0379384 0.00244872 1.26162e-05 1.45086e-06 1.47815e-06 0 12.51529598236084 9.978243827819824 24.98927688598633
1.001 1.00033 0.641244 0.087835 0.049959 0.037876 0.00225029 1.25967e-05 1.43036e-06 2.06387e-06 0 12.51524925231934 9.987197875976562 24.98799896240234
1.001 1.00033 0.641248 0.087758 0.0499442 0.0378137 0.00213611 1.26226e-05 1.48804e-06 1.42935e-06 0 12.51491928100586 9.996835708618164 24.98594856262207
1.001 1.00033 0.641248 0.0876963 0.0499444 0.0377519 0.00204283 1.26028e-05 1.48108e-06 1.26403e-06 0 12.51503086090088 10.00557041168213 24.98249626159668
1.001 1.00034 0.641254 0.0876457 0.0499555 0.0376902 0.00197674 1.25683e-05 1.55436e-06 1.48132e-06 0 12.51502990722656 10.01440906524658 24.99027442932129
1.00077 1.00046 0.641553 0.0875772 0.0499563 0.0376209 0.00259768 7.43441e-06 2.81982e-06 9.79876e-06 0 12.51504421234131 10.02554798126221 24.98203086853027
1.0009 1.00036 0.641365 0.0875127 0.0499693 0.0375434 0.00274741 1.01796e-05 1.76724e-06 2.91291e-06 0 12.51496982574463 10.03474426269531 24.97697257995605
1.00095 1.00033 0.641297 0.0874404 0.0499603 0.0374801 0.00250983 1.13863e-05 1.4956e-06 2.89774e-06 0 12.51474380493164 10.04819583892822 24.99458503723145
1.00097 1.00033 0.641275 0.087368 0.04995 0.037418 0.00235894 1.17814e-05 1.41974e-06 1.15048e-06 0 12.51463508605957 10.05830001831055 24.98840522766113
1.00096 1.00034 0.641291 0.0872945 0.04994 0.0373545 0.00243047 1.16382e-05 1.56104e-06 1.85054e-06 0 12.51451206207275 10.06798934936523 24.99677276611328
1.00098 1.00032 0.641259 0.0872185 0.049924 0.0372944 0.00227939 1.20553e-05 1.34499e-06 1.49181e-06 0 12.51451873779297 10.077223777771 24.98929405212402
1.00098 1.00033 0.641266 0.0871514 0.049917 0.0372344 0.00218738 1.20465e-05 1.43667e-06 4.75678e-06 0 12.5145092010498 10.08619785308838 24.97952461242676
1.00098 1.00033 0.64127 0.0870789 0.0499049 0.037174 0.00209395 1.19523e-05 1.44386e-06 1.34436e-06 0 12.51451969146729 10.09513854980469 24.97211265563965
1.00097 1.00033 0.641277 0.0870112 0.0498977 0.0371134 0.00204794 1.18615e-05 1.47898e-06 2.42506e-06 0 12.51451110839844 10.10404586791992 24.9721851348877
1.00096 1.00035 0.641295 0.0869447 0.0498923 0.0370524 0.00198302 1.161e-05 1.60124e-06 1.48689e-06 0 12.51449775695801 10.11293125152588 24.97775840759277
1.00097 1.00033 0.641282 0.0868811 0.0498915 0.0369896 0.00196038 1.16518e-05 1.43686e-06 1.5467e-06 0 12.51159763336182 10.12417221069336 24.97814750671387
1.00096 1.00034 0.64129 0.0868117 0.0498837 0.036928 0.00189133 1.15863e-05 1.51215e-06 1.17463e-06 0 12.51323890686035 10.13464736938477 24.9846248626709
1.00096 1.00034 0.641295 0.0867381 0.0498714 0.0368667 0.00183528 1.15073e-05 1.53521e-06 5.04677e-07 0 12.51388740539551 10.14350700378418 24.98017501831055
1.00095 1.00035 0.641312 0.0866802 0.0498788 0.0368013 0.00211587 1.13084e-05 1.66473e-06 1.37737e-06 0 12.51409530639648 10.15239524841309 24.97501564025879
1.00093 1.00035 0.641324 0.0866115 0.0498696 0.036742 0.00191292 1.09207e-05 1.61271e-06 7.46711e-07 0 12.5140266418457 10.16160583496094 24.96999740600586
1.00094 1.00035 0.641323 0.0865428 0.0498603 0.0366825 0.00180679 1.09773e-05 1.62721e-06 7.00145e-07 0 12.51424407958984 10.17020988464355 24.96199989318848
1.00092 1.00039 0.641366 0.0864596 0.0498404 0.0366193 0.00179705 1.05236e-05 1.99791e-06 1.5033e-06 0 12.5142297744751 10.1788969039917 24.95849227905273
1.00093 1.00036 0.641336 0.0863909 0.0498332 0.0365577 0.00173143 1.08616e-05 1.75734e-06 5.14757e-07 0 12.51419067382812 10.18768405914307 24.95245742797852
1.00093 1.00036 0.641338 0.0863242 0.049827 0.0364972 0.00168547 1.08129e-05 1.76135e-06 4.78083e-07 0 12.51414394378662 10.19649028778076 24.9488697052002
1.00093 1.00037 0.641345 0.086258 0.0498211 0.0364369 0.00164833 1.07104e-05 1.79156e-06 4.8771e-07 0 12.51400947570801 10.20540428161621 24.9461555480957
1.00091 1.00036 0.641355 0.0862149 0.049841 0.0363739 0.00237569 1.03714e-05 1.73064e-06 4.84006e-06 0 12.51402473449707 10.21453189849854 24.94575119018555
1.00094 1.00035 0.641321 0.0861481 0.0498363 0.0363119 0.00222275 1.09753e-05 1.60375e-06 5.4574e-06 0 12.513991355896 10.22350406646729 24.94187164306641
1.00091 1.00036 0.641359 0.0860793 0.0498324 0.0362469 0.00204077 1.02611e-05 1.72621e-06 2.12022e-06 0 12.51395511627197 10.23245429992676 24.9356803894043
1.0009 1.00036 0.641361 0.0859999 0.0498151 0.0361848 0.0019296 1.01719e-05 1.70103e-06 6.47202e-07 0 12.5138463973999 10.24202060699463 24.93942260742188
1.0009 1.00035 0.641357 0.0859331 0.0498091 0.036124 0.00193635 1.01509e-05 1.6241e-06 5.05397e-07 0 12.51364517211914 10.25075817108154 24.93479347229004
1.0009 1.00036 0.64136 0.0858663 0.049802 0.0360644 0.00185308 1.01986e-05 1.69275e-06 4.61457e-07 0 12.51367282867432 10.2594165802002 24.93013000488281
1.0009 1.00036 0.641365 0.0858013 0.0497957 0.0360056 0.00179374 1.01358e-05 1.73316e-06 4.41449e-07 0 12.51343059539795 10.26877784729004 24.920166015625
1.0009 1.00037 0.641375 0.0857437 0.0497965 0.0359472 0.00176745 1.00825e-05 1.84996e-06 1.85055e-06 0 12.5136079788208 10.27769088745117 24.91659736633301
1.00089 1.00037 0.641375 0.0856796 0.0497904 0.0358892 0.00175761 9.99707e-06 1.79302e-06 6.72999e-07 0 12.513596534729 10.28656768798828 24.91352653503418
1.0009 1.00035 0.641361 0.0856217 0.0497919 0.0358299 0.00166393 1.01503e-05 1.67797e-06 1.8573e-06 0 12.5135326385498 10.29541492462158 24.91056251525879
1.00088 1.00037 0.641387 0.0855503 0.049778 0.0357723 0.00169212 9.76137e-06 1.81669e-06 6.99574e-07 0 12.51334571838379 10.30472946166992 24.92049980163574
1.00088 1.00038 0.641395 0.0854869 0.0497725 0.0357144 0.00163415 9.6902e-06 1.89315e-06 1.26433e-06 0 12.51367473602295 10.31368446350098 24.91814041137695
1.00083 1.00039 0.641454 0.08545 0.0497922 0.0356578 0.0020295 8.62707e-06 2.08148e-06 3.98363e-06 0 12.51329231262207 10.32339477539062 24.91617774963379
1.00085 1.00037 0.64142 0.0853761 0.0497753 0.0356008 0.00184986 9.06111e-06 1.86049e-06 9.99162e-07 0 12.51323795318604 10.3325366973877 24.90752983093262
1.0007 1.00032 0.641533 0.0853648 0.0498417 0.0355231 0.00266361 6.12861e-06 1.37991e-06 2.41861e-05 0 12.5132303237915 10.34148788452148 24.90453338623047
1.00076 1.0004 0.641533 0.0852842 0.049821 0.0354632 0.00228473 7.13988e-06 2.18662e-06 4.67457e-06 0 12.51325607299805 10.35025119781494 24.90099334716797
1.00077 1.00041 0.641516 0.0852076 0.049801 0.0354066 0.00227843 7.49772e-06 2.2167e-06 2.90652e-06 0 12.51321506500244 10.35892391204834 24.89783477783203
1.00077 1.00041 0.641517 0.0851441 0.0497917 0.0353523 0.0020999 7.4993e-06 2.22223e-06 2.11204e-06 0 12.51319217681885 10.36754131317139 24.89822769165039
1.00076 1.00041 0.641527 0.0850881 0.0497906 0.0352975 0.00260316 7.30299e-06 2.22641e-06 9.184e-07 0 12.51314067840576 10.37613868713379 24.89521408081055
1.00078 1.00035 0.641477 0.0850261 0.0497869 0.0352392 0.00377532 7.58321e-06 1.66596e-06 2.03307e-05 0 12.51322269439697 10.38485622406006 24.89594078063965
1.00066 1.0004 0.641616 0.084993 0.0498184 0.0351746 0.00345114 5.49877e-06 2.09652e-06 1.02801e-05 0 12.51300716400146 10.39346027374268 24.88903427124023
1.0007 1.0004 0.641584 0.0849232 0.0498027 0.0351206 0.00291344 6.05387e-06 2.08998e-06 5.49332e-06 0 12.51296901702881 10.40203189849854 24.88624954223633
1.0007 1.0005 0.641646 0.0848718 0.0498135 0.0350582 0.00286849 6.10888e-06 3.30165e-06 7.10204e-06 0 12.51234340667725 10.41066646575928 24.89608001708984
1.00075 1.00041 0.641534 0.0848168 0.0498094 0.0350074 0.0025195 7.11129e-06 2.19033e-06 1.84681e-06 0 12.51259994506836 10.41901206970215 24.88767623901367
1.00062 1.0006 0.64179 0.0848659 0.0499387 0.0349273 0.00325791 4.77792e-06 4.80648e-06 3.06264e-05 0 12.51071166992188 10.43132400512695 24.92086982727051
1.00068 1.00045 0.641629 0.0847202 0.0498324 0.0348878 0.00285169 5.86526e-06 2.69289e-06 4.54974e-06 0 12.51141548156738 10.43992042541504 24.91048240661621
1.00069 1.00041 0.641597 0.084658 0.0498158 0.0348422 0.00309455 6.01267e-06 2.26463e-06 1.59726e-06 0 12.51164531707764 10.44822883605957 24.90048789978027
1.0007 1.00041 0.641588 0.0845871 0.0497918 0.0347953 0.00274957 6.20548e-06 2.28485e-06 2.13706e-06 0 12.51164817810059 10.4563045501709 24.89585494995117
1.00067 1.00042 0.641629 0.0845593 0.0498118 0.0347476 0.00355668 5.53288e-06 2.35449e-06 3.17592e-06 0 12.51151657104492 10.46452140808105 24.89531326293945
1.00068 1.00041 0.641604 0.0844816 0.0497873 0.0346943 0.00304786 5.84564e-06 2.22366e-06 1.77648e-06 0 12.51168918609619 10.47312450408936 24.89346504211426
1.00066 1.00039 0.641616 0.0844151 0.0497862 0.0346289 0.00314211 5.47108e-06 2.06741e-06 2.69901e-06 0 12.51025295257568 10.48335838317871 24.90923118591309
1.00069 1.00041 0.641601 0.0843367 0.0497664 0.0345703 0.00290509 5.93657e-06 2.2622e-06 3.89456e-06 0 12.51065540313721 10.49124431610107 24.90133094787598
1.0007 1.00042 0.641596 0.0842649 0.0497477 0.0345172 0.00274058 6.14234e-06 2.36425e-06 4.19192e-06 0 12.51069641113281 10.50052547454834 24.90676307678223
1.00071 1.00042 0.641583 0.0842015 0.0497382 0.0344633 0.00286391 6.33709e-06 2.32231e-06 1.72008e-06 0 12.51139163970947 10.50784015655518 24.90468788146973
1.00069 1.00044 0.641616 0.0841387 0.0497294 0.0344093 0.0030579 5.93094e-06 2.52659e-06 1.34313e-06 0 12.50969314575195 10.52053356170654 24.96932411193848
1.00068 1.00042 0.641614 0.084072 0.0497162 0.0343558 0.00297546 5.83404e-06 2.38399e-06 1.01856e-06 0 12.51053047180176 10.52608776092529 24.91620445251465
1.00064 1.00039 0.641636 0.084025 0.049728 0.034297 0.00409216 5.10015e-06 2.02912e-06 2.2936e-05 0 12.51063442230225 10.53287792205811 24.90789413452148
1.00064 1.00043 0.641663 0.0839732 0.0497277 0.0342455 0.00350629 5.1033e-06 2.50794e-06 4.75577e-06 0 12.5107593536377 10.53984832763672 24.89591407775879
1.00064 1.00046 0.641677 0.0838997 0.0497052 0.0341945 0.00320699 5.17573e-06 2.84454e-06 3.12529e-06 0 12.51028156280518 10.54721736907959 24.90587425231934
1.00066 1.00044 0.641648 0.0838418 0.0496965 0.0341453 0.00302542 5.45849e-06 2.61613e-06 2.32039e-06 0 12.51050853729248 10.5551118850708 24.89368629455566
1.00067 1.00045 0.641644 0.0838039 0.0497081 0.0340958 0.00287769 5.63602e-06 2.72995e-06 1.27724e-06 0 12.51023387908936 10.56504058837891 24.8930835723877
1.00068 1.00044 0.641632 0.0837246 0.0496835 0.034041 0.00281244 5.75056e-06 2.62443e-06 1.04056e-06 0 12.51057147979736 10.57370853424072 24.88318634033203
1.00068 1.00045 0.641633 0.0837216 0.049731 0.0339906 0.00273016 5.82995e-06 2.73283e-06 5.46721e-06 0 12.51072120666504 10.58162975311279 24.87382507324219
1.00069 1.00044 0.641625 0.083608 0.0496682 0.0339398 0.00261933 5.87775e-06 2.621e-06 1.47031e-06 0 12.51086139678955 10.58970165252686 24.86910247802734
1.00068 1.00044 0.641627 0.0835526 0.0496668 0.0338858 0.00261287 5.79174e-06 2.58228e-06 1.04247e-06 0 12.51056575775146 10.5979528427124 24.86467170715332
1.00069 1.00044 0.641623 0.0834967 0.0496632 0.0338334 0.00251717 5.88992e-06 2.60169e-06 9.9465e-07 0 12.51050662994385 10.60604572296143 24.85808944702148
1.00064 1.00046 0.641679 0.083449 0.049677 0.0337721 0.00254143 5.11884e-06 2.81039e-06 2.53885e-06 0 12.50995349884033 10.61514663696289 24.86402130126953
1.00068 1.00044 0.641635 0.0833566 0.0496359 0.0337207 0.00245032 5.69701e-06 2.62255e-06 2.10248e-06 0 12.50994873046875 10.62292957305908 24.86383628845215
1.00066 1.00044 0.641645 0.0833051 0.0496338 0.0336714 0.0025222 5.5273e-06 2.63604e-06 2.64051e-06 0 12.51000213623047 10.63062000274658 24.85260772705078
1.00067 1.00045 0.641648 0.0832679 0.0496471 0.0336207 0.00241251 5.55034e-06 2.70865e-06 2.05144e-06 0 12.51022338867188 10.63797760009766 24.84824180603027
1.00063 1.00049 0.641705 0.0832016 0.0496336 0.033568 0.00262568 5.01206e-06 3.19383e-06 3.86987e-06 0 12.51036167144775 10.64539909362793 24.85407257080078
1.00064 1.00046 0.641679 0.0831425 0.0496287 0.0335138 0.00246482 5.10731e-06 2.8032e-06 2.26558e-06 0 12.51043891906738 10.65366744995117 24.84177398681641
1.00064 1.00046 0.641673 0.0830809 0.0496196 0.0334614 0.00236434 5.1906e-06 2.77997e-06 3.0909e-06 0 12.51049423217773 10.66128921508789 24.86548614501953
1.00064 1.00046 0.641674 0.0829987 0.0495893 0.0334093 0.00228258 5.19341e-06 2.80171e-06 1.23448e-06 0 12.51053428649902 10.66898155212402 24.83413314819336
1.00065 1.00046 0.641675 0.0829514 0.0495938 0.0333576 0.00222069 5.20442e-06 2.84183e-06 1.88968e-06 0 12.51046276092529 10.67720890045166 24.83339500427246
1.00064 1.00046 0.641675 0.082902 0.0495984 0.0333036 0.00263605 5.1691e-06 2.80542e-06 1.61148e-06 0 12.51054382324219 10.68513870239258 24.83161354064941
1.00065 1.00046 0.641676 0.0828268 0.0495757 0.0332511 0.00246624 5.20369e-06 2.85103e-06 1.84092e-06 0 12.50995349884033 10.69470500946045 24.83847808837891
1.00065 1.00047 0.641681 0.0827928 0.0495936 0.0331992 0.00237139 5.20895e-06 2.9507e-06 6.54187e-06 0 12.51040363311768 10.70235347747803 24.81795883178711
1.00064 1.00046 0.641678 0.0827169 0.049569 0.0331479 0.00241573 5.1374e-06 2.81324e-06 8.43263e-06 0 12.51028060913086 10.70991230010986 24.81688690185547
1.00064 1.00047 0.641684 0.0826583 0.0495613 0.033097 0.00232633 5.12719e-06 2.92477e-06 2.4096e-06 0 12.51029586791992 10.71763324737549 24.82357215881348
1.00064 1.00047 0.641687 0.0826012 0.049555 0.0330462 0.00226628 5.08817e-06 2.94543e-06 3.41913e-06 0 12.50987434387207 10.72584247589111 24.81677436828613
1.00064 1.00048 0.641695 0.0825391 0.0495435 0.0329956 0.0021985 5.04831e-06 3.0533e-06 3.09128e-06 0 12.50995445251465 10.73408699035645 24.81434059143066
1.00063 1.00047 0.641703 0.0824842 0.0495386 0.0329455 0.00216483 4.89283e-06 3.01027e-06 9.45875e-07 0 12.51002216339111 10.74207210540771 24.80977439880371
1.00063 1.00048 0.641706 0.0824292 0.0495345 0.0328947 0.00212874 4.93419e-06 3.12539e-06 7.07628e-07 0 12.51002407073975 10.75002193450928 24.79465675354004
1.00063 1.00049 0.641706 0.0823829 0.0495388 0.0328441 0.00209088 5.01501e-06 3.23733e-06 3.00478e-06 0 12.51002883911133 10.75793647766113 24.7968921661377
1.00063 1.00048 0.641697 0.0823258 0.0495328 0.0327929 0.00212923 5.02098e-06 3.0464e-06 2.7828e-06 0 12.5099983215332 10.76622009277344 24.79919815063477
1.00051 1.00046 0.641803 0.0822965 0.0495465 0.03275 0.00273409 3.26601e-06 2.8136e-06 4.79782e-06 0 12.51002502441406 10.77425670623779 24.78784370422363
1.00058 1.00046 0.641738 0.0822201 0.0495256 0.0326946 0.00269976 4.23744e-06 2.88454e-06 1.80969e-06 0 12.51001930236816 10.7822151184082 24.79681587219238
1.00054 1.00043 0.641749 0.0821979 0.0495617 0.0326362 0.00342597 3.71312e-06 2.41724e-06 1.57681e-05 0 12.50997352600098 10.79011154174805 24.78452682495117
1.00057 1.00049 0.641767 0.0821461 0.0495615 0.0325846 0.00297887 4.02179e-06 3.17523e-06 3.95393e-06 0 12.50996875762939 10.79795169830322 24.78067207336426
1.00057 1.00048 0.641763 0.0820873 0.0495518 0.0325355 0.00276035 4.05045e-06 3.12505e-06 3.24593e-06 0 12.50993919372559 10.80576229095459 24.77751350402832
1.00054 1.0005 0.641806 0.0820436 0.0495609 0.0324828 0.00298911 3.60949e-06 3.38126e-06 7.47191e-06 0 12.50990581512451 10.81355953216553 24.77176094055176
1.00056 1.00049 0.641771 0.081983 0.0495443 0.0324388 0.00274088 3.93998e-06 3.14084e-06 3.27706e-06 0 12.5097827911377 10.82132625579834 24.76932907104492
1.00057 1.00048 0.641752 0.0819245 0.049531 0.0323935 0.00259703 4.13221e-06 3.02571e-06 1.99662e-06 0 12.50981521606445 10.82914638519287 24.76727867126465
1.00058 1.00047 0.641744 0.0818705 0.0495224 0.0323481 0.00252713 4.19129e-06 2.93873e-06 3.82867e-06 0 12.5098819732666 10.8369140625 24.7693977355957
1.00057 1.00047 0.641752 0.0818077 0.0495061 0.0323016 0.00247496 4.07026e-06 2.93448e-06 3.75698e-06 0 12.50987911224365 10.84482192993164 24.76642608642578
1.00057 1.00048 0.641759 0.0817441 0.049489 0.0322551 0.00238167 4.09959e-06 3.10935e-06 4.08513e-06 0 12.50835418701172 10.8520622253418 24.77322959899902
1.00057 1.00048 0.641758 0.081694 0.049485 0.032209 0.00234564 4.07535e-06 3.06779e-06 3.27049e-06 0 12.50924205780029 10.86028671264648 24.76278305053711
1.00056 1.00048 0.641775 0.0816342 0.0494742 0.03216 0.00229799 3.85985e-06 3.10514e-06 3.03907e-06 0 12.5087718963623 10.86949920654297 24.78085327148438
1.00056 1.00049 0.641782 0.0815946 0.0494773 0.0321172 0.00249648 3.87002e-06 3.26013e-06 1.99199e-06 0 12.50905990600586 10.87736320495605 24.78073120117188
1.00055 1.00051 0.641791 0.0815408 0.0494675 0.0320733 0.0023774 3.85076e-06 3.43495e-06 4.38389e-06 0 12.50907039642334 10.88498115539551 24.77589797973633
1.00055 1.00051 0.641795 0.0814848 0.0494568 0.032028 0.00231421 3.8183e-06 3.46699e-06 4.52912e-06 0 12.50867748260498 10.89330577850342 24.78041839599609
1.00055 1.00051 0.641797 0.081445 0.049463 0.0319819 0.00225385 3.78331e-06 3.45937e-06 2.72505e-06 0 12.50898170471191 10.90000629425049 24.77214050292969
1.00055 1.00051 0.641803 0.0813858 0.0494504 0.0319354 0.00224065 3.74053e-06 3.52105e-06 2.4206e-06 0 12.50914287567139 10.90698432922363 24.76549530029297
1.00043 1.0005 0.641904 0.0813654 0.0494716 0.0318938 0.00261639 2.34751e-06 3.35034e-06 4.91178e-06 0 12.50919342041016 10.91401386260986 24.76117515563965
1.00048 1.00052 0.641873 0.0812965 0.0494482 0.0318482 0.00247874 2.86717e-06 3.61711e-06 2.67726e-06 0 12.5090913772583 10.92128849029541 24.75305366516113
1.00049 1.00051 0.641856 0.0812466 0.0494445 0.0318021 0.00239631 3.03857e-06 3.53844e-06 2.64158e-06 0 12.50911426544189 10.92851734161377 24.7445011138916
1.0005 1.00052 0.641849 0.081179 0.0494228 0.0317561 0.00239304 3.13106e-06 3.54436e-06 5.99696e-06 0 12.5090970993042 10.93570518493652 24.74250602722168
1.0005 1.00054 0.641869 0.0811241 0.0494147 0.0317094 0.00242048 3.08523e-06 3.89696e-06 3.16239e-06 0 12.50890636444092 10.9434118270874 24.73710823059082
1.00051 1.00052 0.641844 0.0810885 0.0494278 0.0316607 0.00297079 3.24385e-06 3.62842e-06 5.83402e-06 0 12.50890827178955 10.95007419586182 24.73866653442383
1.00047 1.00055 0.641905 0.0810392 0.0494265 0.0316127 0.00266576 2.72916e-06 4.07537e-06 5.66389e-06 0 12.50890350341797 10.95694637298584 24.73373985290527
1.00047 1.00055 0.641907 0.0809629 0.0493986 0.0315643 0.0025144 2.71805e-06 4.09189e-06 2.74748e-06 0 12.50887393951416 10.96403408050537 24.72840881347656
1.00047 1.00055 0.641901 0.0809064 0.0493901 0.0315163 0.0024186 2.76794e-06 4.06883e-06 1.30231e-06 0 12.50884437561035 10.97124862670898 24.73152160644531
1.00037 1.00058 0.642018 0.0808749 0.0494025 0.0314725 0.00279798 1.69619e-06 4.48793e-06 4.55865e-06 0 12.50878524780273 10.97855091094971 24.72520446777344
1.00043 1.00057 0.64195 0.0808067 0.0493808 0.0314259 0.0026201 2.30486e-06 4.27784e-06 3.14982e-06 0 12.50737857818604 10.9856128692627 24.73577690124512
1.00045 1.00055 0.641921 0.0807557 0.0493763 0.0313794 0.002548 2.48932e-06 3.98173e-06 3.4168e-06 0 12.50794982910156 10.99252986907959 24.72411346435547
1.00044 1.00056 0.641936 0.0806875 0.0493605 0.031327 0.00262781 2.43188e-06 4.21986e-06 3.85433e-06 0 12.5081205368042 10.99968719482422 24.72223281860352
1.00045 1.00056 0.641929 0.0806311 0.0493543 0.0312769 0.00251521 2.49396e-06 4.16636e-06 1.8859e-06 0 12.50822067260742 11.00685882568359 24.7114200592041
1.00045 1.00056 0.641927 0.0805753 0.0493465 0.0312288 0.00243717 2.51306e-06 4.1677e-06 1.23316e-06 0 12.50817108154297 11.0142068862915 24.70731544494629
1.00045 1.00057 0.641932 0.0805269 0.0493455 0.0311814 0.00259943 2.54024e-06 4.3395e-06 3.14343e-06 0 12.50832080841064 11.02180480957031 24.71392822265625
1.00045 1.00056 0.641924 0.0804703 0.0493362 0.0311341 0.00267682 2.56071e-06 4.18703e-06 1.13412e-06 0 12.50779914855957 11.02956581115723 24.71325302124023
1.00044 1.00056 0.641938 0.0804284 0.0493406 0.0310877 0.00256939 2.42023e-06 4.23622e-06 5.3846e-06 0 12.50779724121094 11.03716945648193 24.69928741455078
1.00043 1.00058 0.641956 0.080372 0.0493311 0.0310409 0.00244714 2.31229e-06 4.44209e-06 1.20241e-06 0 12.50784015655518 11.04471778869629 24.69502830505371
1.00044 1.00057 0.641943 0.0803103 0.0493165 0.0309938 0.00236596 2.39552e-06 4.30617e-06 7.25234e-07 0 12.50656318664551 11.05212020874023 24.70123863220215
1.00044 1.00057 0.641946 0.0802577 0.0493105 0.0309472 0.00231431 2.406e-06 4.40312e-06 5.28598e-07 0 12.50732326507568 11.05914783477783 24.69040679931641
1.00044 1.00057 0.641944 0.0802105 0.0493097 0.0309008 0.00227381 2.4009e-06 4.3346e-06 1.32596e-06 0 12.50753688812256 11.06641387939453 24.68816184997559
1.00044 1.00057 0.641949 0.080152 0.0492974 0.0308546 0.00222926 2.38275e-06 4.41082e-06 6.33951e-07 0 12.50747394561768 11.0747127532959 24.68024253845215
1.00044 1.00056 0.641939 0.0801058 0.0493006 0.0308052 0.00219939 2.39049e-06 4.20863e-06 6.53647e-06 0 12.50755310058594 11.08260536193848 24.6771297454834
1.00039 1.00058 0.641993 0.0800688 0.0493073 0.0307615 0.00227915 1.91589e-06 4.44105e-06 1.79346e-06 0 12.50756168365479 11.09020233154297 24.67324447631836
1.00034 1.00059 0.642051 0.0800363 0.0493227 0.0307136 0.00286808 1.41989e-06 4.56897e-06 4.366e-06 0 12.50759506225586 11.09768772125244 24.67274284362793
1.00036 1.00059 0.642035 0.0799568 0.0492894 0.0306675 0.00265561 1.57681e-06 4.60338e-06 2.54656e-06 0 12.5076208114624 11.10517978668213 24.66811370849609
1.00037 1.00058 0.642021 0.0798903 0.0492703 0.03062 0.00252723 1.69081e-06 4.56137e-06 1.06497e-06 0 12.50745487213135 11.11258602142334 24.67031860351562
1.00033 1.00059 0.642062 0.0798336 0.0492643 0.0305693 0.0026915 1.33805e-06 4.60125e-06 1.7307e-06 0 12.50733184814453 11.12006378173828 24.66554641723633
1.00035 1.00061 0.642059 0.0797697 0.0492468 0.030523 0.0026075 1.51665e-06 5.04305e-06 1.48311e-06 0 12.5074291229248 11.12751007080078 24.65823364257812
1.00036 1.00061 0.642045 0.0797182 0.0492401 0.030478 0.00248929 1.62054e-06 4.97423e-06 1.12615e-06 0 12.50744342803955 11.13490104675293 24.65526008605957
1.00036 1.00061 0.642041 0.0796659 0.0492331 0.0304329 0.00256925 1.6458e-06 4.92533e-06 1.47998e-06 0 12.50743675231934 11.1422815322876 24.65485954284668
1.00035 1.0006 0.642051 0.0796148 0.0492266 0.0303882 0.0026031 1.52648e-06 4.86565e-06 5.64934e-07 0 12.50741672515869 11.14965438842773 24.64872932434082
1.00036 1.00061 0.642043 0.0795605 0.0492189 0.0303416 0.00244837 1.61992e-06 4.91365e-06 4.68075e-07 0 12.50743961334229 11.15751647949219 24.6502685546875
1.00036 1.00061 0.642039 0.0795073 0.0492116 0.0302957 0.00235682 1.66245e-06 4.94129e-06 4.30989e-07 0 12.50685691833496 11.1646900177002 24.65365982055664
1.00037 1.00061 0.642037 0.0794554 0.0492052 0.0302501 0.00234629 1.70174e-06 4.97235e-06 5.81569e-07 0 12.50617504119873 11.172607421875 24.6613883972168
1.00037 1.00061 0.642035 0.0794031 0.0491983 0.0302048 0.00228065 1.72749e-06 5.01004e-06 4.16107e-07 0 12.50639820098877 11.17987155914307 24.64467620849609
1.00037 1.00061 0.642039 0.0793513 0.0491913 0.03016 0.00223386 1.70518e-06 5.03554e-06 4.00925e-07 0 12.50656223297119 11.18739128112793 24.6351318359375
1.00035 1.00062 0.642055 0.0793041 0.0491877 0.0301164 0.00245428 1.56119e-06 5.07099e-06 4.8692e-07 0 12.50605487823486 11.19570064544678 24.63215446472168
1.00035 1.00061 0.642057 0.079254 0.0491815 0.0300725 0.00240849 1.51262e-06 4.96302e-06 6.58917e-07 0 12.50631427764893 11.20300388336182 24.62339401245117
1.00035 1.00062 0.642061 0.0792017 0.0491733 0.0300284 0.00230747 1.51721e-06 5.08471e-06 6.7321e-07 0 12.50646114349365 11.21013927459717 24.62005043029785
1.00035 1.00062 0.642065 0.0791515 0.0491668 0.0299847 0.00225451 1.49211e-06 5.12744e-06 1.39671e-06 0 12.50649356842041 11.21735572814941 24.61654472351074
1.00034 1.00062 0.642069 0.0790998 0.0491588 0.0299409 0.00220539 1.47516e-06 5.1828e-06 3.91964e-07 0 12.50632476806641 11.22458076477051 24.61330795288086
