A/A0 V/V0 Vr eb eb_bend eb_ad ea ega ev ek ee
1 1.00092 0.642589 0.109093 0.0496849 0.0594082 0.000367957 0 1.12357e-05 4.40827e-09 0
1.00106 1.00079 0.641485 0.10858 0.0496497 0.0589302 0.000369539 1.40838e-05 8.31005e-06 5.15077e-05 0
1.00159 1.00079 0.640974 0.108209 0.0496689 0.05854 0.000411011 3.16531e-05 8.22254e-06 2.60546e-06 0
1.00147 1.00092 0.641175 0.107934 0.0496672 0.058267 0.000422554 2.70025e-05 1.12311e-05 2.79388e-06 0
1.00149 1.00081 0.641086 0.107663 0.0496632 0.0579995 0.000574349 2.77632e-05 8.74425e-06 3.36304e-06 0
1.00154 1.00078 0.64102 0.107409 0.0496674 0.0577415 0.000543261 2.9503e-05 8.0321e-06 3.46073e-06 0
1.00155 1.00073 0.640977 0.107167 0.0496688 0.0574986 0.000528667 3.01621e-05 7.19333e-06 4.95936e-06 0
1.00158 1.0007 0.640928 0.106939 0.0496745 0.0572649 0.000552489 3.12763e-05 6.53911e-06 3.39034e-06 0
1.0016 1.00067 0.640893 0.106717 0.0496772 0.05704 0.000554672 3.19565e-05 6.00199e-06 2.93828e-06 0
1.00163 1.00063 0.640837 0.106497 0.0496773 0.0568194 0.000563527 3.30961e-05 5.22846e-06 2.46368e-06 0
1.00165 1.00059 0.640793 0.1063 0.0496954 0.0566043 0.000576814 3.41149e-05 4.71056e-06 2.29445e-06 0
1.00168 1.00056 0.64075 0.106099 0.0497046 0.0563946 0.000591544 3.50778e-05 4.20429e-06 1.75043e-06 0
1.00168 1.00044 0.640673 0.105865 0.0497109 0.0561543 0.000670114 3.5139e-05 2.62025e-06 2.8371e-06 0
1.00173 1.00048 0.640648 0.105634 0.0496999 0.0559342 0.000661722 3.72386e-05 3.06444e-06 1.36804e-06 0
1.00175 1.00046 0.640613 0.105462 0.0497244 0.0557374 0.000669045 3.83406e-05 2.84606e-06 1.28335e-06 0
1.00176 1.00039 0.640558 0.105271 0.0497284 0.0555424 0.000755403 3.8747e-05 2.02379e-06 2.43871e-06 0
1.00176 1.00045 0.640596 0.105094 0.0497339 0.0553599 0.00073297 3.8686e-05 2.66636e-06 1.40852e-06 0
1.00177 1.00041 0.640567 0.104925 0.049744 0.055181 0.000733055 3.90159e-05 2.27472e-06 1.22985e-06 0
1.00179 1.00038 0.640526 0.104755 0.0497508 0.0550041 0.000867244 3.99668e-05 1.94301e-06 1.83183e-06 0
1.00179 1.00038 0.640517 0.104584 0.0497519 0.0548322 0.000840591 4.02468e-05 1.89353e-06 1.74988e-06 0
1.00181 1.00035 0.64049 0.104426 0.0497625 0.0546631 0.000825646 4.07381e-05 1.63268e-06 7.91234e-07 0
1.00182 1.00033 0.640461 0.104264 0.0497676 0.0544965 0.000824912 4.14951e-05 1.44924e-06 1.17482e-06 0
1.00184 1.00031 0.640434 0.104108 0.0497749 0.0543334 0.000831936 4.21068e-05 1.26975e-06 6.5139e-07 0
1.00184 1.00029 0.640415 0.103941 0.049802 0.0541386 0.000988558 4.2545e-05 1.13954e-06 2.73235e-06 0
1.00185 1.00027 0.6404 0.103775 0.0498045 0.0539703 0.00105468 4.25762e-05 9.71321e-07 2.62297e-06 0
1.00186 1.00025 0.640372 0.103625 0.0498087 0.0538159 0.00102476 4.3461e-05 8.64446e-07 9.49593e-07 0
1.00187 1.00026 0.640371 0.103455 0.0498258 0.0536295 0.00106943 4.35648e-05 8.83708e-07 1.00274e-06 0
1.00188 1.00024 0.640347 0.10327 0.0498234 0.0534467 0.00116269 4.40469e-05 7.3854e-07 1.97412e-06 0
1.00183 1.00027 0.640416 0.103144 0.0498626 0.0532812 0.00151673 4.17587e-05 9.67153e-07 1.68184e-06 0
1.00182 1.00023 0.640405 0.102994 0.0498616 0.0531322 0.0013523 4.12789e-05 7.36411e-07 2.5828e-06 0
1.00185 1.00021 0.640358 0.102847 0.0498638 0.0529833 0.0012819 4.26828e-05 5.79878e-07 3.91399e-06 0
1.00186 1.00021 0.640349 0.102714 0.0498748 0.0528395 0.00123785 4.30543e-05 5.69542e-07 1.0816e-06 0
1.00186 1.00019 0.640331 0.102571 0.049873 0.0526984 0.00121831 4.33976e-05 4.75042e-07 1.21627e-06 0
1.00187 1.00017 0.640315 0.102443 0.0498835 0.0525599 0.00120907 4.36689e-05 3.95478e-07 3.4842e-06 0
1.00187 1.00016 0.640306 0.102313 0.0498892 0.0524241 0.00120266 4.38331e-05 3.58099e-07 1.46892e-06 0
1.00188 1.00016 0.640297 0.102184 0.0498935 0.0522905 0.00120056 4.40217e-05 3.26205e-07 1.54325e-06 0
1.00188 1.00015 0.640289 0.102059 0.0498994 0.0521592 0.00120155 4.41874e-05 2.94326e-07 9.30978e-07 0
1.00188 1.00014 0.640281 0.101936 0.0499059 0.0520301 0.00120463 4.43785e-05 2.72374e-07 1.35866e-06 0
1.00189 1.00012 0.640266 0.101819 0.0499139 0.0519047 0.00129294 4.4515e-05 2.0358e-07 2.55333e-06 0
1.00189 1.00012 0.640258 0.101701 0.0499204 0.0517809 0.0012724 4.47235e-05 1.84007e-07 6.07606e-07 0
1.00188 1.00012 0.640267 0.101578 0.0499332 0.051645 0.00144078 4.43882e-05 1.96733e-07 1.25466e-06 0
1.00189 1.0001 0.640253 0.101462 0.0499386 0.0515236 0.00138596 4.44752e-05 1.38678e-07 3.03239e-06 0
1.00189 1.00011 0.640256 0.101351 0.0499443 0.0514063 0.00136329 4.44706e-05 1.49213e-07 1.07065e-06 0
1.00188 1.0001 0.640254 0.101244 0.0499524 0.0512911 0.00135197 4.4332e-05 1.28021e-07 2.13938e-06 0
1.00188 1.0001 0.640258 0.10114 0.0499654 0.0511751 0.00170304 4.42785e-05 1.43647e-07 1.2826e-06 0
1.00185 1.00015 0.640315 0.101032 0.0499685 0.0510637 0.00168118 4.28199e-05 2.8164e-07 1.08203e-06 0
1.00183 1.00016 0.640347 0.100933 0.049974 0.0509587 0.00157989 4.16899e-05 3.33442e-07 1.28416e-05 0
1.00183 1.00013 0.64033 0.100829 0.0499767 0.050852 0.00153767 4.17271e-05 2.37253e-07 7.13716e-06 0
1.00183 1.00014 0.640331 0.100738 0.0499926 0.0507455 0.00151252 4.189e-05 2.6417e-07 1.85026e-06 0
1.00183 1.00013 0.640327 0.100625 0.0499844 0.0506403 0.00150186 4.18928e-05 2.40301e-07 1.26723e-05 0
1.00183 1.00011 0.640309 0.10053 0.0499946 0.0505356 0.0015021 4.19453e-05 1.5337e-07 1.54072e-06 0
1.00183 1.0001 0.640303 0.100431 0.0499986 0.050432 0.00150201 4.20176e-05 1.36383e-07 1.57408e-06 0
1.00184 1.00011 0.640305 0.100322 0.0499928 0.0503294 0.0015042 4.21367e-05 1.53667e-07 1.81611e-06 0
1.00184 1.0001 0.640298 0.100227 0.0499994 0.0502278 0.00150795 4.22714e-05 1.37669e-07 1.22104e-06 0
1.00184 1.0001 0.640299 0.100137 0.0500092 0.050128 0.00151299 4.21102e-05 1.26451e-07 2.16676e-06 0
1.00183 1.00009 0.640298 0.100035 0.0500054 0.0500294 0.00154735 4.19316e-05 1.09422e-07 6.37231e-07 0
1.00183 1.00008 0.640292 0.0999391 0.0500084 0.0499307 0.0015455 4.20357e-05 9.43115e-08 5.52237e-07 0
1.00184 1.00008 0.640289 0.0998578 0.0500249 0.0498329 0.00154894 4.21107e-05 8.84137e-08 1.20808e-06 0
1.00184 1.00007 0.640283 0.0997519 0.050016 0.0497359 0.00155338 4.21902e-05 7.42254e-08 1.11974e-06 0
1.00184 1.00007 0.640278 0.0996601 0.0500202 0.0496399 0.00155988 4.2258e-05 6.51836e-08 6.8629e-07 0
1.00184 1.00008 0.640281 0.099593 0.0500484 0.0495447 0.00201084 4.23169e-05 7.70243e-08 2.83159e-06 0
1.00183 1 0.640248 0.0994706 0.0500355 0.0494351 0.001844 4.16479e-05 6.90871e-11 1.85898e-06 0
1.00182 1.00007 0.640295 0.0993671 0.0500296 0.0493375 0.00176994 4.13845e-05 5.98166e-08 1.70635e-06 0
1.00183 1.00004 0.640273 0.099274 0.050034 0.04924 0.00181357 4.17374e-05 2.55893e-08 1.73728e-06 0
1.00183 1.00005 0.640281 0.0991864 0.0500375 0.0491489 0.00177612 4.16633e-05 3.91373e-08 1.63446e-06 0
1.00183 1.00005 0.640277 0.0991142 0.0500553 0.0490589 0.00178659 4.17939e-05 3.60374e-08 3.18003e-06 0
1.00182 1.00006 0.640282 0.0990011 0.0500435 0.0489577 0.00179306 4.16375e-05 4.13997e-08 3.44883e-06 0
1.00183 1.00004 0.640266 0.0989193 0.0500509 0.0488684 0.00177633 4.18789e-05 1.9823e-08 3.39347e-06 0
1.00183 1.00004 0.640268 0.0988431 0.0500626 0.0487805 0.00177978 4.17829e-05 2.0311e-08 1.51445e-06 0
1.00183 1.00003 0.640263 0.0987458 0.0500528 0.0486929 0.00177783 4.17723e-05 1.21971e-08 1.69962e-06 0
1.00183 0.999992 0.640241 0.0986684 0.0500698 0.0485985 0.00199623 4.16743e-05 7.97946e-10 1.64933e-06 0
1.0018 1.00005 0.640301 0.0985866 0.0500774 0.0485092 0.00190418 4.05427e-05 3.1153e-08 2.13406e-06 0
1.00181 1.00003 0.640283 0.098485 0.0500658 0.0484191 0.00183423 4.09605e-05 1.61495e-08 3.28448e-06 0
1.00181 1.00004 0.640286 0.0984131 0.0500825 0.0483306 0.00180206 4.09169e-05 1.95023e-08 2.57334e-06 0
1.00176 1.00007 0.640356 0.0983388 0.0501022 0.0482366 0.00222104 3.85881e-05 6.48794e-08 4.51341e-06 0
1.00178 1.00004 0.640313 0.0982426 0.0500928 0.0481498 0.00208912 3.95667e-05 1.66991e-08 3.70406e-06 0
1.00177 1.00006 0.640341 0.0981539 0.0500978 0.0480561 0.00204883 3.8986e-05 4.53959e-08 4.09022e-06 0
1.00167 1.00008 0.640446 0.0980645 0.0501444 0.0479201 0.00251095 3.496e-05 9.21916e-08 2.41439e-06 0
1.00172 1.00003 0.640364 0.0979535 0.050142 0.0478115 0.0023176 3.71812e-05 1.50124e-08 2.92252e-06 0
1.00174 1.00004 0.64036 0.0978654 0.0501454 0.0477201 0.00220384 3.76363e-05 2.35385e-08 2.89895e-06 0
1.00174 1.00004 0.640358 0.0977553 0.0501249 0.0476304 0.00211412 3.77218e-05 2.34081e-08 2.35577e-06 0
1.00173 1.00004 0.640358 0.0976635 0.0501236 0.0475399 0.00210055 3.76335e-05 1.98597e-08 2.74343e-06 0
1.00173 1.00004 0.640362 0.0975772 0.0501285 0.0474487 0.00206176 3.75832e-05 2.57555e-08 2.24181e-06 0
1.00174 1.00004 0.640354 0.0974812 0.0501264 0.0473547 0.0020096 3.79734e-05 2.69713e-08 3.36832e-06 0
1.00173 1.00005 0.640369 0.097396 0.0501319 0.0472642 0.00199144 3.74272e-05 3.23471e-08 2.25879e-06 0
1.00173 1.00004 0.640366 0.0973043 0.0501312 0.0471731 0.00194832 3.73613e-05 2.4627e-08 1.34863e-06 0
1.0017 1.00006 0.6404 0.0972263 0.0501423 0.0470839 0.00229771 3.62502e-05 4.20484e-08 3.10551e-06 0
1.00171 1.00004 0.640381 0.0971346 0.0501424 0.0469922 0.00237653 3.66367e-05 2.17825e-08 4.4063e-06 0
1.00169 1.00008 0.640422 0.0970537 0.0501479 0.0469058 0.00213795 3.58188e-05 7.70382e-08 2.08596e-06 0
1.00169 1.00007 0.640419 0.0969731 0.0501528 0.0468203 0.00204767 3.581e-05 6.56734e-08 4.08092e-06 0
1.00169 1.00007 0.640418 0.0968799 0.0501457 0.0467342 0.00200488 3.5853e-05 6.76503e-08 3.14276e-06 0
1.00169 1.00006 0.640411 0.0967876 0.0501393 0.0466483 0.00199945 3.59105e-05 5.05911e-08 2.15459e-06 0
1.00169 1.00006 0.64041 0.0967287 0.0501663 0.0465625 0.00196731 3.58919e-05 4.85514e-08 2.23162e-06 0
1.0017 1.00006 0.640408 0.0966196 0.0501428 0.0464768 0.00193507 3.59293e-05 4.37057e-08 1.71905e-06 0
1.00169 1.00006 0.64041 0.0965351 0.0501437 0.0463913 0.00191605 3.58679e-05 4.58426e-08 3.34964e-06 0
1.0017 1.00004 0.640389 0.0964448 0.0501377 0.046307 0.00216859 3.62455e-05 2.10832e-08 1.58345e-06 0
1.00172 1.00004 0.640375 0.0963721 0.0501497 0.0462224 0.00204902 3.67753e-05 1.68826e-08 1.65315e-06 0
1.00171 1.00004 0.640378 0.0962812 0.050142 0.0461392 0.00200137 3.67481e-05 2.15869e-08 5.43187e-06 0
1.00171 0.999996 0.640353 0.0962091 0.0501552 0.0460539 0.00260889 3.66182e-05 1.78566e-10 2.99987e-06 0
1.00168 1.00004 0.640415 0.0961286 0.050154 0.0459746 0.00236457 3.51426e-05 2.16798e-08 2.77569e-06 0
1.00169 1.00003 0.640395 0.0960533 0.0501611 0.0458922 0.00223455 3.5728e-05 1.23119e-08 2.56217e-06 0
1.00161 1.00006 0.640497 0.095987 0.0501924 0.0457946 0.00268865 3.2223e-05 5.16326e-08 1.13889e-05 0
1.00161 0.999979 0.640444 0.0959066 0.0501919 0.0457148 0.00237956 3.22349e-05 5.66739e-09 2.82785e-06 0
1.00167 1.00002 0.640406 0.0958219 0.0501946 0.0456274 0.00223528 3.50007e-05 6.24265e-09 2.29525e-06 0
1.00167 1 0.640392 0.0957449 0.0501982 0.0455467 0.00241278 3.50734e-05 5.64334e-11 4.93952e-06 0
1.00167 1.00001 0.640403 0.0956355 0.0501686 0.045467 0.0023273 3.4905e-05 2.28615e-09 3.57697e-06 0
1.00166 1.00002 0.640416 0.0955502 0.0501623 0.0453879 0.00223888 3.45407e-05 6.07194e-09 3.03265e-06 0
1.00165 1.00003 0.640428 0.0954891 0.0501807 0.0453084 0.00217885 3.42379e-05 1.09865e-08 1.72521e-06 0
1.00165 1.00003 0.640433 0.0953867 0.0501581 0.0452286 0.00213384 3.39937e-05 1.0285e-08 5.44141e-07 0
1.00162 1 0.640442 0.0953188 0.050189 0.0451298 0.00303342 3.29417e-05 9.47374e-11 1.54524e-05 0
1.00158 1.00004 0.640505 0.0952214 0.0501797 0.0450417 0.0026456 3.13856e-05 2.45842e-08 4.24965e-06 0
1.00163 1.00002 0.640446 0.0951214 0.0501611 0.0449602 0.00248659 3.33558e-05 7.6339e-09 3.81589e-06 0
1.00164 1.00002 0.640434 0.0950425 0.0501604 0.0448821 0.00239185 3.37522e-05 5.69098e-09 1.363e-06 0
1.00149 1.00019 0.640688 0.0950236 0.0502198 0.0448038 0.00337769 2.78094e-05 4.79934e-07 6.11785e-06 0
1.00134 0.999944 0.64068 0.0952692 0.0505912 0.044678 0.00480069 2.22944e-05 4.23723e-08 4.14607e-05 0
1.00127 1.00012 0.640862 0.0950701 0.0504323 0.0446378 0.00421631 2.00489e-05 2.05483e-07 1.59466e-05 0
1.00142 1.00012 0.640716 0.0949078 0.0503259 0.0445818 0.00390247 2.50556e-05 1.91638e-07 8.5166e-06 0
1.00135 1.00001 0.640709 0.0948847 0.0503792 0.0445055 0.00410918 2.27045e-05 5.87012e-10 3.55805e-05 0
1.00131 1.00013 0.640821 0.0948448 0.0504348 0.04441 0.0044515 2.14491e-05 2.10351e-07 8.04199e-06 0
1.00127 0.999935 0.640736 0.0947194 0.0503935 0.0443259 0.0051351 2.02281e-05 5.59583e-08 7.72067e-05 0
1.0013 1.00008 0.640803 0.0945741 0.0503245 0.0442496 0.00418079 2.11624e-05 9.47315e-08 1.31789e-05 0
1.00128 1.00009 0.64083 0.0944487 0.0502821 0.0441666 0.00414356 2.04116e-05 1.11168e-07 8.01676e-06 0
1.00149 0.999984 0.640561 0.0943662 0.0502486 0.0441176 0.00366872 2.76087e-05 3.35182e-09 1.71285e-06 0
1.00152 0.999936 0.640495 0.0942933 0.0502348 0.0440585 0.00412919 2.90052e-05 5.46877e-08 2.17756e-06 0
1.00144 1.00003 0.640636 0.094208 0.0502192 0.0439888 0.0034645 2.58072e-05 9.42839e-09 5.91831e-06 0
1.0015 1.00002 0.640575 0.0941408 0.0502108 0.04393 0.00322104 2.80604e-05 7.07112e-09 4.71462e-06 0
1.00151 1.00003 0.640566 0.094066 0.0501913 0.0438747 0.00296169 2.85143e-05 1.04603e-08 3.71932e-06 0
1.00152 1.00004 0.640569 0.0940025 0.0501876 0.0438149 0.00278494 2.87358e-05 2.30832e-08 2.28455e-06 0
1.00152 1.00005 0.640571 0.0939245 0.0501731 0.0437514 0.00265569 2.87758e-05 2.75579e-08 1.78612e-06 0
1.00146 1.00009 0.640656 0.0938525 0.0501763 0.0436762 0.00270221 2.65286e-05 1.0397e-07 2.78592e-06 0
1.00145 1.00007 0.640657 0.093779 0.0501833 0.0435957 0.00276664 2.61225e-05 7.18077e-08 3.29188e-06 0
1.00145 1.00004 0.640633 0.0936958 0.0501755 0.0435203 0.00278254 2.62732e-05 2.3412e-08 1.55145e-06 0
1.00146 1.00006 0.640635 0.0936106 0.0501652 0.0434454 0.00260694 2.67467e-05 5.58499e-08 4.20669e-06 0
1.00146 1.00008 0.640644 0.0935264 0.050155 0.0433713 0.00248874 2.67452e-05 8.03904e-08 1.34622e-06 0
1.00146 1.00009 0.640653 0.0934408 0.0501437 0.0432972 0.00239987 2.65952e-05 9.68363e-08 2.03486e-06 0
1.00145 1.00009 0.640663 0.0933612 0.0501384 0.0432228 0.00232973 2.63953e-05 1.16108e-07 2.655e-06 0
1.00145 1.0001 0.640675 0.0932798 0.0501317 0.0431482 0.00227206 2.62314e-05 1.47066e-07 2.32774e-06 0
1.00144 1.00011 0.640684 0.0932028 0.0501291 0.0430737 0.00222376 2.60171e-05 1.63268e-07 1.57045e-06 0
1.00144 1.00011 0.64069 0.0931289 0.0501296 0.0429993 0.00218436 2.58558e-05 1.72225e-07 2.4248e-06 0
1.00136 1.00009 0.640755 0.0930837 0.0501804 0.0429033 0.00285959 2.30151e-05 1.13459e-07 1.4543e-05 0
1.00134 1.0001 0.640777 0.0930348 0.0502056 0.0428292 0.00323292 2.23321e-05 1.26572e-07 5.4506e-06 0
1.00137 1.00008 0.640733 0.0929322 0.0501854 0.0427468 0.00293142 2.36131e-05 9.6133e-08 5.51396e-06 0
1.00141 1.00007 0.64069 0.0928414 0.0501651 0.0426763 0.00270995 2.47382e-05 5.69885e-08 3.97497e-06 0
1.00141 1.00007 0.640686 0.0927571 0.0501524 0.0426047 0.00268455 2.49973e-05 6.68073e-08 5.33617e-06 0
1.00142 1.00008 0.640689 0.0926715 0.0501401 0.0425314 0.00254234 2.50913e-05 8.46287e-08 1.53723e-06 0
1.00141 1.0001 0.640708 0.0925889 0.050143 0.0424459 0.00271417 2.48059e-05 1.27095e-07 1.87051e-06 0
1.00141 1.00009 0.640698 0.0925015 0.0501325 0.042369 0.00253895 2.49635e-05 1.02731e-07 2.8839e-06 0
1.00141 1.00009 0.640704 0.0924172 0.0501224 0.0422948 0.00242763 2.47776e-05 1.07245e-07 1.73382e-06 0
1.0014 1.00009 0.640712 0.0923415 0.0501209 0.0422206 0.00234855 2.45407e-05 1.14274e-07 5.48517e-06 0
1.00142 1.0001 0.640695 0.0922891 0.0501567 0.0421323 0.0024218 2.53137e-05 1.27657e-07 3.02472e-05 0
1.00138 1.00013 0.640757 0.0922053 0.0501469 0.0420584 0.002313 2.37126e-05 2.14139e-07 2.71764e-06 0
1.00136 1.00013 0.640771 0.0921108 0.0501271 0.0419838 0.00229171 2.32618e-05 2.19138e-07 2.93625e-06 0
1.00136 1.00013 0.640782 0.0920293 0.0501196 0.0419097 0.00222509 2.29967e-05 2.40651e-07 3.86605e-06 0
1.00135 1.00014 0.640795 0.091972 0.0501361 0.0418359 0.00217522 2.27766e-05 2.79524e-07 7.7754e-07 0
1.00134 1.00014 0.640799 0.0918735 0.0501113 0.0417621 0.00213379 2.26036e-05 2.72775e-07 6.47533e-07 0
1.00133 1.00013 0.640804 0.0918056 0.0501178 0.0416878 0.00230229 2.21701e-05 2.3053e-07 5.14786e-06 0
1.00133 1.00014 0.640814 0.0917331 0.0501172 0.0416158 0.00220447 2.20977e-05 2.77822e-07 5.6984e-06 0
1.00133 1.00015 0.640823 0.0916791 0.0501355 0.0415437 0.00214139 2.19962e-05 3.14839e-07 2.56439e-06 0
1.00133 1.00016 0.640824 0.0915755 0.0501045 0.041471 0.00217038 2.20506e-05 3.32972e-07 1.55128e-06 0
1.00132 1.00016 0.640835 0.091505 0.0501059 0.0413992 0.00214416 2.18353e-05 3.59987e-07 1.85339e-06 0
1.00131 1.00017 0.640848 0.0914266 0.0500994 0.0413272 0.00213144 2.15564e-05 3.98358e-07 1.24424e-06 0
1.0013 1.00017 0.640856 0.0913581 0.0501029 0.0412552 0.00221368 2.12501e-05 3.89488e-07 1.15689e-06 0
1.00131 1.00017 0.640852 0.0912864 0.0501043 0.0411821 0.00220471 2.12972e-05 3.70917e-07 1.09755e-06 0
1.00131 1.00017 0.640852 0.0912137 0.0501036 0.0411101 0.00213386 2.13181e-05 3.7766e-07 1.12414e-06 0
1.00121 1.00019 0.640957 0.0911609 0.0501295 0.0410314 0.00268086 1.8388e-05 4.89713e-07 1.70671e-05 0
1.0012 1.00015 0.64094 0.0910679 0.0501028 0.040965 0.00249605 1.80749e-05 2.98445e-07 1.943e-06 0
1.00121 1.00017 0.640944 0.0909868 0.0500962 0.0408906 0.00281107 1.83953e-05 3.98286e-07 1.75175e-06 0
1.00122 1.00019 0.640949 0.0909234 0.0501155 0.0408079 0.00274506 1.85884e-05 4.82517e-07 3.29922e-06 0
1.00123 1.00017 0.640928 0.0908291 0.0500973 0.0407317 0.00281825 1.88657e-05 3.85596e-07 2.12885e-06 0
1.00124 1.00018 0.640918 0.0907546 0.0500957 0.040659 0.00260161 1.93011e-05 4.1076e-07 3.66846e-06 0
1.00125 1.00018 0.640919 0.0906869 0.050099 0.0405878 0.0024805 1.93825e-05 4.37634e-07 1.57931e-06 0
1.00124 1.00019 0.640925 0.0906313 0.0501139 0.0405173 0.00238921 1.93146e-05 4.70819e-07 1.22096e-06 0
1.00111 1.0003 0.641128 0.0906118 0.0501754 0.0404364 0.00294906 1.53899e-05 1.23628e-06 9.53806e-06 0
1.00116 1.00018 0.641 0.0904841 0.0501197 0.0403644 0.00278309 1.67241e-05 4.1017e-07 2.45437e-06 0
1.00117 1.0002 0.641006 0.0903903 0.0500972 0.0402931 0.00259313 1.70284e-05 5.33167e-07 2.0716e-06 0
1.00118 1.00021 0.641002 0.0903064 0.0500842 0.0402222 0.0024733 1.73113e-05 5.78217e-07 1.27531e-06 0
1.00109 1.00022 0.64109 0.0902547 0.0501258 0.040129 0.00276146 1.49171e-05 6.38524e-07 3.76054e-06 0
1.00111 1.00024 0.641088 0.0902037 0.0501393 0.0400644 0.00256367 1.54297e-05 7.93731e-07 4.2097e-06 0
1.00112 1.00026 0.64109 0.0900976 0.0500972 0.0400003 0.00243485 1.56144e-05 8.77957e-07 1.07792e-06 0
1.00112 1.00025 0.641088 0.0900184 0.0500826 0.0399358 0.00234824 1.55749e-05 8.41144e-07 1.43642e-06 0
1.00112 1.00026 0.641092 0.0899429 0.0500726 0.0398703 0.00228187 1.55978e-05 8.98137e-07 1.79851e-06 0
1.00112 1.00025 0.641082 0.0898778 0.0500758 0.039802 0.00231831 1.57918e-05 8.58392e-07 1.16324e-06 0
1.00112 1.00026 0.641096 0.0898061 0.0500686 0.0397375 0.00223884 1.55974e-05 9.3666e-07 1.36274e-06 0
1.00111 1.00027 0.641103 0.0897162 0.0500546 0.0396616 0.00214153 1.54061e-05 9.39154e-07 1.13845e-06 0
1.0011 1.00023 0.641093 0.0896805 0.0500885 0.0395919 0.00240034 1.50081e-05 6.97133e-07 4.28622e-06 0
1.0011 1.00027 0.641113 0.0895818 0.0500561 0.0395257 0.0022545 1.51256e-05 9.50945e-07 1.27818e-06 0
1.0011 1.00028 0.641122 0.0895096 0.0500486 0.0394609 0.00216616 1.50855e-05 1.03052e-06 7.86102e-07 0
1.0011 1.00028 0.641125 0.0894461 0.0500498 0.0393963 0.00210405 1.50629e-05 1.05956e-06 1.05521e-06 0
1.0011 1.00029 0.641128 0.0893677 0.0500361 0.0393316 0.00205309 1.50432e-05 1.08458e-06 6.42915e-07 0
1.00109 1.00029 0.641134 0.089301 0.0500342 0.0392668 0.00217162 1.4936e-05 1.11207e-06 9.56235e-07 0
1.00109 1.00029 0.641132 0.0892329 0.0500309 0.0392021 0.00208471 1.49663e-05 1.1043e-06 8.98145e-07 0
1.00109 1.00029 0.641137 0.0891571 0.0500192 0.0391379 0.00203021 1.49043e-05 1.13455e-06 6.87267e-07 0
1.00109 1.00029 0.641142 0.0890901 0.0500163 0.0390737 0.00198957 1.48008e-05 1.14908e-06 1.80828e-06 0
1.00109 1.0003 0.641146 0.0890195 0.0500097 0.0390098 0.00195431 1.47193e-05 1.1671e-06 1.3465e-06 0
1.00108 1.0003 0.64115 0.0889505 0.0500046 0.038946 0.00192335 1.46317e-05 1.18226e-06 2.31128e-06 0
1.00108 1.0003 0.641157 0.0888812 0.049999 0.0388822 0.00190255 1.45824e-05 1.23907e-06 2.41937e-06 0
1.00108 1.0003 0.641158 0.0888184 0.0499999 0.0388185 0.00186982 1.44963e-05 1.21795e-06 2.9471e-06 0
1.00107 1.0003 0.641162 0.0887402 0.0499851 0.0387551 0.00185084 1.43968e-05 1.22139e-06 2.3e-06 0
1.00107 1.00031 0.641169 0.0886777 0.049986 0.0386918 0.00182823 1.43283e-05 1.27515e-06 1.98453e-06 0
1.00107 1.00031 0.641171 0.0886071 0.0499786 0.0386285 0.00180827 1.42294e-05 1.26574e-06 1.02431e-06 0
1.00106 1.00032 0.641182 0.0885417 0.049976 0.0385657 0.00179023 1.41287e-05 1.35567e-06 5.64385e-06 0
1.00104 1.0003 0.641195 0.088471 0.0499719 0.0384991 0.00199855 1.345e-05 1.20151e-06 1.43625e-06 0
1.00105 1.00031 0.641195 0.0884025 0.049965 0.0384375 0.00190971 1.36689e-05 1.30867e-06 1.30192e-06 0
1.00105 1.00031 0.641191 0.0883561 0.0499806 0.0383756 0.0020134 1.36854e-05 1.26602e-06 3.12611e-06 0
1.00105 1.00033 0.641204 0.0882616 0.0499641 0.0382976 0.00199646 1.36904e-05 1.44136e-06 5.647e-06 0
1.00104 1.00032 0.641203 0.0881875 0.049954 0.0382335 0.00188226 1.3523e-05 1.34152e-06 2.05673e-06 0
1.00102 1.0003 0.641211 0.0881293 0.0499892 0.0381401 0.00251593 1.30792e-05 1.23208e-06 3.07721e-06 0
1.00101 1.00034 0.64124 0.0880467 0.0499768 0.0380699 0.00224921 1.28505e-05 1.49903e-06 1.78605e-06 0
1.001 1.00032 0.64124 0.0879963 0.0499936 0.0380027 0.00278326 1.26223e-05 1.3879e-06 3.58098e-06 0
1.001 1.00033 0.641245 0.087917 0.0499786 0.0379384 0.00244872 1.26162e-05 1.45086e-06 1.47815e-06 0
1.001 1.00033 0.641244 0.087835 0.049959 0.037876 0.00225029 1.25967e-05 1.43036e-06 2.06387e-06 0
1.001 1.00033 0.641248 0.087758 0.0499442 0.0378137 0.00213611 1.26226e-05 1.48804e-06 1.42935e-06 0
1.001 1.00033 0.641248 0.0876963 0.0499444 0.0377519 0.00204283 1.26028e-05 1.48108e-06 1.26403e-06 0
1.001 1.00034 0.641254 0.0876457 0.0499555 0.0376902 0.00197674 1.25683e-05 1.55436e-06 1.48132e-06 0
1.00077 1.00046 0.641553 0.0875772 0.0499563 0.0376209 0.00259768 7.43441e-06 2.81982e-06 9.79876e-06 0
1.0009 1.00036 0.641365 0.0875127 0.0499693 0.0375434 0.00274741 1.01796e-05 1.76724e-06 2.91291e-06 0
1.00095 1.00033 0.641297 0.0874404 0.0499603 0.0374801 0.00250983 1.13863e-05 1.4956e-06 2.89774e-06 0
1.00097 1.00033 0.641275 0.087368 0.04995 0.037418 0.00235894 1.17814e-05 1.41974e-06 1.15048e-06 0
1.00096 1.00034 0.641291 0.0872945 0.04994 0.0373545 0.00243047 1.16382e-05 1.56104e-06 1.85054e-06 0
1.00098 1.00032 0.641259 0.0872185 0.049924 0.0372944 0.00227939 1.20553e-05 1.34499e-06 1.49181e-06 0
1.00098 1.00033 0.641266 0.0871514 0.049917 0.0372344 0.00218738 1.20465e-05 1.43667e-06 4.75678e-06 0
1.00098 1.00033 0.64127 0.0870789 0.0499049 0.037174 0.00209395 1.19523e-05 1.44386e-06 1.34436e-06 0
1.00097 1.00033 0.641277 0.0870112 0.0498977 0.0371134 0.00204794 1.18615e-05 1.47898e-06 2.42506e-06 0
1.00096 1.00035 0.641295 0.0869447 0.0498923 0.0370524 0.00198302 1.161e-05 1.60124e-06 1.48689e-06 0
1.00097 1.00033 0.641282 0.0868811 0.0498915 0.0369896 0.00196038 1.16518e-05 1.43686e-06 1.5467e-06 0
1.00096 1.00034 0.64129 0.0868117 0.0498837 0.036928 0.00189133 1.15863e-05 1.51215e-06 1.17463e-06 0
1.00096 1.00034 0.641295 0.0867381 0.0498714 0.0368667 0.00183528 1.15073e-05 1.53521e-06 5.04677e-07 0
1.00095 1.00035 0.641312 0.0866802 0.0498788 0.0368013 0.00211587 1.13084e-05 1.66473e-06 1.37737e-06 0
1.00093 1.00035 0.641324 0.0866115 0.0498696 0.036742 0.00191292 1.09207e-05 1.61271e-06 7.46711e-07 0
1.00094 1.00035 0.641323 0.0865428 0.0498603 0.0366825 0.00180679 1.09773e-05 1.62721e-06 7.00145e-07 0
1.00092 1.00039 0.641366 0.0864596 0.0498404 0.0366193 0.00179705 1.05236e-05 1.99791e-06 1.5033e-06 0
1.00093 1.00036 0.641336 0.0863909 0.0498332 0.0365577 0.00173143 1.08616e-05 1.75734e-06 5.14757e-07 0
1.00093 1.00036 0.641338 0.0863242 0.049827 0.0364972 0.00168547 1.08129e-05 1.76135e-06 4.78083e-07 0
1.00093 1.00037 0.641345 0.086258 0.0498211 0.0364369 0.00164833 1.07104e-05 1.79156e-06 4.8771e-07 0
1.00091 1.00036 0.641355 0.0862149 0.049841 0.0363739 0.00237569 1.03714e-05 1.73064e-06 4.84006e-06 0
1.00094 1.00035 0.641321 0.0861481 0.0498363 0.0363119 0.00222275 1.09753e-05 1.60375e-06 5.4574e-06 0
1.00091 1.00036 0.641359 0.0860793 0.0498324 0.0362469 0.00204077 1.02611e-05 1.72621e-06 2.12022e-06 0
1.0009 1.00036 0.641361 0.0859999 0.0498151 0.0361848 0.0019296 1.01719e-05 1.70103e-06 6.47202e-07 0
1.0009 1.00035 0.641357 0.0859331 0.0498091 0.036124 0.00193635 1.01509e-05 1.6241e-06 5.05397e-07 0
1.0009 1.00036 0.64136 0.0858663 0.049802 0.0360644 0.00185308 1.01986e-05 1.69275e-06 4.61457e-07 0
1.0009 1.00036 0.641365 0.0858013 0.0497957 0.0360056 0.00179374 1.01358e-05 1.73316e-06 4.41449e-07 0
1.0009 1.00037 0.641375 0.0857437 0.0497965 0.0359472 0.00176745 1.00825e-05 1.84996e-06 1.85055e-06 0
1.00089 1.00037 0.641375 0.0856796 0.0497904 0.0358892 0.00175761 9.99707e-06 1.79302e-06 6.72999e-07 0
1.0009 1.00035 0.641361 0.0856217 0.0497919 0.0358299 0.00166393 1.01503e-05 1.67797e-06 1.8573e-06 0
1.00088 1.00037 0.641387 0.0855503 0.049778 0.0357723 0.00169212 9.76137e-06 1.81669e-06 6.99574e-07 0
1.00088 1.00038 0.641395 0.0854869 0.0497725 0.0357144 0.00163415 9.6902e-06 1.89315e-06 1.26433e-06 0
1.00083 1.00039 0.641454 0.08545 0.0497922 0.0356578 0.0020295 8.62707e-06 2.08148e-06 3.98363e-06 0
1.00085 1.00037 0.64142 0.0853761 0.0497753 0.0356008 0.00184986 9.06111e-06 1.86049e-06 9.99162e-07 0
1.0007 1.00032 0.641533 0.0853648 0.0498417 0.0355231 0.00266361 6.12861e-06 1.37991e-06 2.41861e-05 0
1.00076 1.0004 0.641533 0.0852842 0.049821 0.0354632 0.00228473 7.13988e-06 2.18662e-06 4.67457e-06 0
1.00077 1.00041 0.641516 0.0852076 0.049801 0.0354066 0.00227843 7.49772e-06 2.2167e-06 2.90652e-06 0
1.00077 1.00041 0.641517 0.0851441 0.0497917 0.0353523 0.0020999 7.4993e-06 2.22223e-06 2.11204e-06 0
1.00076 1.00041 0.641527 0.0850881 0.0497906 0.0352975 0.00260316 7.30299e-06 2.22641e-06 9.184e-07 0
1.00078 1.00035 0.641477 0.0850261 0.0497869 0.0352392 0.00377532 7.58321e-06 1.66596e-06 2.03307e-05 0
1.00066 1.0004 0.641616 0.084993 0.0498184 0.0351746 0.00345114 5.49877e-06 2.09652e-06 1.02801e-05 0
1.0007 1.0004 0.641584 0.0849232 0.0498027 0.0351206 0.00291344 6.05387e-06 2.08998e-06 5.49332e-06 0
1.0007 1.0005 0.641646 0.0848718 0.0498135 0.0350582 0.00286849 6.10888e-06 3.30165e-06 7.10204e-06 0
1.00075 1.00041 0.641534 0.0848168 0.0498094 0.0350074 0.0025195 7.11129e-06 2.19033e-06 1.84681e-06 0
1.00062 1.0006 0.64179 0.0848659 0.0499387 0.0349273 0.00325791 4.77792e-06 4.80648e-06 3.06264e-05 0
1.00068 1.00045 0.641629 0.0847202 0.0498324 0.0348878 0.00285169 5.86526e-06 2.69289e-06 4.54974e-06 0
1.00069 1.00041 0.641597 0.084658 0.0498158 0.0348422 0.00309455 6.01267e-06 2.26463e-06 1.59726e-06 0
1.0007 1.00041 0.641588 0.0845871 0.0497918 0.0347953 0.00274957 6.20548e-06 2.28485e-06 2.13706e-06 0
1.00067 1.00042 0.641629 0.0845593 0.0498118 0.0347476 0.00355668 5.53288e-06 2.35449e-06 3.17592e-06 0
1.00068 1.00041 0.641604 0.0844816 0.0497873 0.0346943 0.00304786 5.84564e-06 2.22366e-06 1.77648e-06 0
1.00066 1.00039 0.641616 0.0844151 0.0497862 0.0346289 0.00314211 5.47108e-06 2.06741e-06 2.69901e-06 0
1.00069 1.00041 0.641601 0.0843367 0.0497664 0.0345703 0.00290509 5.93657e-06 2.2622e-06 3.89456e-06 0
1.0007 1.00042 0.641596 0.0842649 0.0497477 0.0345172 0.00274058 6.14234e-06 2.36425e-06 4.19192e-06 0
1.00071 1.00042 0.641583 0.0842015 0.0497382 0.0344633 0.00286391 6.33709e-06 2.32231e-06 1.72008e-06 0
1.00069 1.00044 0.641616 0.0841387 0.0497294 0.0344093 0.0030579 5.93094e-06 2.52659e-06 1.34313e-06 0
1.00068 1.00042 0.641614 0.084072 0.0497162 0.0343558 0.00297546 5.83404e-06 2.38399e-06 1.01856e-06 0
1.00064 1.00039 0.641636 0.084025 0.049728 0.034297 0.00409216 5.10015e-06 2.02912e-06 2.2936e-05 0
1.00064 1.00043 0.641663 0.0839732 0.0497277 0.0342455 0.00350629 5.1033e-06 2.50794e-06 4.75577e-06 0
1.00064 1.00046 0.641677 0.0838997 0.0497052 0.0341945 0.00320699 5.17573e-06 2.84454e-06 3.12529e-06 0
1.00066 1.00044 0.641648 0.0838418 0.0496965 0.0341453 0.00302542 5.45849e-06 2.61613e-06 2.32039e-06 0
1.00067 1.00045 0.641644 0.0838039 0.0497081 0.0340958 0.00287769 5.63602e-06 2.72995e-06 1.27724e-06 0
1.00068 1.00044 0.641632 0.0837246 0.0496835 0.034041 0.00281244 5.75056e-06 2.62443e-06 1.04056e-06 0
1.00068 1.00045 0.641633 0.0837216 0.049731 0.0339906 0.00273016 5.82995e-06 2.73283e-06 5.46721e-06 0
1.00069 1.00044 0.641625 0.083608 0.0496682 0.0339398 0.00261933 5.87775e-06 2.621e-06 1.47031e-06 0
1.00068 1.00044 0.641627 0.0835526 0.0496668 0.0338858 0.00261287 5.79174e-06 2.58228e-06 1.04247e-06 0
1.00069 1.00044 0.641623 0.0834967 0.0496632 0.0338334 0.00251717 5.88992e-06 2.60169e-06 9.9465e-07 0
1.00064 1.00046 0.641679 0.083449 0.049677 0.0337721 0.00254143 5.11884e-06 2.81039e-06 2.53885e-06 0
1.00068 1.00044 0.641635 0.0833566 0.0496359 0.0337207 0.00245032 5.69701e-06 2.62255e-06 2.10248e-06 0
1.00066 1.00044 0.641645 0.0833051 0.0496338 0.0336714 0.0025222 5.5273e-06 2.63604e-06 2.64051e-06 0
1.00067 1.00045 0.641648 0.0832679 0.0496471 0.0336207 0.00241251 5.55034e-06 2.70865e-06 2.05144e-06 0
1.00063 1.00049 0.641705 0.0832016 0.0496336 0.033568 0.00262568 5.01206e-06 3.19383e-06 3.86987e-06 0
1.00064 1.00046 0.641679 0.0831425 0.0496287 0.0335138 0.00246482 5.10731e-06 2.8032e-06 2.26558e-06 0
1.00064 1.00046 0.641673 0.0830809 0.0496196 0.0334614 0.00236434 5.1906e-06 2.77997e-06 3.0909e-06 0
1.00064 1.00046 0.641674 0.0829987 0.0495893 0.0334093 0.00228258 5.19341e-06 2.80171e-06 1.23448e-06 0
1.00065 1.00046 0.641675 0.0829514 0.0495938 0.0333576 0.00222069 5.20442e-06 2.84183e-06 1.88968e-06 0
1.00064 1.00046 0.641675 0.082902 0.0495984 0.0333036 0.00263605 5.1691e-06 2.80542e-06 1.61148e-06 0
1.00065 1.00046 0.641676 0.0828268 0.0495757 0.0332511 0.00246624 5.20369e-06 2.85103e-06 1.84092e-06 0
1.00065 1.00047 0.641681 0.0827928 0.0495936 0.0331992 0.00237139 5.20895e-06 2.9507e-06 6.54187e-06 0
1.00064 1.00046 0.641678 0.0827169 0.049569 0.0331479 0.00241573 5.1374e-06 2.81324e-06 8.43263e-06 0
1.00064 1.00047 0.641684 0.0826583 0.0495613 0.033097 0.00232633 5.12719e-06 2.92477e-06 2.4096e-06 0
1.00064 1.00047 0.641687 0.0826012 0.049555 0.0330462 0.00226628 5.08817e-06 2.94543e-06 3.41913e-06 0
1.00064 1.00048 0.641695 0.0825391 0.0495435 0.0329956 0.0021985 5.04831e-06 3.0533e-06 3.09128e-06 0
1.00063 1.00047 0.641703 0.0824842 0.0495386 0.0329455 0.00216483 4.89283e-06 3.01027e-06 9.45875e-07 0
1.00063 1.00048 0.641706 0.0824292 0.0495345 0.0328947 0.00212874 4.93419e-06 3.12539e-06 7.07628e-07 0
1.00063 1.00049 0.641706 0.0823829 0.0495388 0.0328441 0.00209088 5.01501e-06 3.23733e-06 3.00478e-06 0
1.00063 1.00048 0.641697 0.0823258 0.0495328 0.0327929 0.00212923 5.02098e-06 3.0464e-06 2.7828e-06 0
1.00051 1.00046 0.641803 0.0822965 0.0495465 0.03275 0.00273409 3.26601e-06 2.8136e-06 4.79782e-06 0
1.00058 1.00046 0.641738 0.0822201 0.0495256 0.0326946 0.00269976 4.23744e-06 2.88454e-06 1.80969e-06 0
1.00054 1.00043 0.641749 0.0821979 0.0495617 0.0326362 0.00342597 3.71312e-06 2.41724e-06 1.57681e-05 0
1.00057 1.00049 0.641767 0.0821461 0.0495615 0.0325846 0.00297887 4.02179e-06 3.17523e-06 3.95393e-06 0
1.00057 1.00048 0.641763 0.0820873 0.0495518 0.0325355 0.00276035 4.05045e-06 3.12505e-06 3.24593e-06 0
1.00054 1.0005 0.641806 0.0820436 0.0495609 0.0324828 0.00298911 3.60949e-06 3.38126e-06 7.47191e-06 0
1.00056 1.00049 0.641771 0.081983 0.0495443 0.0324388 0.00274088 3.93998e-06 3.14084e-06 3.27706e-06 0
1.00057 1.00048 0.641752 0.0819245 0.049531 0.0323935 0.00259703 4.13221e-06 3.02571e-06 1.99662e-06 0
1.00058 1.00047 0.641744 0.0818705 0.0495224 0.0323481 0.00252713 4.19129e-06 2.93873e-06 3.82867e-06 0
1.00057 1.00047 0.641752 0.0818077 0.0495061 0.0323016 0.00247496 4.07026e-06 2.93448e-06 3.75698e-06 0
1.00057 1.00048 0.641759 0.0817441 0.049489 0.0322551 0.00238167 4.09959e-06 3.10935e-06 4.08513e-06 0
1.00057 1.00048 0.641758 0.081694 0.049485 0.032209 0.00234564 4.07535e-06 3.06779e-06 3.27049e-06 0
1.00056 1.00048 0.641775 0.0816342 0.0494742 0.03216 0.00229799 3.85985e-06 3.10514e-06 3.03907e-06 0
1.00056 1.00049 0.641782 0.0815946 0.0494773 0.0321172 0.00249648 3.87002e-06 3.26013e-06 1.99199e-06 0
1.00055 1.00051 0.641791 0.0815408 0.0494675 0.0320733 0.0023774 3.85076e-06 3.43495e-06 4.38389e-06 0
1.00055 1.00051 0.641795 0.0814848 0.0494568 0.032028 0.00231421 3.8183e-06 3.46699e-06 4.52912e-06 0
1.00055 1.00051 0.641797 0.081445 0.049463 0.0319819 0.00225385 3.78331e-06 3.45937e-06 2.72505e-06 0
1.00055 1.00051 0.641803 0.0813858 0.0494504 0.0319354 0.00224065 3.74053e-06 3.52105e-06 2.4206e-06 0
1.00043 1.0005 0.641904 0.0813654 0.0494716 0.0318938 0.00261639 2.34751e-06 3.35034e-06 4.91178e-06 0
1.00048 1.00052 0.641873 0.0812965 0.0494482 0.0318482 0.00247874 2.86717e-06 3.61711e-06 2.67726e-06 0
1.00049 1.00051 0.641856 0.0812466 0.0494445 0.0318021 0.00239631 3.03857e-06 3.53844e-06 2.64158e-06 0
1.0005 1.00052 0.641849 0.081179 0.0494228 0.0317561 0.00239304 3.13106e-06 3.54436e-06 5.99696e-06 0
1.0005 1.00054 0.641869 0.0811241 0.0494147 0.0317094 0.00242048 3.08523e-06 3.89696e-06 3.16239e-06 0
1.00051 1.00052 0.641844 0.0810885 0.0494278 0.0316607 0.00297079 3.24385e-06 3.62842e-06 5.83402e-06 0
1.00047 1.00055 0.641905 0.0810392 0.0494265 0.0316127 0.00266576 2.72916e-06 4.07537e-06 5.66389e-06 0
1.00047 1.00055 0.641907 0.0809629 0.0493986 0.0315643 0.0025144 2.71805e-06 4.09189e-06 2.74748e-06 0
1.00047 1.00055 0.641901 0.0809064 0.0493901 0.0315163 0.0024186 2.76794e-06 4.06883e-06 1.30231e-06 0
1.00037 1.00058 0.642018 0.0808749 0.0494025 0.0314725 0.00279798 1.69619e-06 4.48793e-06 4.55865e-06 0
1.00043 1.00057 0.64195 0.0808067 0.0493808 0.0314259 0.0026201 2.30486e-06 4.27784e-06 3.14982e-06 0
1.00045 1.00055 0.641921 0.0807557 0.0493763 0.0313794 0.002548 2.48932e-06 3.98173e-06 3.4168e-06 0
1.00044 1.00056 0.641936 0.0806875 0.0493605 0.031327 0.00262781 2.43188e-06 4.21986e-06 3.85433e-06 0
1.00045 1.00056 0.641929 0.0806311 0.0493543 0.0312769 0.00251521 2.49396e-06 4.16636e-06 1.8859e-06 0
1.00045 1.00056 0.641927 0.0805753 0.0493465 0.0312288 0.00243717 2.51306e-06 4.1677e-06 1.23316e-06 0
1.00045 1.00057 0.641932 0.0805269 0.0493455 0.0311814 0.00259943 2.54024e-06 4.3395e-06 3.14343e-06 0
1.00045 1.00056 0.641924 0.0804703 0.0493362 0.0311341 0.00267682 2.56071e-06 4.18703e-06 1.13412e-06 0
1.00044 1.00056 0.641938 0.0804284 0.0493406 0.0310877 0.00256939 2.42023e-06 4.23622e-06 5.3846e-06 0
1.00043 1.00058 0.641956 0.080372 0.0493311 0.0310409 0.00244714 2.31229e-06 4.44209e-06 1.20241e-06 0
1.00044 1.00057 0.641943 0.0803103 0.0493165 0.0309938 0.00236596 2.39552e-06 4.30617e-06 7.25234e-07 0
1.00044 1.00057 0.641946 0.0802577 0.0493105 0.0309472 0.00231431 2.406e-06 4.40312e-06 5.28598e-07 0
1.00044 1.00057 0.641944 0.0802105 0.0493097 0.0309008 0.00227381 2.4009e-06 4.3346e-06 1.32596e-06 0
1.00044 1.00057 0.641949 0.080152 0.0492974 0.0308546 0.00222926 2.38275e-06 4.41082e-06 6.33951e-07 0
1.00044 1.00056 0.641939 0.0801058 0.0493006 0.0308052 0.00219939 2.39049e-06 4.20863e-06 6.53647e-06 0
1.00039 1.00058 0.641993 0.0800688 0.0493073 0.0307615 0.00227915 1.91589e-06 4.44105e-06 1.79346e-06 0
