A/A0 V/V0 Vr eb eb_bend eb_ad ea ega ev ek ee  h0 h1 h2
1 1.00032 0.642203 0.111098 0.0495561 0.0615419 0.000329511 0 1.33674e-06 7.56699e-10 0 12.54967498779297 7.076537132263184 24.77803230285645
1.00103 1.0006 0.641393 0.108676 0.0497051 0.0589707 0.000352257 1.33968e-05 4.89304e-06 0.00185481 0 12.55001068115234 7.080577850341797 24.77298545837402
1.00219 1.00032 0.640101 0.105539 0.049925 0.0556145 0.000995208 6.01693e-05 1.36143e-06 0.00279621 0 12.55109882354736 7.0915846824646 24.771240234375
1.00329 0.999602 0.638595 0.103075 0.0502356 0.0528391 0.001278 0.000135428 2.12083e-06 0.00285535 0 12.56262111663818 7.362873077392578 24.85258483886719
1.00325 0.999072 0.638287 0.101095 0.0503962 0.0506987 0.00150807 0.000132807 1.15659e-05 0.00338642 0 12.57716751098633 7.748194694519043 24.96250915527344
1.00276 0.999046 0.638741 0.0995397 0.0505049 0.0490349 0.00121644 9.56253e-05 1.22163e-05 0.00390754 0 12.59090328216553 8.07532787322998 25.11776733398438
1.00156 0.999731 0.640326 0.0982495 0.0506794 0.0475701 0.00159304 3.06151e-05 9.73579e-07 0.0044415 0 12.59050464630127 8.339435577392578 25.19808769226074
1.00087 1.00047 0.641463 0.0970985 0.0509205 0.046178 0.00121212 9.53589e-06 2.96909e-06 0.00452755 0 12.58428955078125 8.551490783691406 25.25240707397461
1.00026 1.00108 0.642441 0.0957132 0.0510382 0.0446751 0.00199789 8.5682e-07 1.56059e-05 0.00467068 0 12.56926536560059 8.745749473571777 25.3397274017334
1.00031 1.00134 0.642564 0.0941378 0.0509917 0.0431461 0.00156564 1.19859e-06 2.41585e-05 0.00448329 0 12.56061172485352 8.930130958557129 25.46023750305176
1.00066 1.00105 0.642038 0.0927126 0.0510603 0.0416523 0.00195427 5.51345e-06 1.48765e-05 0.00457679 0 12.55295372009277 9.131293296813965 25.51910591125488
1.00101 1.00064 0.641444 0.0914149 0.0511603 0.0402546 0.00200352 1.27384e-05 5.57983e-06 0.00423636 0 12.55356121063232 9.335424423217773 25.49581909179688
1.00147 1.00005 0.640623 0.0904179 0.0514036 0.0390143 0.00164417 2.70654e-05 3.84264e-08 0.00391719 0 12.55799102783203 9.536590576171875 25.53015899658203
1.00119 1.00015 0.640957 0.0893228 0.0513628 0.03796 0.00170208 1.76864e-05 3.20316e-07 0.00384991 0 12.56230449676514 9.728157043457031 25.58017349243164
1.00058 1.0006 0.641831 0.0883488 0.0512531 0.0370957 0.0024461 4.18109e-06 4.86276e-06 0.00450485 0 12.56811714172363 9.900202751159668 25.70181083679199
0.999815 1.00122 0.642963 0.0874005 0.0511081 0.0362924 0.00174326 4.27601e-07 2.00627e-05 0.00438682 0 12.56458568572998 10.05234718322754 25.68141937255859
0.999883 1.00126 0.642924 0.0865499 0.0511409 0.0354089 0.0017955 1.73069e-07 2.13918e-05 0.00445843 0 12.55692481994629 10.18067169189453 25.62652587890625
1.00016 1.00103 0.642508 0.0854372 0.0510053 0.0344319 0.00164407 3.2373e-07 1.43116e-05 0.00470443 0 12.54735946655273 10.30219745635986 25.55405235290527
1.00101 1.00035 0.641256 0.0842669 0.0507855 0.0334814 0.00192928 1.27403e-05 1.65006e-06 0.00512312 0 12.54819869995117 10.43253135681152 25.57046699523926
1.00126 1.00007 0.640832 0.0833636 0.0507313 0.0326322 0.00220362 1.99717e-05 6.63268e-08 0.00516954 0 12.55170249938965 10.5775146484375 25.50266075134277
1.00109 1.00018 0.641069 0.0825449 0.0505805 0.0319644 0.00171342 1.48395e-05 4.28792e-07 0.00556392 0 12.5623254776001 10.7176399230957 25.39280700683594
1.00056 1.00054 0.641809 0.0818902 0.0505126 0.0313776 0.00197191 3.90314e-06 3.89817e-06 0.00618056 0 12.56551456451416 10.84723854064941 25.36566352844238
0.999972 1.00095 0.642639 0.0809569 0.0502064 0.0307505 0.00182531 1.01062e-08 1.21879e-05 0.00670117 0 12.56332397460938 10.95223617553711 25.2902774810791
1.00014 1.00079 0.64237 0.0800764 0.0500527 0.0300237 0.00189318 2.51653e-07 8.34511e-06 0.00716906 0 12.55669116973877 11.04726505279541 25.25627708435059
1.00061 1.00039 0.641658 0.0791986 0.0499932 0.0292053 0.00158246 4.74018e-06 2.02215e-06 0.0071415 0 12.5493049621582 11.14981937408447 25.10323524475098
1.00117 0.999984 0.640864 0.0783463 0.0499432 0.028403 0.00171744 1.72093e-05 3.46019e-09 0.00706884 0 12.55147552490234 11.2657642364502 25.02632904052734
1.00107 1.00005 0.641004 0.0776015 0.0499111 0.0276903 0.00257525 1.4258e-05 2.77889e-08 0.00707005 0 12.55738735198975 11.39669799804688 24.99659729003906
1.00048 1.0005 0.641857 0.0768528 0.0497829 0.0270699 0.00191505 2.9031e-06 3.33165e-06 0.00678819 0 12.56436252593994 11.52649784088135 24.97162818908691
0.999877 1.00089 0.642688 0.0761992 0.0497383 0.0264609 0.00233472 1.91261e-07 1.05527e-05 0.0066364 0 12.56305694580078 11.64625263214111 24.95557403564453
0.999691 1.00097 0.642921 0.0755847 0.0497958 0.025789 0.00254076 1.19783e-06 1.26338e-05 0.00603333 0 12.55570030212402 11.75402736663818 24.8914680480957
1.00015 1.00066 0.642275 0.0747873 0.0497116 0.0250757 0.00198959 2.98094e-07 5.83892e-06 0.00566579 0 12.54811763763428 11.86105060577393 24.86914443969727
1.00028 1.00055 0.642081 0.0740795 0.049682 0.0243975 0.00278778 1.00462e-06 4.07523e-06 0.00545671 0 12.54579830169678 11.97830677032471 24.89787292480469
0.999729 1.00095 0.642869 0.0730413 0.0492328 0.0238085 0.00219948 9.21108e-07 1.20291e-05 0.00558035 0 12.55159950256348 12.10151100158691 24.8558177947998
0.999255 1.00133 0.643576 0.0722368 0.0489761 0.0232606 0.00222487 6.9693e-06 2.39005e-05 0.00540089 0 12.55322074890137 12.22170448303223 24.84100723266602
0.999204 1.00132 0.643618 0.071444 0.0487336 0.0227103 0.00212384 7.95748e-06 2.34899e-05 0.00529581 0 12.54628562927246 12.33037757873535 24.61636543273926
0.999613 1.00106 0.643054 0.0708241 0.0486426 0.0221815 0.00214824 1.88091e-06 1.51012e-05 0.00485104 0 12.54033851623535 12.43239974975586 24.48805999755859
0.999732 1.00099 0.642895 0.0700567 0.0483385 0.0217182 0.00181856 9.03791e-07 1.31625e-05 0.00487605 0 12.53969764709473 12.53423881530762 24.36680793762207
0.999505 1.00117 0.643232 0.0696502 0.0483174 0.0213328 0.00184092 3.0729e-06 1.85183e-05 0.00461638 0 12.54482936859131 12.63134860992432 24.32130241394043
0.99913 1.00145 0.643771 0.0692424 0.0482447 0.0209977 0.00198041 9.50688e-06 2.81836e-05 0.00470913 0 12.54630565643311 12.71842956542969 24.16923904418945
0.999279 1.0015 0.643661 0.0688505 0.0481716 0.0206788 0.00199275 6.53081e-06 3.03227e-05 0.00484445 0 12.5434513092041 12.79289150238037 24.15871620178223
0.999708 1.00129 0.64311 0.0686713 0.0482896 0.0203816 0.00179574 1.07098e-06 2.2325e-05 0.00462879 0 12.5387544631958 12.85894203186035 24.12234687805176
0.999751 1.00131 0.643082 0.0685461 0.0484004 0.0201458 0.00214259 7.79314e-07 2.30789e-05 0.00460621 0 12.54060935974121 12.92017650604248 24.0858268737793
0.99951 1.00152 0.643451 0.0681798 0.048208 0.0199718 0.0016596 3.01859e-06 3.11231e-05 0.00488381 0 12.54599475860596 12.97653198242188 24.14483642578125
0.999519 1.00153 0.643449 0.0680232 0.0481939 0.0198293 0.00148476 2.9017e-06 3.15725e-05 0.00523794 0 12.54653263092041 13.02276039123535 24.20019149780273
0.999664 1.00144 0.643247 0.0680742 0.0483566 0.0197176 0.00142597 1.417e-06 2.77345e-05 0.00510866 0 12.54351425170898 13.05808925628662 24.10397529602051
0.999832 1.00141 0.643069 0.0679422 0.0482965 0.0196457 0.00173219 3.55345e-07 2.67586e-05 0.00554008 0 12.54364585876465 13.08634471893311 24.09696006774902
0.999821 1.00136 0.643049 0.067818 0.0481985 0.0196195 0.00139064 4.02785e-07 2.49745e-05 0.0058423 0 12.54545116424561 13.1080150604248 24.17829895019531
0.999639 1.00153 0.643331 0.0678986 0.0482611 0.0196375 0.00123485 1.63151e-06 3.14919e-05 0.00560846 0 12.54758358001709 13.12171745300293 24.14824676513672
0.999677 1.00152 0.643289 0.0679648 0.048294 0.0196707 0.00124098 1.30598e-06 3.1108e-05 0.00561883 0 12.54740905761719 13.12698364257812 24.09926414489746
0.999899 1.00137 0.642974 0.0680088 0.0482952 0.0197136 0.00114247 1.27093e-07 2.50523e-05 0.00559411 0 12.54513072967529 13.12411975860596 24.13055419921875
0.999791 1.00148 0.643148 0.0683242 0.0485426 0.0197816 0.00115581 5.45574e-07 2.92179e-05 0.0051532 0 12.54563522338867 13.11732578277588 24.14701271057129
0.999531 1.00164 0.643507 0.0681847 0.0483215 0.0198632 0.00105921 2.76323e-06 3.61697e-05 0.00551829 0 12.54839992523193 13.10786533355713 24.14761161804199
0.999728 1.00153 0.643243 0.0686054 0.0486836 0.0199218 0.000945334 9.30844e-07 3.1261e-05 0.00466479 0 12.54705238342285 13.09476375579834 24.27130508422852
0.999886 1.00145 0.643039 0.0686634 0.0486827 0.0199808 0.000901079 1.62563e-07 2.80835e-05 0.00465144 0 12.54378509521484 13.07955074310303 24.16074562072754
0.999703 1.00156 0.643289 0.0688877 0.0488431 0.0200446 0.000960877 1.10767e-06 3.27012e-05 0.0043422 0 12.54626655578613 13.06715679168701 24.34180068969727
0.999628 1.00156 0.643363 0.0688137 0.0487197 0.020094 0.000810493 1.73561e-06 3.28412e-05 0.00436286 0 12.54823589324951 13.05483436584473 24.34132957458496
0.999765 1.00148 0.643179 0.068923 0.048803 0.02012 0.000766719 6.93257e-07 2.94944e-05 0.00413963 0 12.54593658447266 13.04292964935303 24.42153739929199
0.99973 1.00153 0.64324 0.0689982 0.0488617 0.0201365 0.000839853 9.16135e-07 3.12565e-05 0.00411706 0 12.54500675201416 13.03345108032227 24.35985946655273
0.999646 1.00156 0.64334 0.0689884 0.0488502 0.0201382 0.000759114 1.57041e-06 3.24967e-05 0.00409726 0 12.54674053192139 13.0277738571167 24.40151405334473
0.999713 1.00152 0.643255 0.0688655 0.0487468 0.0201187 0.000745746 1.03073e-06 3.11966e-05 0.00440799 0 12.54628467559814 13.02464580535889 24.43085670471191
0.999708 1.0015 0.643244 0.0688597 0.0487709 0.0200888 0.000861898 1.06667e-06 3.01623e-05 0.00444593 0 12.54524421691895 13.02464866638184 24.42506790161133
0.99966 1.00153 0.643313 0.0686761 0.0486279 0.0200483 0.000770157 1.452e-06 3.15799e-05 0.00487322 0 12.54607486724854 13.02824401855469 24.3734188079834
0.999754 1.0015 0.643202 0.0686706 0.0486791 0.0199915 0.000669603 7.60531e-07 3.02847e-05 0.00488691 0 12.54600429534912 13.03415966033936 24.38544845581055
0.999813 1.00148 0.643127 0.0685583 0.0486293 0.019929 0.000753625 4.36782e-07 2.92056e-05 0.00519889 0 12.54541015625 13.04237270355225 24.31393814086914
0.999742 1.00156 0.643248 0.0682506 0.0483862 0.0198644 0.000752857 8.32124e-07 3.25097e-05 0.00580704 0 12.54659748077393 13.05322742462158 24.33955955505371
0.99976 1.00156 0.643235 0.0684284 0.0486365 0.0197919 0.000694849 7.23379e-07 3.27651e-05 0.00545851 0 12.54732704162598 13.06538486480713 24.31467437744141
0.999872 1.00149 0.64308 0.068286 0.0485693 0.0197167 0.000767224 2.05014e-07 2.9771e-05 0.00591223 0 12.54644775390625 13.07847785949707 24.19308853149414
0.999893 1.00149 0.643062 0.0683021 0.0486488 0.0196533 0.000606324 1.42548e-07 2.99671e-05 0.0059116 0 12.5466423034668 13.09284114837646 24.3182430267334
0.999885 1.00153 0.643092 0.0683191 0.048714 0.019605 0.000576119 1.64987e-07 3.13356e-05 0.00590018 0 12.54807376861572 13.10737705230713 24.28461647033691
0.999945 1.00151 0.643021 0.0683146 0.0487413 0.0195734 0.000561118 3.86549e-08 3.04786e-05 0.00595963 0 12.5483283996582 13.11995029449463 24.32440567016602
1.00001 1.00149 0.642948 0.0685615 0.0489979 0.0195636 0.000560076 1.46208e-09 2.98889e-05 0.00552883 0 12.54822444915771 13.12964916229248 24.35700798034668
0.999965 1.00152 0.643012 0.0685792 0.0489989 0.0195803 0.000556129 1.56322e-08 3.11567e-05 0.00564448 0 12.54899787902832 13.13574504852295 24.3706226348877
0.999901 1.00156 0.643096 0.068788 0.049173 0.0196151 0.000569597 1.22078e-07 3.2628e-05 0.00546916 0 12.54980945587158 13.13743019104004 24.49896430969238
0.999875 1.00157 0.643126 0.0689744 0.0493109 0.0196634 0.000527723 1.96275e-07 3.29225e-05 0.00511468 0 12.54923534393311 13.13428783416748 24.49950218200684
0.999882 1.00157 0.643124 0.0690624 0.0493414 0.019721 0.000565854 1.73969e-07 3.32633e-05 0.00499871 0 12.54844951629639 13.12755393981934 24.58646583557129
0.999866 1.00156 0.64313 0.0690906 0.0493053 0.0197853 0.000531469 2.26572e-07 3.25774e-05 0.00495793 0 12.54811763763428 13.11799144744873 24.65545845031738
0.999832 1.00156 0.643165 0.0690348 0.0491822 0.0198526 0.000483601 3.52319e-07 3.2787e-05 0.00505811 0 12.54817676544189 13.10646915435791 24.67069435119629
0.999788 1.00157 0.643213 0.0690092 0.0490948 0.0199145 0.000498419 5.64817e-07 3.31102e-05 0.00507839 0 12.54798221588135 13.09373474121094 24.65265655517578
0.999748 1.00154 0.643233 0.068841 0.0488778 0.0199632 0.00050286 7.95765e-07 3.19044e-05 0.00550667 0 12.54756641387939 13.08046913146973 24.59111022949219
0.999742 1.00151 0.64322 0.0689831 0.0489917 0.0199914 0.000460871 8.33131e-07 3.0745e-05 0.00518924 0 12.54700374603271 13.06837368011475 24.54735374450684
0.999724 1.00149 0.643226 0.0688193 0.0488214 0.0199979 0.000458183 9.58378e-07 2.99735e-05 0.00557386 0 12.54650974273682 13.05884265899658 24.43889427185059
0.99972 1.00147 0.643213 0.0691182 0.0491372 0.019981 0.000458453 9.81841e-07 2.89762e-05 0.00496907 0 12.5464334487915 13.05329418182373 24.49581336975098
0.999654 1.00149 0.643289 0.0688175 0.0488727 0.0199448 0.000433235 1.506e-06 2.96836e-05 0.00561116 0 12.54619979858398 13.05207538604736 24.41071701049805
0.999629 1.00149 0.643313 0.0687252 0.0488347 0.0198905 0.000422707 1.72316e-06 2.97526e-05 0.0057138 0 12.54617118835449 13.05544471740723 24.56857299804688
0.999641 1.00148 0.643293 0.0686727 0.0488487 0.019824 0.000430912 1.6178e-06 2.91971e-05 0.00579015 0 12.54532623291016 13.06289672851562 24.43635940551758
0.999663 1.00149 0.64328 0.0687881 0.0490343 0.0197538 0.000412258 1.42201e-06 2.96995e-05 0.00544222 0 12.54502773284912 13.07375144958496 24.4173755645752
0.999663 1.0015 0.643286 0.0686536 0.0489669 0.0196867 0.000419312 1.42533e-06 3.00536e-05 0.00564786 0 12.54517078399658 13.08691787719727 24.42434120178223
0.999701 1.00152 0.643262 0.0686774 0.0490519 0.0196255 0.000404298 1.12393e-06 3.08656e-05 0.00563818 0 12.5454568862915 13.10081768035889 24.51714515686035
0.999759 1.0015 0.643198 0.0685384 0.0489661 0.0195723 0.000405878 7.27396e-07 3.03462e-05 0.00605683 0 12.54544830322266 13.11417198181152 24.48341751098633
0.999813 1.00151 0.643151 0.0686237 0.0490896 0.0195341 0.000408811 4.40563e-07 3.06538e-05 0.00607541 0 12.54592037200928 13.12626552581787 24.52597236633301
