9.280000 523.242871
21.000000 665.578046
40.060000 665.016384
59.080000 665.017946
78.100000 665.018772
97.140000 665.020147
116.160000 665.021382
135.200000 665.022456
154.220000 665.024129
173.240000 665.025294
192.280000 665.027089
211.300000 665.028754
230.340000 665.030362
249.360000 665.032584
268.380000 665.034368
287.420000 665.036930
306.440000 665.039392
325.480000 665.041987
344.500000 665.045242
363.520000 665.048198
382.560000 665.052217
401.580000 665.056215
420.620000 665.060718
439.640000 665.066000
458.680000 665.071288
477.640000 665.062433
477.698000 665.078181
496.726000 665.085259
515.756000 665.093510
534.784000 665.102885
553.812000 665.113559
572.840000 665.125741
591.870000 665.139681
610.898000 665.155664
648.956000 665.195142
667.986000 665.219472
687.014000 665.247536
706.044000 665.279933
725.074000 665.317345
744.104000 665.360559
782.166000 665.468060
801.198000 665.534465
820.230000 665.610920
839.262000 665.698783
858.296000 665.799532
877.330000 665.914763
896.366000 666.046193
915.402000 666.195676
934.440000 666.365228
953.480000 666.557090
972.522000 666.773805
991.564000 667.018326
1010.610000 667.294052
1029.660000 667.604813
1048.714000 667.954625
1067.774000 668.347224
1086.842000 668.785255
1105.920000 669.269191
1125.008000 669.796432
1163.220000 670.958861
1182.340000 671.585287
