19.050000 192.039219
58.950000 202.301553
101.200000 202.301174
143.400000 202.301320
185.650000 202.301416
227.850000 202.301592
270.100000 202.301738
312.300000 202.301953
354.550000 202.302159
396.750000 202.302425
439.000000 202.302702
481.200000 202.303032
523.450000 202.303397
565.650000 202.303808
607.900000 202.304280
650.100000 202.304796
692.350000 202.305401
734.550000 202.306050
776.800000 202.306823
819.000000 202.307641
861.250000 202.308625
903.450000 202.309661
945.700000 202.310913
987.900000 202.312229
1030.150000 202.313825
1072.350000 202.315502
1114.600000 202.317540
1156.800000 202.319682
1199.050000 202.322294
1241.270000 202.325391
1283.495000 202.328630
1325.720000 202.332307
1367.945000 202.336482
1410.175000 202.341229
1452.400000 202.346634
1494.625000 202.352788
1536.855000 202.359801
1579.080000 202.367803
1621.310000 202.376937
1705.765000 202.399298
1747.995000 202.412941
1790.230000 202.428554
1832.460000 202.446435
1874.695000 202.466915
1916.925000 202.490387
1959.165000 202.517295
2001.400000 202.548146
2043.640000 202.583522
2085.885000 202.624092
2128.130000 202.670608
2170.380000 202.723931
2212.635000 202.785033
2297.155000 202.935095
2339.425000 203.026660
2381.705000 203.131229
2423.990000 203.250476
2466.285000 203.386230
2508.595000 203.540462
2550.915000 203.715267
2593.250000 203.912843
2635.600000 204.135441
2677.975000 204.385325
2720.370000 204.664682
2762.785000 204.975559
2805.235000 205.319748
2847.715000 205.698681
2890.230000 206.113322
2932.785000 206.564045
