11.480000 1754.983410
22.140000 1752.191849
32.790000 1752.197312
43.440000 1752.201846
54.080000 1752.207143
64.730000 1752.213847
75.380000 1752.220636
86.030000 1752.227557
96.680000 1752.234661
107.320000 1752.243715
117.970000 1752.253467
128.620000 1752.263578
139.270000 1752.274115
149.910000 1752.285662
160.560000 1752.299391
171.210000 1752.313787
181.860000 1752.328945
192.510000 1752.344965
203.150000 1752.363302
213.800000 1752.383475
224.450000 1752.404859
235.100000 1752.427589
245.745000 1752.455725
256.393000 1752.482845
267.041000 1752.512212
277.689000 1752.543989
288.336000 1752.578363
298.984000 1752.615510
309.632000 1752.655613
320.280000 1752.698862
330.928000 1752.745449
341.576000 1752.795562
352.224000 1752.849380
362.872000 1752.907076
373.519000 1752.968807
384.167000 1753.034713
394.815000 1753.104889
405.463000 1753.179388
416.111000 1753.258176
426.759000 1753.341087
437.407000 1753.427742
448.054000 1753.517497
458.702000 1753.609353
469.349000 1753.701992
479.997000 1753.793920
490.644000 1753.883344
501.291000 1753.968002
511.937000 1754.044466
522.584000 1754.107685
533.229000 1754.151543
543.874000 1754.170487
554.518000 1754.159749
565.161000 1754.111674
575.803000 1754.011858
586.444000 1753.841325
597.085000 1753.580524
