A/A0 V/V0 Vr eb eb_bend eb_ad ea ega ev ek ee  h0 h1 h2
1 1.00092 0.642589 0.109093 0.0496849 0.0594082 0.000367957 0 1.12357e-05 4.40827e-09 0 12.5019588470459 7.345518589019775 24.84242057800293
1.00226 0.999961 0.639805 0.10467 0.0498682 0.0548022 0.000887011 6.38371e-05 2.02747e-08 0.000407393 0 12.53020858764648 7.869629859924316 24.93407440185547
1.00199 1.0001 0.640149 0.101842 0.0499892 0.0518524 0.00126601 4.96481e-05 1.29229e-07 0.000412077 0 12.52688217163086 8.22883129119873 24.99460601806641
1.00145 1.00046 0.640902 0.0998939 0.050195 0.0496989 0.00152913 2.61353e-05 2.76907e-06 0.000229662 0 12.52003192901611 8.499665260314941 25.09750175476074
1.00177 1.00008 0.640347 0.0979561 0.0502626 0.0476935 0.00217604 3.93084e-05 8.28266e-08 0.000358933 0 12.52413082122803 8.751890182495117 25.13129234313965
1.00168 1.00003 0.640402 0.0962746 0.0502879 0.0459867 0.00247428 3.52963e-05 9.50275e-09 0.000520327 0 12.52296733856201 8.973102569580078 25.14394378662109
1.00132 0.99997 0.640708 0.0948449 0.0505611 0.0442838 0.00581895 2.19182e-05 1.1784e-08 0.00125338 0 12.51851654052734 9.199455261230469 25.28055763244629
1.0014 1.00016 0.640755 0.0932776 0.0502822 0.0429954 0.00232347 2.45627e-05 3.38963e-07 0.000594951 0 12.5194845199585 9.371525764465332 25.14110374450684
1.0014 1.00005 0.64069 0.091775 0.0502757 0.0414993 0.00221021 2.4365e-05 3.28802e-08 0.000727743 0 12.51941776275635 9.575160980224609 25.13784027099609
1.00111 1.00023 0.641074 0.0903034 0.0501821 0.0401213 0.00225564 1.55159e-05 6.90164e-07 0.000466001 0 12.51588916778564 9.767558097839355 25.09105682373047
1.00105 1.00035 0.641213 0.0888144 0.050091 0.0387234 0.00213697 1.38198e-05 1.63234e-06 0.000330926 0 12.51511001586914 9.964824676513672 25.04548263549805
1.00106 1.00029 0.641166 0.0875372 0.0501354 0.0374018 0.00211359 1.40011e-05 1.10066e-06 0.00037666 0 12.51518249511719 10.15426063537598 25.06768798828125
1.00093 1.00041 0.64137 0.0861208 0.049935 0.0361858 0.00208872 1.08253e-05 2.27423e-06 0.000376623 0 12.51359081268311 10.33223247528076 24.96751022338867
1.00074 1.00041 0.641554 0.0848897 0.0498824 0.0350073 0.00316726 6.79732e-06 2.24689e-06 0.000387278 0 12.51117324829102 10.50794887542725 24.94123268127441
1.00063 1.00052 0.641731 0.083827 0.0498981 0.0339289 0.00293488 4.94259e-06 3.65642e-06 0.000521986 0 12.50982570648193 10.67092895507812 24.9490795135498
1.00063 1.00046 0.641686 0.0828027 0.0499141 0.0328886 0.0027364 5.02027e-06 2.83085e-06 0.000406233 0 12.50988578796387 10.83005237579346 24.95704078674316
1.00057 1.00047 0.641753 0.0814511 0.0495269 0.0319242 0.00208302 4.03871e-06 2.90789e-06 0.000384007 0 12.50906562805176 10.98019313812256 24.76343154907227
1.00038 1.00045 0.641924 0.0804814 0.0494941 0.0309873 0.0032084 1.77248e-06 2.65592e-06 0.000497171 0 12.5066614151001 11.12884140014648 24.74701881408691
1.00035 1.00057 0.642034 0.0793314 0.0492451 0.0300862 0.00226927 1.49776e-06 4.37125e-06 0.000239564 0 12.5062837600708 11.27314949035645 24.62256050109863
1.00028 1.00066 0.642157 0.0782896 0.049059 0.0292306 0.00187057 9.54353e-07 5.79051e-06 0.000280754 0 12.50541305541992 11.41239643096924 24.52949905395508
1.00022 1.00069 0.642226 0.0774081 0.0490034 0.0284047 0.00198515 6.29948e-07 6.33869e-06 0.000486138 0 12.5047664642334 11.54866123199463 24.50167655944824
1.00015 1.0007 0.642306 0.0764331 0.0488034 0.0276297 0.0019238 2.65599e-07 6.46554e-06 0.000356909 0 12.50378894805908 11.67845630645752 24.40170478820801
1.00012 1.00079 0.642393 0.075566 0.048653 0.026913 0.00172604 1.65886e-07 8.2222e-06 0.000356169 0 12.50339317321777 11.79992866516113 24.32648468017578
1.00004 1.00078 0.642461 0.0748736 0.0486505 0.026223 0.00288064 2.19939e-08 8.15327e-06 0.000759748 0 12.50248050689697 11.91860103607178 24.32523155212402
0.999974 1.00082 0.642548 0.0741687 0.0485858 0.0255829 0.00203535 8.19824e-09 8.8784e-06 0.000493522 0 12.50164222717285 12.03008270263672 24.29289436340332
0.999846 1.00086 0.642702 0.0731712 0.0482297 0.0249414 0.00262392 2.96589e-07 9.91404e-06 0.0011248 0 12.50003147125244 12.14346694946289 24.11485862731934
0.999764 1.00098 0.642859 0.0725515 0.0482155 0.024336 0.00217618 6.96754e-07 1.28932e-05 0.000586551 0 12.49900531768799 12.2516450881958 24.10774040222168
0.999738 1.001 0.642893 0.0716443 0.0478742 0.0237701 0.00186104 8.57844e-07 1.32801e-05 0.000440691 0 12.49868583679199 12.35374164581299 23.9371223449707
0.999626 1.00112 0.643081 0.0708436 0.0476351 0.0232085 0.00219197 1.75284e-06 1.67931e-05 0.000392611 0 12.49727821350098 12.45663642883301 23.81756401062012
0.999659 1.00112 0.643047 0.0703141 0.0476107 0.0227033 0.0024032 1.45095e-06 1.66948e-05 0.000434176 0 12.49770259857178 12.54967403411865 23.80535507202148
0.999469 1.00115 0.643253 0.0695145 0.0472928 0.0222217 0.00179303 3.52258e-06 1.77877e-05 0.000387482 0 12.49533176422119 12.64028549194336 23.64641380310059
0.999537 1.00122 0.643228 0.0687879 0.0470246 0.0217633 0.00172242 2.68448e-06 1.97527e-05 0.000468007 0 12.49616718292236 12.72639083862305 23.51231956481934
0.999502 1.00114 0.643215 0.0684264 0.0470522 0.0213743 0.00282429 3.09789e-06 1.74559e-05 0.000596751 0 12.49573993682861 12.80054473876953 23.52607154846191
0.999382 1.00128 0.643418 0.0678785 0.0468439 0.0210346 0.00212521 4.77615e-06 2.18313e-05 0.000456729 0 12.49423885345459 12.86623764038086 23.42193603515625
0.999379 1.00138 0.643485 0.0672919 0.0466125 0.0206794 0.00167071 4.81887e-06 2.54107e-05 0.000710714 0 12.49419975280762 12.93497753143311 23.30626106262207
0.999298 1.0014 0.643575 0.0672099 0.0468125 0.0203974 0.00192813 6.15272e-06 2.61088e-05 0.00045325 0 12.49318695068359 12.99027538299561 23.40622138977051
0.999322 1.00125 0.643459 0.0666916 0.0465142 0.0201775 0.00213626 5.75305e-06 2.0952e-05 0.000684158 0 12.49347591400146 13.03334045410156 23.25708389282227
0.999387 1.0015 0.643555 0.0665408 0.0465408 0.0199999 0.00199087 4.69796e-06 3.00721e-05 0.000423392 0 12.49430274963379 13.06807994842529 23.27042388916016
0.99945 1.00158 0.643544 0.0664021 0.0465259 0.0198762 0.00261453 3.78065e-06 3.32335e-05 0.000381043 0 12.49508476257324 13.09232425689697 23.26294326782227
0.999508 1.00155 0.643473 0.0663304 0.0465358 0.0197946 0.00346594 3.0265e-06 3.22249e-05 0.000690079 0 12.49581050872803 13.10826683044434 23.26788330078125
0.999566 1.00157 0.643424 0.0665224 0.046751 0.0197714 0.00172921 2.35538e-06 3.27266e-05 0.000488507 0 12.4965353012085 13.11266994476318 23.37551116943359
0.999663 1.00156 0.643326 0.0664276 0.0466708 0.0197568 0.00160774 1.41837e-06 3.2408e-05 0.00039047 0 12.4977445602417 13.11517333984375 23.33539581298828
0.999668 1.00157 0.643328 0.0664303 0.0466832 0.0197472 0.00137931 1.37403e-06 3.29305e-05 0.000381315 0 12.49782276153564 13.11708354949951 23.34158897399902
0.999658 1.00158 0.643341 0.0664255 0.0466847 0.0197408 0.00125261 1.46206e-06 3.3117e-05 0.000475023 0 12.49768733978271 13.1183967590332 23.34236526489258
0.999684 1.00152 0.64328 0.0664677 0.0467379 0.0197299 0.00110492 1.25205e-06 3.07656e-05 0.000526993 0 12.49800872802734 13.12047100067139 23.36892318725586
0.999694 1.00149 0.643254 0.0666229 0.046897 0.0197259 0.00103419 1.16777e-06 2.9761e-05 0.000380743 0 12.49814510345459 13.1212100982666 23.44849967956543
0.99968 1.00163 0.643355 0.0663657 0.0466338 0.0197319 0.00115631 1.27669e-06 3.54769e-05 0.00064432 0 12.49796390533447 13.1200704574585 23.31690406799316
0.999631 1.00148 0.643307 0.0664045 0.0466721 0.0197324 0.000937938 1.70457e-06 2.92343e-05 0.000573041 0 12.49734115600586 13.12014961242676 23.33604621887207
0.999609 1.00157 0.643382 0.0663261 0.0466012 0.0197249 0.00156645 1.90765e-06 3.26983e-05 0.000275764 0 12.49708461761475 13.12173557281494 23.30059623718262
0.999595 1.0015 0.643354 0.0661293 0.0464124 0.0197169 0.00118107 2.04646e-06 3.00443e-05 0.000439643 0 12.49690437316895 13.12338542938232 23.20620346069336
0.999547 1.00157 0.643443 0.0661726 0.0464634 0.0197092 0.00148695 2.56496e-06 3.27336e-05 0.000663641 0 12.49629592895508 13.12510776519775 23.23169136047363
0.999704 1.00159 0.643303 0.0663593 0.0466602 0.0196992 0.00157494 1.09306e-06 3.35488e-05 0.000307974 0 12.49826431274414 13.12648773193359 23.3300838470459
0.99971 1.00161 0.643313 0.0663147 0.0466284 0.0196862 0.00125549 1.05359e-06 3.45193e-05 0.000124168 0 12.49833488464355 13.12903881072998 23.31422424316406
0.999747 1.00164 0.643297 0.0663981 0.0467317 0.0196664 0.00119039 8.0183e-07 3.58731e-05 0.000396896 0 12.49879264831543 13.13284873962402 23.36587524414062
0.999679 1.00154 0.6433 0.066333 0.0466664 0.0196665 0.00121229 1.28638e-06 3.17601e-05 0.000823513 0 12.49794960021973 13.13308429718018 23.33321571350098
0.999623 1.00152 0.643338 0.0662362 0.0465676 0.0196686 0.00101879 1.77658e-06 3.07103e-05 0.000692048 0 12.49724864959717 13.13289642333984 23.28380012512207
0.999643 1.00145 0.643276 0.0662665 0.0466159 0.0196506 0.00101349 1.59693e-06 2.80426e-05 0.000135582 0 12.49748992919922 13.13641262054443 23.30794906616211
0.99968 1.00151 0.643275 0.0662329 0.0466047 0.0196282 0.000904954 1.27804e-06 3.02306e-05 0.00025022 0 12.49796676635742 13.1407299041748 23.30235862731934
0.999649 1.00154 0.643327 0.0661244 0.0465038 0.0196206 0.00118904 1.53664e-06 3.1626e-05 0.00068488 0 12.49758720397949 13.14235877990723 23.25190544128418
0.999648 1.00154 0.643328 0.066337 0.0467307 0.0196063 0.000998671 1.5451e-06 3.16432e-05 0.000152847 0 12.49756622314453 13.14524173736572 23.3653621673584
0.999709 1.00155 0.643275 0.0661687 0.0465818 0.0195868 0.00093547 1.0622e-06 3.19415e-05 8.05429e-05 0 12.49831485748291 13.1488733291626 23.29090309143066
0.999665 1.00149 0.643282 0.0660759 0.0465002 0.0195756 0.000975156 1.40129e-06 2.97633e-05 7.71874e-05 0 12.49776554107666 13.15128135681152 23.2501163482666
0.999663 1.00161 0.64336 0.0659957 0.0464334 0.0195623 0.000990583 1.41675e-06 3.47167e-05 0.000319271 0 12.49774265289307 13.15394687652588 23.21672821044922
0.999679 1.00151 0.643278 0.0660873 0.0465408 0.0195465 0.00084827 1.29145e-06 3.03108e-05 0.000151536 0 12.49793815612793 13.15704345703125 23.27040672302246
0.999656 1.00152 0.643304 0.0659967 0.046467 0.0195296 0.00080152 1.47737e-06 3.06255e-05 0.000224763 0 12.49766063690186 13.16050815582275 23.23351860046387
0.999655 1.00152 0.643307 0.0661331 0.0466271 0.019506 0.000787599 1.4845e-06 3.076e-05 9.10524e-05 0 12.49764251708984 13.16523456573486 23.31352996826172
0.999683 1.00152 0.643279 0.0660103 0.046525 0.0194853 0.000960138 1.25681e-06 3.0648e-05 0.000209581 0 12.4979944229126 13.16927051544189 23.26251983642578
0.999678 1.00153 0.643294 0.0660846 0.0466229 0.0194617 0.000878549 1.29794e-06 3.13005e-05 0.000579232 0 12.49793338775635 13.17402172088623 23.31147193908691
0.999664 1.00158 0.643342 0.0665071 0.0470716 0.0194355 0.00106218 1.4107e-06 3.35153e-05 0.000473592 0 12.49775886535645 13.1793270111084 23.53580284118652
0.99965 1.00148 0.64329 0.0661719 0.0467519 0.01942 0.00119051 1.53237e-06 2.9371e-05 0.000372619 0 12.49759292602539 13.18248844146729 23.3759593963623
0.999585 1.00154 0.643387 0.0660428 0.0466484 0.0193944 0.00101309 2.15212e-06 3.15385e-05 0.000382197 0 12.49677085876465 13.18787956237793 23.32417106628418
0.999632 1.00156 0.643356 0.0659573 0.0465918 0.0193654 0.000927728 1.69092e-06 3.24263e-05 0.00063401 0 12.49736022949219 13.19350814819336 23.29589080810547
0.999661 1.00155 0.643323 0.066198 0.0468637 0.0193343 0.000858773 1.43933e-06 3.2113e-05 0.000546167 0 12.49771881103516 13.19965362548828 23.43186950683594
0.999661 1.00156 0.643329 0.0659922 0.0466839 0.0193083 0.00093623 1.43608e-06 3.25145e-05 0.000416528 0 12.49771690368652 13.20487689971924 23.34195518493652
0.999613 1.00149 0.643331 0.0659806 0.0467041 0.0192765 0.000896385 1.87232e-06 2.96796e-05 0.000216868 0 12.49712657928467 13.21147346496582 23.35205459594727
0.999614 1.00153 0.643353 0.0658674 0.0466186 0.0192488 0.00102468 1.86397e-06 3.11386e-05 9.9436e-05 0 12.49713516235352 13.21704196929932 23.30929756164551
0.999605 1.0015 0.643343 0.0658265 0.0466054 0.0192211 0.000877621 1.95509e-06 2.99097e-05 0.000103928 0 12.49701309204102 13.22265338897705 23.30269050598145
0.999607 1.00155 0.643376 0.0658144 0.04663 0.0191844 0.000991576 1.93166e-06 3.2144e-05 0.000156522 0 12.4970531463623 13.23005867004395 23.31500244140625
0.999639 1.00155 0.643341 0.0657824 0.0466355 0.0191469 0.000948452 1.62894e-06 3.19251e-05 6.33516e-05 0 12.49744701385498 13.23750591278076 23.31777191162109
0.999599 1.00156 0.643386 0.0658933 0.0467779 0.0191154 0.00203088 2.01077e-06 3.22939e-05 0.000269351 0 12.4969482421875 13.24402523040771 23.3889331817627
0.999519 1.0016 0.643489 0.0657826 0.046694 0.0190886 0.00124478 2.89845e-06 3.39645e-05 0.000237147 0 12.49594020843506 13.24975776672363 23.34700965881348
0.999604 1.0015 0.643348 0.065798 0.0467542 0.0190438 0.00118486 1.96302e-06 3.0212e-05 0.000101215 0 12.49701118469238 13.25848293304443 23.3770923614502
0.999557 1.00157 0.643435 0.06574 0.0467368 0.0190032 0.00107494 2.45338e-06 3.28324e-05 9.8926e-05 0 12.49642467498779 13.2668981552124 23.36840057373047
0.999573 1.00156 0.643414 0.0656722 0.0467108 0.0189615 0.000908527 2.28465e-06 3.2448e-05 0.000119762 0 12.49661540985107 13.27530193328857 23.35538291931152
0.999585 1.00154 0.643386 0.0656841 0.0467655 0.0189187 0.000817619 2.15284e-06 3.14609e-05 3.23673e-05 0 12.49676513671875 13.28394317626953 23.38272666931152
0.999578 1.0015 0.643371 0.065734 0.0468654 0.0188687 0.000871825 2.22247e-06 3.00774e-05 0.000290281 0 12.4966869354248 13.29413318634033 23.43268775939941
0.999575 1.00156 0.643413 0.0656032 0.0467797 0.0188235 0.000768343 2.25383e-06 3.25942e-05 0.000175127 0 12.49665546417236 13.30335235595703 23.38984680175781
0.999586 1.00149 0.643359 0.0657138 0.0469431 0.0187707 0.00100055 2.14497e-06 2.98051e-05 0.000259764 0 12.49677467346191 13.31405162811279 23.47154998779297
0.999562 1.00155 0.643417 0.0657061 0.0469829 0.0187231 0.000803609 2.40222e-06 3.19631e-05 0.000294598 0 12.49648094177246 13.32386493682861 23.49145317077637
0.999553 1.00154 0.64342 0.0656867 0.0470128 0.0186739 0.000763928 2.49347e-06 3.16887e-05 0.000311039 0 12.49637126922607 13.33395004272461 23.50639915466309
0.999534 1.00153 0.64343 0.0655409 0.0469173 0.0186237 0.000712344 2.71118e-06 3.11092e-05 0.000601319 0 12.49613475799561 13.34432029724121 23.4586353302002
0.999522 1.00159 0.643482 0.0657008 0.0471316 0.0185692 0.000948638 2.85467e-06 3.37512e-05 0.000269409 0 12.49599170684814 13.35553073883057 23.5658016204834
0.999521 1.00153 0.643443 0.0654992 0.0469746 0.0185246 0.000816235 2.86274e-06 3.11638e-05 0.000186 0 12.49598217010498 13.36467742919922 23.48731994628906
0.999544 1.0016 0.643465 0.0654545 0.0469939 0.0184605 0.00071088 2.59542e-06 3.40438e-05 0.000293497 0 12.49626350402832 13.37774848937988 23.49697113037109
0.999507 1.00161 0.643508 0.0653974 0.0469979 0.0183995 0.000757857 3.03828e-06 3.44838e-05 0.000475011 0 12.49579238891602 13.39044570922852 23.49893569946289
0.999552 1.00159 0.64345 0.0654559 0.0471183 0.0183376 0.000878342 2.50945e-06 3.3532e-05 0.000170261 0 12.49635791778564 13.40303707122803 23.55912780761719
0.999538 1.00156 0.643449 0.065439 0.0471638 0.0182751 0.000714754 2.67263e-06 3.25588e-05 0.000212756 0 12.49617671966553 13.41600608825684 23.58193778991699
0.999497 1.00152 0.643464 0.065386 0.0471832 0.0182028 0.000865804 3.16839e-06 3.09609e-05 0.000202783 0 12.49566555023193 13.43112754821777 23.59161949157715
0.999517 1.00159 0.643487 0.0652077 0.0470652 0.0181424 0.000935496 2.91252e-06 3.37509e-05 0.000199186 0 12.49592781066895 13.44357204437256 23.5325984954834
0.999522 1.00155 0.643457 0.0653141 0.0472443 0.0180698 0.00105069 2.85992e-06 3.2089e-05 0.000164444 0 12.49597930908203 13.4586353302002 23.62215614318848
0.99948 1.00159 0.643523 0.0651956 0.0471991 0.0179965 0.000894315 3.37831e-06 3.3776e-05 0.000212948 0 12.49545860290527 13.47405433654785 23.59956932067871
0.999466 1.00154 0.643501 0.0652277 0.0473115 0.0179162 0.000798582 3.5591e-06 3.1469e-05 0.000467993 0 12.49528408050537 13.49083995819092 23.65574645996094
0.999518 1.00155 0.643459 0.0651874 0.0473592 0.0178282 0.000708198 2.90848e-06 3.1934e-05 0.000268665 0 12.49593067169189 13.50904846191406 23.67962455749512
0.99949 1.00158 0.643506 0.0650453 0.0472916 0.0177536 0.000851565 3.24713e-06 3.33024e-05 0.000179455 0 12.49558448791504 13.52478122711182 23.64580154418945
0.999483 1.00154 0.643487 0.0650368 0.0473647 0.0176721 0.000987909 3.33704e-06 3.1605e-05 0.000210381 0 12.49550437927246 13.5419340133667 23.68235015869141
0.999454 1.00163 0.643575 0.0650061 0.0474146 0.0175915 0.00109396 3.73289e-06 3.55551e-05 0.000288947 0 12.49512672424316 13.55899524688721 23.70730400085449
0.999399 1.00151 0.643551 0.0649189 0.0474118 0.0175071 0.00101488 4.51039e-06 3.05373e-05 0.00020304 0 12.4944429397583 13.57699966430664 23.70590019226074
0.999445 1.0016 0.643561 0.0648536 0.0474385 0.0174151 0.00101133 3.84761e-06 3.40214e-05 0.000151173 0 12.49502372741699 13.59626960754395 23.71924018859863
0.99941 1.00158 0.643582 0.0648345 0.047504 0.0173304 0.000917941 4.35139e-06 3.32147e-05 0.000341513 0 12.49459266662598 13.61436080932617 23.75201606750488
0.999305 1.00158 0.643684 0.0646899 0.0474428 0.0172471 0.0011142 6.03803e-06 3.32396e-05 0.00019925 0 12.49327087402344 13.63245964050293 23.72139358520508
0.999454 1.00161 0.643559 0.0646614 0.0474956 0.0171658 0.00107161 3.73356e-06 3.44612e-05 0.000189115 0 12.4951171875 13.6492338180542 23.74779891967773
0.999389 1.00151 0.643562 0.0646272 0.0475473 0.01708 0.00100577 4.67077e-06 3.05967e-05 0.00011225 0 12.49431896209717 13.66780757904053 23.77361297607422
0.999372 1.00161 0.643641 0.0645286 0.0475454 0.0169833 0.0008538 4.93721e-06 3.46173e-05 8.3459e-05 0 12.49410820007324 13.68856906890869 23.7726879119873
0.999393 1.00161 0.643619 0.0644626 0.0475728 0.0168898 0.000840852 4.60589e-06 3.45629e-05 4.62631e-05 0 12.49436950683594 13.7085599899292 23.78642654418945
0.999377 1.00164 0.643654 0.0644641 0.0476784 0.0167857 0.000801926 4.8529e-06 3.58459e-05 0.000140283 0 12.49416542053223 13.731032371521 23.83919715881348
0.999397 1.00161 0.643617 0.064459 0.0477738 0.0166852 0.000744257 4.54729e-06 3.46643e-05 0.000115304 0 12.49442195892334 13.75267124176025 23.88687515258789
0.999356 1.00156 0.643624 0.0644671 0.0478822 0.0165849 0.00071784 5.17789e-06 3.25653e-05 0.000292535 0 12.49391555786133 13.77455520629883 23.94113159179688
0.999366 1.00155 0.643604 0.0643767 0.0478933 0.0164834 0.000804074 5.01983e-06 3.18938e-05 0.000330926 0 12.49404048919678 13.79657173156738 23.94665336608887
0.999351 1.00157 0.643632 0.064248 0.0478613 0.0163866 0.000816642 5.26387e-06 3.27189e-05 0.000385024 0 12.49385070800781 13.81772232055664 23.9306640625
0.999338 1.0016 0.643666 0.0641573 0.0478749 0.0162823 0.000749617 5.48344e-06 3.41199e-05 0.00026298 0 12.49368858337402 13.84058952331543 23.93748092651367
0.999285 1.00161 0.643721 0.0640468 0.0478721 0.0161747 0.0008098 6.38835e-06 3.43929e-05 0.000110945 0 12.49302196502686 13.86437225341797 23.93601989746094
0.99929 1.00162 0.643725 0.0639885 0.0479216 0.016067 0.000711094 6.29868e-06 3.5019e-05 2.40521e-05 0 12.49308586120605 13.8880672454834 23.96077728271484
0.999289 1.00159 0.643707 0.0639206 0.0479646 0.0159561 0.000700868 6.32317e-06 3.37096e-05 5.82675e-05 0 12.49306583404541 13.91256046295166 23.98229217529297
0.999263 1.00162 0.643751 0.0638483 0.0480117 0.0158366 0.000878504 6.79305e-06 3.49596e-05 3.54383e-05 0 12.4927453994751 13.93912506103516 24.00583457946777
0.999268 1.00162 0.64375 0.0637538 0.0480244 0.0157294 0.000757968 6.69707e-06 3.52179e-05 0.00012785 0 12.49281692504883 13.96295738220215 24.01220893859863
0.999287 1.00145 0.643617 0.0637748 0.0481536 0.0156213 0.00208708 6.35834e-06 2.79176e-05 0.000180633 0 12.49305248260498 13.98701763153076 24.07678413391113
0.99923 1.00166 0.64381 0.0636145 0.0480895 0.015525 0.000952336 7.41595e-06 3.68083e-05 7.1615e-05 0 12.49231719970703 14.0087776184082 24.04474067687988
0.999202 1.00169 0.643857 0.0635292 0.048118 0.0154112 0.000828975 7.95757e-06 3.82033e-05 4.75233e-05 0 12.49199104309082 14.03445529937744 24.05899238586426
0.999219 1.0016 0.643785 0.0634972 0.0482024 0.0152947 0.000820138 7.63417e-06 3.43497e-05 0.000163513 0 12.4921932220459 14.06064987182617 24.10121154785156
0.999295 1.00156 0.643684 0.063425 0.0482467 0.0151782 0.00090043 6.218e-06 3.26069e-05 0.000106577 0 12.49314117431641 14.08675193786621 24.12335777282715
0.999262 1.00163 0.643761 0.063316 0.0482584 0.0150576 0.000783802 6.81374e-06 3.55469e-05 2.42457e-05 0 12.49273586273193 14.11429023742676 24.12919998168945
0.999122 1.00171 0.643944 0.0632696 0.0483333 0.0149363 0.000949835 9.63899e-06 3.89249e-05 4.68404e-05 0 12.4909782409668 14.14244842529297 24.16668128967285
0.999103 1.00168 0.643947 0.0632124 0.0484029 0.0148094 0.000952186 1.00544e-05 3.78552e-05 7.90653e-05 0 12.49075031280518 14.17157077789307 24.20145416259766
0.999088 1.00162 0.643924 0.0632502 0.0485457 0.0147045 0.00122421 1.0404e-05 3.52286e-05 0.00010252 0 12.49055671691895 14.19575881958008 24.2728271484375
0.99917 1.00165 0.64386 0.0630518 0.0484602 0.0145916 0.00096407 8.61586e-06 3.62596e-05 0.000249784 0 12.49157810211182 14.22154998779297 24.23011779785156
0.999143 1.00144 0.643752 0.0630985 0.0486131 0.0144854 0.00157077 9.18036e-06 2.76785e-05 0.000198327 0 12.49124717712402 14.24624347686768 24.30654907226562
0.999154 1.00169 0.6439 0.0629432 0.0485511 0.0143921 0.00112885 8.94826e-06 3.79827e-05 0.000100693 0 12.491379737854 14.26791763305664 24.27554130554199
0.999153 1.00167 0.643891 0.0629338 0.0486595 0.0142743 0.00111153 8.97931e-06 3.72599e-05 0.000244481 0 12.49136638641357 14.2953929901123 24.32976341247559
0.999146 1.00172 0.643927 0.0628276 0.0486775 0.01415 0.00100889 9.12664e-06 3.93061e-05 0.000191486 0 12.4912748336792 14.32454967498779 24.33877182006836
0.999073 1.00172 0.644 0.0628247 0.0487991 0.0140256 0.00109967 1.07494e-05 3.94767e-05 7.73891e-05 0 12.49037456512451 14.35408973693848 24.39955711364746
0.999076 1.00173 0.644003 0.0626503 0.0487442 0.0139061 0.00105065 1.06766e-05 3.99384e-05 0.000134283 0 12.49039936065674 14.38233280181885 24.37211227416992
0.99908 1.00169 0.64397 0.0628998 0.0491138 0.0137859 0.00187222 1.05723e-05 3.79001e-05 0.000391582 0 12.4904613494873 14.41084671020508 24.55691337585449
0.999008 1.00169 0.64404 0.0625371 0.0488608 0.0136763 0.00147612 1.23e-05 3.79021e-05 0.000162381 0 12.48956298828125 14.43722438812256 24.43039321899414
0.999042 1.00171 0.644025 0.0623695 0.0488123 0.0135572 0.00132958 1.148e-05 3.91585e-05 0.000146574 0 12.48998165130615 14.4656343460083 24.40615272521973
0.999085 1.00169 0.643966 0.0623104 0.0488765 0.0134339 0.00114862 1.04646e-05 3.79623e-05 0.000129479 0 12.49052810668945 14.49515151977539 24.43828582763672
0.999003 1.00167 0.644032 0.062287 0.048977 0.0133099 0.00145979 1.24384e-05 3.69934e-05 0.000266602 0 12.48948383331299 14.52536010742188 24.4885139465332
0.999046 1.00167 0.643991 0.0623373 0.0491557 0.0131817 0.00126525 1.13743e-05 3.70433e-05 0.000330759 0 12.49004077911377 14.55636405944824 24.57783699035645
0.998969 1.00161 0.644031 0.0622574 0.0491935 0.0130639 0.00118107 1.33013e-05 3.4672e-05 0.000265097 0 12.4890661239624 14.58532428741455 24.59673500061035
0.998948 1.00173 0.644128 0.0619899 0.049048 0.0129419 0.0011826 1.3849e-05 4.00173e-05 0.00038954 0 12.4887866973877 14.61528301239014 24.52399253845215
0.998984 1.0017 0.644071 0.0620013 0.0491844 0.0128169 0.00103292 1.29178e-05 3.83901e-05 0.000143048 0 12.48925018310547 14.64595031738281 24.5921745300293
0.998981 1.00171 0.644082 0.0618816 0.0491918 0.0126897 0.00100758 1.2974e-05 3.89995e-05 0.000170262 0 12.48922157287598 14.67740917205811 24.59592056274414
0.999019 1.00168 0.644027 0.0618401 0.0492762 0.012564 0.00107728 1.20373e-05 3.76934e-05 0.000118055 0 12.48968505859375 14.70856189727783 24.63808059692383
0.998974 1.00168 0.64407 0.0617956 0.0493517 0.0124439 0.00101852 1.31716e-05 3.76669e-05 0.000109846 0 12.48911952972412 14.73872470855713 24.67585754394531
0.998969 1.00175 0.644118 0.061587 0.0492643 0.0123226 0.000970446 1.32922e-05 4.07403e-05 0.00021839 0 12.48906707763672 14.76917743682861 24.63218307495117
0.998944 1.00179 0.644167 0.0615489 0.0493505 0.0121984 0.000927958 1.39303e-05 4.25763e-05 9.48772e-05 0 12.48876190185547 14.8005952835083 24.67525100708008
0.998927 1.00169 0.644119 0.0615312 0.0494627 0.0120685 0.0015055 1.43846e-05 3.79872e-05 0.000579087 0 12.48854637145996 14.83359718322754 24.7313289642334
0.998846 1.0017 0.644203 0.061364 0.0494214 0.0119427 0.00134869 1.66408e-05 3.83616e-05 0.000170045 0 12.48753547668457 14.86591911315918 24.71067047119141
0.998902 1.00175 0.644186 0.0612688 0.0494497 0.0118192 0.00139619 1.50621e-05 4.10237e-05 0.000146334 0 12.48823642730713 14.8974142074585 24.72483062744141
0.998861 1.00175 0.644226 0.0611639 0.0494711 0.0116928 0.00143128 1.62264e-05 4.10181e-05 0.000144495 0 12.48770904541016 14.93010425567627 24.73557472229004
0.998888 1.00174 0.644188 0.0612603 0.0496933 0.011567 0.00216874 1.5464e-05 4.01667e-05 0.000331225 0 12.48805332183838 14.96261215209961 24.84663772583008
0.998934 1.00174 0.644144 0.0611789 0.0497338 0.0114451 0.00147163 1.41939e-05 4.02047e-05 0.00020898 0 12.48864078521729 14.99422645568848 24.86690521240234
0.998916 1.00172 0.644149 0.0609457 0.0496053 0.0113404 0.0012971 1.46925e-05 3.92784e-05 0.000186297 0 12.48841094970703 15.02166080474854 24.80268096923828
0.998794 1.00173 0.644277 0.0608152 0.0495857 0.0112295 0.0016052 1.81757e-05 4.00558e-05 0.000112953 0 12.48688507080078 15.05119895935059 24.79288291931152
0.998807 1.00176 0.644283 0.0607834 0.0496603 0.0111231 0.00247706 1.77909e-05 4.14041e-05 0.000229063 0 12.48704624176025 15.0792818069458 24.83015251159668
0.998677 1.00177 0.644413 0.0608145 0.0497675 0.011047 0.00206975 2.18866e-05 4.16599e-05 0.000246579 0 12.48541641235352 15.09985065460205 24.88376235961914
0.998817 1.00175 0.644267 0.0607067 0.049756 0.0109508 0.00151846 1.74908e-05 4.08978e-05 0.000143491 0 12.4871711730957 15.12508010864258 24.87797927856445
0.998799 1.00173 0.644268 0.0605769 0.0497265 0.0108504 0.00155487 1.80283e-05 3.9722e-05 6.70687e-05 0 12.48695278167725 15.15197277069092 24.86322402954102
0.998814 1.00175 0.644272 0.0604829 0.0497285 0.0107544 0.00124626 1.75776e-05 4.10884e-05 3.69664e-05 0 12.48713111877441 15.17775249481201 24.86425399780273
0.998862 1.00172 0.644202 0.0604106 0.0497574 0.0106532 0.00114706 1.61852e-05 3.93961e-05 6.66574e-05 0 12.48773288726807 15.20492649078369 24.87868499755859
0.998803 1.00176 0.644289 0.0604005 0.0498491 0.0105515 0.00125043 1.79164e-05 4.14996e-05 5.83824e-05 0 12.48699378967285 15.23270416259766 24.9245433807373
0.998773 1.00175 0.64431 0.060317 0.0498664 0.0104506 0.00170202 1.88161e-05 4.09815e-05 0.000206627 0 12.4866247177124 15.26029777526855 24.93321228027344
0.998827 1.00174 0.644249 0.0602575 0.0499054 0.0103521 0.00139471 1.72111e-05 4.02604e-05 0.000125889 0 12.48729610443115 15.28711223602295 24.95266914367676
0.998825 1.00177 0.644269 0.0602468 0.049999 0.0102478 0.0015097 1.72543e-05 4.16438e-05 0.000160371 0 12.48727703094482 15.315842628479 24.9995231628418
0.998842 1.00177 0.644252 0.0601029 0.0499428 0.0101602 0.00126504 1.67693e-05 4.15918e-05 9.80232e-05 0 12.48747634887695 15.3400239944458 24.97138404846191
0.998732 1.00183 0.644402 0.0600599 0.0499825 0.0100774 0.00151129 2.01159e-05 4.4781e-05 0.000142386 0 12.48609638214111 15.36331272125244 24.99122428894043
0.998853 1.00183 0.644283 0.0600515 0.0500616 0.00998987 0.00132711 1.64564e-05 4.46503e-05 0.000121072 0 12.48761749267578 15.38739585876465 25.03080368041992
0.998933 1.00178 0.644174 0.0600092 0.0501133 0.00989591 0.00130839 1.42359e-05 4.23273e-05 0.000445198 0 12.48862743377686 15.41349124908447 25.0566520690918
0.998784 1.00169 0.644259 0.0600435 0.0502328 0.00981062 0.0013081 1.84901e-05 3.80577e-05 0.000516602 0 12.48676013946533 15.43790912628174 25.11641883850098
0.998767 1.00171 0.644287 0.0599842 0.0502639 0.00972026 0.00112038 1.8996e-05 3.88704e-05 0.000533549 0 12.48655223846436 15.46349620819092 25.1319522857666
0.998841 1.00171 0.644221 0.0599418 0.0503114 0.00963044 0.00115482 1.68062e-05 3.92387e-05 0.000357678 0 12.48745441436768 15.48881149291992 25.15568923950195
0.998833 1.00177 0.644266 0.0597002 0.0501623 0.0095379 0.000993097 1.70392e-05 4.19156e-05 0.000372836 0 12.4873628616333 15.51522922515869 25.08116340637207
0.998824 1.00174 0.644256 0.0596195 0.0501738 0.00944576 0.00094411 1.72905e-05 4.06232e-05 0.000371311 0 12.48725414276123 15.54168701171875 25.08687591552734
0.998792 1.00169 0.644249 0.0596346 0.0502857 0.00934893 0.00107572 1.82391e-05 3.78881e-05 0.000272061 0 12.48685455322266 15.56966304779053 25.1428165435791
0.998868 1.00172 0.644196 0.059546 0.0502814 0.00926457 0.000935898 1.60136e-05 3.93283e-05 0.000325258 0 12.48781204223633 15.59389305114746 25.14071083068848
0.998857 1.0017 0.644198 0.0594842 0.0503046 0.00917962 0.000879842 1.63427e-05 3.87353e-05 0.000129521 0 12.4876708984375 15.61864566802979 25.15227699279785
0.998832 1.0017 0.644219 0.0593706 0.0502715 0.00909916 0.000813439 1.70618e-05 3.85113e-05 0.000239723 0 12.48734664916992 15.64222240447998 25.1357479095459
0.998889 1.00172 0.644177 0.059369 0.0503492 0.00901979 0.000993536 1.54349e-05 3.9433e-05 0.000201464 0 12.48807525634766 15.66536140441895 25.17459487915039
0.998863 1.00165 0.644159 0.0592379 0.0502879 0.00895001 0.000820081 1.61552e-05 3.64606e-05 0.000121409 0 12.48775386810303 15.68600654602051 25.14393615722656
0.998867 1.00168 0.644174 0.0591871 0.0503114 0.00887564 0.000874829 1.6051e-05 3.77013e-05 7.6635e-05 0 12.48778915405273 15.70799255371094 25.15572738647461
0.998884 1.00165 0.644136 0.0592804 0.0504773 0.00880304 0.000884049 1.55649e-05 3.62815e-05 5.80138e-05 0 12.48801326751709 15.72952842712402 25.23867225646973
0.998937 1.00167 0.644101 0.059197 0.0504679 0.00872917 0.000845748 1.41363e-05 3.73673e-05 0.000101443 0 12.48867034912109 15.75142669677734 25.23394584655762
0.998917 1.00166 0.64411 0.0590674 0.0504052 0.00866225 0.000844502 1.46599e-05 3.66271e-05 0.00015473 0 12.48841857910156 15.77152633666992 25.20257186889648
0.99888 1.00163 0.644127 0.0590979 0.0505093 0.00858857 0.000859135 1.56957e-05 3.53076e-05 0.00013407 0 12.48794841766357 15.79378890991211 25.25464248657227
0.998954 1.0016 0.644039 0.0590044 0.0504795 0.00852491 0.000796093 1.36882e-05 3.42288e-05 9.58987e-05 0 12.4888744354248 15.81282424926758 25.2397289276123
0.998927 1.00163 0.644085 0.0589741 0.0505091 0.00846498 0.00121139 1.43936e-05 3.55912e-05 0.000159378 0 12.48854732513428 15.83106231689453 25.25453186035156
0.998933 1.00159 0.64405 0.0589639 0.0505601 0.00840381 0.00113464 1.42267e-05 3.36721e-05 0.000236806 0 12.48861694335938 15.84964942932129 25.28004837036133
0.998956 1.00154 0.644 0.0589548 0.0506135 0.00834131 0.00102073 1.36293e-05 3.18241e-05 0.000162517 0 12.48890781402588 15.86869239807129 25.30675506591797
0.998915 1.00159 0.644071 0.0589031 0.0506288 0.00827432 0.0016733 1.47043e-05 3.3914e-05 0.000161938 0 12.48840045928955 15.88932228088379 25.31438446044922
0.999009 1.00153 0.643939 0.0588727 0.0506698 0.00820285 0.00140605 1.22893e-05 3.1196e-05 9.85679e-05 0 12.48956489562988 15.91107177734375 25.33491134643555
0.998945 1.00156 0.644022 0.0587471 0.0506068 0.00814024 0.00121689 1.39226e-05 3.25238e-05 6.07918e-05 0 12.48876285552979 15.93057727813721 25.30340194702148
0.999012 1.00151 0.643925 0.0587437 0.0506606 0.00808311 0.00109564 1.2212e-05 3.05001e-05 7.81351e-05 0 12.48961162567139 15.94814205169678 25.33029174804688
0.999016 1.00153 0.64393 0.0586964 0.0506711 0.00802525 0.0010205 1.21161e-05 3.10555e-05 2.98408e-05 0 12.48964595794678 15.96613883972168 25.33556365966797
0.999034 1.00149 0.643891 0.0587747 0.050805 0.00796966 0.00105745 1.16591e-05 2.97461e-05 0.00012702 0 12.48988342285156 15.983473777771 25.40250968933105
0.999061 1.00149 0.643861 0.0586688 0.0507553 0.00791345 0.00105339 1.10269e-05 2.94816e-05 0.0002413 0 12.49021053314209 16.00101661682129 25.377685546875
0.99908 1.00144 0.643812 0.0587058 0.0508471 0.0078587 0.000969135 1.05738e-05 2.76152e-05 0.000100357 0 12.49046516418457 16.01820373535156 25.42357444763184
0.999051 1.00141 0.643823 0.0586158 0.0508006 0.00781524 0.00102665 1.12588e-05 2.66303e-05 0.000289891 0 12.49009323120117 16.03198051452637 25.4002857208252
0.99916 1.00141 0.643716 0.0586608 0.0508976 0.0077632 0.00125671 8.83039e-06 2.65148e-05 0.000104638 0 12.4914608001709 16.04820251464844 25.44882202148438
0.999099 1.0014 0.643766 0.0585547 0.0508439 0.0077108 0.00138099 1.01424e-05 2.59903e-05 0.000254141 0 12.49069881439209 16.06498718261719 25.42195320129395
0.999182 1.00125 0.643592 0.0586568 0.0509955 0.00766125 0.00118106 8.36909e-06 2.08156e-05 0.000126332 0 12.49171924591064 16.08058547973633 25.49775886535645
0.999199 1.00129 0.643601 0.0584995 0.0508821 0.00761749 0.00143594 8.02208e-06 2.21706e-05 0.000129832 0 12.49194526672363 16.09452438354492 25.44103240966797
0.999259 1.00132 0.643563 0.0584779 0.0509 0.0075779 0.0012013 6.8614e-06 2.32805e-05 0.000109777 0 12.49269866943359 16.10708045959473 25.45002174377441
0.999363 1.00125 0.643417 0.0584836 0.0509435 0.00754012 0.00109956 5.07171e-06 2.08282e-05 5.31985e-05 0 12.49399566650391 16.11895942687988 25.47175025939941
0.999373 1.00122 0.643391 0.058545 0.0510388 0.00750616 0.00105775 4.91047e-06 1.99888e-05 7.86651e-05 0 12.49412441253662 16.12988090515137 25.5193977355957
0.999399 1.00124 0.643375 0.0584764 0.0509975 0.00747892 0.000916739 4.51806e-06 2.04474e-05 4.72783e-05 0 12.4944543838501 16.13861846923828 25.49873161315918
0.999433 1.00115 0.643287 0.0584813 0.0510308 0.00745048 0.00093678 4.0184e-06 1.77513e-05 9.50172e-05 0 12.494873046875 16.14772033691406 25.51540756225586
0.999434 1.00116 0.64329 0.0585662 0.0511452 0.00742101 0.00157003 3.99996e-06 1.79394e-05 0.000234804 0 12.49488925933838 16.15727806091309 25.57260513305664
0.99945 1.00115 0.643266 0.0584884 0.0510925 0.00739587 0.000986187 3.77504e-06 1.75201e-05 0.000121597 0 12.49508666992188 16.16539192199707 25.54626846313477
0.999468 1.00111 0.643229 0.0583941 0.0510144 0.0073797 0.00118645 3.54255e-06 1.65736e-05 9.73e-05 0 12.49531078338623 16.17061805725098 25.5071964263916
0.999427 1.00114 0.643287 0.058423 0.0510559 0.00736707 0.00100731 4.10754e-06 1.7443e-05 0.000133778 0 12.49478912353516 16.17482376098633 25.52798652648926
0.999538 1.00107 0.64313 0.0584412 0.0510911 0.00735006 0.000861057 2.6673e-06 1.5167e-05 7.02838e-05 0 12.49618911743164 16.18009948730469 25.54555702209473
0.999526 1.00107 0.643146 0.0584515 0.0511177 0.00733383 0.00152533 2.80554e-06 1.53515e-05 0.000196883 0 12.4960412979126 16.18541717529297 25.55886650085449
0.999525 1.00106 0.643138 0.0585146 0.0511938 0.00732083 0.000929082 2.8222e-06 1.49433e-05 0.000138365 0 12.49602031707764 16.18965911865234 25.59690093994141
0.999566 1.00096 0.643036 0.0584723 0.0511658 0.0073065 0.000974423 2.35219e-06 1.23315e-05 0.000239565 0 12.49653720855713 16.19424438476562 25.58291244506836
0.99956 1.00095 0.643032 0.058483 0.051198 0.00728502 0.000983889 2.41695e-06 1.19556e-05 0.000321838 0 12.49646377563477 16.20129585266113 25.59897422790527
0.999581 1.00103 0.643068 0.0584216 0.0511494 0.00727216 0.000855698 2.19512e-06 1.42488e-05 0.000228727 0 12.49672698974609 16.20545387268066 25.5747127532959
0.999668 1.00097 0.642943 0.0584134 0.0511554 0.00725806 0.000783439 1.37588e-06 1.25647e-05 0.000150786 0 12.49780941009521 16.20988082885742 25.57767868041992
0.999659 1.00101 0.642978 0.0583752 0.051127 0.00724817 0.000805507 1.45481e-06 1.36341e-05 0.00018424 0 12.49769878387451 16.21313858032227 25.56353187561035
0.999609 1.00103 0.64304 0.0583839 0.0511439 0.00723995 0.000820888 1.90646e-06 1.4231e-05 6.59516e-05 0 12.49707889556885 16.21596336364746 25.57197570800781
0.9997 1.00097 0.642909 0.0583845 0.0511577 0.00722678 0.000723987 1.12253e-06 1.24534e-05 5.87056e-05 0 12.49822330474854 16.22006225585938 25.578857421875
0.999714 1.00093 0.642873 0.0583369 0.0511188 0.00721805 0.000979454 1.02238e-06 1.15619e-05 0.000106936 0 12.49838161468506 16.2229061126709 25.55941963195801
0.999695 1.00098 0.642926 0.0583925 0.0511881 0.00720445 0.000750817 1.16329e-06 1.2928e-05 7.68008e-05 0 12.49814128875732 16.22742080688477 25.59403228759766
0.999767 1.00093 0.642819 0.0583415 0.0511439 0.00719764 0.000659925 6.78311e-07 1.14471e-05 0.000113339 0 12.49904251098633 16.22949409484863 25.57195472717285
0.99976 1.00093 0.642829 0.0583156 0.0511248 0.00719083 0.000607547 7.20819e-07 1.15698e-05 5.69971e-05 0 12.49895858764648 16.23175239562988 25.56239128112793
0.999759 1.00092 0.642825 0.058319 0.0511375 0.00718153 0.000565429 7.24026e-07 1.13884e-05 2.46536e-05 0 12.49895763397217 16.23482894897461 25.56874847412109
0.999814 1.0009 0.642757 0.058294 0.0511219 0.00717215 0.000576143 4.30624e-07 1.0813e-05 5.55745e-05 0 12.4996337890625 16.2377872467041 25.56094932556152
0.999848 1.0009 0.642723 0.0583274 0.0511694 0.00715799 0.000685682 2.87476e-07 1.07648e-05 4.70459e-05 0 12.50006580352783 16.24238967895508 25.58465576171875
0.999851 1.00085 0.642689 0.0583446 0.0511832 0.00716137 0.000586588 2.7577e-07 9.65115e-06 5.26082e-05 0 12.50010871887207 16.24125671386719 25.59158325195312
0.99984 1.00085 0.642697 0.0583868 0.0512248 0.00716198 0.00057973 3.18317e-07 9.53888e-06 5.80602e-05 0 12.49996376037598 16.2410888671875 25.61241912841797
0.999845 1.00089 0.642721 0.0583014 0.0511393 0.00716211 0.000514572 3.01992e-07 1.05709e-05 7.25817e-06 0 12.50002098083496 16.24103355407715 25.56965637207031
0.999867 1.00089 0.6427 0.0583151 0.0511548 0.00716024 0.000485335 2.20678e-07 1.05831e-05 3.16033e-05 0 12.50030136108398 16.24159812927246 25.57741355895996
0.999844 1.00087 0.642712 0.0582921 0.0511349 0.00715721 0.000469726 3.06101e-07 1.02036e-05 5.06211e-05 0 12.49999618530273 16.24264526367188 25.56745719909668
0.999895 1.00082 0.64263 0.0584323 0.0512834 0.00714887 0.000754938 1.38923e-07 9.02834e-06 0.00019064 0 12.50064373016357 16.24529075622559 25.64171981811523
0.999817 1.00087 0.642736 0.058384 0.0512452 0.0071388 0.00060181 4.20922e-07 1.01045e-05 0.000127773 0 12.49966144561768 16.24880218505859 25.62261962890625
0.999903 1.0008 0.642605 0.0583447 0.0512094 0.00713535 0.000550659 1.17261e-07 8.47754e-06 0.000251804 0 12.50075626373291 16.24973106384277 25.60469055175781
0.999918 1.00085 0.642626 0.0583419 0.0512075 0.00713445 0.000505889 8.30726e-08 9.71836e-06 5.68805e-05 0 12.50094604492188 16.24999809265137 25.60375785827637
0.999855 1.00084 0.642678 0.0583584 0.0512257 0.00713275 0.000478687 2.61072e-07 9.38699e-06 0.000194224 0 12.50015449523926 16.25071907043457 25.61284065246582
0.9999 1.00084 0.642636 0.0583133 0.0511839 0.0071294 0.000472512 1.24882e-07 9.4404e-06 0.000151608 0 12.50071811676025 16.25171852111816 25.5919361114502
0.999874 1.00079 0.642628 0.0583611 0.0512363 0.00712473 0.000573883 1.98056e-07 8.30036e-06 0.000151912 0 12.50038433074951 16.25332832336426 25.6181640625
0.999885 1.00085 0.642658 0.0583354 0.0512147 0.00712067 0.00057509 1.66582e-07 9.66467e-06 0.000125046 0 12.50052261352539 16.25464820861816 25.60737037658691
0.999965 1.00082 0.642558 0.0584234 0.051306 0.00711744 0.000601988 1.50995e-08 8.89286e-06 0.00015142 0 12.50152587890625 16.25552940368652 25.65300369262695
0.999883 1.00081 0.642636 0.0584285 0.0513097 0.00711885 0.000524112 1.71142e-07 8.84756e-06 2.89898e-05 0 12.50049781799316 16.2552433013916 25.65484809875488
0.999933 1.00084 0.642604 0.0584391 0.0513235 0.00711556 0.000477847 5.66394e-08 9.39704e-06 3.47089e-05 0 12.50112342834473 16.25622177124023 25.66177177429199
0.999902 1.00082 0.642621 0.0582836 0.0511667 0.00711695 0.0004607 1.20969e-07 8.96624e-06 0.00015316 0 12.50073432922363 16.25582504272461 25.58334350585938
0.999913 1.00082 0.64261 0.0583857 0.0512678 0.00711791 0.000489358 9.43542e-08 8.95921e-06 8.30021e-05 0 12.50087928771973 16.25548934936523 25.63388061523438
0.999924 1.00082 0.642601 0.058455 0.0513393 0.00711578 0.000541669 7.2457e-08 9.02641e-06 8.27645e-05 0 12.50101280212402 16.25617027282715 25.66964340209961
0.999917 1.00081 0.642598 0.0584349 0.0513179 0.00711698 0.000457371 8.58508e-08 8.68206e-06 6.14141e-05 0 12.50092887878418 16.25578308105469 25.65892601013184
0.999911 1.00081 0.642604 0.058325 0.0512089 0.00711606 0.000476184 9.95616e-08 8.67464e-06 0.000148711 0 12.50085163116455 16.2561149597168 25.60444259643555
0.99989 1.00085 0.642655 0.0583243 0.0512116 0.00711266 0.000671158 1.50462e-07 9.74959e-06 0.000167681 0 12.50058841705322 16.25728797912598 25.60581398010254
0.999825 1.00081 0.642689 0.0584322 0.051316 0.00711625 0.00064365 3.8123e-07 8.77661e-06 0.00021994 0 12.49978160858154 16.25624847412109 25.65800476074219
1.00001 1.00076 0.642476 0.058476 0.0513605 0.00711552 0.000612415 2.21876e-09 7.74947e-06 0.000234633 0 12.50212097167969 16.25605964660645 25.68025016784668
0.999865 1.00084 0.64267 0.0583349 0.0512261 0.0071088 0.000627706 2.27113e-07 9.45374e-06 0.000256949 0 12.50027656555176 16.25863265991211 25.6130485534668
0.999913 1.00085 0.642632 0.0583748 0.051274 0.00710075 0.000678372 9.4778e-08 9.73898e-06 0.000235212 0 12.50086975097656 16.26117324829102 25.63702011108398
1.00001 1.00074 0.642464 0.0583141 0.0512159 0.00709821 0.000566784 1.05646e-09 7.23501e-06 8.84668e-05 0 12.50207710266113 16.26180458068848 25.60792922973633
0.999905 1.00081 0.64261 0.0584597 0.051365 0.00709475 0.000529876 1.12244e-07 8.69858e-06 4.21803e-05 0 12.50077724456787 16.26319313049316 25.6825065612793
0.999922 1.00084 0.642614 0.0582923 0.0511992 0.00709314 0.000525841 7.58156e-08 9.39394e-06 0.000530778 0 12.50098705291748 16.2636833190918 25.5995922088623
0.999982 1.0008 0.64253 0.0584596 0.0513669 0.0070927 0.000483292 3.83811e-09 8.53303e-06 0.000165472 0 12.50174331665039 16.2636890411377 25.68345642089844
0.99992 1.00082 0.642605 0.0584144 0.0513194 0.00709506 0.000541169 8.08712e-08 9.01001e-06 9.3656e-05 0 12.50095176696777 16.26304817199707 25.65967750549316
0.999922 1.0008 0.642589 0.058416 0.0513218 0.00709417 0.000489169 7.53319e-08 8.55622e-06 0.000414571 0 12.50098323822021 16.26334571838379 25.66089057922363
0.999919 1.00083 0.642611 0.0582882 0.0511949 0.00709331 0.000461839 8.16714e-08 9.19697e-06 0.000443045 0 12.50094509124756 16.26363372802734 25.59744262695312
0.999899 1.00082 0.642627 0.0583498 0.0512564 0.00709343 0.000533743 1.27876e-07 9.07263e-06 0.000253276 0 12.50069618225098 16.26364135742188 25.62818145751953
0.999943 1.00079 0.642565 0.0584123 0.0513204 0.00709189 0.000762277 4.13102e-08 8.41404e-06 9.12393e-05 0 12.50124359130859 16.26405906677246 25.66018867492676
0.999923 1.00084 0.642614 0.0583964 0.0513021 0.00709432 0.00052554 7.40269e-08 9.42001e-06 8.77688e-05 0 12.50099849700928 16.26329040527344 25.65105056762695
0.999884 1.00083 0.642647 0.0583359 0.0512382 0.00709768 0.000536275 1.68607e-07 9.27684e-06 0.0002006 0 12.50051021575928 16.26227378845215 25.61910057067871
0.999823 1.00091 0.642753 0.0584697 0.0513683 0.00710134 0.000677352 3.90091e-07 1.09833e-05 0.000224656 0 12.49974632263184 16.26119995117188 25.68416595458984
0.999892 1.00086 0.642654 0.0583987 0.0512919 0.00710677 0.000554775 1.45588e-07 9.79018e-06 0.000166269 0 12.5006103515625 16.25923538208008 25.64597511291504
0.999865 1.00086 0.64268 0.0583903 0.0512818 0.0071084 0.000520958 2.27066e-07 9.78301e-06 0.000221511 0 12.50026607513428 16.25874328613281 25.64093017578125
0.999819 1.00086 0.642725 0.0584791 0.0513745 0.00710457 0.00050122 4.10663e-07 9.79034e-06 0.000289057 0 12.4996976852417 16.26013946533203 25.6872615814209
0.999853 1.00083 0.642674 0.0584051 0.0513037 0.00710131 0.000481902 2.6876e-07 9.19108e-06 0.000128274 0 12.50011825561523 16.26113891601562 25.65187454223633
0.999857 1.00084 0.642676 0.0583358 0.0512363 0.00709949 0.000462487 2.55128e-07 9.37231e-06 0.00013852 0 12.50017166137695 16.2617301940918 25.61814880371094
0.999836 1.00085 0.642705 0.0583245 0.0512313 0.00709323 0.00054168 3.35626e-07 9.68526e-06 0.000147745 0 12.49991416931152 16.26386833190918 25.61563682556152
0.999885 1.00087 0.642667 0.0583873 0.0513035 0.00708371 0.000502016 1.65137e-07 1.00199e-05 0.000108757 0 12.50052738189697 16.26690673828125 25.65176582336426
0.999896 1.00081 0.642623 0.0583537 0.051272 0.00708169 0.000471729 1.35899e-07 8.83131e-06 6.98101e-05 0 12.50066089630127 16.26754760742188 25.63600540161133
0.999895 1.00084 0.642638 0.0582813 0.051201 0.00708039 0.000522232 1.37456e-07 9.3454e-06 0.000121287 0 12.50064849853516 16.26798629760742 25.60050010681152
0.999895 1.00085 0.642646 0.0583196 0.0512382 0.00708145 0.000459869 1.38037e-07 9.60598e-06 8.24558e-05 0 12.50064468383789 16.26762390136719 25.61907577514648
0.999901 1.00082 0.64262 0.058404 0.0513223 0.00708167 0.000438115 1.2182e-07 8.92531e-06 8.47386e-05 0 12.50073051452637 16.26755142211914 25.66116523742676
0.999864 1.00082 0.642655 0.0583108 0.0512299 0.00708091 0.000419904 2.30909e-07 8.89788e-06 0.000107154 0 12.50026321411133 16.26787948608398 25.61494255065918
0.999906 1.00084 0.642629 0.0582734 0.0511953 0.00707813 0.0003923 1.10535e-07 9.36537e-06 0.000116345 0 12.50078773498535 16.26870918273926 25.59764099121094
0.999909 1.00086 0.642637 0.0582843 0.0512084 0.00707592 0.00037648 1.0362e-07 9.77103e-06 0.000130784 0 12.50081825256348 16.26943016052246 25.60417938232422
0.999897 1.00082 0.642625 0.0583223 0.0512488 0.00707356 0.000367996 1.33583e-07 8.93092e-06 0.000214257 0 12.50066375732422 16.27023506164551 25.62437057495117
0.999897 1.00084 0.642637 0.0583699 0.0512973 0.00707259 0.000528029 1.31754e-07 9.38193e-06 8.66302e-05 0 12.50067520141602 16.27057266235352 25.64864158630371
0.99989 1.00083 0.642641 0.0582631 0.051191 0.00707217 0.000444888 1.50604e-07 9.27292e-06 0.000367831 0 12.50058841705322 16.2707347869873 25.59546852111816
0.999895 1.00084 0.642639 0.0584137 0.0513433 0.00707038 0.000456288 1.37799e-07 9.37903e-06 0.00039113 0 12.50064277648926 16.27130889892578 25.67167282104492
0.999867 1.00081 0.642648 0.0583091 0.0512406 0.00706853 0.000425909 2.21897e-07 8.7476e-06 0.000200326 0 12.50028991699219 16.27199554443359 25.62030410766602
0.999917 1.00082 0.642607 0.0583124 0.0512479 0.0070645 0.000491405 8.52598e-08 9.00578e-06 0.000192208 0 12.50092887878418 16.27321624755859 25.6239185333252
0.999945 1.00085 0.642596 0.058476 0.0514162 0.00705979 0.000442482 3.77545e-08 9.55253e-06 8.61921e-05 0 12.50127220153809 16.27471733093262 25.70810317993164
0.999922 1.00084 0.642615 0.0584555 0.0513969 0.0070586 0.000426239 7.67837e-08 9.41773e-06 0.000242339 0 12.50098133087158 16.2751579284668 25.69846153259277
0.999815 1.00087 0.642735 0.0583884 0.0513398 0.00704856 0.00081769 4.2776e-07 1.00345e-05 0.000417502 0 12.49964332580566 16.27875709533691 25.66990280151367
0.999882 1.00082 0.64264 0.0582792 0.0512399 0.0070393 0.000660884 1.73806e-07 8.95973e-06 0.000502096 0 12.50048351287842 16.28169631958008 25.61994171142578
0.999978 1.00078 0.642522 0.0584344 0.0514053 0.00702917 0.000603432 5.89392e-09 8.13422e-06 0.00021516 0 12.50168895721436 16.28483390808105 25.7026309967041
0.999882 1.00077 0.642605 0.0583759 0.0513485 0.0070274 0.00067976 1.73014e-07 7.82246e-06 0.000247913 0 12.50048828125 16.2856559753418 25.67423439025879
0.999954 1.00076 0.642535 0.0583974 0.0513766 0.00702074 0.000615783 2.63861e-08 7.79363e-06 0.000119475 0 12.50138378143311 16.2877025604248 25.68831634521484
0.999938 1.00069 0.642505 0.0583416 0.0513236 0.00701801 0.000650749 4.85079e-08 6.40267e-06 0.000336385 0 12.50118160247803 16.28865051269531 25.66181182861328
0.999976 1.00075 0.642506 0.0582829 0.0512676 0.00701533 0.000578311 7.22828e-09 7.54313e-06 8.50006e-05 0 12.50166130065918 16.28946495056152 25.63376426696777
0.999982 1.00079 0.642526 0.0582413 0.0512286 0.00701276 0.000551434 4.08284e-09 8.37315e-06 5.08699e-05 0 12.50173568725586 16.29029655456543 25.61428451538086
0.999958 1.00078 0.642542 0.0582291 0.0512185 0.00701053 0.00051767 2.22813e-08 8.1258e-06 3.63179e-05 0 12.50143337249756 16.29110336303711 25.60929107666016
1.00001 1.00074 0.642464 0.0582834 0.0512774 0.00700599 0.000655858 1.04699e-09 7.22936e-06 1.85839e-05 0 12.50207424163818 16.2924919128418 25.63872909545898
1.00004 1.00077 0.642461 0.0583059 0.0513022 0.00700374 0.000606685 1.53927e-08 7.92213e-06 4.45232e-05 0 12.50239753723145 16.29319000244141 25.65109825134277
0.99997 1.00072 0.642494 0.0582441 0.0512386 0.00700555 0.000597792 1.10986e-08 7.01076e-06 2.59713e-05 0 12.5015869140625 16.2927360534668 25.61928939819336
0.999975 1.00075 0.642506 0.058249 0.0512429 0.00700616 0.000550516 7.94662e-09 7.49738e-06 2.34737e-05 0 12.50164127349854 16.29251289367676 25.6214427947998
0.999967 1.00078 0.642531 0.0582263 0.0512187 0.00700768 0.000508338 1.32772e-08 8.09504e-06 2.06995e-05 0 12.50155448913574 16.29202842712402 25.60934638977051
0.999937 1.00079 0.642571 0.058218 0.0512051 0.00701289 0.000547666 4.97682e-08 8.4118e-06 0.000103969 0 12.50117492675781 16.29035568237305 25.60256195068359
0.999968 1.00078 0.642529 0.058248 0.051237 0.00701094 0.000579871 1.26573e-08 8.04187e-06 6.73204e-05 0 12.50155925750732 16.29093551635742 25.61852073669434
0.99998 1.0008 0.642536 0.0583748 0.0513626 0.00701215 0.000544538 5.15454e-09 8.63781e-06 0.000213596 0 12.50171184539795 16.29051208496094 25.68132209777832
0.999947 1.00082 0.642581 0.0582557 0.0512392 0.00701654 0.000499005 3.51615e-08 9.07364e-06 0.000154768 0 12.50129508972168 16.28911781311035 25.61957550048828
0.99994 1.00081 0.642578 0.0583634 0.0513439 0.00701949 0.00052522 4.54592e-08 8.73886e-06 7.53268e-05 0 12.50121212005615 16.28816032409668 25.67195701599121
0.999952 1.00079 0.642557 0.0583951 0.0513743 0.00702079 0.000487807 2.86574e-08 8.43202e-06 0.000101921 0 12.50135517120361 16.28769302368164 25.68713760375977
0.999896 1.00081 0.642617 0.0582395 0.0512186 0.00702092 0.000463631 1.35089e-07 8.66066e-06 0.000295779 0 12.50065898895264 16.28777313232422 25.60929679870605
0.999941 1.00079 0.642566 0.0582637 0.0512448 0.00701882 0.000473087 4.30063e-08 8.38749e-06 0.000232749 0 12.50122451782227 16.28837776184082 25.6224250793457
0.999936 1.00078 0.642566 0.0584197 0.0514021 0.00701755 0.000460186 5.16018e-08 8.21821e-06 0.000158692 0 12.50115203857422 16.2888126373291 25.70106506347656
0.999907 1.00076 0.642577 0.0584009 0.0513843 0.00701664 0.000448155 1.0707e-07 7.69643e-06 0.000157296 0 12.50081062316895 16.28917503356934 25.69215393066406
0.999922 1.00079 0.642583 0.0582997 0.0512832 0.00701642 0.000431365 7.63541e-08 8.3472e-06 0.000239592 0 12.50097560882568 16.28922080993652 25.64161491394043
0.999991 1.0008 0.642524 0.058359 0.0513493 0.00700963 0.000471659 9.78871e-10 8.5985e-06 0.000114395 0 12.50184154510498 16.29131507873535 25.67466354370117
0.999939 1.00084 0.642596 0.0583242 0.0513124 0.00701181 0.000430514 4.70853e-08 9.32699e-06 0.00021441 0 12.50119400024414 16.29071426391602 25.65621376037598
0.99992 1.00077 0.642569 0.058304 0.0512901 0.00701389 0.000399535 7.91146e-08 7.83623e-06 0.000184078 0 12.50096607208252 16.29006576538086 25.64505386352539
0.999928 1.0008 0.642586 0.058254 0.0512382 0.00701581 0.000379875 6.50921e-08 8.64433e-06 8.79626e-05 0 12.50105571746826 16.28940773010254 25.61907768249512
0.999899 1.0008 0.642611 0.058279 0.0512622 0.00701673 0.00036469 1.27506e-07 8.54637e-06 0.000122304 0 12.50069999694824 16.2891674041748 25.63113021850586
0.999855 1.00077 0.642635 0.0582665 0.0512464 0.00702008 0.00041479 2.61874e-07 7.96054e-06 0.000160735 0 12.50015258789062 16.28816223144531 25.62318801879883
0.999917 1.0008 0.642594 0.0585157 0.0514985 0.00701724 0.000578997 8.63779e-08 8.55594e-06 0.000197908 0 12.50091743469238 16.2889461517334 25.74924278259277
0.999887 1.00086 0.642659 0.0583818 0.0513601 0.00702176 0.000474311 1.58748e-07 9.80532e-06 0.000353936 0 12.50056266784668 16.28751373291016 25.6800365447998
0.999895 1.00082 0.642625 0.058329 0.0513063 0.00702265 0.000428558 1.37105e-07 8.88863e-06 0.000354286 0 12.50064945220947 16.28720855712891 25.65316390991211
0.999934 1.00091 0.642645 0.0585057 0.0514876 0.00701807 0.000405756 5.37972e-08 1.09571e-05 0.000393327 0 12.50114154815674 16.28865242004395 25.74381637573242
0.9999 1.00088 0.642662 0.0584065 0.0513897 0.0070168 0.000380828 1.24506e-07 1.03782e-05 0.000409495 0 12.50071430206299 16.28915214538574 25.69487762451172
0.999884 1.0008 0.642625 0.0583087 0.0512922 0.00701647 0.000361945 1.68809e-07 8.50281e-06 0.000227097 0 12.50050735473633 16.28927993774414 25.64613914489746
0.999904 1.00087 0.642652 0.0583761 0.0513625 0.00701357 0.000513594 1.15998e-07 1.01091e-05 0.000146281 0 12.50076484680176 16.29021453857422 25.68124008178711
0.999849 1.0009 0.642721 0.0583025 0.0512893 0.00701326 0.000432366 2.85919e-07 1.07066e-05 0.000397205 0 12.50006675720215 16.29044151306152 25.64463996887207
0.999836 1.0008 0.642673 0.058329 0.0513108 0.00701818 0.000530663 3.35226e-07 8.60044e-06 0.000406696 0 12.49990653991699 16.2888298034668 25.65539169311523
0.999849 1.00085 0.642694 0.0584448 0.0514214 0.00702344 0.000524133 2.85721e-07 9.73841e-06 0.00020217 0 12.50007343292236 16.28704452514648 25.71069717407227
0.9999 1.00081 0.642615 0.0582489 0.0512184 0.00703044 0.000475938 1.25204e-07 8.69508e-06 0.000332136 0 12.50071430206299 16.28459167480469 25.60919570922852
0.999854 1.0009 0.642718 0.058446 0.0514132 0.00703274 0.000676364 2.67289e-07 1.07909e-05 0.000254759 0 12.50013637542725 16.28393363952637 25.70660972595215
0.999796 1.00081 0.642719 0.0583758 0.0513433 0.00703253 0.000559345 5.19876e-07 8.83935e-06 0.000404621 0 12.49941158294678 16.28413581848145 25.67163276672363
0.99989 1.00087 0.642667 0.0582808 0.0512479 0.00703294 0.000519711 1.50775e-07 1.01921e-05 0.000491918 0 12.50059032440186 16.28379058837891 25.62393760681152
0.999878 1.00089 0.64269 0.0584316 0.0514023 0.00702928 0.000477856 1.87063e-07 1.05883e-05 0.000125345 0 12.50042724609375 16.2850284576416 25.70114707946777
0.999802 1.00082 0.642717 0.0582715 0.0512411 0.00703031 0.00046854 4.88759e-07 8.9674e-06 0.000686412 0 12.49948883056641 16.28486824035645 25.62055969238281
0.999878 1.00087 0.642679 0.0583758 0.051349 0.00702682 0.00043639 1.86529e-07 1.01864e-05 0.000340932 0 12.5004415512085 16.28586006164551 25.67448043823242
0.999916 1.00091 0.642664 0.0584311 0.0514076 0.00702345 0.000417659 8.76344e-08 1.10315e-05 0.000234795 0 12.50091361999512 16.28689575195312 25.70379066467285
0.999826 1.00077 0.642663 0.0584267 0.0514016 0.00702513 0.000449376 3.79309e-07 7.93428e-06 0.000696378 0 12.49978065490723 16.28654098510742 25.70079803466797
0.999876 1.00082 0.642647 0.058509 0.0514859 0.0070231 0.000418021 1.93286e-07 8.98952e-06 0.000265953 0 12.50040245056152 16.28709602355957 25.7429370880127
0.999913 1.00087 0.642642 0.0585937 0.0515731 0.00702058 0.000415209 9.4363e-08 1.00764e-05 0.00065436 0 12.50087547302246 16.2878532409668 25.78653717041016
0.999836 1.00086 0.642708 0.0585492 0.0515271 0.00702204 0.00050736 3.38081e-07 9.78983e-06 0.000998221 0 12.49990367889404 16.28754997253418 25.7635612487793
0.99988 1.00074 0.642589 0.0586113 0.0515944 0.00701694 0.000443003 1.80519e-07 7.25377e-06 0.00042105 0 12.50045776367188 16.28914642333984 25.79719352722168
0.99988 1.00087 0.642676 0.0583253 0.051308 0.00701733 0.000405005 1.78684e-07 1.0189e-05 0.000281347 0 12.50046730041504 16.28900909423828 25.65399551391602
0.9999 1.00087 0.642658 0.0582505 0.0512345 0.00701597 0.000384569 1.25632e-07 1.01857e-05 0.000150833 0 12.50070190429688 16.28941917419434 25.61723709106445
0.999882 1.00084 0.642654 0.058328 0.0513121 0.00701595 0.000461567 1.74803e-07 9.44365e-06 0.000144004 0 12.50048160552979 16.28946304321289 25.65604972839355
0.999852 1.00084 0.642684 0.0582377 0.0512212 0.00701651 0.000380595 2.73363e-07 9.49649e-06 0.000224785 0 12.50012016296387 16.28934860229492 25.6106128692627
0.999872 1.00083 0.642658 0.0583012 0.0512867 0.00701455 0.000352959 2.04486e-07 9.26211e-06 0.000138612 0 12.50036239624023 16.28996276855469 25.64332962036133
0.999888 1.00087 0.642668 0.0583064 0.0512941 0.0070123 0.000347498 1.56643e-07 1.01401e-05 0.000114229 0 12.50055980682373 16.29067611694336 25.64703369140625
0.999859 1.00086 0.64269 0.0582285 0.0512165 0.00701204 0.00032685 2.47692e-07 9.95554e-06 0.00016525 0 12.50020122528076 16.29084014892578 25.60823440551758
0.999842 1.00087 0.642711 0.058186 0.051171 0.00701503 0.000438584 3.13834e-07 1.00771e-05 0.000206889 0 12.49997520446777 16.28986930847168 25.58550262451172
0.99987 1.00087 0.642682 0.0582706 0.0512548 0.00701575 0.00036582 2.10276e-07 1.00413e-05 0.000101812 0 12.50033378601074 16.28956031799316 25.62740516662598
0.999866 1.00085 0.642677 0.0582772 0.0512627 0.00701448 0.000343025 2.25625e-07 9.69457e-06 8.67792e-05 0 12.50028514862061 16.28998565673828 25.6313419342041
0.999855 1.0009 0.64272 0.058161 0.0511492 0.00701176 0.000323361 2.63998e-07 1.09025e-05 0.000226003 0 12.50015544891357 16.29093170166016 25.57458877563477
0.999868 1.00087 0.642686 0.0582439 0.051235 0.00700891 0.000312319 2.17009e-07 1.01124e-05 0.000121126 0 12.500319480896 16.29184341430664 25.61751556396484
0.999856 1.00087 0.642698 0.0581863 0.0511784 0.00700784 0.000300671 2.58425e-07 1.01224e-05 0.000206684 0 12.50016307830811 16.29223823547363 25.58920669555664
0.999879 1.00089 0.642688 0.0582401 0.051235 0.00700501 0.00029271 1.84331e-07 1.05417e-05 0.000140907 0 12.50044059753418 16.29313468933105 25.61752510070801
0.999843 1.00084 0.642691 0.0582544 0.0512493 0.00700504 0.000312765 3.08193e-07 9.42553e-06 0.000179702 0 12.50000095367432 16.29320907592773 25.62465858459473
0.999862 1.00086 0.642686 0.0582519 0.0512489 0.00700299 0.000298018 2.36548e-07 9.91749e-06 0.000129776 0 12.50023746490479 16.29384994506836 25.62444686889648
0.999868 1.00089 0.642699 0.0582422 0.0512412 0.00700103 0.000316887 2.18192e-07 1.05674e-05 0.000186995 0 12.50030899047852 16.29447746276855 25.62060546875
0.999891 1.00087 0.642662 0.0581793 0.0511811 0.00699816 0.000285419 1.4739e-07 1.00488e-05 0.000125761 0 12.50060558319092 16.29538536071777 25.59058570861816
0.99986 1.00086 0.64269 0.0582145 0.0512164 0.00699809 0.000276809 2.44602e-07 9.96854e-06 6.61835e-05 0 12.50020694732666 16.29548835754395 25.60818672180176
0.999857 1.00086 0.642688 0.0581947 0.0511973 0.00699747 0.000271912 2.54128e-07 9.80016e-06 0.000177337 0 12.50018119812012 16.29569816589355 25.59864044189453
0.999916 1.00089 0.642652 0.0581858 0.0511937 0.00699216 0.000339207 8.85118e-08 1.05572e-05 0.000123964 0 12.50091743469238 16.29733467102051 25.59683036804199
0.999843 1.0009 0.642731 0.0581969 0.0512054 0.0069915 0.000440635 3.06567e-07 1.08796e-05 7.34116e-05 0 12.50000858306885 16.2977294921875 25.60269165039062
0.999888 1.00089 0.642679 0.058166 0.0511813 0.00698466 0.000405486 1.56075e-07 1.05741e-05 8.88834e-05 0 12.50057029724121 16.29990577697754 25.59064674377441
0.999921 1.00085 0.642624 0.0581292 0.0511428 0.00698648 0.000345003 7.80684e-08 9.73226e-06 9.08235e-05 0 12.50097370147705 16.29922103881836 25.57136344909668
0.999873 1.00088 0.642685 0.0581508 0.0511665 0.00698425 0.000325942 2.01939e-07 1.02277e-05 5.85406e-05 0 12.50037956237793 16.30007171630859 25.5832691192627
0.999869 1.00083 0.642661 0.0582032 0.051221 0.00698218 0.000330315 2.14821e-07 9.25857e-06 2.49115e-05 0 12.50031757354736 16.30077934265137 25.61050224304199
0.999894 1.00086 0.642652 0.0581777 0.0511964 0.00698128 0.000311627 1.41193e-07 9.76295e-06 7.349e-05 0 12.50063228607178 16.30103302001953 25.59821701049805
0.999884 1.00085 0.642656 0.0582289 0.0512473 0.00698154 0.000308305 1.67524e-07 9.58824e-06 8.69737e-05 0 12.50051021575928 16.30096244812012 25.62365531921387
0.999881 1.00083 0.642648 0.0581956 0.0512172 0.00697846 0.000290592 1.77899e-07 9.20159e-06 3.41114e-05 0 12.50046730041504 16.30200386047363 25.60857582092285
0.999892 1.00079 0.642612 0.0583441 0.0513673 0.00697688 0.000303229 1.45466e-07 8.35089e-06 0.000156758 0 12.5006160736084 16.3024959564209 25.68364715576172
0.999904 1.00087 0.642651 0.0582562 0.0512791 0.00697711 0.000282205 1.142e-07 1.01145e-05 0.000234317 0 12.50075912475586 16.30239868164062 25.63955879211426
0.999904 1.00086 0.642644 0.0583046 0.0513295 0.00697505 0.000279674 1.14759e-07 9.86698e-06 0.000239161 0 12.50076198577881 16.3030891418457 25.66475486755371
0.999893 1.00088 0.64267 0.0582316 0.0512576 0.00697402 0.000263092 1.43768e-07 1.03975e-05 0.000431602 0 12.50061416625977 16.303466796875 25.62878036499023
0.99988 1.00085 0.642664 0.0582119 0.0512384 0.00697347 0.000250799 1.8119e-07 9.73378e-06 0.000490578 0 12.50046157836914 16.30366134643555 25.61919975280762
0.999922 1.00087 0.642631 0.0582339 0.0512642 0.00696974 0.000238874 7.58926e-08 9.99096e-06 0.000249731 0 12.50098991394043 16.30482482910156 25.63206672668457
0.999877 1.00082 0.642647 0.0582096 0.0512406 0.00696904 0.000421182 1.90075e-07 9.01453e-06 0.000238976 0 12.50041484832764 16.30515670776367 25.62027359008789
0.999888 1.00079 0.642618 0.0582708 0.0513048 0.00696595 0.000608048 1.57119e-07 8.41618e-06 0.00026577 0 12.50055503845215 16.30616760253906 25.65241432189941
0.999868 1.00087 0.642684 0.0581534 0.0511864 0.00696694 0.000362257 2.17922e-07 1.00277e-05 0.000444018 0 12.50030994415283 16.30587577819824 25.59322166442871
0.999909 1.00083 0.642619 0.0582073 0.0512444 0.00696285 0.000300833 1.03945e-07 9.11513e-06 0.00018827 0 12.50082588195801 16.30716133117676 25.62220191955566
0.999913 1.00083 0.642618 0.0582458 0.0512865 0.00695929 0.000420345 9.45936e-08 9.22703e-06 9.13273e-05 0 12.50086975097656 16.30834197998047 25.64323234558105
0.999909 1.00082 0.642616 0.0581967 0.0512398 0.00695689 0.00034597 1.03392e-07 9.02389e-06 7.86075e-05 0 12.50082778930664 16.30914688110352 25.61989402770996
0.999899 1.00084 0.64264 0.0581387 0.0511821 0.00695666 0.000314383 1.27933e-07 9.5178e-06 0.000190559 0 12.50068759918213 16.30926513671875 25.5910472869873
0.999896 1.00082 0.642628 0.0582153 0.05126 0.00695533 0.000300616 1.34807e-07 9.01089e-06 0.000183043 0 12.50067329406738 16.30971145629883 25.6299877166748
0.999916 1.00085 0.642629 0.0582181 0.0512624 0.00695574 0.00029851 8.87803e-08 9.72199e-06 0.000160392 0 12.50090885162354 16.30952262878418 25.63118362426758
0.999927 1.00085 0.642619 0.058345 0.051389 0.006956 0.000293873 6.60364e-08 9.73904e-06 0.000156131 0 12.501051902771 16.30940818786621 25.69450950622559
0.999885 1.00083 0.642646 0.0582148 0.0512585 0.00695632 0.000275327 1.64652e-07 9.28793e-06 0.000287752 0 12.50052165985107 16.30939865112305 25.62925148010254
0.999943 1.00085 0.6426 0.0582316 0.0512796 0.00695206 0.000366818 4.04703e-08 9.61772e-06 0.000215528 0 12.50124835968018 16.31069946289062 25.63978958129883
0.999895 1.00087 0.642661 0.0582649 0.0513112 0.0069537 0.000562701 1.38154e-07 1.01391e-05 0.000115797 0 12.50064373016357 16.31024742126465 25.65560340881348
0.999894 1.00083 0.642633 0.0582782 0.0513272 0.00695091 0.000458514 1.41022e-07 9.12664e-06 0.000130679 0 12.50063705444336 16.31119346618652 25.66360664367676
0.999913 1.00085 0.64263 0.0581371 0.0511899 0.00694717 0.000405232 9.43071e-08 9.66405e-06 0.000156265 0 12.50087642669678 16.31240463256836 25.5949764251709
0.999913 1.00085 0.642627 0.058171 0.0512282 0.00694282 0.00036748 9.36593e-08 9.56384e-06 2.15177e-05 0 12.50088214874268 16.31386566162109 25.61407661437988
0.99991 1.00083 0.642617 0.0581227 0.0511823 0.00694042 0.00033965 1.0187e-07 9.0877e-06 4.64156e-05 0 12.50082683563232 16.31468200683594 25.59116172790527
0.999917 1.00078 0.642584 0.058229 0.0512918 0.00693724 0.000334265 8.69936e-08 8.22006e-06 7.43162e-05 0 12.50092315673828 16.31573295593262 25.64589691162109
0.999922 1.00081 0.642596 0.0582458 0.0513109 0.00693491 0.000315137 7.69293e-08 8.75088e-06 6.8718e-05 0 12.50098133087158 16.31648826599121 25.65544128417969
0.999915 1.00082 0.642606 0.0581479 0.0512156 0.00693229 0.000336337 8.99049e-08 8.8812e-06 0.000189325 0 12.50089550018311 16.31739616394043 25.60779190063477
0.999937 1.00081 0.64258 0.0582062 0.0512775 0.00692869 0.00031231 5.00909e-08 8.72055e-06 8.55724e-05 0 12.50117015838623 16.31855583190918 25.63873481750488
0.999938 1.00079 0.642565 0.0583179 0.0513912 0.00692668 0.000304698 4.84591e-08 8.26845e-06 0.000182081 0 12.50118160247803 16.31922149658203 25.69561767578125
0.999945 1.00085 0.642598 0.0581535 0.0512285 0.00692498 0.000310309 3.72071e-08 9.61861e-06 0.000299914 0 12.50127124786377 16.31977844238281 25.61427307128906
0.999942 1.00081 0.642575 0.0582618 0.0513356 0.00692621 0.000347836 4.18546e-08 8.73958e-06 0.00013186 0 12.50122833251953 16.31937026977539 25.66779708862305
0.999941 1.00081 0.642574 0.0581743 0.0512466 0.00692771 0.000328412 4.33521e-08 8.67764e-06 0.000154576 0 12.50122261047363 16.31887435913086 25.6233024597168
0.999925 1.00081 0.642595 0.0581739 0.0512439 0.00692998 0.000353087 7.07254e-08 8.83524e-06 8.0469e-05 0 12.50101947784424 16.31814193725586 25.62193298339844
0.99993 1.0008 0.642579 0.058143 0.0512133 0.00692974 0.00035194 6.2133e-08 8.45742e-06 0.000162359 0 12.50107002258301 16.31821632385254 25.60663604736328
0.999941 1.00083 0.642587 0.0581386 0.0512098 0.00692874 0.000321792 4.30588e-08 9.1232e-06 0.000118171 0 12.50122928619385 16.31852912902832 25.60492706298828
0.999916 1.00081 0.6426 0.0582046 0.0512763 0.00692828 0.000369892 8.84845e-08 8.71958e-06 9.64051e-05 0 12.50091075897217 16.3187370300293 25.63815307617188
0.999946 1.00083 0.642585 0.0581956 0.0512686 0.006927 0.000467709 3.6984e-08 9.18573e-06 0.000159142 0 12.50127792358398 16.31908988952637 25.63429069519043
0.999959 1.00082 0.642567 0.0581449 0.0512196 0.00692525 0.000431348 2.1529e-08 8.99435e-06 8.66012e-05 0 12.50143432617188 16.31965827941895 25.60980224609375
0.999936 1.00081 0.642582 0.0581881 0.0512633 0.0069248 0.00039322 5.12126e-08 8.77514e-06 6.91622e-05 0 12.50116062164307 16.31984901428223 25.63166427612305
0.999926 1.00083 0.642602 0.058108 0.0511835 0.00692449 0.000373299 6.7968e-08 9.10868e-06 0.000133541 0 12.50104331970215 16.31997680664062 25.59177398681641
0.999953 1.00085 0.642593 0.0581194 0.0511942 0.00692516 0.000359245 2.79212e-08 9.71502e-06 0.000208405 0 12.50136756896973 16.3196964263916 25.59712600708008
0.999912 1.00078 0.642586 0.0582784 0.0513518 0.00692668 0.000355807 9.7423e-08 8.11995e-06 0.000220731 0 12.50085639953613 16.31928443908691 25.67588233947754
0.999934 1.00082 0.642588 0.058387 0.0514608 0.00692628 0.000337551 5.41036e-08 8.89773e-06 0.00021004 0 12.50114345550537 16.31937026977539 25.73037338256836
0.999933 1.00085 0.642611 0.0582466 0.0513183 0.00692828 0.000335669 5.63444e-08 9.64676e-06 0.000338699 0 12.50112628936768 16.31869506835938 25.6591682434082
0.999924 1.00085 0.642616 0.0582389 0.0513104 0.00692853 0.000331436 7.27579e-08 9.53705e-06 0.000262382 0 12.50100994110107 16.31863212585449 25.65519142150879
0.999918 1.00082 0.642605 0.0582261 0.0512967 0.00692947 0.00033307 8.33883e-08 8.97114e-06 0.000136768 0 12.5009298324585 16.31833267211914 25.64834022521973
0.999925 1.00084 0.642612 0.0581868 0.0512573 0.00692954 0.000320674 6.9919e-08 9.44879e-06 0.000117311 0 12.50102424621582 16.31829071044922 25.62867736816406
0.99991 1.00083 0.642622 0.0581342 0.0512042 0.00693002 0.000370287 1.01513e-07 9.2696e-06 9.48482e-05 0 12.50083446502686 16.31816291809082 25.60210609436035
0.999914 1.00081 0.6426 0.0581412 0.0512116 0.00692957 0.000319213 9.1566e-08 8.67889e-06 6.96487e-05 0 12.50089454650879 16.31830215454102 25.60581970214844
0.999949 1.00081 0.642571 0.0584605 0.0515332 0.00692727 0.000343309 3.30847e-08 8.80335e-06 0.000257258 0 12.50131511688232 16.31900024414062 25.76660919189453
0.999894 1.00081 0.642625 0.0581708 0.051241 0.00692984 0.000308049 1.40505e-07 8.85677e-06 0.000157551 0 12.50063896179199 16.31826591491699 25.62051391601562
