A/A0 V/V0 Vr eb eb_bend eb_ad ea ega ev ek ee
1 1.00092 0.642589 0.109093 0.0496849 0.0594082 0.000367957 0 1.12357e-05 4.40827e-09 0
1.00226 0.999961 0.639805 0.10467 0.0498682 0.0548022 0.000887011 6.38371e-05 2.02747e-08 0.000407393 0
1.00199 1.0001 0.640149 0.101842 0.0499892 0.0518524 0.00126601 4.96481e-05 1.29229e-07 0.000412077 0
1.00145 1.00046 0.640902 0.0998939 0.050195 0.0496989 0.00152913 2.61353e-05 2.76907e-06 0.000229662 0
1.00177 1.00008 0.640347 0.0979561 0.0502626 0.0476935 0.00217604 3.93084e-05 8.28266e-08 0.000358933 0
1.00168 1.00003 0.640402 0.0962746 0.0502879 0.0459867 0.00247428 3.52963e-05 9.50275e-09 0.000520327 0
1.00132 0.99997 0.640708 0.0948449 0.0505611 0.0442838 0.00581895 2.19182e-05 1.1784e-08 0.00125338 0
1.0014 1.00016 0.640755 0.0932776 0.0502822 0.0429954 0.00232347 2.45627e-05 3.38963e-07 0.000594951 0
1.0014 1.00005 0.64069 0.091775 0.0502757 0.0414993 0.00221021 2.4365e-05 3.28802e-08 0.000727743 0
1.00111 1.00023 0.641074 0.0903034 0.0501821 0.0401213 0.00225564 1.55159e-05 6.90164e-07 0.000466001 0
1.00105 1.00035 0.641213 0.0888144 0.050091 0.0387234 0.00213697 1.38198e-05 1.63234e-06 0.000330926 0
1.00106 1.00029 0.641166 0.0875372 0.0501354 0.0374018 0.00211359 1.40011e-05 1.10066e-06 0.00037666 0
1.00093 1.00041 0.64137 0.0861208 0.049935 0.0361858 0.00208872 1.08253e-05 2.27423e-06 0.000376623 0
1.00074 1.00041 0.641554 0.0848897 0.0498824 0.0350073 0.00316726 6.79732e-06 2.24689e-06 0.000387278 0
1.00063 1.00052 0.641731 0.083827 0.0498981 0.0339289 0.00293488 4.94259e-06 3.65642e-06 0.000521986 0
1.00063 1.00046 0.641686 0.0828027 0.0499141 0.0328886 0.0027364 5.02027e-06 2.83085e-06 0.000406233 0
1.00057 1.00047 0.641753 0.0814511 0.0495269 0.0319242 0.00208302 4.03871e-06 2.90789e-06 0.000384007 0
1.00038 1.00045 0.641924 0.0804814 0.0494941 0.0309873 0.0032084 1.77248e-06 2.65592e-06 0.000497171 0
1.00035 1.00057 0.642034 0.0793314 0.0492451 0.0300862 0.00226927 1.49776e-06 4.37125e-06 0.000239564 0
1.00028 1.00066 0.642157 0.0782896 0.049059 0.0292306 0.00187057 9.54353e-07 5.79051e-06 0.000280754 0
