A/A0 V/V0 Vr eb eb_bend eb_ad ea ega ev ek ee  h0 h1 h2
1 1.00032 0.642203 0.111098 0.0495561 0.0615419 0.000329511 0 1.33674e-06 7.56699e-10 0 12.54967498779297 7.076537132263184 24.77803230285645
1.00074 1.0015 0.642246 0.110314 0.0495977 0.0607163 0.000326698 6.93633e-06 3.01272e-05 0.000196334 0 12.55898666381836 7.164924621582031 24.79879570007324
1.00114 1.00145 0.641838 0.10954 0.0496447 0.0598958 0.00033567 1.61984e-05 2.82823e-05 0.000236893 0 12.56394577026367 7.255856990814209 24.82236480712891
1.00136 1.00092 0.641281 0.108812 0.0496751 0.0591372 0.000392091 2.33021e-05 1.14092e-05 0.000263106 0 12.5667724609375 7.341438293457031 24.83755111694336
1.00163 1.00051 0.640764 0.108137 0.0497116 0.0584251 0.000455693 3.33049e-05 3.54564e-06 0.000233089 0 12.57012844085693 7.421947479248047 24.85578918457031
1.0019 1.00026 0.640346 0.107476 0.0497249 0.0577509 0.000617033 4.50791e-05 9.15094e-07 0.000223239 0 12.57346153259277 7.498577117919922 24.86245727539062
1.0021 1.00005 0.640016 0.106868 0.0497466 0.0571213 0.000817688 5.54559e-05 3.96251e-08 0.000278179 0 12.57606506347656 7.570837020874023 24.87333679199219
1.00225 0.999897 0.639776 0.106324 0.0497814 0.0565425 0.000784685 6.3379e-05 1.43218e-07 0.000302838 0 12.5778751373291 7.637944221496582 24.89068984985352
1.00234 0.999782 0.639612 0.105795 0.0497987 0.0559963 0.000935311 6.88115e-05 6.39808e-07 0.000319615 0 12.57905673980713 7.701868534088135 24.89935111999512
1.00239 0.999724 0.639528 0.105269 0.0497916 0.0554779 0.000904218 7.1746e-05 1.02458e-06 0.000406784 0 12.57969760894775 7.763125419616699 24.89579010009766
1.0024 0.999699 0.6395 0.104923 0.0499305 0.0549925 0.00102283 7.24588e-05 1.2192e-06 0.000209261 0 12.57982063293457 7.820940971374512 24.96521759033203
1.00237 0.99972 0.639548 0.104413 0.049882 0.0545311 0.000983245 7.03557e-05 1.04949e-06 0.000349869 0 12.57938098907471 7.876463890075684 24.94103050231934
1.0023 0.999768 0.639644 0.104029 0.0499521 0.0540773 0.00109096 6.6349e-05 7.21024e-07 0.00025696 0 12.57851028442383 7.93150806427002 24.97602653503418
1.00219 0.999824 0.639788 0.103531 0.04988 0.053651 0.00112062 5.9957e-05 4.14872e-07 0.000503782 0 12.57711696624756 7.983741283416748 24.94002532958984
1.0021 0.999905 0.639926 0.103203 0.0499595 0.0532433 0.00105465 5.5109e-05 1.22031e-07 0.000333608 0 12.57597351074219 8.033775329589844 24.97975730895996
1.00201 0.999992 0.640066 0.102808 0.0499602 0.0528482 0.000989793 5.0584e-05 9.23066e-10 0.000277849 0 12.57487869262695 8.082431793212891 24.98007202148438
1.00192 1.00005 0.640186 0.102447 0.0499784 0.0524686 0.000952401 4.63709e-05 3.49599e-08 0.000299323 0 12.57381248474121 8.129347801208496 24.98918342590332
1.0018 1.00007 0.640314 0.102082 0.0500012 0.0520812 0.001338 4.0837e-05 7.4085e-08 0.000341481 0 12.57232570648193 8.177606582641602 25.00060081481934
1.00178 1.00012 0.640371 0.101778 0.0500539 0.051724 0.00126438 3.96348e-05 1.99838e-07 0.000282538 0 12.57198429107666 8.221736907958984 25.02702522277832
1.00176 1.00015 0.640408 0.101453 0.0500745 0.0513783 0.00113436 3.88142e-05 3.16317e-07 0.000170966 0 12.57174396514893 8.264520645141602 25.03726387023926
1.00175 1.00014 0.640409 0.101084 0.0500443 0.0510398 0.00107757 3.84176e-05 2.64839e-07 0.00022139 0 12.57163429260254 8.306510925292969 25.02216339111328
1.00176 1.0001 0.640378 0.100769 0.0500635 0.0507058 0.00133257 3.87772e-05 1.45864e-07 0.000231076 0 12.57173919677734 8.347973823547363 25.03180122375488
1.00176 1.00006 0.640345 0.100429 0.0500537 0.0503755 0.0012422 3.90799e-05 5.34016e-08 0.000234183 0 12.57182788848877 8.389107704162598 25.02688598632812
1.00179 1.00001 0.64029 0.100126 0.0500729 0.0500531 0.00158476 4.00355e-05 1.27263e-09 0.000220346 0 12.57208824157715 8.429299354553223 25.03643798828125
1.0018 0.999999 0.640273 0.0998436 0.0500895 0.0497541 0.00143029 4.05271e-05 1.79993e-11 0.000208175 0 12.5722484588623 8.466761589050293 25.04473304748535
1.00183 0.999989 0.640232 0.0996245 0.0501588 0.0494657 0.00143532 4.21516e-05 1.56359e-09 0.000161832 0 12.57267284393311 8.502825736999512 25.07940101623535
1.00186 0.999961 0.64019 0.099298 0.0501143 0.0491837 0.00136557 4.33025e-05 2.09147e-08 0.000300119 0 12.57298469543457 8.53827953338623 25.05713272094727
1.00184 0.999917 0.64018 0.0990115 0.0501117 0.0488998 0.00150486 4.24095e-05 9.35145e-08 0.000364787 0 12.57273960113525 8.574333190917969 25.05583000183105
1.00181 0.999944 0.640224 0.0987961 0.0501731 0.048623 0.00187259 4.1167e-05 4.15279e-08 0.000280962 0 12.57240581512451 8.609634399414062 25.08655738830566
1.00182 0.999934 0.640213 0.0985008 0.0501487 0.0483521 0.00171573 4.13778e-05 5.92669e-08 0.000334608 0 12.5724630355835 8.644110679626465 25.07431030273438
1.00176 0.999956 0.640278 0.0982863 0.050202 0.0480843 0.00199532 3.90318e-05 2.54343e-08 0.00032942 0 12.57180976867676 8.678594589233398 25.10100746154785
1.00175 0.999994 0.640317 0.098003 0.0501671 0.0478359 0.00160502 3.83203e-05 4.764e-10 0.000329954 0 12.57160758972168 8.710487365722656 25.08357048034668
1.00175 0.999998 0.640317 0.0977303 0.0501397 0.0475906 0.00148433 3.8415e-05 6.19715e-11 0.000354018 0 12.57162475585938 8.741950988769531 25.06983757019043
1.00168 1.00002 0.640395 0.0975289 0.0501936 0.0473354 0.00150451 3.55878e-05 6.00168e-09 0.000324829 0 12.5708179473877 8.775201797485352 25.0967845916748
1.00169 1.00001 0.640381 0.0972488 0.0501572 0.0470916 0.00143341 3.58658e-05 9.6054e-10 0.000280298 0 12.57088565826416 8.806595802307129 25.0786247253418
1.00166 1.00001 0.640408 0.0969768 0.0501332 0.0468436 0.00160786 3.47541e-05 1.52135e-09 0.000293615 0 12.57054996490479 8.838851928710938 25.06661796569824
1.00165 1.00003 0.640437 0.0967295 0.0501285 0.046601 0.00153044 3.40248e-05 1.23398e-08 0.000292664 0 12.57033538818359 8.870402336120605 25.06427192687988
1.00163 1.00004 0.640453 0.0964734 0.0501071 0.0463663 0.00160339 3.35339e-05 1.83766e-08 0.000270053 0 12.57019996643066 8.900989532470703 25.05354881286621
1.00164 1.00006 0.640461 0.096236 0.0501095 0.0461264 0.00139235 3.37693e-05 4.64246e-08 0.00022467 0 12.57025623321533 8.932219505310059 25.05478096008301
1.00162 1.00002 0.640458 0.0960244 0.0501274 0.045897 0.0013946 3.27472e-05 3.52814e-09 0.000185896 0 12.56994342803955 8.962350845336914 25.06369972229004
1.00163 1.00002 0.64045 0.0957838 0.0501225 0.0456613 0.00156142 3.32817e-05 7.22264e-09 0.000220516 0 12.57009887695312 8.993155479431152 25.06125450134277
1.00162 1.00003 0.640458 0.0955395 0.05011 0.0454295 0.00154436 3.2962e-05 8.40486e-09 0.000287666 0 12.56999492645264 9.023641586303711 25.05500793457031
1.0016 1.00001 0.64047 0.0952892 0.0500867 0.0452025 0.00151296 3.20568e-05 1.03762e-09 0.000256318 0 12.56972980499268 9.053645133972168 25.04335784912109
1.00158 1.00002 0.640495 0.0950696 0.0500918 0.0449778 0.00174211 3.12209e-05 4.18666e-09 0.000234185 0 12.56947326660156 9.083433151245117 25.04593086242676
1.00156 1.00002 0.640513 0.0948556 0.0500966 0.044759 0.00155283 3.06629e-05 7.82097e-09 0.000187799 0 12.56929874420166 9.112480163574219 25.04828262329102
1.00154 1.00004 0.64055 0.0946437 0.0501007 0.044543 0.00166476 2.96852e-05 2.62929e-08 0.000204966 0 12.56897926330566 9.141271591186523 25.05036926269531
1.00154 1.00006 0.640558 0.0943893 0.0500564 0.0443328 0.00151332 2.98555e-05 5.30815e-08 0.000222962 0 12.56902980804443 9.169205665588379 25.02823829650879
1.00153 1.00005 0.640561 0.0942152 0.0500932 0.044122 0.00177231 2.9415e-05 3.5525e-08 0.000166689 0 12.56888580322266 9.197356224060059 25.04659652709961
1.0015 1.00009 0.640615 0.0939982 0.0500847 0.0439135 0.00158401 2.81847e-05 9.89095e-08 0.000181666 0 12.56848621368408 9.225401878356934 25.04233169555664
1.00149 1.00009 0.640625 0.0938013 0.0500911 0.0437102 0.00153428 2.77998e-05 1.0228e-07 0.000213693 0 12.56835174560547 9.252687454223633 25.04553985595703
1.00148 1.0001 0.640643 0.0936123 0.0501066 0.0435057 0.0015111 2.73129e-05 1.21757e-07 0.000187642 0 12.56820392608643 9.280209541320801 25.05332565307617
1.00147 1.0001 0.640654 0.0933889 0.0500857 0.0433032 0.00140967 2.7048e-05 1.37318e-07 0.000251575 0 12.56808567047119 9.307499885559082 25.04287528991699
1.00144 1.00008 0.640671 0.093192 0.0500961 0.0430958 0.00180683 2.59395e-05 9.14891e-08 0.000256597 0 12.56771469116211 9.335640907287598 25.04807472229004
1.00142 1.00013 0.640714 0.0929815 0.0500874 0.0428941 0.00158558 2.54017e-05 2.15302e-07 0.000254496 0 12.56753253936768 9.362982749938965 25.04368591308594
1.00143 1.00009 0.640683 0.0927551 0.0500569 0.0426982 0.00173245 2.57458e-05 1.16358e-07 0.000260977 0 12.56764984130859 9.389480590820312 25.02843475341797
1.0014 1.0001 0.640721 0.0925589 0.0500564 0.0425025 0.00174139 2.46043e-05 1.47092e-07 0.000323798 0 12.56723880767822 9.416228294372559 25.02824401855469
1.00136 1.00007 0.640737 0.0923788 0.0500637 0.0423151 0.00236282 2.32141e-05 6.34224e-08 0.000342866 0 12.5667552947998 9.441965103149414 25.03186988830566
1.00135 1.00019 0.640829 0.092191 0.0500659 0.042125 0.0018449 2.27101e-05 4.8931e-07 0.000201308 0 12.56656455993652 9.467974662780762 25.03295516967773
1.00136 1.00011 0.640759 0.0920065 0.0500686 0.041938 0.00191634 2.33508e-05 1.63848e-07 0.000154953 0 12.56680107116699 9.493442535400391 25.03428077697754
1.00136 1.00012 0.640775 0.0917791 0.0500273 0.0417517 0.00178119 2.30501e-05 1.96022e-07 0.000267409 0 12.56667423248291 9.518999099731445 25.01367378234863
1.00135 1.00011 0.640772 0.091624 0.0500556 0.0415684 0.00177063 2.28379e-05 1.53449e-07 0.000224946 0 12.5666036605835 9.544210433959961 25.02779960632324
1.00136 1.00013 0.640778 0.0914453 0.0500569 0.0413884 0.00161732 2.32579e-05 2.44367e-07 0.000192997 0 12.56675910949707 9.568907737731934 25.02841377258301
1.00135 1.00014 0.640788 0.0912398 0.0500315 0.0412084 0.00154355 2.29105e-05 2.48989e-07 0.000241474 0 12.56662178039551 9.593796730041504 25.01574325561523
1.00133 1.00013 0.640809 0.0910627 0.0500333 0.0410294 0.00187808 2.21419e-05 2.43368e-07 0.000192782 0 12.56634330749512 9.618673324584961 25.01662635803223
1.00129 1.00015 0.640856 0.0908661 0.0500229 0.0408431 0.00180506 2.09769e-05 3.21834e-07 0.000218244 0 12.56590175628662 9.644665718078613 25.0114688873291
1.00128 1.00015 0.640867 0.0906517 0.0499905 0.0406611 0.00166867 2.04618e-05 2.95162e-07 0.000241493 0 12.56569862365723 9.670003890991211 24.99526977539062
1.00129 1.00014 0.640857 0.0904768 0.0499887 0.0404881 0.00154132 2.07234e-05 2.8086e-07 0.000235004 0 12.56579399108887 9.694035530090332 24.99435806274414
1.00129 1.00016 0.640868 0.0903591 0.0500451 0.040314 0.0015091 2.07536e-05 3.58475e-07 0.00017174 0 12.56581401824951 9.718299865722656 25.02256011962891
1.00127 1.00016 0.640887 0.0901692 0.0500274 0.0401418 0.00169129 2.01484e-05 3.6365e-07 0.000183493 0 12.56558799743652 9.742484092712402 25.01370048522949
1.00123 1.00018 0.640931 0.0899822 0.0500106 0.0399716 0.00215812 1.89865e-05 4.2508e-07 0.000172833 0 12.56509304046631 9.76650333404541 25.00526237487793
1.00122 1.00022 0.640972 0.0897417 0.0499507 0.0397909 0.00181737 1.86561e-05 6.78197e-07 0.000265018 0 12.56496715545654 9.791934013366699 24.97539520263672
1.00124 1.00015 0.640907 0.089611 0.0499876 0.0396235 0.00195685 1.9251e-05 3.10662e-07 0.00017018 0 12.56522750854492 9.815376281738281 24.99376106262207
1.00119 1.00016 0.640961 0.0894239 0.0499662 0.0394577 0.002672 1.77555e-05 3.55518e-07 0.0002687 0 12.56460189819336 9.839010238647461 24.98312377929688
1.00112 1.00028 0.641106 0.0892574 0.0499747 0.0392827 0.00231348 1.56511e-05 1.05459e-06 0.000237386 0 12.5637035369873 9.864128112792969 24.98735237121582
1.00115 1.00022 0.641038 0.0891132 0.0499903 0.0391229 0.00217792 1.65454e-05 6.56028e-07 0.000301534 0 12.56407833099365 9.886574745178223 24.9951343536377
1.00111 1.00023 0.641084 0.08895 0.0499907 0.0389593 0.00196266 1.53488e-05 7.07355e-07 0.000384716 0 12.56355762481689 9.909987449645996 24.99530029296875
1.00109 1.00025 0.641113 0.0887202 0.0499245 0.0387957 0.00205672 1.47937e-05 8.07091e-07 0.000584133 0 12.5632905960083 9.93337345123291 24.96218109130859
1.0011 1.00026 0.641107 0.0886726 0.0500436 0.038629 0.0019242 1.51811e-05 8.83119e-07 0.000243416 0 12.56346797943115 9.957025527954102 25.02181434631348
1.00112 1.00023 0.641067 0.0884563 0.0499921 0.0384642 0.00184015 1.57748e-05 6.8458e-07 0.00020163 0 12.56373691558838 9.980439186096191 24.99607086181641
1.00112 1.00022 0.641067 0.0882269 0.0499243 0.0383025 0.00186326 1.56279e-05 6.44391e-07 0.000294772 0 12.56367206573486 10.00359344482422 24.96215057373047
1.00108 1.00021 0.641097 0.0881019 0.0499565 0.0381454 0.00211584 1.46076e-05 5.94991e-07 0.000189422 0 12.56323719024658 10.02630424499512 24.97824096679688
1.00107 1.00023 0.64112 0.0879284 0.0499376 0.0379908 0.00222715 1.43362e-05 7.12644e-07 0.000238417 0 12.56308364868164 10.04856491088867 24.96877861022949
1.00105 1.00023 0.641142 0.0877627 0.0499302 0.0378325 0.00215045 1.37911e-05 7.33586e-07 0.00024329 0 12.56282711029053 10.07147121429443 24.96512794494629
1.00097 1.00024 0.641222 0.0875467 0.0498725 0.0376742 0.0023615 1.18519e-05 8.03936e-07 0.000262603 0 12.56186771392822 10.09469985961914 24.93626403808594
1.00099 1.00033 0.641264 0.0873797 0.0498549 0.0375248 0.0022709 1.21905e-05 1.46041e-06 0.000200059 0 12.56203842163086 10.1162223815918 24.92744064331055
1.00102 1.00025 0.641182 0.0872404 0.0498565 0.037384 0.00217465 1.30196e-05 8.50325e-07 0.000151274 0 12.56245136260986 10.13643741607666 24.92821311950684
1.00099 1.00028 0.641222 0.0870653 0.0498304 0.0372349 0.00215366 1.23734e-05 1.02066e-06 0.000142121 0 12.56214046478271 10.15818786621094 24.9151668548584
1.00101 1.00025 0.641191 0.0869105 0.0498243 0.0370862 0.00229616 1.27282e-05 8.34627e-07 0.000118113 0 12.56232166290283 10.17972564697266 24.91214561462402
1.00097 1.00024 0.641226 0.0867615 0.0498225 0.036939 0.00242737 1.16966e-05 7.7693e-07 0.000199303 0 12.56179714202881 10.20140933990479 24.9112720489502
1.00098 1.00028 0.641242 0.0866638 0.0498716 0.0367922 0.00212339 1.19841e-05 1.0799e-06 0.000149762 0 12.56193923950195 10.22276782989502 24.93581199645996
1.00099 1.00027 0.641223 0.0864673 0.0498164 0.0366509 0.00203384 1.22374e-05 9.79869e-07 0.000228266 0 12.56205177307129 10.24337768554688 24.90822410583496
1.00095 1.0003 0.641273 0.0863092 0.0498015 0.0365077 0.00189173 1.14259e-05 1.18547e-06 0.000309782 0 12.56165981292725 10.26450252532959 24.90077209472656
1.00095 1.00031 0.641284 0.0862658 0.0498999 0.0363658 0.00204134 1.13287e-05 1.27852e-06 0.000276803 0 12.5615873336792 10.28537464141846 24.94994354248047
1.00094 1.00031 0.641293 0.0861093 0.0498799 0.0362294 0.00211596 1.10676e-05 1.25448e-06 0.000250112 0 12.56145477294922 10.3054838180542 24.93996047973633
1.00088 1.00035 0.641379 0.0858942 0.0498091 0.0360851 0.0020636 9.65885e-06 1.62582e-06 0.000331922 0 12.5606803894043 10.32706737518311 24.90453910827637
1.00093 1.00031 0.641299 0.0857834 0.0498323 0.0359511 0.00178563 1.09068e-05 1.25531e-06 0.000231502 0 12.56137084960938 10.34655284881592 24.91616249084473
1.00092 1.00031 0.641315 0.085678 0.0498667 0.0358113 0.00174544 1.06452e-05 1.3218e-06 0.00018412 0 12.56123828887939 10.36731147766113 24.93334579467773
1.0009 1.00033 0.641341 0.085439 0.0497644 0.0356747 0.00174205 1.02766e-05 1.46361e-06 0.000332908 0 12.56103038787842 10.38764190673828 24.8821849822998
1.0009 1.00033 0.641342 0.085336 0.0497989 0.0355371 0.0015974 1.02474e-05 1.45716e-06 0.000222982 0 12.56101512908936 10.40808868408203 24.89945030212402
1.0009 1.00034 0.641355 0.0851504 0.0497513 0.0353992 0.0015145 1.01244e-05 1.5603e-06 0.000273503 0 12.56093883514404 10.42861557006836 24.87566184997559
1.00089 1.00035 0.641366 0.0850223 0.0497611 0.0352612 0.00157715 9.94367e-06 1.60877e-06 0.000218631 0 12.56083965301514 10.44923210144043 24.88055038452148
1.00084 1.00038 0.641438 0.0848989 0.0497754 0.0351235 0.0018547 8.79101e-06 1.92547e-06 0.000202189 0 12.5601749420166 10.47008419036865 24.88771629333496
1.00079 1.00037 0.641478 0.0847518 0.0497634 0.0349884 0.00171366 7.78847e-06 1.81965e-06 0.000267787 0 12.55954837799072 10.49056911468506 24.8817024230957
1.00083 1.00036 0.641434 0.0846482 0.0497909 0.0348573 0.00162119 8.67273e-06 1.77727e-06 0.00023316 0 12.56011009216309 10.50999450683594 24.89546775817871
1.00077 1.0004 0.64152 0.0845084 0.0497863 0.0347221 0.00164293 7.37222e-06 2.16612e-06 0.000217735 0 12.55929183959961 10.53062629699707 24.89314842224121
1.0008 1.00036 0.641457 0.0843088 0.0497131 0.0345957 0.00171263 8.06383e-06 1.69156e-06 0.000269768 0 12.55973052978516 10.54947566986084 24.85654449462891
1.00082 1.00037 0.641453 0.0842334 0.0497716 0.0344618 0.00153969 8.39533e-06 1.87603e-06 0.00018579 0 12.5599193572998 10.56955623626709 24.88577651977539
1.0008 1.0004 0.641483 0.0840821 0.0497534 0.0343287 0.00147349 8.05737e-06 2.10033e-06 0.000285543 0 12.55973148345947 10.5897741317749 24.8767032623291
1.00079 1.0004 0.641494 0.0839463 0.0497529 0.0341934 0.00158037 7.90426e-06 2.16226e-06 0.000232877 0 12.55963134765625 10.61027908325195 24.8764591217041
1.00075 1.00039 0.641536 0.0837695 0.0497094 0.0340601 0.00174584 6.97273e-06 2.08541e-06 0.000400061 0 12.5590181350708 10.63076114654541 24.85471534729004
1.00074 1.0004 0.641548 0.0836909 0.0497629 0.033928 0.00162337 6.8316e-06 2.17144e-06 0.000236186 0 12.55891513824463 10.65087699890137 24.88144302368164
1.00073 1.00041 0.641563 0.0835008 0.0497068 0.033794 0.00171946 6.64966e-06 2.26474e-06 0.000311493 0 12.55881977081299 10.6713285446167 24.85337066650391
1.00074 1.00044 0.641574 0.0833667 0.0497041 0.0336626 0.00172087 6.78986e-06 2.58843e-06 0.000229841 0 12.55890083312988 10.69132900238037 24.85204696655273
1.00073 1.00042 0.641567 0.0831878 0.0496538 0.033534 0.00156048 6.73156e-06 2.40811e-06 0.000226061 0 12.55886840820312 10.71099376678467 24.82685279846191
1.00072 1.00043 0.64159 0.0830204 0.0496151 0.0334052 0.00161961 6.42751e-06 2.52712e-06 0.000294132 0 12.55865287780762 10.73079490661621 24.80757713317871
1.0007 1.00045 0.641616 0.0828577 0.0495822 0.0332755 0.00155012 6.07662e-06 2.66394e-06 0.000303926 0 12.558424949646 10.75082778930664 24.79113388061523
1.00068 1.00045 0.641629 0.0827028 0.0495599 0.0331429 0.00165421 5.85255e-06 2.66086e-06 0.000376933 0 12.55826091766357 10.77125263214111 24.77994155883789
1.00068 1.00046 0.641636 0.0825774 0.0495632 0.0330142 0.00151437 5.83854e-06 2.79543e-06 0.000351345 0 12.55823040008545 10.79110145568848 24.78156089782715
1.00067 1.00046 0.641645 0.0824971 0.0496128 0.0328843 0.00152408 5.67971e-06 2.78078e-06 0.000284286 0 12.55810356140137 10.81118965148926 24.80643463134766
1.00067 1.00046 0.641651 0.0823262 0.0495707 0.0327555 0.00161218 5.57306e-06 2.77839e-06 0.000275678 0 12.5580358505249 10.83114624023438 24.78538513183594
1.00064 1.00046 0.641678 0.0822387 0.0496116 0.0326271 0.00199597 5.20636e-06 2.89724e-06 0.000177123 0 12.5577564239502 10.85114288330078 24.8057804107666
1.00064 1.00048 0.641694 0.082051 0.0495477 0.0325034 0.00164611 5.07708e-06 3.05149e-06 0.000231253 0 12.55764579772949 10.87039279937744 24.77383232116699
1.00061 1.00047 0.641718 0.0819012 0.0495231 0.0323781 0.0021872 4.59507e-06 2.93311e-06 0.000326551 0 12.55727195739746 10.89004611968994 24.76153755187988
1.00057 1.00053 0.64179 0.0818154 0.0495601 0.0322553 0.00193919 4.10296e-06 3.76846e-06 0.000278951 0 12.55684661865234 10.90933704376221 24.78005981445312
1.0006 1.0005 0.641745 0.0816321 0.0494989 0.0321332 0.00176308 4.48435e-06 3.34044e-06 0.000229752 0 12.55716609954834 10.92826080322266 24.74945259094238
1.00059 1.00049 0.641743 0.0814932 0.0494849 0.0320083 0.00166421 4.41212e-06 3.19727e-06 0.000157984 0 12.55711936950684 10.94783210754395 24.74241828918457
1.00058 1.0005 0.641766 0.081328 0.0494419 0.0318862 0.00178483 4.17375e-06 3.35564e-06 0.000241523 0 12.55691528320312 10.96705532073975 24.72093391418457
1.00057 1.0005 0.641773 0.0812634 0.0494975 0.0317659 0.0020267 4.02147e-06 3.28855e-06 0.000264672 0 12.55677509307861 10.98600769042969 24.74878120422363
1.00056 1.00054 0.641802 0.0811209 0.0494735 0.0316473 0.00171856 3.97461e-06 3.85129e-06 0.00034208 0 12.55674076080322 11.00467109680176 24.73677444458008
1.00054 1.00052 0.641816 0.0809943 0.0494662 0.0315281 0.00172666 3.65062e-06 3.65223e-06 0.000398112 0 12.55645179748535 11.02359294891357 24.7331485748291
1.00051 1.0005 0.641836 0.0808845 0.0494747 0.0314098 0.00185768 3.22378e-06 3.40911e-06 0.00044214 0 12.55603981018066 11.04243183135986 24.73735427856445
1.00052 1.00055 0.641847 0.0807797 0.0494894 0.0312903 0.00166443 3.44626e-06 4.01445e-06 0.000382614 0 12.55625247955322 11.0612325668335 24.74468040466309
1.00049 1.00049 0.641836 0.0806168 0.0494435 0.0311733 0.00214986 3.07355e-06 3.17153e-06 0.000479013 0 12.55588436126709 11.07991600036621 24.72174453735352
1.00048 1.00061 0.641928 0.0804682 0.0494112 0.031057 0.00182274 2.90281e-06 4.97962e-06 0.000357484 0 12.55570411682129 11.09846019744873 24.70559692382812
1.0005 1.00052 0.641855 0.0803183 0.0493751 0.0309432 0.00176798 3.10992e-06 3.64224e-06 0.000505467 0 12.55591773986816 11.1165018081665 24.68753623962402
1.00048 1.00056 0.641895 0.0803037 0.0494765 0.0308272 0.00175335 2.89187e-06 4.15924e-06 0.000375075 0 12.55570411682129 11.13507652282715 24.73832321166992
1.00048 1.00056 0.641899 0.0802156 0.0495042 0.0307114 0.00178702 2.85365e-06 4.16935e-06 0.000317757 0 12.55567455291748 11.1535816192627 24.75209426879883
1.00044 1.00058 0.641954 0.0800083 0.0494106 0.0305977 0.00175352 2.39554e-06 4.57125e-06 0.000347386 0 12.55513668060303 11.17196178436279 24.70526695251465
1.00045 1.00055 0.641926 0.0798173 0.0493305 0.0304868 0.00197174 2.49407e-06 4.11222e-06 0.000478357 0 12.55526447296143 11.18971061706543 24.66524887084961
1.00039 1.00059 0.642 0.0797798 0.0494108 0.0303691 0.00208013 1.93437e-06 4.6611e-06 0.000321517 0 12.55459785461426 11.20886611938477 24.70537757873535
1.00041 1.0006 0.641997 0.0796159 0.0493529 0.030263 0.0018558 2.06376e-06 4.89116e-06 0.000380513 0 12.55477619171143 11.22586822509766 24.67642974853516
1.00042 1.00058 0.641972 0.0794519 0.049298 0.0301539 0.00187059 2.16541e-06 4.50786e-06 0.0004267 0 12.55489063262939 11.24341869354248 24.64897727966309
1.00039 1.00061 0.64202 0.0793918 0.0493479 0.0300439 0.00179362 1.87865e-06 5.03064e-06 0.000246567 0 12.55450534820557 11.2612943649292 24.6739616394043
1.00037 1.00061 0.642031 0.0791987 0.0492631 0.0299356 0.00179088 1.73879e-06 4.95075e-06 0.000334612 0 12.55434894561768 11.27890491485596 24.6315746307373
1.00038 1.0006 0.642019 0.079078 0.0492498 0.0298282 0.00165174 1.83701e-06 4.89705e-06 0.000271296 0 12.55447292327881 11.29626274108887 24.62492179870605
1.00037 1.00062 0.642043 0.0789141 0.0491931 0.029721 0.00157654 1.67834e-06 5.09575e-06 0.000458257 0 12.5542631149292 11.31373405456543 24.59653472900391
1.00038 1.00063 0.642033 0.0788676 0.0492548 0.0296128 0.00158986 1.84162e-06 5.24996e-06 0.000378765 0 12.55447578430176 11.33123588562012 24.6274242401123
1.00037 1.00061 0.642035 0.0787642 0.0492593 0.0295049 0.00205797 1.729e-06 5.01816e-06 0.000402232 0 12.55432319641113 11.34888172149658 24.62962341308594
1.00034 1.00065 0.642086 0.0786215 0.0492257 0.0293958 0.0016462 1.47623e-06 5.63451e-06 0.000407314 0 12.55398082733154 11.36681747436523 24.61285781860352
1.00032 1.00063 0.642101 0.0784553 0.0491638 0.0292915 0.00229123 1.2635e-06 5.37711e-06 0.000539085 0 12.55366134643555 11.38399982452393 24.58189582824707
1.00028 1.00066 0.642159 0.0783494 0.0491653 0.0291841 0.0021102 9.71298e-07 5.93278e-06 0.000339599 0 12.5531587600708 11.40179061889648 24.58267402648926
1.0003 1.00063 0.642117 0.078227 0.0491488 0.0290782 0.00190347 1.12749e-06 5.36929e-06 0.000235512 0 12.55342483520508 11.41905975341797 24.57435607910156
1.0003 1.00063 0.642113 0.0780439 0.04907 0.0289739 0.00185184 1.15629e-06 5.3596e-06 0.000266054 0 12.5534839630127 11.43618965148926 24.53497123718262
1.00029 1.00066 0.642138 0.0779276 0.0490566 0.0288709 0.00170725 1.08749e-06 5.79232e-06 0.000173648 0 12.55337238311768 11.45319843292236 24.52829360961914
1.00029 1.00066 0.642142 0.0777937 0.0490244 0.0287693 0.00160249 1.07759e-06 5.85549e-06 0.000173579 0 12.5533504486084 11.46996402740479 24.51216888427734
1.00028 1.00066 0.642156 0.077706 0.0490391 0.0286669 0.00156478 9.90364e-07 5.92515e-06 0.000239105 0 12.55319404602051 11.48694610595703 24.51956939697266
1.00025 1.00067 0.642189 0.0775913 0.049026 0.0285653 0.00168424 7.66002e-07 5.93814e-06 0.000192287 0 12.55275917053223 11.50394535064697 24.51300239562988
1.00024 1.00069 0.642208 0.0774303 0.0489666 0.0284637 0.00159658 7.40089e-07 6.34625e-06 0.000193354 0 12.55270862579346 11.52079296112061 24.48327445983887
1.00026 1.00069 0.642195 0.0773112 0.0489463 0.0283649 0.00151462 8.20579e-07 6.34422e-06 0.000167894 0 12.55288410186768 11.53716659545898 24.47314071655273
1.00024 1.00069 0.642209 0.0771848 0.048919 0.0282658 0.00149962 7.33545e-07 6.35903e-06 0.000204042 0 12.55271244049072 11.55374431610107 24.45947265625
1.00023 1.00069 0.642218 0.0770868 0.0489196 0.0281672 0.00152077 6.7205e-07 6.33088e-06 0.00032343 0 12.55256843566895 11.57021617889404 24.45980644226074
1.0002 1.00071 0.642258 0.0769737 0.0489047 0.028069 0.00152013 5.24635e-07 6.75221e-06 0.000354217 0 12.55222320556641 11.58674049377441 24.45238494873047
1.00019 1.00073 0.642279 0.0768807 0.0489093 0.0279714 0.00163109 4.73893e-07 7.07368e-06 0.00023214 0 12.55212116241455 11.60312271118164 24.45467948913574
1.0002 1.0007 0.642253 0.0767412 0.0488686 0.0278726 0.00172605 5.18423e-07 6.56796e-06 0.000236837 0 12.55222129821777 11.61963272094727 24.4343376159668
1.00018 1.00071 0.642282 0.0766234 0.0488481 0.0277753 0.00189999 3.98733e-07 6.70518e-06 0.000166602 0 12.55191898345947 11.6361083984375 24.42404365539551
1.00012 1.00073 0.642357 0.0765143 0.0488371 0.0276772 0.00212174 1.67444e-07 7.15312e-06 0.000227772 0 12.55112648010254 11.65288543701172 24.41856575012207
1.00012 1.00079 0.642389 0.076404 0.0488204 0.0275837 0.00184558 1.91149e-07 8.39263e-06 0.000215214 0 12.55122852325439 11.66861438751221 24.41017913818359
1.00018 1.00069 0.642272 0.0763065 0.048816 0.0274905 0.0018794 3.89693e-07 6.34092e-06 0.000265829 0 12.5518913269043 11.68408203125 24.40803146362305
1.00013 1.00076 0.642363 0.076265 0.0488713 0.0273937 0.00181391 2.05917e-07 7.6916e-06 0.000215847 0 12.55127143859863 11.70067691802979 24.43565940856934
1.00016 1.00074 0.64232 0.0761232 0.0488206 0.0273026 0.00164479 3.377e-07 7.44302e-06 0.000162843 0 12.55173110961914 11.7159481048584 24.41033935546875
1.00013 1.00075 0.642359 0.0759844 0.0487769 0.0272075 0.00174242 2.02707e-07 7.56132e-06 0.000207227 0 12.5512752532959 11.7322473526001 24.38844108581543
1.00012 1.00077 0.642377 0.0758745 0.0487593 0.0271152 0.00170937 1.81387e-07 7.89261e-06 0.000198766 0 12.55118370056152 11.74797916412354 24.37961769104004
1.0001 1.00076 0.642392 0.0757217 0.0486985 0.0270232 0.00185104 1.29112e-07 7.80263e-06 0.000154336 0 12.55093288421631 11.76371574401855 24.34921455383301
1.00008 1.00075 0.642401 0.0755981 0.0486624 0.0269357 0.0021152 8.39535e-08 7.48314e-06 0.000190659 0 12.55069065093994 11.77871513366699 24.33122444152832
1.00008 1.00078 0.642423 0.0755079 0.0486603 0.0268477 0.00228779 8.25163e-08 8.18345e-06 0.000203309 0 12.55070209503174 11.79376220703125 24.33013153076172
1.00008 1.00077 0.64242 0.0754308 0.0486785 0.0267523 0.00196087 7.94595e-08 8.03867e-06 0.00020024 0 12.55067348480225 11.81008815765381 24.33926582336426
1.00007 1.00078 0.642433 0.0752962 0.0486333 0.0266628 0.00178668 6.71738e-08 8.25306e-06 0.000181513 0 12.55058097839355 11.82545471191406 24.31664276123047
1.00007 1.00078 0.642432 0.0751656 0.0485906 0.026575 0.00183246 6.70926e-08 8.22319e-06 0.000156199 0 12.55060195922852 11.84053325653076 24.29528045654297
1.00003 1.0008 0.642484 0.0750496 0.0485626 0.026487 0.00192481 9.25438e-09 8.48609e-06 0.000170655 0 12.55002212524414 11.85588455200195 24.28131103515625
1.00003 1.00081 0.642491 0.0749387 0.0485414 0.0263973 0.00190213 9.13409e-09 8.71296e-06 0.000131101 0 12.55002593994141 11.87132930755615 24.27070045471191
1.00001 1.00081 0.642509 0.0748102 0.0485033 0.0263069 0.00197609 1.67936e-09 8.81849e-06 0.000140701 0 12.54983711242676 11.88697814941406 24.25165557861328
0.999992 1.00081 0.64253 0.0747386 0.0485213 0.0262173 0.00192731 8.31594e-10 8.88652e-06 0.000127995 0 12.54955101013184 11.90257358551025 24.26064109802246
1 1.00079 0.642501 0.0746545 0.0485231 0.0261314 0.00189343 2.75462e-10 8.33086e-06 0.000134529 0 12.54973030090332 11.91737079620361 24.26152992248535
1 1.00081 0.642522 0.0745128 0.0484655 0.0260473 0.00180842 4.76797e-12 8.8945e-06 0.000219223 0 12.54967594146729 11.93197917938232 24.23277282714844
0.999985 1.00084 0.642554 0.0744037 0.0484408 0.0259629 0.00194802 2.91385e-09 9.47078e-06 0.000283325 0 12.54949188232422 11.94670009613037 24.22040939331055
0.999947 1.00084 0.64259 0.0743738 0.0484968 0.0258771 0.00177732 3.50185e-08 9.44943e-06 0.000176341 0 12.54902648925781 11.96180438995361 24.2483959197998
0.999948 1.00085 0.642592 0.0741907 0.0483977 0.025793 0.00178824 3.35442e-08 9.58565e-06 0.00026829 0 12.54902935028076 11.97643661499023 24.19887161254883
0.999956 1.00085 0.642586 0.0741474 0.0484398 0.0257076 0.00204548 2.42701e-08 9.63081e-06 0.000133026 0 12.54912185668945 11.99130725860596 24.21990013122559
0.999945 1.00087 0.642611 0.0740194 0.0483939 0.0256255 0.00198003 3.7513e-08 1.01421e-05 0.000193797 0 12.54898738861084 12.00571441650391 24.19695281982422
0.999924 1.00084 0.642615 0.0738994 0.0483553 0.0255441 0.00187425 7.34031e-08 9.55252e-06 0.000211294 0 12.54872417449951 12.02006721496582 24.17767906188965
0.999908 1.00086 0.642642 0.0738073 0.048345 0.0254623 0.00178341 1.06378e-07 9.95151e-06 0.000204627 0 12.54852676391602 12.03447818756104 24.17248725891113
0.999913 1.00088 0.64265 0.0737182 0.048339 0.0253791 0.00167617 9.46367e-08 1.04516e-05 0.000179766 0 12.54857921600342 12.04906940460205 24.16949272155762
0.999889 1.00088 0.642671 0.0735739 0.0482787 0.0252952 0.00183057 1.55874e-07 1.03329e-05 0.000262806 0 12.54828357696533 12.06393241882324 24.13936424255371
0.999853 1.00087 0.642703 0.0734985 0.0482872 0.0252112 0.00208545 2.72967e-07 1.02521e-05 0.0001782 0 12.54782199859619 12.07890319824219 24.14361381530762
0.999853 1.00089 0.642714 0.0733622 0.0482351 0.0251271 0.00237531 2.70261e-07 1.06653e-05 0.000178739 0 12.54782676696777 12.09375953674316 24.11754417419434
0.999864 1.00092 0.64272 0.0732424 0.0481972 0.0250453 0.00219249 2.32007e-07 1.12967e-05 0.000182762 0 12.5479621887207 12.108154296875 24.09858703613281
0.999872 1.0009 0.642702 0.0731744 0.0482056 0.0249688 0.00246439 2.04393e-07 1.09004e-05 0.000151484 0 12.54806995391846 12.12166976928711 24.10281753540039
0.999778 1.0009 0.64279 0.0730697 0.0481761 0.0248937 0.00228186 6.21165e-07 1.07887e-05 0.000142807 0 12.5468807220459 12.13541889190674 24.08805465698242
0.999785 1.00091 0.642791 0.0729655 0.0481482 0.0248173 0.00262046 5.77767e-07 1.11118e-05 0.000141489 0 12.54698848724365 12.14895820617676 24.0740909576416
0.999823 1.0009 0.642748 0.0728512 0.048115 0.0247361 0.00219164 3.91941e-07 1.08469e-05 0.00013061 0 12.54745101928711 12.16319847106934 24.05751800537109
0.999826 1.00091 0.642751 0.0727486 0.0480917 0.0246569 0.00216904 3.81386e-07 1.10776e-05 0.00011415 0 12.54747581481934 12.1773099899292 24.04586029052734
0.999816 1.00093 0.642773 0.0726571 0.0480764 0.0245806 0.00248617 4.24538e-07 1.15353e-05 0.000159353 0 12.54736232757568 12.19097709655762 24.03821182250977
0.999787 1.00096 0.642823 0.0725715 0.0480653 0.0245062 0.00211293 5.71245e-07 1.2424e-05 0.000277875 0 12.54699516296387 12.20440578460693 24.03267288208008
0.999815 1.00093 0.642773 0.0725697 0.0481361 0.0244335 0.00220392 4.28578e-07 1.15071e-05 0.000265524 0 12.54734992980957 12.21730422973633 24.06809425354004
0.999751 1.00094 0.642845 0.072477 0.0481173 0.0243597 0.00224565 7.80288e-07 1.19114e-05 0.000227672 0 12.54654312133789 12.23080348968506 24.05865287780762
0.999737 1.00096 0.642872 0.0723576 0.0480705 0.024287 0.00215231 8.67278e-07 1.24645e-05 0.000197868 0 12.54637622833252 12.24393367767334 24.03526306152344
0.999783 1.00095 0.642822 0.0722392 0.0480246 0.0242146 0.00227213 5.9147e-07 1.22103e-05 0.000203023 0 12.54694938659668 12.25674724578857 24.01228904724121
0.999772 1.00099 0.642853 0.0720947 0.0479496 0.0241451 0.00203976 6.52516e-07 1.30334e-05 0.000269046 0 12.54680442810059 12.26930522918701 23.97474098205566
0.999724 1.00096 0.642883 0.0720181 0.047943 0.0240751 0.00221597 9.53353e-07 1.23874e-05 0.000222124 0 12.54622173309326 12.28212356567383 23.97150039672852
0.999713 1.001 0.642916 0.0719879 0.0479837 0.0240042 0.00221679 1.03129e-06 1.32983e-05 0.000223474 0 12.54608345031738 12.29499244689941 23.99187278747559
0.999755 1.00098 0.642862 0.0719588 0.048026 0.0239327 0.00199382 7.50784e-07 1.27794e-05 0.000324588 0 12.54659748077393 12.30775833129883 24.01305961608887
0.999756 1.00098 0.642865 0.0718797 0.0480187 0.023861 0.00188788 7.46515e-07 1.29119e-05 0.000462359 0 12.54660415649414 12.32071208953857 24.00938606262207
0.999739 1.001 0.642893 0.0717236 0.0479333 0.0237904 0.0019143 8.54412e-07 1.339e-05 0.000512677 0 12.54641723632812 12.33362293243408 23.96663284301758
0.999719 1.00101 0.642919 0.0717123 0.0479929 0.0237194 0.00186153 9.92102e-07 1.36828e-05 0.000250265 0 12.54614639282227 12.34662532806396 23.99643325805664
0.999694 1.001 0.642937 0.0715248 0.0478756 0.0236492 0.00218906 1.17823e-06 1.33839e-05 0.000456895 0 12.5458288192749 12.35947895050049 23.9377498626709
0.999677 1.00104 0.64298 0.0715135 0.0479369 0.0235766 0.00199171 1.31192e-06 1.4545e-05 0.000290431 0 12.54561710357666 12.37279224395752 23.96840667724609
0.999706 1.001 0.642927 0.0713405 0.047835 0.0235055 0.00195941 1.08339e-06 1.34883e-05 0.000337399 0 12.54597759246826 12.38562965393066 23.91752433776855
0.999709 1.00101 0.642931 0.0712297 0.0477959 0.0234338 0.00192865 1.06462e-06 1.37556e-05 0.000348037 0 12.54601287841797 12.39872932434082 23.89794731140137
0.999641 1.00102 0.643003 0.0711344 0.0477686 0.0233658 0.0021517 1.61953e-06 1.40442e-05 0.000313945 0 12.54516315460205 12.41146183013916 23.88434410095215
0.999629 1.00105 0.643032 0.0710688 0.0477707 0.0232981 0.00240365 1.72512e-06 1.47946e-05 0.000245922 0 12.54501342773438 12.42391300201416 23.88535690307617
0.999673 1.00105 0.642988 0.0709733 0.0477434 0.02323 0.00197473 1.34257e-06 1.47084e-05 0.000237017 0 12.5455846786499 12.43624019622803 23.87167930603027
0.999664 1.00105 0.642997 0.070853 0.0476913 0.0231617 0.00188522 1.41457e-06 1.47579e-05 0.000288059 0 12.54547119140625 12.44882965087891 23.84563446044922
0.999633 1.00105 0.643028 0.070749 0.0476536 0.0230954 0.00233079 1.69187e-06 1.48051e-05 0.000281142 0 12.54506683349609 12.46118259429932 23.82682800292969
0.999568 1.00109 0.643117 0.070694 0.0476658 0.0230282 0.00221733 2.34278e-06 1.59709e-05 0.00020906 0 12.54426765441895 12.47383689880371 23.83292007446289
0.999582 1.00106 0.643085 0.0705934 0.0476327 0.0229607 0.00230775 2.18902e-06 1.51615e-05 0.000306825 0 12.54443168640137 12.48625564575195 23.81636238098145
0.999606 1.00107 0.643067 0.0705348 0.0476381 0.0228967 0.00245971 1.94697e-06 1.53626e-05 0.000281981 0 12.54475116729736 12.49799633026123 23.81905937194824
0.999565 1.00106 0.643098 0.07047 0.0476371 0.0228328 0.00235018 2.37673e-06 1.49915e-05 0.000289108 0 12.54421138763428 12.50998306274414 23.81855583190918
0.99956 1.00111 0.643138 0.0703608 0.0475897 0.0227711 0.00274821 2.43345e-06 1.65534e-05 0.00040336 0 12.54414176940918 12.52145099639893 23.79486465454102
0.999477 1.00111 0.643216 0.0702661 0.0475567 0.0227094 0.0025464 3.42847e-06 1.65108e-05 0.00040948 0 12.54311656951904 12.5332670211792 23.77832794189453
0.999559 1.0011 0.643133 0.0702061 0.0475544 0.0226517 0.00217189 2.44305e-06 1.62847e-05 0.000319146 0 12.54414749145508 12.54364395141602 23.77720260620117
0.999599 1.00105 0.643058 0.0701855 0.0475939 0.0225916 0.0022855 2.01668e-06 1.46668e-05 0.000340377 0 12.54463768005371 12.55466079711914 23.79695320129395
0.99953 1.00114 0.643182 0.0700821 0.0475478 0.0225342 0.00218744 2.77455e-06 1.72898e-05 0.00049302 0 12.54375171661377 12.56565093994141 23.77392768859863
0.999497 1.0011 0.643194 0.070013 0.0475382 0.0224747 0.00250871 3.17167e-06 1.63814e-05 0.000382944 0 12.54337501525879 12.57688522338867 23.76910209655762
0.999507 1.00113 0.643201 0.0699131 0.0475001 0.0224131 0.00218494 3.05466e-06 1.71149e-05 0.000365783 0 12.54348278045654 12.5883731842041 23.75003242492676
0.999469 1.00108 0.643203 0.0698333 0.0474759 0.0223574 0.002774 3.54306e-06 1.55386e-05 0.000396817 0 12.54300785064697 12.59894466400146 23.73794746398926
0.999448 1.00116 0.643277 0.0697367 0.0474333 0.0223034 0.00239966 3.83039e-06 1.80002e-05 0.000391423 0 12.5427188873291 12.60917472839355 23.71665954589844
0.999538 1.00111 0.643157 0.0697038 0.0474611 0.0222427 0.00234567 2.67755e-06 1.64886e-05 0.000373759 0 12.54386425018311 12.62015819549561 23.73054122924805
0.999479 1.00113 0.643226 0.0695978 0.0474114 0.0221864 0.00248061 3.40528e-06 1.70193e-05 0.000416764 0 12.54312705993652 12.63100242614746 23.70572471618652
0.999456 1.00118 0.643282 0.0695039 0.0473745 0.0221294 0.00222377 3.71213e-06 1.86743e-05 0.000387944 0 12.54282665252686 12.64178276062012 23.68721580505371
0.999543 1.00111 0.643155 0.0694377 0.0473683 0.0220694 0.00216019 2.61965e-06 1.66031e-05 0.000329516 0 12.54394912719727 12.65275859832764 23.68412590026855
0.999482 1.00112 0.64322 0.0693529 0.0473393 0.0220135 0.00258771 3.37241e-06 1.68638e-05 0.00031482 0 12.54317283630371 12.66354942321777 23.66965293884277
0.999427 1.00123 0.64334 0.0692227 0.0472648 0.0219579 0.00227387 4.11532e-06 2.02121e-05 0.000381455 0 12.54248142242432 12.67424392700195 23.63236045837402
0.999506 1.00116 0.643222 0.069177 0.0472783 0.0218988 0.00220482 3.06116e-06 1.8113e-05 0.000367469 0 12.54350852966309 12.6851167678833 23.63913536071777
0.999494 1.00115 0.643228 0.0690955 0.0472533 0.0218423 0.00260473 3.2153e-06 1.78263e-05 0.00035438 0 12.54330730438232 12.69585800170898 23.62663269042969
0.999439 1.00121 0.643317 0.0690393 0.0472528 0.0217866 0.00226509 3.94901e-06 1.96057e-05 0.000361008 0 12.54263782501221 12.70665454864502 23.62636184692383
0.999415 1.00119 0.643325 0.0689398 0.047211 0.0217288 0.00240198 4.29513e-06 1.88449e-05 0.000416846 0 12.54232597351074 12.71774482727051 23.60552406311035
0.999416 1.00122 0.64335 0.068877 0.0472056 0.0216714 0.00231607 4.28037e-06 2.01148e-05 0.00034101 0 12.54234504699707 12.72863483428955 23.60282135009766
0.999474 1.00118 0.643264 0.0688141 0.0471961 0.021618 0.00213706 3.46687e-06 1.86453e-05 0.000340632 0 12.54309177398682 12.73853969573975 23.59805297851562
0.999476 1.00119 0.643269 0.0687334 0.0471661 0.0215673 0.0020791 3.4507e-06 1.89362e-05 0.000297215 0 12.54307651519775 12.74821758270264 23.58305358886719
0.99941 1.00124 0.643363 0.06861 0.0470921 0.021518 0.00206882 4.37508e-06 2.05044e-05 0.000356314 0 12.54225635528564 12.75786209106445 23.54603385925293
0.999403 1.00123 0.643368 0.0685229 0.0470559 0.021467 0.00208252 4.47501e-06 2.04089e-05 0.000376521 0 12.54219150543213 12.76763248443604 23.52798080444336
0.999431 1.00121 0.643323 0.0684938 0.0470776 0.0214161 0.00215546 4.05742e-06 1.95116e-05 0.000298589 0 12.54255104064941 12.77724266052246 23.53880500793457
0.999404 1.00123 0.643363 0.0683955 0.0470289 0.0213666 0.00229815 4.46388e-06 2.01752e-05 0.000353081 0 12.54218578338623 12.78685188293457 23.51447868347168
0.999376 1.00127 0.643415 0.0683463 0.047028 0.0213182 0.00233363 4.89206e-06 2.15155e-05 0.000399855 0 12.54182815551758 12.79624557495117 23.5140266418457
0.999373 1.00124 0.643404 0.0683613 0.0470917 0.0212696 0.00223786 4.93814e-06 2.07612e-05 0.000271635 0 12.54180717468262 12.80557060241699 23.54584503173828
0.999383 1.00123 0.643387 0.0682097 0.0469901 0.0212196 0.00212377 4.77911e-06 2.04062e-05 0.000421126 0 12.54191303253174 12.81513500213623 23.49503707885742
0.999376 1.00124 0.6434 0.0681563 0.046984 0.0211722 0.00221363 4.8906e-06 2.07099e-05 0.000333246 0 12.54183864593506 12.82426738739014 23.49200057983398
0.999356 1.00128 0.643443 0.0680901 0.0469636 0.0211265 0.00237511 5.20975e-06 2.19339e-05 0.000350386 0 12.54159736633301 12.83316326141357 23.48180389404297
0.999372 1.00128 0.643428 0.0679978 0.046918 0.0210798 0.00214189 4.94378e-06 2.20345e-05 0.000472726 0 12.54179573059082 12.84207630157471 23.45902252197266
0.999392 1.00126 0.643397 0.0680098 0.0469774 0.0210324 0.00206323 4.63475e-06 2.13883e-05 0.000387523 0 12.54204082489014 12.85115528106689 23.48870277404785
0.99938 1.00128 0.64342 0.067929 0.0469417 0.0209872 0.00221687 4.83101e-06 2.19737e-05 0.000426605 0 12.54190158843994 12.85991477966309 23.47084426879883
0.99936 1.00132 0.643463 0.0679038 0.0469599 0.0209439 0.00197035 5.13939e-06 2.32632e-05 0.000460438 0 12.5416316986084 12.86841011047363 23.47994422912598
0.999382 1.0013 0.64343 0.0678309 0.0469305 0.0209004 0.00184232 4.78585e-06 2.26497e-05 0.000554629 0 12.54192066192627 12.87672901153564 23.46521377563477
0.999393 1.00129 0.643412 0.0677428 0.0468853 0.0208575 0.0018016 4.6173e-06 2.22558e-05 0.000637745 0 12.54205226898193 12.88499641418457 23.44266128540039
0.999362 1.00132 0.643461 0.0676733 0.0468573 0.020816 0.00176328 5.10512e-06 2.32999e-05 0.000741615 0 12.54166603088379 12.89315700531006 23.42866897583008
0.999364 1.00133 0.643466 0.067676 0.0469024 0.0207735 0.00167302 5.07737e-06 2.3632e-05 0.000633371 0 12.54168605804443 12.90141201019287 23.45123863220215
0.999354 1.00129 0.643452 0.0675918 0.0468581 0.0207337 0.00207933 5.23505e-06 2.23657e-05 0.000796888 0 12.54157257080078 12.90916633605957 23.42904663085938
0.999321 1.00134 0.643512 0.067673 0.0469778 0.0206952 0.00228878 5.7809e-06 2.39166e-05 0.000568336 0 12.54115009307861 12.91678905487061 23.48890686035156
0.999327 1.00135 0.643516 0.0675148 0.0468598 0.0206549 0.0021447 5.68072e-06 2.44563e-05 0.000774927 0 12.54123592376709 12.92463207244873 23.42991065979004
0.99938 1.00132 0.643443 0.0675658 0.0469527 0.0206131 0.00195733 4.81918e-06 2.32223e-05 0.000577721 0 12.54190635681152 12.93255615234375 23.47641754150391
0.99936 1.00133 0.643473 0.0674678 0.0468925 0.0205752 0.00186142 5.13929e-06 2.38134e-05 0.000484559 0 12.54162693023682 12.94003772735596 23.4462947845459
0.999284 1.00135 0.643558 0.0673234 0.0467841 0.0205392 0.00239248 6.43597e-06 2.44499e-05 0.0005274 0 12.54067802429199 12.9473705291748 23.39205932617188
0.999291 1.00142 0.643592 0.0672462 0.0467434 0.0205028 0.00210542 6.30014e-06 2.68759e-05 0.000449747 0 12.54078769683838 12.9544563293457 23.37172698974609
0.999331 1.00135 0.643511 0.067176 0.0467111 0.020465 0.00236871 5.61701e-06 2.43654e-05 0.000472828 0 12.54127597808838 12.96170711517334 23.35549736022949
0.999309 1.00139 0.643562 0.0671792 0.0467489 0.0204304 0.00210278 5.99026e-06 2.60667e-05 0.000468583 0 12.54101371765137 12.96856689453125 23.37444114685059
0.999291 1.00138 0.643568 0.067141 0.0467431 0.0203979 0.00232117 6.30805e-06 2.53996e-05 0.000435289 0 12.54078102111816 12.9749927520752 23.37156105041504
0.999308 1.00137 0.643545 0.0670873 0.0467241 0.0203632 0.00201203 6.00125e-06 2.50482e-05 0.000537613 0 12.54099655151367 12.98172187805176 23.36204719543457
0.999343 1.00137 0.643511 0.0671165 0.0467855 0.020331 0.00192395 5.41023e-06 2.5038e-05 0.000558154 0 12.5414457321167 12.98791694641113 23.39276695251465
0.999313 1.00137 0.643546 0.0670237 0.046722 0.0203016 0.00197359 5.92132e-06 2.53613e-05 0.000507512 0 12.54104995727539 12.99382305145264 23.36099433898926
0.999305 1.00142 0.643579 0.0670014 0.0467296 0.0202717 0.00183158 6.05642e-06 2.68718e-05 0.000364651 0 12.54095458984375 12.99970149993896 23.36480903625488
0.999335 1.00139 0.643535 0.0669175 0.0466774 0.0202401 0.00216725 5.55304e-06 2.59645e-05 0.000367828 0 12.54131317138672 13.00581169128418 23.33869552612305
0.999299 1.00146 0.643611 0.0668738 0.0466613 0.0202125 0.00188371 6.16176e-06 2.84111e-05 0.000405826 0 12.5408878326416 13.011399269104 23.33068466186523
0.999306 1.00143 0.643587 0.0668511 0.0466677 0.0201834 0.00173016 6.0432e-06 2.73689e-05 0.000431221 0 12.5409574508667 13.01709270477295 23.33386039733887
0.999357 1.00139 0.643515 0.066726 0.0465733 0.0201527 0.00182363 5.19647e-06 2.59974e-05 0.000550039 0 12.54161357879639 13.0229549407959 23.28663444519043
0.999324 1.00142 0.643566 0.0667521 0.0466259 0.0201262 0.00168285 5.72846e-06 2.71887e-05 0.000469903 0 12.54118251800537 13.02829170227051 23.31294441223145
0.999301 1.00144 0.643599 0.0667327 0.0466328 0.0200999 0.00165208 6.13757e-06 2.77813e-05 0.000497024 0 12.54087924957275 13.03357887268066 23.3164176940918
0.999347 1.00141 0.643533 0.0667203 0.0466481 0.0200722 0.00192167 5.34785e-06 2.65589e-05 0.000477846 0 12.54149436950684 13.03886795043945 23.32405090332031
0.999355 1.00144 0.643546 0.0666932 0.0466458 0.0200474 0.00172124 5.22697e-06 2.77526e-05 0.000518399 0 12.54157161712646 13.04375553131104 23.32295036315918
0.999337 1.00145 0.643571 0.0666053 0.046581 0.0200243 0.00156525 5.52345e-06 2.81728e-05 0.000574879 0 12.54132556915283 13.04839134216309 23.29048919677734
0.999353 1.00144 0.64355 0.0666127 0.0466123 0.0200004 0.00161397 5.25879e-06 2.78862e-05 0.000496859 0 12.54154491424561 13.0530481338501 23.30612945556641
0.99936 1.00145 0.643549 0.066553 0.0465752 0.0199778 0.00150923 5.13575e-06 2.82258e-05 0.000603178 0 12.54163646697998 13.05748653411865 23.28757476806641
0.999369 1.00145 0.643542 0.0665963 0.0466392 0.0199571 0.00144018 4.98933e-06 2.83771e-05 0.000457911 0 12.54174995422363 13.06157112121582 23.31962585449219
0.999377 1.00145 0.643532 0.0665623 0.0466253 0.019937 0.00162193 4.86918e-06 2.81837e-05 0.000535486 0 12.5418586730957 13.06552791595459 23.31265830993652
0.999372 1.00148 0.643554 0.0666406 0.0467218 0.0199188 0.00149211 4.94683e-06 2.92326e-05 0.00049082 0 12.54179763793945 13.06914901733398 23.36089706420898
0.99938 1.00147 0.643544 0.066617 0.0467156 0.0199014 0.00148746 4.82672e-06 2.91204e-05 0.000610111 0 12.54188823699951 13.07257080078125 23.35782814025879
0.999407 1.00145 0.643506 0.0665797 0.0466955 0.0198843 0.00141139 4.40814e-06 2.83904e-05 0.000706704 0 12.54224300384521 13.07585430145264 23.34773254394531
0.999404 1.00148 0.643525 0.066563 0.0466938 0.0198692 0.00135999 4.46392e-06 2.93645e-05 0.000722789 0 12.54219722747803 13.07885551452637 23.34687614440918
0.999401 1.00149 0.643533 0.0664671 0.0466125 0.0198546 0.00132811 4.4991e-06 2.97284e-05 0.000875411 0 12.54216194152832 13.08177185058594 23.30624389648438
0.99943 1.00148 0.643499 0.0664995 0.0466606 0.0198389 0.00131503 4.07781e-06 2.93019e-05 0.000829769 0 12.54251766204834 13.08477687835693 23.33028793334961
0.99942 1.00148 0.643511 0.0664148 0.0465894 0.0198254 0.00141055 4.22786e-06 2.94079e-05 0.00104774 0 12.54239463806152 13.08751773834229 23.29469108581543
0.999421 1.0015 0.643524 0.06651 0.0466977 0.0198123 0.00131099 4.20506e-06 3.03608e-05 0.000988364 0 12.54241847991943 13.09009075164795 23.34885215759277
0.999454 1.00149 0.643485 0.0666388 0.0468411 0.0197977 0.00126179 3.7346e-06 2.99119e-05 0.00103524 0 12.54282665252686 13.09288692474365 23.42054557800293
0.999468 1.00149 0.643469 0.0665757 0.0467899 0.0197858 0.00140124 3.5502e-06 2.97542e-05 0.00094023 0 12.54300212860107 13.09518718719482 23.39494132995605
0.999437 1.00148 0.643496 0.0664958 0.0467189 0.0197769 0.00141619 3.97658e-06 2.95346e-05 0.00112772 0 12.5426197052002 13.097092628479 23.35944557189941
0.999435 1.00152 0.643523 0.0666284 0.0468606 0.0197677 0.0013593 4.0114e-06 3.11057e-05 0.000995567 0 12.54257965087891 13.09892749786377 23.4302978515625
0.999481 1.00149 0.643461 0.0665768 0.0468187 0.0197581 0.00127417 3.3808e-06 2.99841e-05 0.00114257 0 12.54315662384033 13.10067939758301 23.40934371948242
0.999507 1.0015 0.643439 0.0665878 0.0468378 0.01975 0.00122947 3.05129e-06 3.02251e-05 0.00105948 0 12.54348945617676 13.10218715667725 23.41888427734375
0.999484 1.00153 0.643477 0.066597 0.0468522 0.0197448 0.0012132 3.34146e-06 3.12362e-05 0.000863626 0 12.5431957244873 13.10331535339355 23.42611694335938
0.999491 1.00152 0.643466 0.0664992 0.0467614 0.0197378 0.00137695 3.25511e-06 3.09114e-05 0.000989753 0 12.5432767868042 13.10466861724854 23.38068199157715
0.999511 1.00151 0.643441 0.0665324 0.0468023 0.0197302 0.00128962 2.99629e-06 3.06216e-05 0.000898179 0 12.543532371521 13.10610198974609 23.40112495422363
0.999501 1.00153 0.643461 0.0665153 0.0467912 0.019724 0.00121701 3.12281e-06 3.12621e-05 0.00091437 0 12.54342174530029 13.10737419128418 23.3956184387207
0.999521 1.00152 0.643441 0.066578 0.0468611 0.0197169 0.00116521 2.87811e-06 3.1204e-05 0.000808664 0 12.54366397857666 13.10874652862549 23.43058586120605
0.999545 1.00152 0.643413 0.0665833 0.0468739 0.0197094 0.00113333 2.59657e-06 3.08808e-05 0.000770537 0 12.54395198822021 13.11011505126953 23.43695831298828
0.999554 1.00153 0.64341 0.0666919 0.0469887 0.0197032 0.00111343 2.49214e-06 3.12432e-05 0.000417656 0 12.54409122467041 13.11133098602295 23.49436187744141
0.999547 1.00152 0.643416 0.0665102 0.046812 0.0196982 0.00129577 2.5711e-06 3.12075e-05 0.000752637 0 12.54399871826172 13.11232471466064 23.40602493286133
0.99956 1.00156 0.643426 0.0666841 0.0469919 0.0196922 0.00119753 2.42903e-06 3.26473e-05 0.000592393 0 12.54416561126709 13.11348915100098 23.49594688415527
0.999564 1.00153 0.643403 0.0665897 0.0469024 0.0196873 0.00118509 2.38041e-06 3.14619e-05 0.000712199 0 12.54421424865723 13.11444854736328 23.45122337341309
0.99955 1.00152 0.643408 0.0665156 0.0468307 0.0196849 0.00126697 2.53723e-06 3.09151e-05 0.000883849 0 12.54403114318848 13.11496925354004 23.41535186767578
0.999541 1.00154 0.643435 0.0664572 0.0467743 0.0196829 0.00118525 2.649e-06 3.19909e-05 0.00108816 0 12.54389762878418 13.11541843414307 23.38715744018555
0.999583 1.00152 0.643376 0.0664734 0.0467949 0.0196785 0.00122008 2.18529e-06 3.08356e-05 0.000891546 0 12.54443550109863 13.11614894866943 23.39747619628906
0.999591 1.00154 0.64338 0.0664289 0.0467526 0.0196764 0.00117583 2.09797e-06 3.16414e-05 0.00103519 0 12.54455280303955 13.11652946472168 23.37631988525391
0.999593 1.00154 0.643381 0.0666673 0.0469935 0.0196738 0.00122851 2.07403e-06 3.18036e-05 0.000679517 0 12.54457378387451 13.11702632904053 23.49674034118652
0.999601 1.00154 0.643372 0.0666207 0.0469487 0.0196719 0.00115232 1.99764e-06 3.16979e-05 0.000845312 0 12.54467487335205 13.11736011505127 23.4743595123291
0.999613 1.00153 0.643357 0.0666169 0.0469471 0.0196697 0.00111204 1.88027e-06 3.15065e-05 0.00083286 0 12.54479598999023 13.11777114868164 23.47356224060059
0.999612 1.00153 0.64336 0.0665055 0.0468367 0.0196688 0.00109556 1.88938e-06 3.16124e-05 0.000869994 0 12.5448055267334 13.1179838180542 23.41835975646973
0.999602 1.00153 0.643369 0.0662997 0.0466319 0.0196678 0.00107159 1.98426e-06 3.16179e-05 0.00125361 0 12.54466533660889 13.1182107925415 23.31595039367676
0.999608 1.00153 0.643361 0.0665076 0.0468418 0.0196658 0.00112294 1.92968e-06 3.14215e-05 0.000756901 0 12.54475116729736 13.11856746673584 23.42089462280273
0.999616 1.00153 0.643354 0.0665055 0.0468423 0.0196632 0.00109267 1.84771e-06 3.14951e-05 0.000762779 0 12.54485416412354 13.11905479431152 23.42117309570312
0.999629 1.00154 0.643347 0.0664998 0.0468382 0.0196616 0.00105331 1.73148e-06 3.18086e-05 0.00066246 0 12.54501152038574 13.1193265914917 23.41907501220703
0.999627 1.00153 0.643344 0.0663703 0.04671 0.0196603 0.00135676 1.74544e-06 3.15535e-05 0.000813344 0 12.54498863220215 13.11960124969482 23.35501098632812
0.99964 1.00154 0.643334 0.0665544 0.0468963 0.0196581 0.00112847 1.622e-06 3.17165e-05 0.000371067 0 12.54517269134521 13.11998653411865 23.44812202453613
0.999631 1.00154 0.643345 0.0663645 0.0467071 0.0196573 0.00131201 1.71112e-06 3.18278e-05 0.000768907 0 12.54504013061523 13.12019538879395 23.35355949401855
0.999626 1.00157 0.643367 0.0664322 0.0467756 0.0196565 0.00112944 1.75749e-06 3.29141e-05 0.000646341 0 12.54498291015625 13.12035846710205 23.38781356811523
0.999623 1.00153 0.643347 0.0663463 0.046691 0.0196553 0.00114987 1.7874e-06 3.14415e-05 0.00075237 0 12.544921875 13.12062168121338 23.34548377990723
0.999634 1.00154 0.643345 0.066387 0.046733 0.019654 0.00108698 1.6829e-06 3.20276e-05 0.000654137 0 12.54506015777588 13.12081623077393 23.36649322509766
0.999643 1.00153 0.643329 0.066371 0.046718 0.0196531 0.00104753 1.59964e-06 3.15863e-05 0.000698413 0 12.54520320892334 13.1209659576416 23.35895347595215
0.999646 1.00153 0.643324 0.0664909 0.0468382 0.0196528 0.00107817 1.57093e-06 3.14367e-05 0.00059123 0 12.54522514343262 13.12101364135742 23.41908836364746
0.999651 1.00155 0.643331 0.0665448 0.0468924 0.0196523 0.00101882 1.53205e-06 3.21423e-05 0.000628163 0 12.54530048370361 13.12108898162842 23.44616317749023
0.999654 1.00154 0.643323 0.0664802 0.0468282 0.019652 0.00101415 1.50617e-06 3.18002e-05 0.000754912 0 12.54532623291016 13.12116241455078 23.41412925720215
0.999658 1.00154 0.643316 0.066519 0.0468677 0.0196512 0.00112447 1.46506e-06 3.16547e-05 0.000626964 0 12.54538917541504 13.12127780914307 23.43386077880859
0.999654 1.00154 0.643322 0.0665836 0.0469325 0.0196511 0.00101981 1.50142e-06 3.18247e-05 0.000472819 0 12.54532909393311 13.1213264465332 23.46625518798828
0.999645 1.00154 0.643329 0.0664607 0.0468098 0.0196509 0.000978931 1.57778e-06 3.16855e-05 0.000782905 0 12.54523086547852 13.12140369415283 23.40487289428711
0.999665 1.00153 0.643308 0.0666015 0.0469517 0.0196497 0.000957461 1.40684e-06 3.16143e-05 0.000513108 0 12.54548645019531 13.12156105041504 23.47585105895996
0.999657 1.00154 0.643322 0.0663979 0.046748 0.0196499 0.000939542 1.48075e-06 3.19212e-05 0.000969143 0 12.5453577041626 13.12155055999756 23.37397193908691
0.999665 1.00154 0.643309 0.0664664 0.0468168 0.0196496 0.00104443 1.40981e-06 3.16294e-05 0.000895114 0 12.54547786712646 13.1215934753418 23.40839385986328
0.99965 1.00152 0.643313 0.0665223 0.0468727 0.0196496 0.00102077 1.53766e-06 3.09963e-05 0.00102455 0 12.54526424407959 13.12164497375488 23.43636322021484
0.999637 1.00155 0.643348 0.066539 0.046889 0.01965 0.000961833 1.65141e-06 3.24088e-05 0.000961981 0 12.54511737823486 13.12160491943359 23.44447135925293
0.999674 1.00153 0.6433 0.066741 0.0470931 0.0196479 0.000999557 1.33331e-06 3.15982e-05 0.000738749 0 12.54557228088379 13.12188053131104 23.54658317565918
0.999662 1.00154 0.643314 0.0665088 0.0468603 0.0196485 0.000941614 1.43006e-06 3.17779e-05 0.00113432 0 12.54543972015381 13.12181854248047 23.43019676208496
0.999658 1.00154 0.643319 0.0666257 0.0469772 0.0196484 0.000959975 1.46982e-06 3.18609e-05 0.000995528 0 12.54538345336914 13.12183570861816 23.48859786987305
0.999662 1.00154 0.643316 0.0666313 0.0469826 0.0196488 0.000938887 1.43656e-06 3.18995e-05 0.00123011 0 12.54544734954834 13.12175273895264 23.49124526977539
0.999676 1.00154 0.643302 0.0668124 0.047165 0.0196474 0.000926679 1.32136e-06 3.18379e-05 0.000971741 0 12.54561805725098 13.12197208404541 23.58247756958008
0.999673 1.00154 0.643306 0.0667803 0.0471331 0.0196472 0.00094022 1.34158e-06 3.19489e-05 0.00095257 0 12.54557704925537 13.12202453613281 23.56656455993652
0.999633 1.00152 0.643331 0.0666134 0.0469645 0.0196489 0.00109021 1.69452e-06 3.10256e-05 0.00127311 0 12.54506587982178 13.1218433380127 23.48221206665039
0.999622 1.00154 0.643353 0.0666572 0.0470074 0.0196497 0.0010029 1.78893e-06 3.18402e-05 0.00115734 0 12.54492950439453 13.12170505523682 23.50372123718262
0.999675 1.00152 0.64329 0.0666303 0.0469836 0.0196467 0.00096574 1.32252e-06 3.10691e-05 0.00114181 0 12.54560279846191 13.12211799621582 23.49183464050293
0.999685 1.00154 0.64329 0.0668161 0.0471699 0.0196462 0.000924314 1.24374e-06 3.16523e-05 0.000832279 0 12.54569721221924 13.12217807769775 23.58491706848145
0.99965 1.00155 0.643333 0.0666558 0.0470082 0.0196476 0.000961355 1.53826e-06 3.2256e-05 0.00120439 0 12.54527568817139 13.12204265594482 23.50410842895508
0.999661 1.00153 0.643308 0.0665821 0.0469357 0.0196464 0.00103997 1.44132e-06 3.13287e-05 0.00128875 0 12.54541397094727 13.12225437164307 23.46786117553711
0.999683 1.00153 0.643286 0.0665129 0.0468679 0.0196451 0.00100665 1.26451e-06 3.12789e-05 0.00134981 0 12.54569149017334 13.12242603302002 23.43391609191895
0.999679 1.00155 0.643304 0.0668029 0.0471585 0.0196444 0.000985293 1.29201e-06 3.21787e-05 0.000853641 0 12.54565811157227 13.12256908416748 23.57921409606934
0.999651 1.00155 0.64333 0.0666329 0.0469877 0.0196452 0.00100142 1.53154e-06 3.21306e-05 0.00106409 0 12.54528713226318 13.12253570556641 23.49387359619141
0.999674 1.00153 0.643295 0.066736 0.0470929 0.0196431 0.00103295 1.33109e-06 3.13202e-05 0.000835244 0 12.54558849334717 13.12284278869629 23.54644203186035
0.999673 1.00153 0.643297 0.0667252 0.0470829 0.0196423 0.00103543 1.34468e-06 3.13573e-05 0.000816768 0 12.54555892944336 13.1230297088623 23.54146385192871
0.999652 1.00155 0.643332 0.0666386 0.0469957 0.0196429 0.000972352 1.52138e-06 3.23025e-05 0.000904179 0 12.54531097412109 13.12298583984375 23.49785423278809
0.999668 1.00154 0.643312 0.0667467 0.0471058 0.0196409 0.000935972 1.38515e-06 3.203e-05 0.000836493 0 12.54550647735596 13.12332630157471 23.55292129516602
0.999685 1.00154 0.64329 0.066734 0.0470939 0.0196401 0.000925479 1.24193e-06 3.16633e-05 0.000884409 0 12.54573154449463 13.12338638305664 23.54697418212891
0.999671 1.00154 0.643307 0.066666 0.0470247 0.0196413 0.00090376 1.35995e-06 3.18446e-05 0.00101875 0 12.54555225372314 13.12322998046875 23.5123233795166
0.99967 1.00155 0.64331 0.066697 0.0470554 0.0196416 0.000881991 1.36689e-06 3.20406e-05 0.000973962 0 12.54555225372314 13.1231746673584 23.52768325805664
0.999668 1.00154 0.643306 0.0665432 0.046901 0.0196422 0.00086279 1.3828e-06 3.16208e-05 0.00128043 0 12.54551219940186 13.12306022644043 23.45049095153809
0.999671 1.00154 0.643305 0.0665818 0.0469397 0.0196422 0.000886489 1.36055e-06 3.17536e-05 0.00114017 0 12.5455493927002 13.1230411529541 23.46983337402344
0.999658 1.00154 0.643317 0.066524 0.0468811 0.0196429 0.000872219 1.46922e-06 3.17315e-05 0.00126182 0 12.54538440704346 13.12296485900879 23.44058036804199
0.99966 1.00154 0.643319 0.0665358 0.0468931 0.0196427 0.00084953 1.44808e-06 3.1977e-05 0.00121542 0 12.54542064666748 13.12297916412354 23.44653701782227
0.999669 1.00154 0.643306 0.0666031 0.046961 0.0196421 0.000865007 1.37806e-06 3.16534e-05 0.00107415 0 12.54551315307617 13.12308120727539 23.48050880432129
0.999678 1.00154 0.643301 0.0667592 0.0471176 0.0196416 0.000857708 1.29866e-06 3.19415e-05 0.000819979 0 12.54563808441162 13.12313365936279 23.55879974365234
0.999671 1.00154 0.643307 0.0667264 0.0470851 0.0196413 0.000881467 1.35566e-06 3.19252e-05 0.000926722 0 12.54555606842041 13.12321662902832 23.54257011413574
0.999674 1.00154 0.643302 0.0667366 0.0470958 0.0196408 0.000846863 1.33074e-06 3.1778e-05 0.000825441 0 12.54559803009033 13.12329864501953 23.54790306091309
0.999664 1.00154 0.643311 0.0664737 0.0468324 0.0196413 0.000877371 1.4139e-06 3.16998e-05 0.00139013 0 12.54547309875488 13.12322902679443 23.41621017456055
0.999673 1.00154 0.643304 0.0667515 0.0471119 0.0196396 0.000896552 1.34516e-06 3.1808e-05 0.00101921 0 12.54557037353516 13.12355327606201 23.55599975585938
0.999658 1.00153 0.643315 0.0665027 0.0468626 0.0196401 0.000928869 1.46657e-06 3.15823e-05 0.00139692 0 12.54539012908936 13.12349700927734 23.43126487731934
0.999688 1.00154 0.64329 0.0668195 0.047181 0.0196385 0.00103641 1.22339e-06 3.18482e-05 0.00090291 0 12.54575443267822 13.1237154006958 23.59055709838867
0.999692 1.00153 0.643282 0.0668576 0.04722 0.0196375 0.000932414 1.19282e-06 3.15299e-05 0.000747547 0 12.54580307006836 13.12388610839844 23.61004257202148
0.999682 1.00155 0.643302 0.066789 0.0471514 0.0196375 0.000881072 1.27009e-06 3.22099e-05 0.000937727 0 12.54567718505859 13.12394142150879 23.57571601867676
0.999672 1.00153 0.643301 0.0666771 0.0470398 0.0196373 0.00118931 1.35368e-06 3.15481e-05 0.00120096 0 12.54554653167725 13.12401866912842 23.51989936828613
0.999651 1.00159 0.64336 0.0665224 0.0468833 0.0196392 0.000965574 1.53184e-06 3.4069e-05 0.00134642 0 12.54528522491455 13.12372493743896 23.4416332244873
0.999672 1.00155 0.643314 0.0666467 0.0470093 0.0196374 0.000934754 1.34701e-06 3.23926e-05 0.00107514 0 12.54558181762695 13.12398052215576 23.50460815429688
0.99969 1.00153 0.643282 0.0665921 0.0469545 0.0196376 0.000953054 1.20791e-06 3.14264e-05 0.00103576 0 12.54576015472412 13.12388896942139 23.47724342346191
0.999677 1.00154 0.643302 0.0667378 0.0470997 0.0196381 0.000899694 1.30682e-06 3.19788e-05 0.000758527 0 12.54562187194824 13.12383651733398 23.54984092712402
0.99966 1.00155 0.643323 0.066662 0.0470236 0.0196385 0.00102153 1.44798e-06 3.22397e-05 0.00102938 0 12.54539966583252 13.12382698059082 23.51177406311035
0.999672 1.00153 0.643299 0.0666175 0.0469807 0.0196368 0.000936188 1.35422e-06 3.14047e-05 0.00103797 0 12.54554271697998 13.12411785125732 23.49033355712891
0.999678 1.00154 0.643297 0.0666079 0.0469716 0.0196364 0.00091216 1.30331e-06 3.16675e-05 0.000951379 0 12.54562568664551 13.12418556213379 23.48576354980469
0.999672 1.00155 0.643313 0.0666159 0.0469797 0.0196362 0.000881466 1.35046e-06 3.23068e-05 0.000859082 0 12.54557132720947 13.12422466278076 23.4898624420166
0.999668 1.00154 0.643309 0.0665162 0.0468807 0.0196355 0.000916018 1.38165e-06 3.18278e-05 0.000912741 0 12.54549980163574 13.1244068145752 23.44035911560059
0.999668 1.00154 0.643306 0.0663799 0.046745 0.019635 0.000873793 1.38086e-06 3.16444e-05 0.00116587 0 12.54552268981934 13.12449264526367 23.37250900268555
0.999677 1.00154 0.643301 0.0667241 0.04709 0.0196341 0.000865695 1.31279e-06 3.18405e-05 0.000536716 0 12.54560279846191 13.12463855743408 23.54495429992676
0.999668 1.00154 0.643307 0.0665487 0.0469147 0.019634 0.000835133 1.38031e-06 3.16994e-05 0.000716849 0 12.54550361633301 13.1246862411499 23.45737457275391
0.999676 1.00153 0.643298 0.0665378 0.0469043 0.0196335 0.000815223 1.31845e-06 3.1614e-05 0.000754676 0 12.54561328887939 13.12476444244385 23.4521312713623
0.999674 1.00154 0.643306 0.0664559 0.0468223 0.0196337 0.000794891 1.33428e-06 3.19854e-05 0.000890906 0 12.54557228088379 13.12472057342529 23.4111499786377
0.999669 1.00154 0.643308 0.0664056 0.0467723 0.0196332 0.000782669 1.37814e-06 3.1819e-05 0.00108954 0 12.54552936553955 13.12483882904053 23.38620948791504
0.999676 1.00154 0.643299 0.0665601 0.046928 0.0196322 0.000769352 1.31715e-06 3.17019e-05 0.000881068 0 12.54561710357666 13.12501525878906 23.4640007019043
0.999676 1.00154 0.643302 0.0665105 0.0468783 0.0196322 0.000931684 1.31927e-06 3.18552e-05 0.000952742 0 12.54561042785645 13.12501525878906 23.43916893005371
0.999668 1.00155 0.643315 0.0664896 0.0468579 0.0196317 0.000837024 1.3868e-06 3.21817e-05 0.00105334 0 12.54549121856689 13.12515640258789 23.42893218994141
0.999674 1.00155 0.643307 0.0667329 0.0471028 0.0196301 0.00080256 1.3357e-06 3.20832e-05 0.000689456 0 12.54558181762695 13.12544345855713 23.5513973236084
0.999676 1.00155 0.643309 0.0664241 0.0467941 0.01963 0.000794324 1.31749e-06 3.2297e-05 0.00123565 0 12.54561042785645 13.12545967102051 23.39709091186523
0.99969 1.00154 0.64329 0.0665619 0.0469327 0.0196292 0.000790823 1.20947e-06 3.19355e-05 0.000964606 0 12.54576015472412 13.1255578994751 23.46633911132812
0.999684 1.00155 0.643302 0.0665852 0.0469566 0.0196285 0.000765317 1.25265e-06 3.23784e-05 0.00107387 0 12.54568862915039 13.12572574615479 23.47830581665039
0.999677 1.00154 0.643301 0.066532 0.046902 0.01963 0.000750178 1.30731e-06 3.19125e-05 0.00118288 0 12.54561614990234 13.12545204162598 23.45099067687988
0.999688 1.00154 0.643289 0.0665949 0.0469662 0.0196288 0.000738549 1.22165e-06 3.17839e-05 0.000976962 0 12.54574680328369 13.1256685256958 23.48307800292969
0.99968 1.00154 0.6433 0.0665515 0.0469223 0.0196292 0.000766327 1.28511e-06 3.19805e-05 0.000955614 0 12.54563903808594 13.1256046295166 23.46118927001953
0.999664 1.00152 0.643303 0.0664921 0.0468622 0.0196299 0.000845645 1.41704e-06 3.11809e-05 0.00101633 0 12.54546546936035 13.12551593780518 23.43113708496094
0.99967 1.00157 0.643327 0.0666152 0.0469859 0.0196293 0.000803859 1.36323e-06 3.31287e-05 0.000689127 0 12.5455150604248 13.12561702728271 23.49294281005859
0.999684 1.00154 0.643296 0.0666602 0.0470317 0.0196285 0.000805633 1.25477e-06 3.19389e-05 0.000650716 0 12.54570293426514 13.12572956085205 23.51588249206543
0.999689 1.00154 0.643289 0.0665043 0.0468759 0.0196284 0.000860736 1.21599e-06 3.18457e-05 0.000945185 0 12.54576778411865 13.12570667266846 23.43793869018555
0.999683 1.00154 0.643293 0.0666382 0.0470103 0.019628 0.00107047 1.26038e-06 3.17534e-05 0.000698433 0 12.54568862915039 13.12583637237549 23.50512504577637
0.999649 1.00158 0.643353 0.0664451 0.0468153 0.0196298 0.000877327 1.54566e-06 3.34846e-05 0.00105718 0 12.54526329040527 13.12560176849365 23.40766143798828
0.999674 1.00155 0.643308 0.0665654 0.0469374 0.019628 0.000833585 1.33479e-06 3.21134e-05 0.000756593 0 12.54558753967285 13.12585353851318 23.46869659423828
0.999689 1.00153 0.643285 0.0663962 0.0467689 0.0196273 0.000841256 1.21566e-06 3.15922e-05 0.00109254 0 12.54578495025635 13.12593269348145 23.38441848754883
0.999683 1.00155 0.643298 0.0666086 0.0469818 0.0196268 0.00081069 1.25755e-06 3.21054e-05 0.000799869 0 12.54570960998535 13.1260814666748 23.49089431762695
0.999667 1.00155 0.643315 0.0665899 0.0469632 0.0196267 0.000791884 1.3933e-06 3.21449e-05 0.000874412 0 12.54549789428711 13.1261510848999 23.48161697387695
0.999677 1.00154 0.643302 0.0664305 0.0468038 0.0196266 0.000806121 1.30903e-06 3.19459e-05 0.00120702 0 12.54563236236572 13.12613105773926 23.40191459655762
0.999685 1.00154 0.643291 0.0665991 0.046974 0.019625 0.000769712 1.24864e-06 3.16905e-05 0.00101581 0 12.5457067489624 13.12642955780029 23.48701667785645
0.999683 1.00155 0.643299 0.066783 0.047158 0.019625 0.000749916 1.26194e-06 3.2085e-05 0.00100036 0 12.54570388793945 13.12642288208008 23.57901000976562
0.999679 1.00153 0.643295 0.0667109 0.0470866 0.0196244 0.000771988 1.29319e-06 3.16121e-05 0.00115885 0 12.5456485748291 13.12657451629639 23.5433292388916
0.999676 1.00155 0.643309 0.0665642 0.0469388 0.0196254 0.000742465 1.3194e-06 3.23081e-05 0.00147226 0 12.5456018447876 13.12637329101562 23.46941375732422
0.999682 1.00153 0.64329 0.06671 0.0470857 0.0196243 0.000758379 1.26588e-06 3.15036e-05 0.0010693 0 12.54568481445312 13.12657737731934 23.54287528991699
0.999686 1.00154 0.643294 0.0666682 0.0470443 0.0196239 0.000756821 1.23699e-06 3.1972e-05 0.000970064 0 12.54574108123779 13.1266393661499 23.52218818664551
0.999679 1.00155 0.643302 0.0665872 0.0469635 0.0196237 0.00078569 1.29106e-06 3.20847e-05 0.0011375 0 12.54563426971436 13.12670803070068 23.48174285888672
0.99968 1.00154 0.643298 0.0665253 0.0469017 0.0196236 0.000810811 1.28594e-06 3.18484e-05 0.00127628 0 12.54564380645752 13.12672328948975 23.45083427429199
0.999683 1.00154 0.643296 0.0666997 0.0470776 0.0196221 0.000748345 1.25943e-06 3.19252e-05 0.000996103 0 12.54568576812744 13.12699604034424 23.53877258300781
0.999688 1.00154 0.64329 0.0667439 0.0471221 0.0196218 0.00072823 1.22222e-06 3.18473e-05 0.000937291 0 12.54574871063232 13.12707996368408 23.56105804443359
0.999687 1.00154 0.643292 0.0665643 0.0469424 0.0196218 0.000733934 1.2332e-06 3.19033e-05 0.00120507 0 12.54572296142578 13.12704944610596 23.47122573852539
0.999698 1.00155 0.643284 0.0667654 0.0471452 0.0196202 0.000709062 1.14215e-06 3.21021e-05 0.000744508 0 12.54587459564209 13.1273250579834 23.57262229919434
0.999685 1.00155 0.643296 0.0666034 0.0469824 0.0196209 0.000694535 1.24472e-06 3.20754e-05 0.00113639 0 12.54572105407715 13.12722682952881 23.49122047424316
0.99969 1.00153 0.643284 0.0667397 0.0471199 0.0196199 0.000695713 1.20848e-06 3.15693e-05 0.000977798 0 12.54576873779297 13.12742710113525 23.55994415283203
0.999683 1.00154 0.643295 0.066589 0.046969 0.01962 0.00067983 1.25861e-06 3.18467e-05 0.00120756 0 12.54569816589355 13.12741374969482 23.48450469970703
0.999688 1.00154 0.643291 0.0665792 0.0469598 0.0196195 0.000696512 1.21967e-06 3.19421e-05 0.00123392 0 12.54576396942139 13.12749767303467 23.47985649108887
0.999683 1.00155 0.643298 0.066593 0.0469732 0.0196198 0.000721046 1.25718e-06 3.20837e-05 0.00114289 0 12.54568195343018 13.12746906280518 23.4865894317627
0.999679 1.00154 0.643301 0.0665992 0.046979 0.0196202 0.000782143 1.29635e-06 3.1991e-05 0.00109797 0 12.54562091827393 13.12742137908936 23.48952865600586
0.999682 1.00154 0.643295 0.066584 0.0469636 0.0196204 0.000750602 1.26735e-06 3.17948e-05 0.00103225 0 12.5456714630127 13.12734031677246 23.4818058013916
0.999682 1.00155 0.643299 0.0665347 0.0469147 0.0196201 0.000747599 1.26631e-06 3.20464e-05 0.00107578 0 12.54568290710449 13.12741851806641 23.45730590820312
0.999686 1.00154 0.643291 0.0666247 0.0470052 0.0196194 0.000719281 1.23624e-06 3.1808e-05 0.000993337 0 12.54572772979736 13.12752723693848 23.50260543823242
0.999693 1.00154 0.643283 0.0666741 0.0470553 0.0196188 0.0007079 1.18356e-06 3.16787e-05 0.000907331 0 12.54581737518311 13.12762260437012 23.52766227722168
0.999683 1.00155 0.643301 0.0665503 0.0469309 0.0196194 0.000706173 1.26409e-06 3.22387e-05 0.00126075 0 12.54568576812744 13.12754726409912 23.4654369354248
0.999686 1.00154 0.643294 0.066628 0.0470096 0.0196183 0.000688179 1.23733e-06 3.19672e-05 0.00109181 0 12.54573535919189 13.12777423858643 23.50482177734375
0.999694 1.00154 0.643282 0.0666353 0.0470176 0.0196177 0.000673957 1.17552e-06 3.17267e-05 0.000843141 0 12.54582500457764 13.1278600692749 23.5088062286377
0.999687 1.00154 0.643292 0.0665955 0.0469785 0.019617 0.000664423 1.22602e-06 3.19102e-05 0.000850218 0 12.54575157165527 13.12801361083984 23.48925399780273
0.999691 1.00154 0.643288 0.0666311 0.047015 0.0196161 0.00065864 1.20032e-06 3.19094e-05 0.00085187 0 12.54578685760498 13.1281623840332 23.50745010375977
0.999695 1.00154 0.643284 0.0666439 0.0470285 0.0196154 0.000649205 1.16673e-06 3.19162e-05 0.00101888 0 12.54586315155029 13.1283016204834 23.51420974731445
0.999686 1.00154 0.643289 0.0665159 0.0469 0.0196159 0.000638668 1.24108e-06 3.16527e-05 0.0014279 0 12.54572677612305 13.12824440002441 23.45000839233398
0.999701 1.00154 0.64328 0.0668189 0.0472053 0.0196137 0.000651471 1.12116e-06 3.19964e-05 0.00104721 0 12.54591846466064 13.12862586975098 23.60263252258301
0.999701 1.00155 0.643281 0.0667516 0.0471375 0.0196141 0.000644828 1.12062e-06 3.20618e-05 0.0012547 0 12.54592037200928 13.12854480743408 23.56877708435059
0.999702 1.00154 0.643278 0.066812 0.0471989 0.0196132 0.000638497 1.11495e-06 3.1937e-05 0.00114212 0 12.54591083526611 13.12870979309082 23.59939193725586
0.99969 1.00153 0.64328 0.0666873 0.047074 0.0196133 0.000650496 1.20605e-06 3.13421e-05 0.00132754 0 12.54578304290771 13.12874603271484 23.53697776794434
0.999707 1.00154 0.643273 0.0668707 0.0472584 0.0196123 0.000635127 1.07405e-06 3.19479e-05 0.000924338 0 12.54600524902344 13.12888050079346 23.62919616699219
0.999694 1.00155 0.64329 0.0666903 0.0470773 0.019613 0.000675906 1.17459e-06 3.22342e-05 0.00136105 0 12.54582405090332 13.12878513336182 23.53864860534668
0.999684 1.00153 0.643289 0.0667199 0.0471061 0.0196138 0.000702346 1.24924e-06 3.15731e-05 0.00136878 0 12.54573631286621 13.1286735534668 23.55304527282715
0.999686 1.00155 0.643296 0.0667962 0.0471828 0.0196134 0.00073409 1.23363e-06 3.21298e-05 0.00143693 0 12.54573822021484 13.12874221801758 23.59139251708984
0.99971 1.00154 0.64327 0.066905 0.0472932 0.0196118 0.000788373 1.05773e-06 3.18878e-05 0.00116047 0 12.54603481292725 13.12897968292236 23.64663696289062
0.99968 1.00155 0.643302 0.0666242 0.04701 0.0196143 0.000754635 1.28515e-06 3.21306e-05 0.00159887 0 12.54568576812744 13.12858390808105 23.50502586364746
0.999674 1.00155 0.643307 0.0667134 0.0470991 0.0196143 0.000710707 1.3305e-06 3.20665e-05 0.00129479 0 12.54559516906738 13.1286153793335 23.54958152770996
0.999699 1.00152 0.643269 0.0669334 0.0473215 0.0196119 0.000700067 1.13587e-06 3.11969e-05 0.000969671 0 12.54587936401367 13.12899017333984 23.66077041625977
0.999684 1.00154 0.643294 0.0665613 0.0469473 0.019614 0.000673093 1.2519e-06 3.18694e-05 0.00187942 0 12.54569721221924 13.12861919403076 23.47364044189453
0.999692 1.00155 0.643289 0.0668247 0.0472122 0.0196126 0.000662015 1.19317e-06 3.20384e-05 0.00122024 0 12.54580783843994 13.12889575958252 23.60607528686523
0.999703 1.00154 0.643273 0.0669977 0.0473863 0.0196115 0.000645991 1.10431e-06 3.17046e-05 0.000981175 0 12.5459623336792 13.12905025482178 23.69312286376953
0.999694 1.00155 0.643288 0.0666718 0.04706 0.0196117 0.000633563 1.17442e-06 3.21031e-05 0.00171815 0 12.54584693908691 13.12903308868408 23.530029296875
0.999708 1.00154 0.643273 0.0670696 0.0474605 0.019609 0.0007327 1.07237e-06 3.19788e-05 0.00108257 0 12.54600811004639 13.12951183319092 23.73028182983398
0.999695 1.00154 0.643283 0.0668496 0.0472391 0.0196105 0.000673415 1.16709e-06 3.18242e-05 0.00146472 0 12.54583740234375 13.12926292419434 23.61956024169922
0.999704 1.00154 0.643276 0.0669371 0.0473281 0.019609 0.000646905 1.10047e-06 3.19477e-05 0.00108767 0 12.54595470428467 13.12956047058105 23.66406059265137
0.999691 1.00155 0.643293 0.066583 0.0469721 0.0196109 0.000634231 1.20012e-06 3.21791e-05 0.00179851 0 12.54579067230225 13.12922382354736 23.48605346679688
0.9997 1.00154 0.64328 0.0667816 0.0471725 0.0196091 0.000624805 1.13288e-06 3.19058e-05 0.00116225 0 12.54591846466064 13.12956237792969 23.58627128601074
0.999698 1.00154 0.64328 0.0667465 0.0471374 0.0196091 0.000613467 1.14837e-06 3.17897e-05 0.00116287 0 12.54588222503662 13.12955379486084 23.56873893737793
0.999694 1.00154 0.643284 0.0666533 0.0470439 0.0196094 0.000606851 1.17536e-06 3.18388e-05 0.00145534 0 12.54584121704102 13.12947940826416 23.52191162109375
0.999702 1.00155 0.643282 0.0667753 0.0471669 0.0196084 0.000599072 1.11593e-06 3.21633e-05 0.00142384 0 12.54592895507812 13.12967395782471 23.58342552185059
0.999689 1.00154 0.643288 0.0666394 0.0470307 0.0196087 0.000612949 1.21654e-06 3.17255e-05 0.00166694 0 12.54576778411865 13.12967681884766 23.51536750793457
0.999713 1.00154 0.643265 0.0670899 0.0474845 0.0196054 0.000599624 1.03507e-06 3.17506e-05 0.000838531 0 12.54607200622559 13.13025188446045 23.74230575561523
0.999695 1.00155 0.64329 0.0666177 0.0470101 0.0196076 0.000592877 1.16905e-06 3.22371e-05 0.00166751 0 12.54585647583008 13.12986660003662 23.50506782531738
0.999693 1.00155 0.64329 0.0665762 0.0469689 0.0196073 0.000583781 1.18419e-06 3.21525e-05 0.00151371 0 12.54580402374268 13.12992763519287 23.48449325561523
0.999704 1.00153 0.643271 0.0668665 0.0472605 0.0196061 0.000576021 1.09901e-06 3.15901e-05 0.00085298 0 12.5459451675415 13.1301326751709 23.63022232055664
0.999701 1.00154 0.643278 0.0667805 0.0471746 0.0196059 0.000583568 1.11914e-06 3.19337e-05 0.0010531 0 12.54591369628906 13.13016986846924 23.5872802734375
0.999708 1.00155 0.643276 0.0667898 0.0471853 0.0196045 0.000622155 1.07189e-06 3.21419e-05 0.00127023 0 12.54602241516113 13.13043212890625 23.5926685333252
