dt s t A/A0 V/V0 v et eb ea ega ev ek ee ebl ebn es
1e-06 0 0 1 1.48409 0.952783 3606.73 482.92 0 0 3123.81 0 0 27.5977 455.322 0 
1e-06 100 0.0001 0.999111 0.9129 0.586863 1127.48 906.286 0 0.00988122 101.128 100.11 0 464.411 441.875 19.9454 
1e-06 200 0.0002 0.999038 0.814129 0.523425 1330.38 762.42 0 0.0115548 460.528 71.6327 0 367.085 395.335 35.7875 
1e-06 300 0.0003 0.999034 0.973617 0.625967 953.076 805.961 0 0.0116571 9.27886 28.2537 0 305.703 500.258 109.572 
1e-06 400 0.0004 0.999046 0.990656 0.636911 824.321 759.676 0 0.0113726 1.16386 14.2842 0 290.063 469.613 49.1851 
1e-06 500 0.0005 0.999018 1.06899 0.6873 766.566 659.152 0 0.0120362 63.4415 10.6693 0 215.308 443.843 33.2914 
1e-06 600 0.0006 0.999054 0.999304 0.642463 693.151 656.136 0 0.0111809 0.00646208 8.05358 0 239.863 416.273 28.9432 
1e-06 700 0.0007 0.999044 0.988265 0.635376 671.596 634.153 0 0.0114264 1.83582 8.15351 0 223.027 411.126 27.4422 
1e-06 800 0.0008 0.999045 1.00921 0.648843 655.707 616.386 0 0.0113893 1.13162 10.9089 0 204.893 411.492 27.2693 
1e-06 900 0.0009 0.999031 1.03809 0.667422 651.086 596.584 0 0.0117243 19.3396 8.23967 0 183.67 412.914 26.9105 
1e-06 1000 0.001 0.999008 1.01546 0.652895 620.194 578.999 0 0.0122917 3.1858 9.10214 0 165.441 413.558 28.8951 
1e-06 1100 0.0011 0.999123 0.999827 0.642733 613.754 573.712 0 0.00960424 0.000397298 10.563 0 159.766 413.946 29.4699 
1e-06 1200 0.0012 0.999091 0.996963 0.640922 611.207 568.012 0 0.0103211 0.122971 13.7191 0 153.715 414.297 29.3427 
1e-06 1300 0.0013 1.00016 0.998581 0.640935 609.219 562.242 0 0.00031211 0.0268592 17.486 0 148.123 414.119 29.4643 
1e-06 1400 0.0014 0.999488 0.998496 0.641525 615.615 571.82 0 0.00327476 0.0301689 10.7394 0 152.394 419.426 33.022 
1e-06 1500 0.0015 1.00092 0.994262 0.637436 604.933 567.349 0 0.0105643 0.438839 6.05898 0 145.593 421.756 31.0752 
1e-06 1600 0.0016 1.0002 0.998876 0.641081 582.706 545.467 0 0.000521045 0.0168422 7.66851 0 125.936 419.531 29.5528 
1e-06 1700 0.0017 0.99909 1.00516 0.646195 577.714 547.487 0 0.0103363 0.355337 4.07417 0 126.215 421.272 25.7874 
1e-06 1800 0.0018 1.00068 1.00633 0.645408 577.098 543.315 0 0.00572649 0.5344 7.71105 0 123.134 420.181 25.5325 
1e-06 1900 0.0019 1.00095 1.00652 0.645269 575.814 535.002 0 0.0112342 0.567451 15.527 0 115.669 419.332 24.7068 
1e-06 2000 0.002 0.999534 0.984212 0.632304 629.424 598.746 0 0.00270844 3.32286 8.13814 0 177.038 421.708 19.2146 
1e-06 2100 0.0021 0.99973 1.01106 0.649362 591.182 553.099 0 0.000913208 1.6302 17.7044 0 132.657 420.442 18.747 
1e-06 2200 0.0022 0.999529 1.01662 0.653128 589.245 538.254 0 0.00277738 3.68011 28.6852 0 118.367 419.887 18.6229 
1e-06 2300 0.0023 0.997066 0.965468 0.622567 696.752 654.559 0 0.107538 15.8953 9.12444 0 224.328 430.231 17.0653 
1e-06 2400 0.0024 0.999103 0.992172 0.637832 652.035 620.978 0 0.0100626 0.816756 15.3579 0 197.178 423.799 14.8731 
1e-06 2500 0.0025 0.999103 1.02795 0.66083 616.086 568.829 0 0.0100524 10.4122 22.2245 0 145.46 423.369 14.6099 
1e-06 2600 0.0026 0.99926 1.0295 0.66167 601.088 547.311 0 0.00684862 11.5977 27.7141 0 124.066 423.246 14.4582 
1e-06 2700 0.0027 0.999562 1.01971 0.655084 597.295 541.933 0 0.00239415 5.17957 35.4224 0 119.872 422.061 14.7584 
1e-06 2800 0.0028 1.00065 1.00556 0.644936 592.904 538.875 0 0.00529496 0.41155 37.8281 0 118.783 420.091 15.785 
1e-06 2900 0.0029 1.00048 0.905317 0.580796 780.055 621.615 0 0.00285184 119.504 18.701 0 204.935 416.68 20.232 
1e-06 3000 0.003 0.999085 1.06181 0.682616 755.225 670.264 0 0.0104696 50.923 9.48637 0 238.493 431.771 24.5411 
1e-06 3100 0.0031 0.999059 0.988475 0.635496 699.427 667.275 0 0.0110598 1.77067 5.41834 0 245.552 421.723 24.9518 
1e-06 3200 0.0032 0.999013 0.999409 0.642571 661.322 625.218 0 0.0121815 0.00465465 9.05936 0 206.907 418.311 27.0279 
1e-06 3300 0.0033 0.999054 1.02533 0.659197 637.627 588.736 0 0.0111855 8.55383 10.116 0 172.006 416.73 30.2105 
1e-06 3400 0.0034 0.999027 1.02548 0.659321 616.53 564.83 0 0.0118203 8.65667 11.094 0 149.184 415.647 31.9366 
1e-06 3500 0.0035 0.999144 1.00563 0.646442 596.133 550.693 0 0.00915545 0.422306 14.402 0 135.525 415.168 30.607 
1e-06 3600 0.0036 0.999511 0.997927 0.641138 590.65 542.124 0 0.00299083 0.0572729 19.6803 0 127.045 415.079 28.7855 
1e-06 3700 0.0037 1.00069 0.953522 0.611525 636.62 578.111 0 0.00598099 28.7955 11.5211 0 151.351 426.759 18.1872 
1e-06 3800 0.0038 0.999773 0.963562 0.618816 614.868 559.537 0 0.000644564 17.6988 20.7692 0 133.421 426.116 16.8618 
1e-06 3900 0.0039 0.999754 1.03636 0.665586 650.7 604.81 0 0.000755207 17.6217 7.28204 0 166.094 438.715 20.9856 
1e-06 4000 0.004 0.999291 1.0253 0.658943 609.567 574.071 0 0.00628248 8.53396 7.86255 0 145.076 428.995 19.0932 
1e-06 4100 0.0041 0.999034 1.00919 0.648842 593.539 560.012 0 0.011665 1.1269 13.6496 0 134.59 425.421 18.7391 
1e-06 4200 0.0042 1.00063 0.999464 0.641046 583.726 548.189 0 0.00501051 0.00383005 17.849 0 125.015 423.174 17.6793 
1e-06 4300 0.0043 0.999992 0.959771 0.616179 621.338 578.878 0 8.29592e-07 21.5729 8.16451 0 153.804 425.074 12.7231 
1e-06 4400 0.0044 0.99947 1.03709 0.666337 631.74 590.196 0 0.00350582 18.3342 4.87055 0 159.959 430.237 18.3367 
1e-06 4500 0.0045 0.99916 1.01787 0.654294 600.88 573.578 0 0.00881462 4.25577 3.93211 0 151.866 421.711 19.106 
1e-06 4600 0.0046 0.999075 1.00276 0.644667 578.083 549.158 0 0.0106897 0.101805 7.78903 0 133.319 415.838 21.0242 
1e-06 4700 0.0047 0.999654 1.00101 0.642984 570.081 533.817 0 0.00149992 0.0136995 14.6172 0 119.961 413.856 21.6316 
1e-06 4800 0.0048 0.999776 0.975992 0.626796 615.171 579.416 0 0.000627286 7.68347 7.34687 0 160.48 418.935 20.7246 
1e-06 4900 0.0049 1.00017 0.97282 0.624391 627.772 582.685 0 0.000357762 9.84776 14.2598 0 165.659 417.026 20.9786 
1e-06 5000 0.005 0.999398 0.990555 0.636509 622.694 556.968 0 0.00452205 1.18917 43.9471 0 140.486 416.482 20.5846 
1e-06 5100 0.0051 0.999717 1.04822 0.673244 733.616 660.375 0 0.000997692 30.9998 17.0656 0 233.401 426.974 25.1743 
1e-06 5200 0.0052 0.999007 0.994314 0.6393 760.812 731.63 0 0.0123124 0.431026 6.66114 0 317.567 414.063 22.0773 
1e-06 5300 0.0053 0.999019 1.00736 0.647678 733.043 703.183 0 0.0120161 0.722569 5.2072 0 295.685 407.499 23.9179 
1e-06 5400 0.0054 0.99903 1.0388 0.667876 697.261 645.643 0 0.0117463 20.0626 4.53558 0 242.213 403.43 27.0079 
1e-06 5500 0.0055 0.999032 1.0076 0.647815 657.268 623.116 0 0.0117059 0.768999 5.7407 0 219.723 403.393 27.6304 
1e-06 5600 0.0056 0.999064 0.997118 0.641048 627.428 589.625 0 0.0109465 0.110707 10.5803 0 183.675 405.95 27.1013 
1e-06 5700 0.0057 0.999065 1.00018 0.643015 621.082 574.509 0 0.010919 0.000424098 20.2817 0 167.385 407.124 26.2797 
1e-06 5800 0.0058 0.999406 1.00451 0.645471 618.271 562.302 0 0.00440308 0.27157 30.438 0 153.998 408.304 25.2553 
1e-06 5900 0.0059 1.00059 0.978786 0.627828 630.881 588.577 0 0.00427606 5.99886 15.4589 0 164.8 423.778 20.8411 
1e-06 6000 0.006 1.00066 0.97623 0.626116 620.553 578.255 0 0.00548693 7.53159 16.5205 0 154.774 423.48 18.2407 
1e-06 6100 0.0061 0.999728 1.0118 0.649842 609.106 583.985 0 0.000923796 1.85733 5.88642 0 155.823 428.162 17.3763 
1e-06 6200 0.0062 0.999737 1.0148 0.65176 586.464 556.291 0 0.000863751 2.92177 11.4688 0 131.099 425.192 15.7816 
1e-06 6300 0.0063 0.999025 1.01235 0.650879 584.646 545.205 0 0.0118822 2.03314 22.061 0 121.245 423.96 15.3348 
1e-06 6400 0.0064 1.00096 1.00662 0.645314 578.802 535.925 0 0.0116276 0.584105 27.0402 0 114.611 421.314 15.2413 
1e-06 6500 0.0065 1.00081 0.949621 0.608916 653.972 585.811 0 0.00818246 33.8324 18.6255 0 164.745 421.065 15.6954 
1e-06 6600 0.0066 0.999587 1.0223 0.656722 627.546 599.001 0 0.00213259 6.62891 6.4076 0 171.258 427.743 15.5063 
1e-06 6700 0.0067 0.999167 1.02119 0.65642 603.593 576.476 0 0.00866044 5.98336 6.90037 0 151.698 424.778 14.2246 
1e-06 6800 0.0068 0.999258 1.00689 0.647141 585.132 560.137 0 0.00688458 0.632373 9.70805 0 136.811 423.326 14.6478 
1e-06 6900 0.0069 0.99939 1.00116 0.643332 579.255 549.046 0 0.00464633 0.0179261 15.1767 0 126.796 422.251 15.0088 
1e-06 7000 0.007 1.00097 0.961545 0.616417 624.452 577.317 0 0.0116733 19.7121 12.7283 0 153.795 423.522 14.6835 
1e-06 7100 0.0071 1.00083 0.965892 0.619326 605.54 562.111 0 0.00868889 15.5077 14.1432 0 141.043 421.068 13.7691 
1e-06 7200 0.0072 0.999831 1.01492 0.65174 589.361 566.872 0 0.000356531 2.96577 6.35658 0 141.84 425.032 13.1662 
1e-06 7300 0.0073 0.999719 1.01702 0.653203 575.502 549.316 0 0.000987146 3.86287 9.55785 0 125.632 423.684 12.7637 
1e-06 7400 0.0074 0.999408 1.01378 0.651424 574.152 543.425 0 0.00438105 2.53141 15.518 0 120.485 422.94 12.6734 
1e-06 7500 0.0075 1.00019 1.00435 0.644612 566.6 534.477 0 0.000436916 0.252427 18.6669 0 114.005 420.472 13.2027 
1e-06 7600 0.0076 0.999496 0.946276 0.607968 632.375 565.016 0 0.00317863 38.4745 12.67 0 146.206 418.81 16.2114 
1e-06 7700 0.0077 1.00098 0.969355 0.621411 612.084 540.013 0 0.0119937 12.5185 43.8254 0 123.148 416.865 15.7149 
1e-06 7800 0.0078 0.99933 1.03367 0.664282 686.439 638.84 0 0.00561108 15.111 9.40603 0 208.429 430.411 23.0772 
1e-06 7900 0.0079 0.999041 0.988717 0.635669 667.033 633.31 0 0.0114891 1.69688 6.14606 0 210.243 423.068 25.868 
1e-06 8000 0.008 0.999072 0.996472 0.640625 642.228 601.622 0 0.0107586 0.165881 12.4465 0 180.114 421.507 27.9827 
1e-06 8100 0.0081 0.999098 1.0058 0.646594 635.005 583.133 0 0.0101575 0.447824 22.7669 0 161.838 421.296 28.6469 
1e-06 8200 0.0082 0.999248 1.01378 0.651581 629.674 567.054 0 0.00705836 2.53198 31.1991 0 146.45 420.604 28.8823 
1e-06 8300 0.0083 0.999353 1.01677 0.653398 626.938 555.711 0 0.00523704 3.74774 38.7823 0 136.458 419.253 28.692 
1e-06 8400 0.0084 0.999927 1.01528 0.651882 623.824 546.924 0 6.69742e-05 3.11365 45.5994 0 129.857 417.067 28.1866 
1e-06 8500 0.0085 1.00071 0.92575 0.5937 715.297 586.192 0 0.00624785 73.49 25.5778 0 167.617 418.575 30.0307 
1e-06 8600 0.0086 1.00042 0.935042 0.599913 709.368 574.775 0 0.00225614 56.2471 50.8921 0 156.973 417.802 27.4509 
1e-06 8700 0.0087 0.999455 1.04784 0.673264 729.62 647.757 0 0.0037105 30.5114 20.0594 0 214.248 433.51 31.2886 
1e-06 8800 0.0088 0.999127 0.986175 0.633954 730.424 688.896 0 0.00953291 2.54768 10.7308 0 262.58 426.316 28.24 
1e-06 8900 0.0089 0.999081 0.988419 0.635439 709.844 669.203 0 0.0105548 1.78791 13.0013 0 247.433 421.77 25.8411 
1e-06 9000 0.009 0.999058 1.01036 0.649569 686.842 641.127 0 0.0110754 1.43173 20.5274 0 222.871 418.255 23.745 
1e-06 9100 0.0091 0.999049 1.02491 0.658929 676.918 622.71 0 0.0113079 8.26923 23.7193 0 206.104 416.606 22.2081 
1e-06 9200 0.0092 0.999083 1.02757 0.660605 661.67 605.885 0 0.0105065 10.1295 24.8483 0 189.891 415.994 20.7964 
1e-06 9300 0.0093 0.999198 1.01416 0.651871 646.987 594.807 0 0.00802672 2.67174 29.15 0 180.085 414.722 20.3504 
1e-06 9400 0.0094 0.99951 1.00219 0.643878 640.583 587.256 0 0.00299843 0.0639787 32.86 0 173.785 413.471 20.3996 
1e-06 9500 0.0095 1.01147 0.976879 0.616514 641.825 584.62 0 1.64468 7.12613 26.8721 0 177.239 407.38 21.562 
1e-06 9600 0.0096 1.00006 0.934368 0.599811 722.936 607.024 0 4.20158e-05 57.4202 37.2057 0 190.283 416.74 21.2861 
1e-06 9700 0.0097 0.999659 1.06608 0.68477 720.737 618.414 0 0.00145342 58.2015 20.4876 0 179.582 438.832 23.6328 
1e-06 9800 0.0098 0.999136 1.00289 0.644691 658.439 622.759 0 0.00932223 0.111492 15.9543 0 188.307 434.451 19.605 
1e-06 9900 0.0099 0.999266 0.987652 0.63477 639.872 601.495 0 0.00672506 2.03237 17.1583 0 170.394 431.1 19.1805 
1e-06 10000 0.01 0.999325 0.995776 0.639935 629.739 582.383 0 0.00570095 0.237789 29.1569 0 153.3 429.083 17.9554 
1e-06 10100 0.0101 1.00044 1.00637 0.645663 625.959 567.69 0 0.00239956 0.540708 40.5428 0 140.548 427.141 17.1838 
1e-06 10200 0.0102 0.999504 0.990702 0.636503 640.168 601.496 0 0.00306897 1.15234 17.3397 0 172.224 429.272 20.1771 
1e-06 10300 0.0103 0.99932 0.993497 0.638475 616.962 577.954 0 0.0057743 0.563756 18.7336 0 151.449 426.504 19.7046 
1e-06 10400 0.0104 0.999942 0.999156 0.641512 614.412 564.941 0 4.14033e-05 0.00950655 30.1582 0 140.215 424.726 19.3027 
1e-06 10500 0.0105 0.999493 1.00783 0.647516 609.961 545.349 0 0.00320859 0.816825 45.0386 0 122.774 422.575 18.7539 
1e-06 10600 0.0106 1.00025 0.983647 0.631263 631.866 578.343 0 0.000784875 3.56485 23.4899 0 153.344 424.999 26.4679 
1e-06 10700 0.0107 1.0008 0.958529 0.614638 685.785 615.278 0 0.00795929 22.9262 14.9527 0 193.104 422.174 32.6196 
1e-06 10800 0.0108 0.999252 0.994076 0.638912 656.298 581.276 0 0.006986 0.467843 44.3829 0 160.354 420.922 30.1647 
1e-06 10900 0.0109 1.00077 1.01974 0.653913 651.405 562.566 0 0.00745298 5.19372 54.7443 0 142.338 420.228 28.8931 
1e-06 11000 0.011 1.00056 1.03713 0.66527 646.113 544.681 0 0.00398739 18.374 56.5912 0 124.378 420.304 26.4626 
1e-06 11100 0.0111 0.999084 1.03921 0.66809 639.297 531.592 0 0.0104924 20.4941 63.6365 0 110.594 420.998 23.5646 
1e-06 11200 0.0112 1.00058 1.0251 0.657543 624.72 526.986 0 0.0042048 8.40071 67.0519 0 106.309 420.677 22.2775 
1e-06 11300 0.0113 1.00053 0.867641 0.556581 932.294 644.273 0 0.0035283 233.529 21.7848 0 219.606 424.667 32.7033 
1e-06 11400 0.0114 0.999471 1.05744 0.679412 794.295 696.099 0 0.0034904 43.9765 17.0544 0 261.167 434.931 37.162 
1e-06 11500 0.0115 0.999008 0.952811 0.612615 785.345 715.649 0 0.012301 29.6838 7.31151 0 293.341 422.308 32.688 
1e-06 11600 0.0116 0.999045 0.977162 0.628237 743.008 678.895 0 0.0114048 6.95257 24.4713 0 262.24 416.655 32.6775 
1e-06 11700 0.0117 0.999087 1.00988 0.649232 723.253 644.507 0 0.0104059 1.30206 43.9784 0 230.948 413.559 33.4555 
1e-06 11800 0.0118 0.999139 1.04477 0.67161 710.025 607.823 0 0.00926167 26.7213 42.0318 0 195.292 412.531 33.4401 
1e-06 11900 0.0119 0.99907 1.04982 0.674924 690.094 589.154 0 0.0107995 33.0862 36.0154 0 173.835 415.32 31.8275 
1e-06 12000 0.012 0.99922 1.02108 0.656301 666.398 591.248 0 0.00760403 5.92409 37.3485 0 173.96 417.289 31.869 
1e-06 12100 0.0121 0.999147 0.99093 0.636991 655.131 588.522 0 0.00909045 1.09654 34.1848 0 172.197 416.324 31.3188 
1e-06 12200 0.0122 0.999933 0.9855 0.632753 650.966 581.315 0 5.57857e-05 2.8028 37.3536 0 166.283 415.032 29.4945 
1e-06 12300 0.0123 0.999998 0.954285 0.612651 697.95 624.666 0 4.92226e-08 27.8586 17.5742 0 199.75 424.916 27.8515 
1e-06 12400 0.0124 1.00067 0.974015 0.624693 657.751 591.248 0 0.00552929 9.00099 32.8923 0 169.816 421.432 24.6046 
1e-06 12500 0.0125 0.999607 1.03643 0.665777 660.405 605.809 0 0.00193159 17.688 15.2176 0 170.064 435.745 21.6885 
1e-06 12600 0.0126 0.999159 0.980258 0.63012 645.871 611.837 0 0.00884571 5.19512 10.2446 0 180.098 431.739 18.5851 
1e-06 12700 0.0127 0.99946 0.983759 0.632084 629.355 588.44 0 0.00364271 3.51599 19.5173 0 158.852 429.588 17.8787 
1e-06 12800 0.0128 1.00013 0.995564 0.639029 626.048 568.742 0 0.000201475 0.262298 39.5101 0 140.459 428.283 17.533 
1e-06 12900 0.0129 0.999972 1.00019 0.642146 653.73 614.963 0 9.49877e-06 0.00047291 14.2561 0 182.211 432.752 24.5102 
1e-06 13000 0.013 0.999329 0.993185 0.638266 634.166 596.096 0 0.00562806 0.619107 14.8926 0 170.77 425.326 22.5529 
1e-06 13100 0.0131 0.99916 1.00548 0.646332 603.439 559.268 0 0.00880656 0.400698 20.9686 0 139.975 419.293 22.7928 
1e-06 13200 0.0132 0.999089 1.01282 0.65112 595.408 540.836 0 0.010367 2.19186 29.1917 0 123.513 417.324 23.1774 
1e-06 13300 0.0133 0.999718 1.01581 0.652424 592.106 529.62 0 0.000991047 3.33203 35.804 0 113.413 416.207 23.3483 
1e-06 13400 0.0134 1.00045 1.01443 0.65082 587.944 520.305 0 0.00257032 2.77581 41.4685 0 104.978 415.326 23.3925 
1e-06 13500 0.0135 0.999673 0.928826 0.596597 686.22 583.179 0 0.00133244 67.5273 10.4901 0 161.24 421.939 25.0223 
1e-06 13600 0.0136 0.999212 1.02757 0.660481 655.89 615.066 0 0.00775393 10.1346 3.7541 0 192.009 423.057 26.9275 
1e-06 13700 0.0137 0.999051 1.01168 0.650421 624.324 595.692 0 0.0112523 1.81754 5.17286 0 176.598 419.094 21.6307 
1e-06 13800 0.0138 0.999101 1.00115 0.643607 593.732 565.799 0 0.0100992 0.017759 9.77514 0 148.719 417.08 18.13 
1e-06 13900 0.0139 0.999163 1.00145 0.643736 586.375 550.922 0 0.00874366 0.0279413 18.3281 0 133.929 416.993 17.0887 
1e-06 14000 0.014 0.999804 1.00336 0.644344 584.278 539.29 0 0.000482176 0.150264 28.4241 0 122.418 416.873 16.413 
1e-06 14100 0.0141 0.999397 0.960872 0.617437 610.509 555.456 0 0.00453909 20.4084 13.0479 0 134.869 420.587 21.5924 
1e-06 14200 0.0142 1.00095 1.02108 0.654603 642.48 605.927 0 0.0112371 5.92582 5.95379 0 179.514 426.413 24.6625 
1e-06 14300 0.0143 0.996748 1.01149 0.652556 622.226 590.293 0 0.132124 1.75987 5.23915 0 167.838 422.455 24.8013 
1e-06 14400 0.0144 0.999089 1.00968 0.649098 590.386 557.36 0 0.0103695 1.24807 6.51606 0 140.744 416.617 25.2518 
1e-06 14500 0.0145 0.999051 1.00815 0.648152 580.483 542.495 0 0.0112579 0.884963 12.1524 0 126.846 415.65 24.9392 
1e-06 14600 0.0146 0.999667 1.00607 0.646219 573.843 531.993 0 0.00138514 0.491235 17.4122 0 116.994 414.999 23.9451 
1e-06 14700 0.0147 1.00091 1.00459 0.644066 572.042 526.356 0 0.0103976 0.281303 22.2798 0 111.957 414.399 23.1145 
1e-06 14800 0.0148 0.999917 0.969328 0.622385 584.672 541.088 0 8.60803e-05 12.5407 11.7669 0 122.248 418.84 19.2764 
1e-06 14900 0.0149 0.999273 1.0112 0.649897 570.733 540.634 0 0.0065992 1.67187 7.46158 0 116.586 424.048 20.9592 
1e-06 15000 0.015 0.999311 1.00979 0.648955 569.723 535.183 0 0.00592513 1.27785 12.9865 0 111.375 423.808 20.2691 
1e-06 15100 0.0151 1.0043 1.00273 0.63962 549.854 516.496 0 0.231102 0.0992319 14.7726 0 95.8337 420.662 18.2553 
1e-06 15200 0.0152 1.00048 0.966947 0.620334 585.385 545.673 0 0.00284264 14.5636 9.49878 0 120.983 424.69 15.6471 
1e-06 15300 0.0153 0.99961 1.01964 0.654988 584.786 559.042 0 0.00190185 5.13993 3.45087 0 133.135 425.907 17.151 
1e-06 15400 0.0154 0.999158 1.01595 0.653062 565.57 538.959 0 0.00886136 3.39024 6.58665 0 116.294 422.665 16.6255 
1e-06 15500 0.0155 0.99933 1.00879 0.648296 551.207 522.393 0 0.00560321 1.03089 10.6417 0 101.554 420.839 17.1362 
1e-06 15600 0.0156 0.999654 1.00363 0.644665 546.264 512.565 0 0.00149684 0.175806 15.7805 0 93.2963 419.269 17.7408 
1e-06 15700 0.0157 0.999775 0.951137 0.610835 609.055 551.487 0 0.000631258 31.8272 7.48703 0 129.72 421.767 18.2526 
1e-06 15800 0.0158 1.00078 1.02777 0.659057 571.332 536.573 0 0.00761374 10.2818 6.82622 0 110.21 426.363 17.6439 
1e-06 15900 0.0159 0.999599 1.0167 0.65311 574.474 549.239 0 0.0020047 3.71601 4.50025 0 123.227 426.012 17.0168 
1e-06 16000 0.016 0.999424 1.00417 0.645233 557.484 533.911 0 0.00414108 0.231888 7.42932 0 111.701 422.21 15.9081 
1e-06 16100 0.0161 1.00016 1.00234 0.643347 544.818 515.448 0 0.000306492 0.0726962 12.6909 0 95.6674 419.78 16.6061 
1e-06 16200 0.0162 0.999134 0.971935 0.624793 581.97 551.001 0 0.00937708 10.4996 4.21668 0 130.423 420.578 16.2434 
1e-06 16300 0.0163 1.00078 0.981792 0.629568 580.901 542.192 0 0.00769023 4.41945 17.9013 0 122.643 419.549 16.3806 
1e-06 16400 0.0164 0.99964 1.02642 0.659319 654.165 610.565 0 0.00161716 9.30741 8.28499 0 181.2 429.364 26.0065 
1e-06 16500 0.0165 0.999031 0.987767 0.635067 652.333 621.72 0 0.0117227 1.99494 4.35597 0 200.742 420.978 24.2504 
1e-06 16600 0.0166 0.999001 1.00475 0.646016 611.225 574.984 0 0.0124799 0.300663 9.81033 0 157.869 417.115 26.1175 
1e-06 16700 0.0167 0.999035 1.0201 0.65585 590.437 541.849 0 0.011637 5.38403 15.2804 0 125.873 415.976 27.9118 
1e-06 16800 0.0168 0.999083 1.02013 0.655825 579.48 525.29 0 0.0105005 5.40224 19.5991 0 110.128 415.162 29.1779 
1e-06 16900 0.0169 0.999065 1.01253 0.650957 573.743 518.329 0 0.0109176 2.09381 23.5568 0 103.449 414.88 29.7529 
1e-06 17000 0.017 0.999576 1.00298 0.644325 569.427 513.888 0 0.0022469 0.118765 25.6215 0 99.275 414.613 29.7961 
1e-06 17100 0.0171 1.01145 0.955853 0.603269 610.03 540.524 0 1.63681 25.9798 16.1234 0 125.528 414.996 25.7654 
1e-06 17200 0.0172 0.999205 0.932052 0.599091 663.247 550.167 0 0.00790159 61.544 30.2543 0 129.434 420.734 21.2732 
1e-06 17300 0.0173 0.999141 1.07957 0.693977 764.81 612.034 0 0.00922257 84.4004 23.6398 0 176.198 435.836 44.7266 
1e-06 17400 0.0174 0.999172 0.965248 0.620459 756.706 688.221 0 0.00857417 16.0992 17.7851 0 259.959 428.262 34.5921 
1e-06 17500 0.0175 0.999102 0.957374 0.615462 746.542 672.983 0 0.0100843 24.22 14.5408 0 252.597 420.385 34.7884 
1e-06 17600 0.0176 0.999065 1.00227 0.644359 700.059 628.396 0 0.0109268 0.0685838 34.3886 0 210.419 417.977 37.1952 
1e-06 17700 0.0177 0.999032 1.04526 0.67203 685.471 587.561 0 0.0117016 27.3051 32.5051 0 170.184 417.377 38.088 
1e-06 17800 0.0178 0.999078 1.052 0.676321 664.525 567.637 0 0.0106205 36.0511 23.396 0 148.687 418.95 37.4301 
1e-06 17900 0.0179 0.999091 1.00416 0.645552 643.901 585.572 0 0.0103309 0.231116 20.6822 0 164.09 421.481 37.4055 
1e-06 18000 0.018 0.99916 0.978302 0.628861 644.494 590.554 0 0.00880751 6.27574 13.7316 0 169.349 421.205 33.9238 
1e-06 18100 0.0181 0.999299 0.983181 0.631865 633.863 578.336 0 0.00614213 3.77088 20.0314 0 158.535 419.801 31.7186 
1e-06 18200 0.0182 0.999572 0.995572 0.639566 630.412 564.07 0 0.00228494 0.261347 35.4664 0 145.797 418.273 30.6123 
1e-06 18300 0.0183 1.00094 1.01137 0.648385 626.402 549.503 0 0.0110387 1.72382 45.522 0 133.128 416.375 29.6418 
1e-06 18400 0.0184 0.999422 1.02043 0.655683 649.269 597.128 0 0.00417925 5.56373 18.9034 0 167.828 429.3 27.6699 
1e-06 18500 0.0185 0.99926 0.988561 0.63536 620.43 577.449 0 0.00684247 1.74439 18.0237 0 153.123 424.326 23.206 
1e-06 18600 0.0186 0.999642 0.990352 0.636146 617.921 565.062 0 0.00159872 1.24072 29.7637 0 141.934 423.128 21.8529 
1e-06 18700 0.0187 1.00016 0.999276 0.641375 613.722 546.051 0 0.000339346 0.00698979 47.1644 0 124.357 421.694 20.499 
1e-06 18800 0.0188 1.00004 0.979193 0.628601 646.106 602.114 0 2.21494e-05 5.77075 11.7336 0 174.531 427.583 26.4876 
1e-06 18900 0.0189 0.999438 0.995951 0.639938 615.884 576.896 0 0.00393946 0.218575 14.3309 0 154.947 421.949 24.4346 
1e-06 19000 0.019 0.999081 1.00499 0.646095 613.472 564.829 0 0.0105537 0.33229 24.3886 0 144.421 420.408 23.9109 
1e-06 19100 0.0191 0.999427 1.01929 0.654949 600.654 543.86 0 0.00410449 4.96248 28.8355 0 125.222 418.638 22.9927 
1e-06 19200 0.0192 0.999637 1.01964 0.654961 591.681 530.815 0 0.00164491 5.13935 33.8755 0 112.403 418.412 21.8488 
1e-06 19300 0.0193 1.00005 1.01308 0.650344 586.84 523.341 0 3.21838e-05 2.27902 39.545 0 105.627 417.714 21.674 
1e-06 19400 0.0194 1.00051 0.91955 0.589902 711.451 576.889 0 0.00320902 86.2746 16.4818 0 158.238 418.651 31.8027 
1e-06 19500 0.0195 1.00098 1.04335 0.668841 643.297 581.711 0 0.012113 25.049 11.9752 0 157.357 424.353 24.5501 
1e-06 19600 0.0196 0.999104 1.02956 0.661864 627.781 588.825 0 0.0100416 11.6454 6.44775 0 164.871 423.954 20.8527 
1e-06 19700 0.0197 0.999143 0.989117 0.635829 610.811 584.38 0 0.00917252 1.57883 6.71544 0 164.172 420.207 18.1282 
1e-06 19800 0.0198 0.999093 0.988955 0.635772 592.359 558.551 0 0.0102679 1.62603 14.4724 0 141.033 417.519 17.6987 
1e-06 19900 0.0199 0.999982 0.996857 0.639998 590.142 543.491 0 4.2449e-06 0.131694 28.4967 0 127.53 415.961 18.0232 
1e-06 20000 0.02 0.994928 1.00275 0.648693 604.992 568.452 0 0.321401 0.100745 12.7926 0 146.135 422.317 23.3257 
1e-06 20100 0.0201 0.999203 0.999648 0.642541 596.649 565.246 0 0.00794398 0.00165464 9.18581 0 148.709 416.537 22.2079 
1e-06 20200 0.0202 0.999309 1.00757 0.647532 582.738 547.32 0 0.00595979 0.764791 12.9892 0 132.211 415.109 21.6578 
1e-06 20300 0.0203 0.999368 1.01274 0.650795 573.287 531.058 0 0.00498894 2.1636 18.252 0 116.336 414.722 21.8076 
1e-06 20400 0.0204 0.999162 1.01255 0.650875 571.243 521.492 0 0.00876623 2.1003 25.6562 0 107.191 414.3 21.9865 
1e-06 20500 0.0205 0.999707 1.00936 0.648295 568.515 513.029 0 0.00107309 1.16879 31.9077 0 99.7874 413.241 22.4084 
1e-06 20600 0.0206 0.999053 0.934905 0.601062 653.914 560.527 0 0.0112042 56.4838 12.4029 0 143.881 416.646 24.4892 
1e-06 20700 0.0207 1 1.03151 0.66223 650.74 603.33 0 3.16168e-10 13.2372 5.99065 0 177.438 425.892 28.1816 
1e-06 20800 0.0208 0.999308 1.00849 0.64812 621.49 590.644 0 0.00598922 0.960163 4.95806 0 168.871 421.772 24.922 
1e-06 20900 0.0209 0.999177 0.999937 0.642752 596.931 566.887 0 0.00846819 5.34287e-05 8.04175 0 148.455 418.431 21.9943 
1e-06 21000 0.021 0.999069 1.00202 0.644198 586.438 549.267 0 0.0108242 0.0546338 16.1754 0 131.787 417.48 20.9308 
