OFF
642 1280 0
-3.74938996392164e-01 2.34150942394574e-01 6.44511785919468e-01
2.13560302660001e-01 -4.47795755079356e-01 -6.93400240033103e-05
-4.42036944164605e-01 -1.92736967941772e-01 -3.33545560641440e-01
-3.16619579130936e-02 -2.96317374766039e-01 -1.13507191538335e+00
-4.90008810963043e-01 6.70713813098781e-02 -1.11637957715531e-01
-1.12855540794390e-01 -3.72627483235051e-01 -8.79911374598263e-01
1.84796452855124e-01 -4.56468242795141e-01 1.72085957112310e-01
-3.96361924380191e-01 9.72194326566652e-02 -8.07263318626631e-01
-3.83829211113143e-01 -3.12062377040790e-01 -1.07885551376520e-01
-3.07557839067802e-01 -1.12899244906245e-01 -1.06612584633890e+00
-1.86300973815522e-01 3.50797120047570e-01 8.50670810489649e-01
-1.97560045425626e-01 -3.93987359391291e-02 -1.29742787580721e+00
2.34058635644825e-01 2.25215034405187e-01 -1.07314213272740e+00
-3.07542764108556e-01 1.12816402997874e-01 1.06623327211555e+00
1.97368324729607e-01 -3.93580314085422e-02 -1.29767693193632e+00
-3.89978264741079e-01 1.66073967907546e-01 -7.37778117834894e-01
-7.73446627022857e-02 4.90047787971013e-01 -2.91595699798117e-04
-3.93328395497947e-02 -4.53422232524946e-01 -5.65074690723165e-01
-6.50885008365167e-02 1.14859943342128e-01 -1.36855001236291e+00
-3.52247979025121e-01 1.42749512712325e-01 -9.12495286848508e-01
-4.28282732534442e-01 -5.12122795831527e-02 -7.01445126947256e-01
4.53398023337183e-01 1.97545055549494e-01 1.12127954087626e-01
-4.20371513047063e-01 1.82499146080038e-01 5.43809734134867e-01
-4.54917348316820e-01 1.25976175043992e-01 4.36910031162230e-01
1.12686379521356e-01 3.72555500077180e-01 -8.80338439344492e-01
-1.51968187503430e-05 -4.77712716371901e-01 -3.83082255291873e-01
6.01443449516740e-02 1.84853794071117e-01 1.30621597640202e+00
1.66177333473275e-01 2.57901552122940e-01 1.11570908578315e+00
2.55705684285751e-01 -7.76161866513508e-02 -1.19618508999850e+00
5.11060238359273e-02 2.45226011475424e-01 1.22547800042334e+00
2.55691139711995e-01 7.75384060138675e-02 -1.19625186056013e+00
-2.34282960230560e-01 2.25140780843108e-01 -1.07286882106880e+00
-3.12081396067970e-01 -3.78304641980525e-02 -1.09833240623280e+00
-1.42838382016917e-01 -3.18875837503357e-01 1.00789781416790e+00
-1.66165382399454e-01 -2.57813422441355e-01 1.11589045211790e+00
-3.78693736626858e-02 3.83772501154591e-01 -8.93177336612318e-01
-4.17912865034973e-01 -2.55842535253929e-01 2.22083042040932e-01
-4.53392874824751e-01 -1.97526438031698e-01 1.12566190438220e-01
-4.17918616584664e-01 -2.55853026637686e-01 -2.21895344292502e-01
-2.45246355976646e-01 4.28225439367149e-01 1.46094891810144e-01
-4.53395199315124e-01 -1.97532722454806e-01 -1.12399079868987e-01
6.71765896877628e-02 -3.89704709735032e-02 1.40223824816191e+00
-3.91154561635437e-02 4.90003287894431e-01 1.91880737111781e-01
-3.15678493830191e-02 -2.96270469126321e-01 1.13519364706350e+00
-3.52209248901688e-01 -1.42936566062972e-01 -9.12377912066387e-01
-3.74895559653888e-01 -2.34238468685670e-01 -6.44458251215904e-01
2.82060627871900e-01 3.96386735228770e-01 2.78167886866823e-01
-3.77086890680632e-02 -3.83845083687567e-01 8.92977563016362e-01
4.90045820504898e-01 2.82289185721894e-05 -2.21374980539902e-01
1.92699897802368e-01 1.16670964491768e-01 1.26494602254562e+00
-1.26053743097113e-01 1.52728903535039e-01 1.30173367353565e+00
-3.59183511208422e-01 -9.85446768160055e-05 -9.79346577278068e-01
2.34232561773800e-01 -2.25225440114877e-01 1.07281342054954e+00
2.96290275298914e-01 -3.96667657809197e-01 9.03092373483938e-02
2.82133516011339e-01 -3.96312497263008e-01 2.78428687830332e-01
-2.55989159354251e-01 3.19532664756737e-01 8.01780849772769e-01
4.20298097577229e-01 -1.82545955469360e-01 -5.44145686336177e-01
-1.33879952213250e-01 2.62802598793215e-05 1.36706958775673e+00
-2.34168678843379e-01 -2.25255465783208e-01 1.07287600253931e+00
-1.66299037169928e-01 2.57709250775463e-01 -1.11592445810940e+00
-1.92673687765332e-01 -1.16585966650927e-01 1.26504289496575e+00
3.11924450157815e-01 3.77083375615050e-02 -1.09873184254378e+00
-2.97301760783546e-01 -1.86245801431915e-01 1.00386270847987e+00
4.89999392575185e-01 6.72048770489465e-02 1.11318571890556e-01
-1.26143529832033e-01 1.52588878863002e-01 -1.30179692390073e+00
1.66228862736134e-01 -2.57794385149291e-01 1.11584904232287e+00
2.55972379825458e-01 -3.19518602558270e-01 8.01870611039644e-01
2.45166731370978e-01 -4.28265663875172e-01 1.46223679769954e-01
2.57846458690248e-01 -3.89916823940769e-01 4.75503922800207e-01
3.19480728085350e-01 -2.80235793494255e-01 -7.32562435440330e-01
7.76101807421791e-02 -4.17931117186782e-01 7.32060745934112e-01
-3.93900600673247e-02 4.53445693118084e-01 5.64887847066462e-01
-2.57893978950089e-01 3.89902143690866e-01 4.75391443600900e-01
1.52711298525853e-01 -4.54892656779724e-01 3.60633770196093e-01
1.12855282977900e-01 -3.72593541360634e-01 8.80029345957374e-01
3.18852362332242e-01 -3.52189988950920e-01 -4.08980656668390e-01
-8.80348430454043e-05 4.77737236930701e-01 3.82831671248841e-01
4.20379466030811e-01 -1.82514351520855e-01 5.43717587648328e-01
1.42728742327112e-01 3.18827630157727e-01 -1.00814987598848e+00
-2.82194338605709e-01 3.96277026746885e-01 2.78337340199493e-01
4.17917025505463e-01 2.55881391782131e-01 2.21651892065627e-01
2.34189648549001e-01 2.25341929499364e-01 1.07268980649187e+00
2.80225291611423e-01 2.56020002847258e-01 9.14215061828651e-01
1.92553162929261e-01 1.16541621279057e-01 -1.26522662871711e+00
7.71348028225734e-02 4.90080859876155e-01 -3.47001003263083e-04
-2.96264415196611e-01 -3.96686728472574e-01 -9.03180209042612e-02
-3.18870320100160e-01 -3.52213886620991e-01 -4.08697360876838e-01
-1.86264998627040e-01 -3.50811493848348e-01 -8.50686783328788e-01
1.16472800775754e-01 4.42028745425020e-01 -5.51754452358782e-01
-2.34225551197433e-01 -2.25311021877287e-01 -1.07267877938676e+00
-4.78215903837433e-01 -6.50468878564588e-02 -3.28880448429218e-01
-9.74524502713931e-02 2.82014138255708e-01 -1.13426901309222e+00
-3.50757828544945e-01 -2.97332231747067e-01 5.33015195293202e-01
-4.78234642008339e-01 6.48791637456259e-02 -3.28928623422764e-01
3.12078020341961e-01 -3.76786390927746e-02 1.09838300024987e+00
4.89981540274605e-01 6.71942742239386e-02 -1.12012359021393e-01
3.96717067397088e-01 -3.15383854417373e-02 8.47717735783953e-01
2.55871868733507e-01 -3.19548977758350e-01 -8.02034176372390e-01
2.80154534592400e-01 -2.55947928338992e-01 -9.14557864949815e-01
2.97233035434192e-01 -1.86260593495714e-01 -1.00400688785913e+00
-3.19542865487797e-01 -2.80269385450482e-01 -7.32235170759168e-01
3.11931232287653e-01 -3.77659383360811e-02 -1.09869987207587e+00
1.82589238144761e-01 -1.90024031829745e-01 1.20288158422584e+00
4.78246264172040e-01 -6.49286137505774e-02 3.28710258320875e-01
2.45148620235988e-01 -4.28268861690972e-01 -1.46395550130030e-01
-2.57917524623128e-01 3.89834344689151e-01 -4.75742053696146e-01
4.56498276723981e-01 6.02167409526850e-02 5.28546758917476e-01
3.74939093612890e-01 -2.34159272515847e-01 6.44486537771114e-01
-1.42982663614227e-01 3.18776727663126e-01 -1.00798702161329e+00
9.72501301222012e-02 -2.82144999183479e-01 -1.13414469836026e+00
1.89941353398010e-01 4.20333004783332e-01 -5.22776007117832e-01
-4.28265626240784e-01 -5.11579269735747e-02 7.01563131971411e-01
1.66103801416669e-01 -2.57846816538187e-01 -1.11590234649834e+00
6.01839700140263e-02 -1.84758490506003e-01 1.30631145081238e+00
-1.92748491085938e-01 -1.16671750367270e-01 -1.26488479624807e+00
4.53429688875802e-01 -1.97463033605090e-01 1.12262412521564e-01
4.89991970372948e-01 -6.71279117236179e-02 -1.11964560359685e-01
4.42029350646053e-01 -1.92674261892864e-01 -3.33924449942896e-01
-4.28297125344771e-01 5.10237793777269e-02 -7.01485655588500e-01
-1.26106883279362e-01 -1.52758276360384e-01 -1.30166329547913e+00
-3.52215508086565e-01 1.42846312995465e-01 9.12473876451412e-01
4.53380644591052e-01 1.97532209067594e-01 -1.12886215768599e-01
-2.57793324529580e-01 -3.89932072517171e-01 4.75637436081843e-01
-3.18853752524939e-01 -3.52200379212528e-01 4.08898496207854e-01
-2.55906754716661e-01 -3.19541294808959e-01 8.01968089895585e-01
-3.74959777012593e-01 2.34073869853451e-01 -6.44642038922767e-01
-2.82207133933964e-01 3.96237055170874e-01 -2.78696895082708e-01
-1.52806155017572e-01 4.54833910880365e-01 -3.60911415983859e-01
-6.72643763017009e-02 3.89276388207207e-02 -1.40221352727124e+00
-3.89932350458765e-01 -1.66253576839559e-01 -7.37645570030595e-01
-1.84892245941804e-01 4.56416067738316e-01 -1.72376392137469e-01
-2.34226096105677e-01 2.25267649943663e-01 1.07275240186272e+00
-5.10991091911175e-02 -2.45142130092789e-01 1.22561779219140e+00
-1.31473847079661e-04 2.13470590800318e-01 -1.28159053358348e+00
1.86110795604161e-01 3.50749594781585e-01 -8.51172068578563e-01
3.76865811183252e-02 -3.83868108252571e-01 -8.92904149027920e-01
3.72577264699148e-01 3.07594665661828e-01 3.22509458652851e-01
-3.96338447192513e-01 9.72996405260993e-02 8.07278578261103e-01
-4.28280020174578e-01 5.10887087075052e-02 7.01532479143800e-01
3.89205691958434e-02 4.90019994114740e-01 1.91855889761644e-01
-9.73858613362466e-02 -2.82155157528622e-01 -1.13402861561272e+00
-3.19513267560655e-01 -2.80237401863953e-01 7.32441164651893e-01
-2.80205653470878e-01 -2.55937029142089e-01 9.14454586788130e-01
3.07426034156614e-01 -1.12845331368663e-01 -1.06648385490149e+00
3.76862495302506e-02 3.83913474777148e-01 8.92744516583366e-01
-2.45136552175645e-01 -4.28276232125284e-01 1.46384464550287e-01
-1.97569866924922e-01 3.92107991899065e-02 -1.29746225362861e+00
-7.72303184284926e-02 -4.90065831640246e-01 4.96169142472398e-05
9.73066518350521e-02 2.82190961308328e-01 1.13401134066232e+00
3.83847790164590e-01 -3.12027151948908e-01 -1.08178196814702e-01
-1.90137688322022e-01 4.20334008511124e-01 5.22184567334958e-01
-4.89987629554966e-01 -6.72148302761972e-02 1.11692760065095e-01
-1.12793131255539e-01 -3.72601039137824e-01 8.80068602663146e-01
-5.11554284879453e-02 2.45209361008129e-01 1.22548840458770e+00
-1.90168770592789e-01 4.20257190130659e-01 -5.22598061361820e-01
-3.17292158886470e-02 2.96192024826556e-01 -1.13532443686019e+00
4.28198002563622e-01 5.11282836319448e-02 -7.01918777857999e-01
3.72531243709758e-01 3.07552550450523e-01 -3.23272853736092e-01
-4.56491900544057e-01 6.00539508016531e-02 -5.28743502182111e-01
1.52619548278929e-01 4.54951913509199e-01 3.60339571886922e-01
-6.71554895400689e-02 3.90549443863135e-02 1.40222727817972e+00
3.52085062202627e-01 1.42849005278670e-01 -9.12882614590099e-01
-3.50838378173880e-01 2.97277728633004e-01 5.32829981776863e-01
-4.78210311306043e-01 -6.50220766317127e-02 3.28987206975793e-01
-3.96706378260428e-01 3.14954904729532e-02 -8.47771760274868e-01
-4.78229050464180e-01 6.49102827789128e-02 3.28944920695240e-01
3.07547456713908e-01 1.12899434299859e-01 1.06615020983352e+00
3.72629993565093e-01 -3.07505103560545e-01 3.22709946017043e-01
-1.16572724349345e-01 -4.42050100063801e-01 5.51441437671050e-01
6.49745770761580e-02 1.15017142225455e-01 1.36848622348389e+00
-6.49817886371692e-02 1.14999535027144e-01 1.36849553734121e+00
1.26037167632314e-01 1.52765050755713e-01 1.30171208122025e+00
-4.56481212906896e-01 6.01035971600801e-02 5.28772868740335e-01
1.42793490988276e-01 -3.18901404739009e-01 -1.00788366023934e+00
-3.07512868725214e-01 -1.12826333717578e-01 1.06629527901779e+00
-3.19587986043272e-01 2.80205453678435e-01 7.32274282057705e-01
-1.97484249151444e-01 -3.92959484168113e-02 1.29754789987369e+00
-3.74874774755793e-01 -2.34205937624269e-01 6.44654062791015e-01
-6.49551585442170e-02 -1.14929686175189e-01 1.36855394429499e+00
-3.89956118133383e-01 1.66154769242615e-01 7.37724992553757e-01
3.19430637595019e-01 2.80221591100509e-01 -7.32785779982046e-01
-5.12535146265722e-02 2.45060820427235e-01 -1.22569815435228e+00
3.59048624008445e-01 -1.85937418958547e-05 -9.79751597830339e-01
-6.01728088013605e-02 1.84835727914126e-01 1.30622617758503e+00
-1.92748705964997e-05 2.13619954414281e-01 1.28138675405322e+00
2.96278413438599e-01 -3.96670047618837e-01 -9.05416767382670e-02
-1.82650860639585e-01 1.89946848476425e-01 -1.20290480142377e+00
3.50819086416248e-01 -2.97297865229283e-01 5.32841996774090e-01
-2.55829346506702e-01 7.75885083258664e-02 1.19598323739651e+00
-2.55809341183670e-01 -7.75768179557952e-02 1.19602449081066e+00
9.71910758662178e-02 2.82047313021838e-01 -1.13438511345078e+00
3.76030930235447e-02 3.83786973027973e-01 -8.93218544591628e-01
1.86208677473551e-01 3.50865992724357e-01 8.50603687234698e-01
3.96587868391697e-01 3.15890509467595e-02 -8.48197229175242e-01
-5.11972005798718e-02 -2.45202004100086e-01 -1.22548617402165e+00
-1.52782712914545e-01 4.54888783804717e-01 3.60426005419501e-01
3.50692956789045e-01 2.97330870188057e-01 -5.33370870555597e-01
-8.39194035803999e-05 -2.13607140005259e-01 -1.28140422716984e+00
6.70315897067554e-02 3.89436884584758e-02 -1.40230116680852e+00
-1.82603771018095e-01 -1.90118659811976e-01 -1.20274105650613e+00
1.84706400370047e-01 4.56518810427706e-01 1.71778899406097e-01
-3.42341516817787e-01 3.59070083418903e-01 -1.50964060271010e-04
2.80272425604792e-01 -2.55904705850844e-01 9.14361086197973e-01
1.52579832867048e-01 4.54897032961739e-01 -3.61044038006491e-01
3.52237301472131e-01 -1.42820872333872e-01 9.12437594900147e-01
-4.47812472001875e-01 -9.27567374007489e-05 -6.11050422738842e-01
4.41998155105857e-01 1.92715551370423e-01 -3.34067462981365e-01
7.74490820001039e-02 4.17893392935951e-01 -7.32376766680139e-01
-3.18947621522089e-01 3.52147328142873e-01 4.08673083912932e-01
-7.77069495039728e-02 4.17862526659814e-01 -7.32297297038518e-01
4.78236067597360e-01 6.50297878322125e-02 3.28667956977099e-01
-4.90007107783706e-01 6.70819784088253e-02 1.11647035558533e-01
1.26068528164236e-01 -1.52656950994368e-01 1.30179106577663e+00
-2.80247909710189e-01 -2.55980241263265e-01 -9.14249464544591e-01
5.11588999045925e-02 -2.45136009122701e-01 1.22560739141454e+00
2.45067683019009e-01 4.28302363225886e-01 -1.46702351227936e-01
-2.56029085730845e-01 3.19426674798520e-01 -8.02022275934300e-01
-3.50776914092177e-01 -2.97354157622150e-01 -5.32812129700107e-01
3.50767216386255e-01 2.97399584726808e-01 5.32656755293096e-01
2.25218358684132e-01 3.74977691004753e-01 6.69897078732639e-01
3.92359903035293e-02 4.53461922746559e-01 5.64868964635553e-01
-6.50618775218289e-02 -1.15022811806551e-01 -1.36844835273374e+00
-6.01301264305269e-02 -1.84767217579315e-01 1.30632164838042e+00
1.42902983083134e-01 -3.18863127244908e-01 1.00785575119175e+00
3.96366497388755e-01 -9.72797173065565e-02 8.07185451700084e-01
-4.47187242610322e-05 3.42326789165681e-01 1.02759991682084e+00
-9.73694209054637e-02 2.82157773453309e-01 1.13403484658605e+00
-3.72662483459202e-01 3.07463633450992e-01 3.22726292912800e-01
1.92576035835230e-01 -1.16638282288978e-01 -1.26512516971580e+00
-3.16351172744843e-02 2.96338160731394e-01 1.13503360349957e+00
7.75215612424665e-02 4.18000792762190e-01 7.31811816230055e-01
1.14964905807671e-01 -4.78217407094756e-01 1.85906935058756e-01
7.72387281579630e-02 -4.90064506565094e-01 -5.77575321593438e-06
-4.42091559316801e-01 1.92581418230916e-01 -3.33688541926595e-01
-4.89989333195689e-01 -6.72232155697621e-02 -1.11590179186358e-01
-4.56474732658810e-01 -6.02339036434288e-02 -5.28697247991395e-01
3.15257579455360e-02 -2.96314253648425e-01 -1.13510963384392e+00
-1.14952932530020e-01 -4.78222641819409e-01 -1.85857286195512e-01
-3.96681771086523e-01 3.15715043404243e-02 8.47842898657946e-01
2.55841025150582e-01 7.76538024968695e-02 1.19592807272871e+00
-3.12091418836862e-01 3.76339383920359e-02 -1.09836437366141e+00
-1.84778993682742e-01 -4.56477066924148e-01 -1.72047798890803e-01
3.92817470414741e-02 -4.53420953212869e-01 -5.65112202081477e-01
-3.19617575122951e-01 2.80112904417771e-01 -7.32458472738407e-01
-2.13657548669221e-01 4.47749357651449e-01 -2.27966436876907e-04
2.96218092854521e-01 3.96729093502492e-01 9.00379531967773e-02
-3.77819091277751e-02 -3.83870438193412e-01 -8.92862953077091e-01
3.14610620524909e-02 2.96202971722926e-01 -1.13536216132510e+00
1.16530569296032e-01 4.42111606246178e-01 5.51110495269973e-01
5.09894877554794e-02 2.45077464142389e-01 -1.22576108277907e+00
-1.21577765819872e-04 4.77677650623039e-01 -3.83440027201476e-01
-6.02329308389061e-02 -1.84842648358545e-01 -1.30619546458373e+00
5.10423578585283e-02 -2.45195885559923e-01 -1.22554909459798e+00
1.12778078673931e-01 3.72678718890923e-01 8.79815002175080e-01
-1.66235742644352e-01 -2.57865846283213e-01 -1.11570541546827e+00
-3.89910197823149e-01 -1.66208934279490e-01 7.37823835754529e-01
-2.80314758499002e-01 2.55815245901949e-01 -9.14459813493650e-01
-3.52176775612827e-01 -1.42878207937969e-01 9.12555409438154e-01
-1.52695304135610e-01 -4.54903988810003e-01 -3.60572167428988e-01
1.82551679754101e-01 1.90138069575296e-01 1.20278068669215e+00
-1.86352089453457e-01 3.50680739703152e-01 -8.50972035556322e-01
3.52109952991741e-01 -1.42879249344267e-01 -9.12765223531864e-01
-1.90033096827907e-01 -4.20341481510013e-01 5.22447038388107e-01
-2.55868908596179e-01 -7.76648108940418e-02 -1.19587336430164e+00
-2.55888912523072e-01 7.74731359540927e-02 -1.19594012767929e+00
-2.45253868194255e-01 4.28203757109366e-01 -1.46511481332430e-01
1.92722773780021e-01 -1.16552486552602e-01 1.26500692649960e+00
-4.17984529727532e-01 2.55743486413909e-01 2.21912752463528e-01
-4.17990278088715e-01 2.55716230790589e-01 -2.22081241401722e-01
-4.53449161980686e-01 1.97406543730274e-01 1.12431760176345e-01
4.77715435975762e-01 -1.33854379191114e-01 -2.73414868167429e-04
-4.53451485676310e-01 1.97393700933638e-01 -1.12539619301095e-01
-2.97345615768347e-01 -1.86303566182247e-01 -1.00366853656451e+00
-3.91311750089593e-02 4.89973051146175e-01 -1.92485867639568e-01
1.33903956698682e-01 5.60944523008372e-05 1.36705032666381e+00
1.97512070055432e-01 3.93758820274972e-02 1.29749337473004e+00
-3.50857457050008e-01 2.97209033676627e-01 -5.33040895155832e-01
-2.25361509668657e-01 3.74798053711177e-01 -6.70325956628223e-01
-1.92702746243670e-01 1.16618625690651e-01 1.26498199346413e+00
-4.47799339662322e-01 -4.08030710904108e-05 6.11129279457825e-01
-3.07587732505597e-01 1.12708010134998e-01 -1.06622092065107e+00
3.42207427460078e-01 3.59197855122097e-01 -3.96462627786543e-04
6.48416372481040e-02 1.14877541954870e-01 -1.36863388208106e+00
-1.42915658576012e-01 3.18909838153037e-01 1.00771998768088e+00
-3.90037043020703e-02 -4.89996487916085e-01 1.92208962979272e-01
4.47833715878303e-01 5.89121389393582e-05 6.10922941276610e-01
-5.84917933780989e-05 -3.42292653670631e-01 -1.02769302996536e+00
-3.12035807288590e-01 -3.77431896406756e-02 1.09846306370892e+00
1.19187622824359e-06 7.72882312134974e-02 1.40240737584467e+00
4.42049141793942e-01 1.92753417466506e-01 3.33335262604023e-01
-2.45144064408477e-01 -4.28279429564240e-01 -1.46204718202751e-01
3.72583970055733e-01 -3.07517902710276e-01 -3.23045075482593e-01
2.25290236320509e-01 -3.74885083766431e-01 6.70123576548283e-01
3.90270592935795e-02 -4.89995818066498e-01 1.92184122273253e-01
1.16621926405777e-01 -4.42045752061643e-01 5.51384781043492e-01
3.50744824006308e-01 -2.97319798662861e-01 -5.33142060153055e-01
1.90084372546207e-01 -4.20332664718718e-01 5.22352361340330e-01
3.16304453812223e-02 -2.96267348878222e-01 1.13518604657681e+00
-1.84881878468387e-01 4.56442293293093e-01 1.71898104279501e-01
-1.15053875002647e-01 4.78207740553204e-01 1.85659658270758e-01
2.25137396791242e-01 3.74883617763422e-01 -6.70550817003940e-01
2.97331129151274e-01 1.86325283937320e-01 1.00367066698491e+00
-3.96311470947804e-01 -9.73518108293356e-02 8.07335526132135e-01
2.13473733302984e-01 4.47837011843147e-01 -3.81152403338109e-04
1.84686624612128e-01 4.56492580409287e-01 -1.72522283950787e-01
1.14865970288242e-01 4.78256393356854e-01 1.85586164242892e-01
4.54911102647466e-01 1.26101496497810e-01 4.36667150717274e-01
1.14846532198373e-01 4.78227462065148e-01 -1.86293889541082e-01
3.19579400784369e-01 -2.80203804186357e-01 7.32310134753619e-01
1.90001749760278e-01 4.20409836432888e-01 5.22089862279919e-01
-2.25230012078937e-01 -3.74899825437256e-01 6.70221819699256e-01
-3.72673004390462e-01 3.07421530589554e-01 -3.22955188604146e-01
6.49991500580133e-02 -1.14918356223807e-01 1.36854463095897e+00
-6.02756063199847e-02 1.84689022252125e-01 -1.30635729759822e+00
-4.90067689948889e-01 -8.08838471414613e-05 -2.20978047532499e-01
2.82865961663278e-05 -2.13538584557456e-01 1.28149781821692e+00
-3.72578250140802e-01 -3.07540008778772e-01 3.22926738234150e-01
-3.18964184174611e-01 3.52091317173209e-01 -4.08962342891620e-01
1.97360635693217e-01 3.92580167699980e-02 -1.29771131890088e+00
-1.16611516554984e-01 -4.42061015942784e-01 -5.51302588532463e-01
1.90023973787682e-01 -4.20344678989896e-01 -5.22453145406246e-01
2.97364989497306e-01 -1.86202815429209e-01 1.00377463973496e+00
3.89865289764899e-01 -1.66193926077012e-01 -7.38045830854792e-01
6.00580068770443e-02 -1.84833926418745e-01 -1.30627153297624e+00
2.97199177912886e-01 1.86212332972583e-01 -1.00416226968511e+00
4.20349365548733e-01 1.82624914232261e-01 5.43604125563523e-01
3.19529308896458e-01 2.80314166401856e-01 7.32143231802719e-01
3.74806900070110e-01 2.34194143573091e-01 -6.45012262119755e-01
2.55912462037843e-01 3.19623960089356e-01 8.01683347539238e-01
4.90009822762112e-01 -6.71195243613338e-02 1.11364294829535e-01
-6.72553291924776e-02 -3.90954692897827e-02 -1.40217884183960e+00
-3.77961649658241e-02 3.83898998735903e-01 8.92757442685521e-01
4.42080338424496e-01 -1.92655375533230e-01 3.33460590772398e-01
-1.12881888839162e-01 3.72635967063629e-01 8.79854271383465e-01
-2.96364927608073e-01 3.96613829710637e-01 9.02392829153778e-02
9.73657089881285e-02 -2.82095770907979e-01 1.13416377246848e+00
1.83495030759469e-05 -4.77707147421989e-01 3.83139122301265e-01
1.52671580505122e-01 -4.54899116633893e-01 -3.60704751047295e-01
-7.76094266533279e-02 -4.17951895230585e-01 -7.31964247426121e-01
3.93345130301058e-02 -4.53410713276436e-01 5.65149427525034e-01
3.77697410146571e-02 -3.83842754061703e-01 8.92964633327365e-01
4.53412308834526e-01 -1.97469322858210e-01 -1.12745651064141e-01
6.70399158757097e-02 -3.90816204759492e-02 -1.40226648106283e+00
4.78194237983697e-01 -6.49534361359781e-02 -3.29289445306526e-01
-2.97350852704467e-01 1.86235850912416e-01 1.00375874522377e+00
4.54843503096296e-01 1.26056208270367e-01 -4.37350393328017e-01
-2.97394699688524e-01 1.86122927544808e-01 -1.00382389199001e+00
4.56416348127343e-01 6.01670743316485e-02 -5.29172148960918e-01
-9.73028254656597e-02 -2.82105931922870e-01 1.13418727051582e+00
-3.96697616833559e-01 -3.16896117995868e-02 -8.47746092202009e-01
-1.14939811783926e-01 -4.78219950742798e-01 1.85980407031295e-01
2.55855572312635e-01 -7.75281754583412e-02 1.19596933448818e+00
3.96350128022470e-01 9.74040552151237e-02 8.07128479992258e-01
-1.84768623065029e-01 -4.56474020696495e-01 1.72205127978847e-01
-1.92777544733670e-01 1.16489301820222e-01 -1.26498624387009e+00
-1.15066994241898e-01 4.78178812352860e-01 -1.86202467450844e-01
-3.83825868971534e-01 -3.12058169999545e-01 1.08082405081670e-01
1.12763572301718e-01 -3.72619987385886e-01 -8.80033923156470e-01
-1.66228690222093e-01 2.57846571070008e-01 1.11575050209378e+00
-1.82530834527774e-01 -1.90050127101091e-01 1.20292041147329e+00
6.48662063793203e-02 -1.15011485513590e-01 -1.36853221866872e+00
-1.21603355251302e-04 7.71529848970097e-02 -1.40246831875779e+00
1.33757245026483e-01 -6.01500324273453e-05 -1.36716794293443e+00
-3.96334947798669e-01 -9.74088677550469e-02 -8.07184768323318e-01
-4.20334204336099e-01 -1.82607374373179e-01 -5.43748369424149e-01
-4.54890334149246e-01 -1.26101015438692e-01 -4.36845436988325e-01
3.83810341197982e-01 3.12097123737167e-01 1.07611849299910e-01
3.83794768927179e-01 3.12082963446424e-01 -1.08400114994905e-01
1.82413960585354e-01 1.90002038677376e-01 -1.20312779436000e+00
1.82451512785708e-01 -1.90092575151465e-01 -1.20296403191244e+00
1.42838225746911e-01 3.18960757682737e-01 1.00767791740666e+00
3.15657409348679e-02 2.96349112841806e-01 1.13502600397259e+00
-3.92866370885309e-02 -4.53411991918659e-01 5.65168298289840e-01
-1.52671858683835e-01 -4.54897530320577e-01 3.60720169992702e-01
-2.13544676553155e-01 -4.47803206760342e-01 8.37945743889981e-05
3.96593177844342e-01 -3.16065557030861e-02 -8.48171557775953e-01
-4.42029490392597e-01 -1.92718088939509e-01 3.33715749410503e-01
4.17926156239918e-01 -2.55804817016967e-01 -2.22233980681425e-01
3.96248576247891e-01 -9.73367950822237e-02 -8.07603132733411e-01
4.17959291841123e-01 -2.55794320371875e-01 2.21822207810953e-01
-4.77693149120979e-01 -1.33933925593427e-01 6.91826508651572e-05
-3.83915160595706e-01 3.11947252171848e-01 -1.08107424759555e-01
-1.34708161111110e-04 3.42187501976398e-01 -1.02797970508939e+00
-1.16678258566695e-01 4.42064025100914e-01 5.51167165544287e-01
-1.82577932354248e-01 1.90082858295912e-01 1.20281951953737e+00
-3.83911820105125e-01 3.11961407698478e-01 1.07869797562138e-01
1.97519756185630e-01 -3.92552284413480e-02 1.29751373271243e+00
2.96206232426450e-01 3.96716103357148e-01 -9.08228172759181e-02
4.20267996866590e-01 1.82564009054312e-01 -5.44286462878570e-01
2.82024646298514e-01 3.96346755100647e-01 -2.78932152844884e-01
-1.12944291058575e-01 3.72512757853635e-01 -8.80215883096513e-01
6.71682578004236e-02 3.90709999117066e-02 1.40221860691846e+00
3.18844407599594e-01 3.52265442019407e-01 4.08498987564673e-01
2.57773444037377e-01 3.90001718642932e-01 4.75257891710633e-01
-2.55946692228715e-01 -3.19571662245896e-01 -8.01764593768581e-01
3.18907396926560e-01 -3.52176480006794e-01 4.08724432138833e-01
4.47739809995715e-01 6.93764772482026e-06 -6.11486385295814e-01
-2.25325111695886e-01 3.74892110184123e-01 6.69995345577452e-01
3.89837193663101e-01 1.66187932074888e-01 -7.38178411842388e-01
-1.42905399871104e-01 -3.18914111192336e-01 -1.00772082760691e+00
-1.16717043315167e-01 4.41981171913571e-01 -5.51643868214289e-01
4.56425968250193e-01 -6.01437739787639e-02 -5.29125886310607e-01
2.80107403186198e-01 2.55907703578431e-01 -9.14768251564710e-01
-1.97494074027576e-01 3.93286438921677e-02 1.29752754109529e+00
3.52212406466400e-01 1.42945834563453e-01 9.12356037575677e-01
-4.90064320471886e-01 -6.20944682584212e-05 2.21039284914608e-01
3.12071235884693e-01 3.78078618899177e-02 1.09836242145202e+00
3.96711757030315e-01 3.16650910596322e-02 8.47699405367998e-01
1.66052274306363e-01 2.57764210475737e-01 -1.11612141845946e+00
6.00183860439730e-02 1.84707081240942e-01 -1.30643337245735e+00
1.86277814409099e-01 -3.50769120800266e-01 8.50806888028108e-01
-4.56464044424174e-01 -6.01936429123104e-02 5.28810360230052e-01
-1.86213878120979e-01 -3.50783193977466e-01 8.50873988166925e-01
3.83863361253963e-01 -3.12022945632244e-01 1.07824494040378e-01
-2.82090714082216e-01 -3.96328427631145e-01 2.78598097637946e-01
3.42270506821482e-01 -3.59137771989795e-01 -1.46390403609620e-04
-2.80272511403111e-01 2.55927518242915e-01 9.14308580784809e-01
4.28206374460417e-01 -5.11260954345377e-02 -7.01878256435310e-01
4.90081163604545e-01 4.70250200670902e-05 2.20733280904287e-01
-3.59149670085588e-01 -1.52774685330719e-05 9.79448250536413e-01
-3.96673011034076e-01 -3.16214666633951e-02 8.47861214981632e-01
1.25930339417178e-01 -1.52738297251182e-01 -1.30182245914429e+00
1.25898984052049e-01 1.52625009541958e-01 -1.30195610008272e+00
-6.71464419674925e-02 -3.89843264779247e-02 1.40224691929145e+00
-1.26017095786796e-01 -1.52676939291534e-01 1.30181265056998e+00
3.18789371744134e-01 3.52209417272134e-01 -4.09245691137529e-01
3.96232208642687e-01 9.73238178341579e-02 -8.07681703146605e-01
2.55811953022889e-01 3.19517943645607e-01 -8.02291912380085e-01
-3.12045833002295e-01 3.77334355288105e-02 1.09844248419835e+00
-1.90064185047972e-01 -4.20353494856462e-01 -5.22275240316910e-01
-7.75537072436168e-02 -4.17934798397395e-01 7.32092547551992e-01
2.25209270920541e-01 -3.74904990841396e-01 -6.70255235425755e-01
3.07405683474908e-01 1.12791013680908e-01 -1.06657894779776e+00
1.16564148222559e-01 -4.42056668564340e-01 -5.51413161757550e-01
3.74899014534858e-01 2.34271241881018e-01 6.44344222802088e-01
4.28312146987983e-01 -5.10717217359767e-02 7.01381964812610e-01
3.90091236502631e-02 -4.89998263441643e-01 -1.92162882459470e-01
2.57713704352972e-01 3.89933902637030e-01 -4.75978378675931e-01
4.17883891139669e-01 2.55854126924314e-01 -2.22419920230500e-01
-1.04405502545660e-04 -7.73052728057777e-02 -1.40239965175838e+00
3.89026339884332e-02 4.89989755944954e-01 -1.92517005357823e-01
-3.42244646775228e-01 -3.59162417691208e-01 9.90639481303821e-05
-3.72588775069184e-01 -3.07552801225869e-01 -3.22727455423968e-01
3.89972359407378e-01 -1.66149269438398e-01 7.37664825995465e-01
-2.96368903987470e-01 3.96600840929710e-01 -9.05991244126984e-02
2.45085792461730e-01 4.28324049495218e-01 1.45934063190282e-01
1.83925654428552e-05 -7.72020308522137e-02 1.40244625749726e+00
3.07567808651519e-01 -1.12772402453625e-01 1.06621222999005e+00
1.86179926352519e-01 -3.50797423504571e-01 -8.50886790306523e-01
2.34101538952698e-01 -2.25281008008599e-01 -1.07295207187778e+00
-2.96260440465817e-01 -3.96684339544237e-01 9.05105170131689e-02
-4.42084109568347e-01 1.92619267877091e-01 3.33590446564679e-01
-3.90194267636504e-02 -4.89998933231755e-01 -1.92131762271216e-01
1.14945463791798e-01 -4.78220098220364e-01 -1.85948691742913e-01
-4.77731754541968e-01 1.33796159728979e-01 -2.40201257651364e-05
3.74846975251315e-01 -2.34191814992004e-01 -6.44828440831976e-01
2.57786715646425e-01 -3.89929896117445e-01 -4.75681380104851e-01
4.56507898532541e-01 -6.01034970927181e-02 5.28584259690883e-01
1.84776673485925e-01 -4.56471290473683e-01 -1.72193655761478e-01
-2.25266418759420e-01 -3.74919727815809e-01 -6.70030416074642e-01
4.78184041111887e-01 6.49986554723615e-02 -3.29337636584979e-01
-4.20320313573882e-01 -1.82575783459371e-01 5.43923154448787e-01
2.82097530937646e-01 -3.96319889903535e-01 -2.78641032389319e-01
3.89944262317708e-01 1.66268763348761e-01 7.37565965191425e-01
-4.54881402419249e-01 -1.26071994031967e-01 4.36990178404632e-01
4.28303771330402e-01 5.11932365967753e-02 7.01351302525269e-01
4.54931286030966e-01 -1.25994731655951e-01 4.36747331128530e-01
7.75376906769172e-02 -4.17948217421212e-01 -7.32043702241495e-01
-1.33972649880219e-01 -8.99520294179640e-05 -1.36699519322577e+00
3.59186322209878e-01 6.46997902467993e-05 9.79338157309853e-01
-2.82103513020792e-01 -3.96335815956197e-01 -2.78405822207839e-01
3.91832277171619e-02 4.53376051526331e-01 -5.65463134403666e-01
-3.94362644914853e-02 4.53359824448245e-01 -5.65425623174709e-01
3.15025889714784e-05 -3.42257161760321e-01 1.02778983984817e+00
4.54863684363387e-01 -1.26023765120867e-01 -4.37255064471247e-01
-2.57816878318596e-01 -3.89945139172581e-01 -4.75445116862740e-01
-7.76512399329661e-02 4.17969919376119e-01 7.31843634213927e-01
-4.20385401761865e-01 1.82438262015684e-01 -5.43889105426686e-01
-4.54926279747057e-01 1.25930902641957e-01 -4.36940753787666e-01
4.77694417070914e-01 1.33929344099554e-01 -3.66644518240256e-04
4.71790889033079e-01 1.32020996802841e-01 -2.23743231880736e-01
-3.39912738926114e-01 2.13437229410750e-01 -8.34490511051289e-01
-1.15237797510511e-01 2.21018196845444e-01 -1.22754397500019e+00
-2.13658747361536e-01 2.91492956947885e-01 -9.72611097641557e-01
-2.91578665123379e-01 -3.39850992970982e-01 6.11179093223858e-01
1.31870583680196e-01 -7.81040562868967e-02 -1.35029426864597e+00
-3.39823990460866e-01 -2.13566782981746e-01 8.34515072979949e-01
1.15029148749048e-01 -2.21160385045022e-01 -1.22749451317711e+00
4.72863903023284e-01 1.74668253468076e-05 -4.29533065181767e-01
-3.68100044218270e-05 -4.23598885544016e-01 -7.39040197508233e-01
7.11830690919035e-02 -3.36229525006446e-01 1.02388862691603e+00
-4.23563682878587e-01 -2.58307660000145e-01 9.30830414927108e-05
3.39889831976379e-01 -2.13521540844413e-01 8.34390280782652e-01
4.72931443176380e-01 5.39665944650660e-05 4.28923648628440e-01
7.80688250995407e-02 -4.71821546110246e-01 3.77690520140132e-01
-1.49963872550719e-01 -4.72905781379855e-01 6.97182537809549e-05
-7.80600772981521e-02 -4.71829297899338e-01 -3.77626016367434e-01
1.49975387962506e-01 -4.72902129998544e-01 -3.78308440486706e-05
-2.21118254856763e-01 -4.28943342938852e-01 -3.29326798410868e-01
-2.58338687183122e-01 -9.72127485760594e-05 -1.21206847838607e+00
4.23550732455383e-01 2.58328860444726e-01 -3.90541658827680e-04
-7.12767019401581e-02 3.36150384590521e-01 -1.02404807660043e+00
2.91578235933825e-01 3.39926542795725e-01 6.10836595632833e-01
7.10826707223458e-02 -3.36265789161316e-01 -1.02384821731045e+00
2.91498421203283e-01 3.39843913450038e-01 -6.11524703558413e-01
-7.81415004893309e-02 4.71834960120786e-01 3.77430116429344e-01
3.39737323032005e-01 2.13543314918153e-01 -8.34853172289913e-01
-2.13604241755312e-01 2.91617489884997e-01 9.72403401521514e-01
3.57684650199728e-01 7.11302469684078e-02 -9.62540675096803e-01
-2.21208724788590e-01 4.28906390271653e-01 3.29223365830767e-01
-3.36225077459480e-01 -3.57806736524620e-01 -2.03486100999803e-01
-2.91695181328943e-01 3.39737429291437e-01 -6.11240832839176e-01
-7.11978010519276e-02 3.36288235187529e-01 1.02372232196952e+00
-4.28935250388108e-01 -1.15194228410810e-01 -6.32654023411626e-01
1.49879834207574e-01 4.72932405918001e-01 -3.67115265332664e-04
-3.39855207473138e-01 -2.13611438212125e-01 -8.34317341519745e-01
-1.32067348966343e-01 -7.81291123908875e-02 -1.35012489907113e+00
-1.50078944201904e-01 4.72869267354681e-01 -2.59536679443823e-04
-1.15185061361909e-01 -2.21175331305139e-01 -1.22735271625596e+00
-4.23636236678827e-01 2.58188651533407e-01 -8.67241541283511e-05
2.21059336868677e-01 4.28995404458051e-01 3.29095284775070e-01
-4.72903307435077e-01 -5.13353964952846e-05 4.29177626168043e-01
-3.39881528623064e-01 2.13534462691312e-01 8.34390899266667e-01
7.11114712379021e-02 3.36314105964798e-01 1.02370186169072e+00
-4.72910937542393e-01 -8.78199689254947e-05 -4.29108718837252e-01
-1.31994214602421e-01 7.80822608100737e-02 1.35020566380285e+00
-1.31975415304650e-01 -7.80298746822437e-02 1.35024551423659e+00
7.10110797443944e-02 3.36176247061422e-01 -1.02412967135298e+00
-2.13585255915248e-01 -2.91645364025112e-01 -9.72369092692740e-01
1.31999141988103e-01 7.81159793039910e-02 1.35018574636505e+00
-1.31136235156782e-04 4.23526841842348e-01 -7.39378176341605e-01
2.13596730702545e-01 -2.91583090705400e-01 9.72501386677664e-01
4.71826003414264e-01 1.32044344230528e-01 2.23022845449290e-01
2.58157299804391e-01 -3.97189182512471e-05 -1.21238496283158e+00
3.57832073693340e-01 -7.10938397723473e-02 9.62113869791339e-01
3.57819732081170e-01 7.12221630905390e-02 9.62073734393401e-01
-9.05606550039472e-06 1.50031649843045e-01 1.35326464211401e+00
1.15111716972921e-01 2.21198940714903e-01 1.22737422402873e+00
2.43446586646659e-05 -1.49947351730958e-01 1.35334115430435e+00
-3.57834283558443e-01 7.10399296151927e-02 -9.62139749729785e-01
1.15157464123497e-01 -2.21096071069427e-01 1.22749086638848e+00
-7.80313601643899e-02 -4.71823480933788e-01 3.77734127546294e-01
2.79085990349364e-05 -4.23582240708112e-01 7.39118325782018e-01
-2.21100163806917e-01 -4.28936183665843e-01 3.29502588039079e-01
-3.36217342967099e-01 -3.57800182463341e-01 2.03685042199055e-01
-2.13530740022340e-01 -2.91604526734754e-01 9.72567427268403e-01
2.91640290957275e-01 -3.39827627649792e-01 6.11044678900502e-01
3.57696990091255e-01 -7.11655798595353e-02 -9.62481730947283e-01
2.13480922697159e-01 -2.91623935337447e-01 -9.72609330504001e-01
3.36259020295141e-01 -3.57775777494775e-01 2.03472572378873e-01
-4.28919891003133e-01 -1.15151176689103e-01 6.32803470171043e-01
-3.57781500584243e-01 -7.11628434080838e-02 9.62226112819732e-01
7.80313964534616e-02 -4.71827363129167e-01 -3.77694351469853e-01
-7.11196341180226e-02 -3.36235342278048e-01 1.02390908284348e+00
-2.91605882145441e-01 -3.39872298915412e-01 -6.10975691163986e-01
-1.15098411530469e-01 -2.21111023629492e-01 1.22751416739090e+00
4.28974873837049e-01 -1.15076351431985e-01 6.32609688089514e-01
-2.21226811547046e-01 4.28857530269568e-01 -3.29644830238572e-01
2.21102209341686e-01 -4.28933880990144e-01 -3.29515895318545e-01
-7.11985441389804e-02 -3.36271605332445e-01 -1.02376663437104e+00
4.71811716511764e-01 -1.31966409057817e-01 -2.23647270179180e-01
3.36195883205850e-01 3.57851699824159e-01 2.03233451101219e-01
-9.41544374357928e-05 -1.50032442537219e-01 -1.35326389581938e+00
3.36167958535506e-01 3.57823626437451e-01 -2.04015037331823e-01
4.71846831454529e-01 -1.31951765361305e-01 2.23110692610421e-01
-1.27549746143413e-04 1.49886603316643e-01 -1.35339621623214e+00
1.31854620445692e-01 7.79856033999451e-02 -1.35036310159108e+00
4.28860557526012e-01 1.15129063647947e-01 -6.33165648171853e-01
4.28956027224491e-01 1.15193624266837e-01 6.32539549705734e-01
2.13424548055338e-01 2.91566611191856e-01 -9.72851367933635e-01
-6.64240104364124e-05 4.23635889129107e-01 7.38866457984019e-01
1.14983406160420e-01 2.21054503863014e-01 -1.22768578777983e+00
-3.36321286607122e-01 3.57698296892667e-01 -2.03745199523339e-01
-2.91667972709006e-01 3.39820037669472e-01 6.10971038418334e-01
-4.28967672564678e-01 1.15012885586603e-01 -6.32744184888265e-01
7.79688171869146e-02 4.71867786452864e-01 3.77386493882249e-01
7.79313925399474e-02 4.71809368411076e-01 -3.78047370632080e-01
-7.81702145476585e-02 4.71776546090432e-01 -3.77979021074628e-01
-3.36313554335902e-01 3.57726363286298e-01 2.03445963791421e-01
-4.28952314875541e-01 1.15077422016060e-01 6.32733354676264e-01
-3.57814939068407e-01 -7.12345606469234e-02 -9.62080816313615e-01
2.91560474301480e-01 -3.39848939022578e-01 -6.11259510464982e-01
-4.71807750435474e-01 -1.32030712021118e-01 2.23404851151870e-01
3.39774896599303e-01 -2.13566208432071e-01 -8.34679969400079e-01
-4.71811756952264e-01 -1.32045349271449e-01 -2.23264665922419e-01
-2.58278762569222e-01 5.84350243159120e-06 1.21217309151811e+00
4.23593203642201e-01 -2.58259238234932e-01 -2.10698976525709e-04
-4.71845703089677e-01 1.31913174018841e-01 2.23317025996829e-01
-4.71849708305242e-01 1.31889836105829e-01 -2.23360604660156e-01
3.36231094745949e-01 -3.57782333696436e-01 -2.03755891939040e-01
-3.57800846007504e-01 7.11318170824812e-02 9.62185989771507e-01
3.39852255706116e-01 2.13640577120439e-01 8.34266085327880e-01
1.32015107697897e-01 -7.80048083715416e-02 1.35022559849260e+00
2.21019732988968e-01 4.28946534981242e-01 -3.29833972347187e-01
2.58309659410565e-01 6.33598374771902e-05 1.21211916060460e+00
2.13540350737765e-01 2.91691167846449e-01 9.72337345222306e-01
-1.15151154787078e-01 2.21162618874296e-01 1.22739753139343e+00
4.28879402400208e-01 -1.15119419768619e-01 -6.33075467907342e-01
-1.32086145448194e-01 7.79518993521766e-02 -1.35019372626333e+00
2.21141816170941e-01 -4.28926719659846e-01 3.29374544951942e-01
-1.53282353779208e-01 -4.01365468407333e-01 7.09911497268786e-01
1.05463174774288e-05 4.34247522896656e-05 1.41974151893268e+00
-1.53380197722983e-01 4.01379973070183e-01 7.09671229411677e-01
-1.53328450567876e-01 -4.01383778625495e-01 -7.09745174587464e-01
4.96113925657778e-01 3.82987559955114e-05 -3.26638719524875e-04
4.01335333599286e-01 -2.48056486367441e-01 -4.38945767518278e-01
-2.48105253499563e-01 -1.53378427223769e-01 -1.14843220969285e+00
4.01399742423563e-01 -2.48035240663117e-01 4.38561603911637e-01
-2.48144620289359e-01 1.53194910844765e-01 -1.14856314684417e+00
-4.96113934913031e-01 -7.21636995937378e-05 2.91743274744548e-05
1.53262294712168e-01 -4.01375449234068e-01 -7.09900751390322e-01
2.47961394118099e-01 -1.53339154921737e-01 -1.14872956715848e+00
-1.06860769818818e-04 4.96113916043402e-01 -3.21422501812025e-04
2.47932486492902e-01 1.53266081266487e-01 -1.14886052179827e+00
3.62141792905218e-06 -4.96113940182014e-01 2.40085201028900e-05
1.53340519699505e-01 -4.01357136614027e-01 7.09847199692008e-01
-2.48086099768795e-01 1.53318545749394e-01 1.14853157365657e+00
4.01293785941101e-01 2.48083137333603e-01 -4.39133462522658e-01
-2.48046727315159e-01 -1.53306758075821e-01 1.14861409903172e+00
2.48075111874956e-01 1.53389741667345e-01 1.14847315790576e+00
4.01358192821506e-01 2.48136512917295e-01 4.38403839220878e-01
-4.01341755233157e-01 -2.48082855187502e-01 4.38775608492945e-01
2.48104023758366e-01 -1.53267471484905e-01 1.14855569173618e+00
1.53259595870990e-01 4.01439921589739e-01 7.09606912058689e-01
-4.01354188652828e-01 -2.48104092229471e-01 -4.38584090849650e-01
-1.13765357578538e-04 -7.72909955598958e-05 -1.41974147013440e+00
1.53181378248515e-01 4.01337505627299e-01 -7.10219387966727e-01
-4.01410684461880e-01 2.48005380173880e-01 4.38617878724287e-01
-4.01423113486559e-01 2.47952022675761e-01 -4.38771744405123e-01
-1.53426286826400e-01 4.01277570000310e-01 -7.10063786747013e-01
-2.60805317985662e-01 -4.22030362425457e-01 9.17474981198124e-05
2.60824604618305e-01 -4.22018443013264e-01 -9.52910286393973e-05
2.60745755938471e-01 4.22067143940979e-01 -3.89152499774113e-04
-2.60914428942190e-01 4.21962910112114e-01 -2.02069153577015e-04
-4.22024543172981e-01 -3.21862223114215e-05 7.46379971501731e-01
-4.22043421139843e-01 -9.56385845422523e-05 -7.46292504381738e-01
4.21949525048309e-01 -1.68570784491720e-06 -7.46727241374484e-01
4.22061373538569e-01 6.17904311490212e-05 7.46209384114864e-01
-2.77747366647446e-05 2.60884859708788e-01 1.20759402208524e+00
3.03131617145233e-05 -2.60806677880415e-01 1.20773231436516e+00
-7.54364713598696e-05 -2.60862887429601e-01 -1.20763287709892e+00
-1.33516907301350e-04 2.60735691031836e-01 -1.20785777329488e+00
3 631 67 1
3 599 6 67
3 497 1 6
3 67 6 1
3 615 294 296
3 494 73 294
3 599 296 73
3 294 73 296
3 614 232 293
3 497 231 232
3 494 293 231
3 232 231 293
3 599 73 6
3 494 231 73
3 497 6 231
3 73 231 6
3 639 43 297
3 553 473 43
3 490 297 473
3 43 473 297
3 600 430 152
3 542 47 430
3 553 152 47
3 430 47 152
3 615 74 70
3 490 340 74
3 542 70 340
3 74 340 70
3 553 47 473
3 542 340 47
3 490 473 340
3 47 340 473
3 630 374 145
3 495 353 374
3 543 145 353
3 374 353 145
3 614 284 147
3 541 350 284
3 495 147 350
3 284 350 147
3 600 262 168
3 543 373 262
3 541 168 373
3 262 373 168
3 495 350 353
3 541 373 350
3 543 353 373
3 350 373 353
3 615 70 294
3 542 339 70
3 494 294 339
3 70 339 294
3 600 168 430
3 541 372 168
3 542 430 372
3 168 372 430
3 614 293 284
3 494 336 293
3 541 284 336
3 293 336 284
3 542 372 339
3 541 336 372
3 494 339 336
3 372 336 339
3 640 236 3
3 503 286 236
3 559 3 286
3 236 286 3
3 610 467 357
3 489 135 467
3 503 357 135
3 467 135 357
3 603 5 338
3 559 246 5
3 489 338 246
3 5 246 338
3 503 135 286
3 489 246 135
3 559 286 246
3 135 246 286
3 631 1 104
3 497 458 1
3 558 104 458
3 1 458 104
3 614 436 232
3 552 453 436
3 497 232 453
3 436 453 232
3 610 320 433
3 558 337 320
3 552 433 337
3 320 337 433
3 497 453 458
3 552 337 453
3 558 458 337
3 453 337 458
3 630 290 374
3 498 241 290
3 495 374 241
3 290 241 374
3 603 319 429
3 496 258 319
3 498 429 258
3 319 258 429
3 614 147 452
3 495 237 147
3 496 452 237
3 147 237 452
3 498 258 241
3 496 237 258
3 495 241 237
3 258 237 241
3 610 433 467
3 552 242 433
3 489 467 242
3 433 242 467
3 614 452 436
3 496 25 452
3 552 436 25
3 452 25 436
3 603 338 319
3 489 17 338
3 496 319 17
3 338 17 319
3 552 25 242
3 496 17 25
3 489 242 17
3 25 17 242
3 635 349 20
3 580 363 349
3 513 20 363
3 349 363 20
3 606 272 9
3 515 44 272
3 580 9 44
3 272 44 9
3 624 364 45
3 513 129 364
3 515 45 129
3 364 129 45
3 580 44 363
3 515 129 44
3 513 363 129
3 44 129 363
3 640 3 194
3 559 140 3
3 518 194 140
3 3 140 194
3 603 87 5
3 528 399 87
3 559 5 399
3 87 399 5
3 606 199 89
3 518 254 199
3 528 89 254
3 199 254 89
3 559 399 140
3 528 254 399
3 518 140 254
3 399 254 140
3 630 85 290
3 510 470 85
3 498 290 470
3 85 470 290
3 624 217 442
3 554 86 217
3 510 442 86
3 217 86 442
3 603 429 459
3 498 475 429
3 554 459 475
3 429 475 459
3 510 86 470
3 554 475 86
3 498 470 475
3 86 475 470
3 606 89 272
3 528 213 89
3 515 272 213
3 89 213 272
3 603 459 87
3 554 394 459
3 528 87 394
3 459 394 87
3 624 45 217
3 515 100 45
3 554 217 100
3 45 100 217
3 528 394 213
3 554 100 394
3 515 213 100
3 394 100 213
3 634 279 111
3 521 411 279
3 550 111 411
3 279 411 111
3 609 151 405
3 582 163 151
3 521 405 163
3 151 163 405
3 621 461 376
3 550 464 461
3 582 376 464
3 461 464 376
3 521 163 411
3 582 464 163
3 550 411 464
3 163 464 411
3 635 20 205
3 513 235 20
3 524 205 235
3 20 235 205
3 624 2 364
3 584 365 2
3 513 364 365
3 2 365 364
3 609 314 234
3 524 90 314
3 584 234 90
3 314 90 234
3 513 365 235
3 584 90 365
3 524 235 90
3 365 90 235
3 630 450 85
3 544 441 450
3 510 85 441
3 450 441 85
3 621 36 316
3 491 356 36
3 544 316 356
3 36 356 316
3 624 442 38
3 510 8 442
3 491 38 8
3 442 8 38
3 544 356 441
3 491 8 356
3 510 441 8
3 356 8 441
3 609 234 151
3 584 380 234
3 582 151 380
3 234 380 151
3 624 38 2
3 491 40 38
3 584 2 40
3 38 40 2
3 621 376 36
3 582 37 376
3 491 36 37
3 376 37 36
3 584 40 380
3 491 37 40
3 582 380 37
3 40 37 380
3 639 132 43
3 555 348 132
3 553 43 348
3 132 348 43
3 618 58 359
3 545 34 58
3 555 359 34
3 58 34 359
3 600 152 412
3 553 33 152
3 545 412 33
3 152 33 412
3 555 34 348
3 545 33 34
3 553 348 33
3 34 33 348
3 634 111 420
3 550 302 111
3 551 420 302
3 111 302 420
3 621 177 461
3 486 255 177
3 550 461 255
3 177 255 461
3 618 174 62
3 551 257 174
3 486 62 257
3 174 257 62
3 550 255 302
3 486 257 255
3 551 302 257
3 255 257 302
3 630 145 450
3 543 414 145
3 544 450 414
3 145 414 450
3 600 310 262
3 484 122 310
3 543 262 122
3 310 122 262
3 621 316 92
3 544 123 316
3 484 92 123
3 316 123 92
3 543 122 414
3 484 123 122
3 544 414 123
3 122 123 414
3 618 62 58
3 486 142 62
3 545 58 142
3 62 142 58
3 621 92 177
3 484 141 92
3 486 177 141
3 92 141 177
3 600 412 310
3 545 124 412
3 484 310 124
3 412 124 310
3 486 141 142
3 484 124 141
3 545 142 124
3 141 124 142
3 638 371 229
3 523 225 371
3 512 229 225
3 371 225 229
3 623 230 253
3 570 144 230
3 523 253 144
3 230 144 253
3 602 333 476
3 512 331 333
3 570 476 331
3 333 331 476
3 523 144 225
3 570 331 144
3 512 225 331
3 144 331 225
3 632 303 445
3 514 200 303
3 520 445 200
3 303 200 445
3 612 139 84
3 575 305 139
3 514 84 305
3 139 305 84
3 623 309 248
3 520 159 309
3 575 248 159
3 309 159 248
3 514 305 200
3 575 159 305
3 520 200 159
3 305 159 200
3 633 39 244
3 509 298 39
3 517 244 298
3 39 298 244
3 602 383 150
3 505 195 383
3 509 150 195
3 383 195 150
3 612 16 42
3 517 299 16
3 505 42 299
3 16 299 42
3 509 195 298
3 505 299 195
3 517 298 299
3 195 299 298
3 623 248 230
3 575 220 248
3 570 230 220
3 248 220 230
3 612 42 139
3 505 76 42
3 575 139 76
3 42 76 139
3 602 476 383
3 570 71 476
3 505 383 71
3 476 71 383
3 575 76 220
3 505 71 76
3 570 220 71
3 76 71 220
3 634 238 138
3 590 137 238
3 579 138 137
3 238 137 138
3 616 344 13
3 522 120 344
3 590 13 120
3 344 120 13
3 627 22 0
3 579 179 22
3 522 0 179
3 22 179 0
3 590 120 137
3 522 179 120
3 579 137 179
3 120 179 137
3 638 229 153
3 512 226 229
3 596 153 226
3 229 226 153
3 602 10 333
3 507 283 10
3 512 333 283
3 10 283 333
3 616 384 131
3 596 358 384
3 507 131 358
3 384 358 131
3 512 283 226
3 507 358 283
3 596 226 358
3 283 358 226
3 633 334 39
3 578 79 334
3 509 39 79
3 334 79 39
3 627 162 227
3 573 208 162
3 578 227 208
3 162 208 227
3 602 150 397
3 509 72 150
3 573 397 72
3 150 72 397
3 578 208 79
3 573 72 208
3 509 79 72
3 208 72 79
3 616 131 344
3 507 416 131
3 522 344 416
3 131 416 344
3 602 397 10
3 573 55 397
3 507 10 55
3 397 55 10
3 627 0 162
3 522 175 0
3 573 162 175
3 0 175 162
3 507 55 416
3 573 175 55
3 522 416 175
3 55 175 416
3 635 205 118
3 524 158 205
3 574 118 158
3 205 158 118
3 609 4 314
3 588 93 4
3 524 314 93
3 4 93 314
3 628 477 233
3 574 478 477
3 588 233 478
3 477 478 233
3 524 93 158
3 588 478 93
3 574 158 478
3 93 478 158
3 634 138 279
3 579 172 138
3 521 279 172
3 138 172 279
3 627 451 22
3 587 23 451
3 579 22 23
3 451 23 22
3 609 405 211
3 521 165 405
3 587 211 165
3 405 165 211
3 579 23 172
3 587 165 23
3 521 172 165
3 23 165 172
3 633 444 334
3 572 201 444
3 578 334 201
3 444 201 334
3 628 268 311
3 519 381 268
3 572 311 381
3 268 381 311
3 627 227 267
3 578 385 227
3 519 267 385
3 227 385 267
3 572 381 201
3 519 385 381
3 578 201 385
3 381 385 201
3 609 211 4
3 587 454 211
3 588 4 454
3 211 454 4
3 627 267 451
3 519 269 267
3 587 451 269
3 267 269 451
3 628 233 268
3 588 271 233
3 519 268 271
3 233 271 268
3 587 269 454
3 519 271 269
3 588 454 271
3 269 271 454
3 641 181 155
3 482 91 181
3 501 155 91
3 181 91 155
3 608 31 186
3 483 59 31
3 482 186 59
3 31 59 186
3 629 390 260
3 501 108 390
3 483 260 108
3 390 108 260
3 482 59 91
3 483 108 59
3 501 91 108
3 59 108 91
3 635 118 164
3 574 7 118
3 539 164 7
3 118 7 164
3 628 125 477
3 481 15 125
3 574 477 15
3 125 15 477
3 608 280 346
3 539 19 280
3 481 346 19
3 280 19 346
3 574 15 7
3 481 19 15
3 539 7 19
3 15 19 7
3 633 265 444
3 557 126 265
3 572 444 126
3 265 126 444
3 629 277 154
3 511 105 277
3 557 154 105
3 277 105 154
3 628 311 276
3 572 317 311
3 511 276 317
3 311 317 276
3 557 105 126
3 511 317 105
3 572 126 317
3 105 317 126
3 608 346 31
3 481 256 346
3 483 31 256
3 346 256 31
3 628 276 125
3 511 243 276
3 481 125 243
3 276 243 125
3 629 260 277
3 483 216 260
3 511 277 216
3 260 216 277
3 481 243 256
3 511 216 243
3 483 256 216
3 243 216 256
3 632 215 303
3 593 304 215
3 514 303 304
3 215 304 303
3 626 88 110
3 576 203 88
3 593 110 203
3 88 203 110
3 612 84 440
3 514 307 84
3 576 440 307
3 84 307 440
3 593 203 304
3 576 307 203
3 514 304 307
3 203 307 304
3 641 155 247
3 501 382 155
3 527 247 382
3 155 382 247
3 629 209 390
3 530 35 209
3 501 390 35
3 209 35 390
3 626 24 207
3 527 191 24
3 530 207 191
3 24 191 207
3 501 35 382
3 530 191 35
3 527 382 191
3 35 191 382
3 633 244 265
3 517 130 244
3 557 265 130
3 244 130 265
3 612 273 16
3 577 355 273
3 517 16 355
3 273 355 16
3 629 154 400
3 557 127 154
3 577 400 127
3 154 127 400
3 517 355 130
3 577 127 355
3 557 130 127
3 355 127 130
3 626 207 88
3 530 471 207
3 576 88 471
3 207 471 88
3 629 400 209
3 577 472 400
3 530 209 472
3 400 472 209
3 612 440 273
3 576 250 440
3 577 273 250
3 440 250 273
3 530 472 471
3 577 250 472
3 576 471 250
3 472 250 471
3 641 247 249
3 527 190 247
3 571 249 190
3 247 190 249
3 626 134 24
3 569 78 134
3 527 24 78
3 134 78 24
3 613 368 12
3 571 408 368
3 569 12 408
3 368 408 12
3 527 78 190
3 569 408 78
3 571 190 408
3 78 408 190
3 632 387 215
3 563 389 387
3 593 215 389
3 387 389 215
3 617 196 157
3 504 425 196
3 563 157 425
3 196 425 157
3 626 110 300
3 593 437 110
3 504 300 437
3 110 437 300
3 563 425 389
3 504 437 425
3 593 389 437
3 425 437 389
3 636 193 156
3 508 426 193
3 567 156 426
3 193 426 156
3 613 324 432
3 506 161 324
3 508 432 161
3 324 161 432
3 617 388 327
3 567 398 388
3 506 327 398
3 388 398 327
3 508 161 426
3 506 398 161
3 567 426 398
3 161 398 426
3 626 300 134
3 504 427 300
3 569 134 427
3 300 427 134
3 617 327 196
3 506 180 327
3 504 196 180
3 327 180 196
3 613 12 324
3 569 402 12
3 506 324 402
3 12 402 324
3 504 180 427
3 506 402 180
3 569 427 402
3 180 402 427
3 640 197 252
3 562 323 197
3 487 252 323
3 197 323 252
3 625 342 439
3 485 360 342
3 562 439 360
3 342 360 439
3 611 369 228
3 487 421 369
3 485 228 421
3 369 421 228
3 562 360 323
3 485 421 360
3 487 323 421
3 360 421 323
3 641 249 133
3 571 409 249
3 565 133 409
3 249 409 133
3 613 83 368
3 566 422 83
3 571 368 422
3 83 422 368
3 625 361 198
3 565 282 361
3 566 198 282
3 361 282 198
3 571 422 409
3 566 282 422
3 565 409 282
3 422 282 409
3 636 375 193
3 547 182 375
3 508 193 182
3 375 182 193
3 611 28 143
3 533 101 28
3 547 143 101
3 28 101 143
3 613 432 30
3 508 61 432
3 533 30 61
3 432 61 30
3 547 101 182
3 533 61 101
3 508 182 61
3 101 61 182
3 625 198 342
3 566 362 198
3 485 342 362
3 198 362 342
3 613 30 83
3 533 318 30
3 566 83 318
3 30 318 83
3 611 228 28
3 485 14 228
3 533 28 14
3 228 14 28
3 566 318 362
3 533 14 318
3 485 362 14
3 318 14 362
3 631 104 185
3 558 462 104
3 589 185 462
3 104 462 185
3 610 431 320
3 581 456 431
3 558 320 456
3 431 456 320
3 605 291 295
3 589 75 291
3 581 295 75
3 291 75 295
3 558 456 462
3 581 75 456
3 589 462 75
3 456 75 462
3 640 252 236
3 487 109 252
3 503 236 109
3 252 109 236
3 611 449 369
3 548 112 449
3 487 369 112
3 449 112 369
3 610 357 448
3 503 173 357
3 548 448 173
3 357 173 448
3 487 112 109
3 548 173 112
3 503 109 173
3 112 173 109
3 636 417 375
3 597 378 417
3 547 375 378
3 417 378 375
3 605 455 56
3 583 322 455
3 597 56 322
3 455 322 56
3 611 143 99
3 547 261 143
3 583 99 261
3 143 261 99
3 597 322 378
3 583 261 322
3 547 378 261
3 322 261 378
3 610 448 431
3 548 97 448
3 581 431 97
3 448 97 431
3 611 99 449
3 583 98 99
3 548 449 98
3 99 98 449
3 605 295 455
3 581 69 295
3 583 455 69
3 295 69 455
3 548 98 97
3 583 69 98
3 581 97 69
3 98 69 97
3 637 435 285
3 556 457 435
3 493 285 457
3 435 457 285
3 607 332 77
3 564 466 332
3 556 77 466
3 332 466 77
3 604 418 329
3 493 103 418
3 564 329 103
3 418 103 329
3 556 466 457
3 564 103 466
3 493 457 103
3 466 103 457
3 631 185 53
3 589 415 185
3 549 53 415
3 185 415 53
3 605 377 291
3 586 149 377
3 589 291 149
3 377 149 291
3 607 167 379
3 549 413 167
3 586 379 413
3 167 413 379
3 589 149 415
3 586 413 149
3 549 415 413
3 149 413 415
3 636 396 417
3 488 401 396
3 597 417 401
3 396 401 417
3 604 116 48
3 560 343 116
3 488 48 343
3 116 343 48
3 605 56 117
3 597 474 56
3 560 117 474
3 56 474 117
3 488 343 401
3 560 474 343
3 597 401 474
3 343 474 401
3 607 379 332
3 586 115 379
3 564 332 115
3 379 115 332
3 605 117 377
3 560 341 117
3 586 377 341
3 117 341 377
3 604 329 116
3 564 270 329
3 560 116 270
3 329 270 116
3 586 341 115
3 560 270 341
3 564 115 270
3 341 270 115
3 632 245 387
3 561 281 245
3 563 387 281
3 245 281 387
3 620 80 136
3 500 366 80
3 561 136 366
3 80 366 136
3 617 157 438
3 563 367 157
3 500 438 367
3 157 367 438
3 561 366 281
3 500 367 366
3 563 281 367
3 366 367 281
3 637 285 465
3 493 106 285
3 568 465 106
3 285 106 465
3 604 63 418
3 532 210 63
3 493 418 210
3 63 210 418
3 620 325 289
3 568 306 325
3 532 289 306
3 325 306 289
3 493 210 106
3 532 306 210
3 568 106 306
3 210 306 106
3 636 156 396
3 567 347 156
3 488 396 347
3 156 347 396
3 617 206 388
3 480 345 206
3 567 388 345
3 206 345 388
3 604 48 95
3 488 460 48
3 480 95 460
3 48 460 95
3 567 345 347
3 480 460 345
3 488 347 460
3 345 460 347
3 620 289 80
3 532 21 289
3 500 80 21
3 289 21 80
3 604 95 63
3 480 479 95
3 532 63 479
3 95 479 63
3 617 438 206
3 500 121 438
3 480 206 121
3 438 121 206
3 532 479 21
3 480 121 479
3 500 21 121
3 479 121 21
3 641 133 181
3 565 313 133
3 482 181 313
3 133 313 181
3 625 128 361
3 598 18 128
3 565 361 18
3 128 18 361
3 608 186 354
3 482 64 186
3 598 354 64
3 186 64 354
3 565 18 313
3 598 64 18
3 482 313 64
3 18 64 313
3 640 194 197
3 518 251 194
3 562 197 251
3 194 251 197
3 606 114 199
3 516 119 114
3 518 199 119
3 114 119 199
3 625 439 330
3 562 221 439
3 516 330 221
3 439 221 330
3 518 119 251
3 516 221 119
3 562 251 221
3 119 221 251
3 635 164 349
3 539 51 164
3 580 349 51
3 164 51 349
3 608 264 280
3 499 240 264
3 539 280 240
3 264 240 280
3 606 9 263
3 580 32 9
3 499 263 32
3 9 32 263
3 539 240 51
3 499 32 240
3 580 51 32
3 240 32 51
3 625 330 128
3 516 468 330
3 598 128 468
3 330 468 128
3 606 263 114
3 499 11 263
3 516 114 11
3 263 11 114
3 608 354 264
3 598 146 354
3 499 264 146
3 354 146 264
3 516 11 468
3 499 146 11
3 598 468 146
3 11 146 468
3 639 315 132
3 538 222 315
3 555 132 222
3 315 222 132
3 601 423 446
3 526 178 423
3 538 446 178
3 423 178 446
3 618 359 60
3 555 424 359
3 526 60 424
3 359 424 60
3 538 178 222
3 526 424 178
3 555 222 424
3 178 424 222
3 638 153 184
3 596 183 153
3 536 184 183
3 153 183 184
3 616 278 384
3 525 50 278
3 596 384 50
3 278 50 384
3 601 288 160
3 536 170 288
3 525 160 170
3 288 170 160
3 596 50 183
3 525 170 50
3 536 183 170
3 50 170 183
3 634 420 238
3 551 419 420
3 590 238 419
3 420 419 238
3 618 189 174
3 585 287 189
3 551 174 287
3 189 287 174
3 616 13 188
3 590 428 13
3 585 188 428
3 13 428 188
3 551 287 419
3 585 428 287
3 590 419 428
3 287 428 419
3 601 160 423
3 525 57 160
3 526 423 57
3 160 57 423
3 616 188 278
3 585 403 188
3 525 278 403
3 188 403 278
3 618 60 189
3 526 176 60
3 585 189 176
3 60 176 189
3 525 403 57
3 585 176 403
3 526 57 176
3 403 176 57
3 637 465 407
3 568 352 465
3 535 407 352
3 465 352 407
3 620 434 325
3 591 463 434
3 568 325 463
3 434 463 325
3 619 166 301
3 535 404 166
3 591 301 404
3 166 404 301
3 568 463 352
3 591 404 463
3 535 352 404
3 463 404 352
3 632 445 245
3 520 46 445
3 561 245 46
3 445 46 245
3 623 219 309
3 502 393 219
3 520 309 393
3 219 393 309
3 620 136 218
3 561 392 136
3 502 218 392
3 136 392 218
3 520 393 46
3 502 392 393
3 561 46 392
3 393 392 46
3 638 29 371
3 537 148 29
3 523 371 148
3 29 148 371
3 619 81 259
3 595 27 81
3 537 259 27
3 81 27 259
3 623 253 192
3 523 370 253
3 595 192 370
3 253 370 192
3 537 27 148
3 595 370 27
3 523 148 370
3 27 370 148
3 620 218 434
3 502 326 218
3 591 434 326
3 218 326 434
3 623 192 219
3 595 328 192
3 502 219 328
3 192 328 219
3 619 301 81
3 591 82 301
3 595 81 82
3 301 82 81
3 502 328 326
3 595 82 328
3 591 326 82
3 328 82 326
3 639 214 315
3 540 113 214
3 538 315 113
3 214 113 315
3 622 266 102
3 592 212 266
3 540 102 212
3 266 212 102
3 601 446 41
3 538 312 446
3 592 41 312
3 446 312 41
3 540 212 113
3 592 312 212
3 538 113 312
3 212 312 113
3 637 407 96
3 535 469 407
3 534 96 469
3 407 469 96
3 619 239 166
3 594 406 239
3 535 166 406
3 239 406 166
3 622 447 351
3 534 94 447
3 594 351 94
3 447 94 351
3 535 406 469
3 594 94 406
3 534 469 94
3 406 94 469
3 638 184 29
3 536 26 184
3 537 29 26
3 184 26 29
3 601 391 288
3 529 169 391
3 536 288 169
3 391 169 288
3 619 259 49
3 537 171 259
3 529 49 171
3 259 171 49
3 536 169 26
3 529 171 169
3 537 26 171
3 169 171 26
3 622 351 266
3 594 386 351
3 592 266 386
3 351 386 266
3 619 49 239
3 529 275 49
3 594 239 275
3 49 275 239
3 601 41 391
3 592 274 41
3 529 391 274
3 41 274 391
3 594 275 386
3 529 274 275
3 592 386 274
3 275 274 386
3 631 53 67
3 549 54 53
3 599 67 54
3 53 54 67
3 607 187 167
3 546 395 187
3 549 167 395
3 187 395 167
3 615 296 292
3 599 68 296
3 546 292 68
3 296 68 292
3 549 395 54
3 546 68 395
3 599 54 68
3 395 68 54
3 637 96 435
3 534 224 96
3 556 435 224
3 96 224 435
3 622 321 447
3 492 204 321
3 534 447 204
3 321 204 447
3 607 77 107
3 556 443 77
3 492 107 443
3 77 443 107
3 534 204 224
3 492 443 204
3 556 224 443
3 204 443 224
3 639 297 214
3 490 335 297
3 540 214 335
3 297 335 214
3 615 410 74
3 531 223 410
3 490 74 223
3 410 223 74
3 622 102 52
3 540 65 102
3 531 52 65
3 102 65 52
3 490 223 335
3 531 65 223
3 540 335 65
3 223 65 335
3 607 107 187
3 492 308 107
3 546 187 308
3 107 308 187
3 622 52 321
3 531 202 52
3 492 321 202
3 52 202 321
3 615 292 410
3 546 66 292
3 531 410 66
3 292 66 410
3 492 202 308
3 531 66 202
3 546 308 66
3 202 66 308
