OFF
642 1280 0
-7.24002984740325e-02 4.52142836047167e-02 1.46669898523032e+00
4.12382542322075e-02 -8.64688566276530e-02 -1.57795318973746e-04
-8.53568367174930e-02 -3.72172917200883e-02 -7.59041100579665e-01
-6.11388845982450e-03 -5.72185517711897e-02 -2.58305412379879e+00
-9.46201502377828e-02 1.29514082894214e-02 -2.54051644782511e-01
-2.17922779881130e-02 -7.19539478833711e-02 -2.00239180789340e+00
3.56839871883039e-02 -8.81435042508051e-02 3.91611610808544e-01
-7.65370417721305e-02 1.87729630941258e-02 -1.83706848518560e+00
-7.41169889369895e-02 -6.02588940005534e-02 -2.45512389659741e-01
-5.93890727846485e-02 -2.18007172029542e-02 -2.42615531804793e+00
-3.59745084934798e-02 6.77385293065394e-02 1.93584980409671e+00
-3.81486225572500e-02 -7.60785159436714e-03 -2.95252343002731e+00
4.51964592751662e-02 4.34887698230256e-02 -2.44212210151243e+00
-5.93861618269743e-02 2.17847205236278e-02 2.42639978413999e+00
3.81116015064951e-02 -7.59999159529503e-03 -2.95309020068969e+00
-7.53043642761227e-02 3.20686964038733e-02 -1.67894279110791e+00
-1.49351673709656e-02 9.46276766541806e-02 -6.63576875295284e-04
-7.59512707570655e-03 -8.75553230937658e-02 -1.28592601961597e+00
-1.25685163003482e-02 2.21793258655406e-02 -3.11437425695180e+00
-6.80186885431865e-02 2.75647703408932e-02 -2.07654218353640e+00
-8.27009139223692e-02 -9.88903358422000e-03 -1.59626073310759e+00
8.75506483268393e-02 3.81457280290293e-02 2.55166716992857e-01
-8.11732663378519e-02 3.52403798340326e-02 1.23753390184496e+00
-8.78440282714788e-02 2.43258577036950e-02 9.94264982180886e-01
2.17596131365619e-02 7.19400480165524e-02 -2.00336366821249e+00
-2.93448860739417e-06 -9.22457882028120e-02 -8.71770489495034e-01
1.16138053601441e-02 3.56950597126148e-02 2.97252228575981e+00
3.20886561783504e-02 4.98004996287106e-02 2.53899062776001e+00
4.93764800192494e-02 -1.49875983401215e-02 -2.72212781205472e+00
9.86851571894667e-03 4.73528669870529e-02 2.78878893902428e+00
4.93736714784166e-02 1.49725789865107e-02 -2.72227976011390e+00
-4.52397761003526e-02 4.34744315437082e-02 -2.44150013316200e+00
-6.02625665533092e-02 -7.30502008514856e-03 -2.49944696258589e+00
-2.75819309036503e-02 -6.15745655521327e-02 2.29364727465299e+00
-3.20863484394382e-02 -4.97834818863243e-02 2.53940335848883e+00
-7.31253345900411e-03 7.41060383077801e-02 -2.03258081831834e+00
-8.06985041721909e-02 -4.94029057872753e-02 5.05388698103648e-01
-8.75496541548797e-02 -3.81421330072838e-02 2.56164000246241e-01
-8.06996147899669e-02 -4.94049316616781e-02 -5.04961559138673e-01
-4.73567954873555e-02 8.26898506762078e-02 3.32464408326654e-01
-8.75501030113560e-02 -3.81433465223173e-02 -2.55783710998365e-01
1.29717239088532e-02 -7.52515411121482e-03 3.19103771344718e+00
-7.55315058833311e-03 9.46190837394462e-02 4.36658085322059e-01
-6.09571620851987e-03 -5.72094943449194e-02 2.58333114546951e+00
-6.80112097999149e-02 -2.76008901325067e-02 -2.07627507674706e+00
-7.23919108887288e-02 -4.52311848330783e-02 -1.46657715767479e+00
5.44655899818409e-02 7.65418327190840e-02 6.33019544877975e-01
-7.28150544451962e-03 -7.41200539132575e-02 2.03212619865604e+00
9.46272967386868e-02 5.45097242455942e-06 -5.03777380657283e-01
3.72101335178657e-02 2.25290320125095e-02 2.87860530741422e+00
-2.43408360075046e-02 2.94917794839961e-02 2.96232202377977e+00
-6.93579320067339e-02 -1.90288662506672e-05 -2.22867395517576e+00
4.52300442150402e-02 -4.34907791538624e-02 2.44137405961741e+00
5.72133188945694e-02 -7.65960785533842e-02 2.05514421411006e-01
5.44796645995824e-02 -7.65274974513977e-02 6.33613042959597e-01
-4.94312187361256e-02 6.17013981559648e-02 1.82459217105110e+00
8.11590898932043e-02 -3.52494186744597e-02 -1.23829841967615e+00
-2.58520681849541e-02 5.07468862280708e-06 3.11100529254334e+00
-4.52177084930310e-02 -4.34965770766445e-02 2.44151647585074e+00
-3.21121570252826e-02 4.97633664548122e-02 -2.53948074505384e+00
-3.72050723891950e-02 -2.25126190250483e-02 2.87882575750279e+00
6.02322604745903e-02 7.28143756899861e-03 -2.50035594958160e+00
-5.74086356039386e-02 -3.59638547682628e-02 2.28446468785283e+00
9.46183315576812e-02 1.29771861664803e-02 2.53324826630196e-01
-2.43581737250259e-02 2.94647408773247e-02 -2.96246596101770e+00
3.20986064210486e-02 -4.97798058066398e-02 2.53930912327751e+00
4.94279786279891e-02 -6.16986827612579e-02 1.82479643847012e+00
4.73414200655621e-02 -8.26976179834628e-02 3.32757487792524e-01
4.97898611488267e-02 -7.52925001266911e-02 1.08209211418710e+00
6.16913692431380e-02 -5.41132165160813e-02 -1.66707359609470e+00
1.49864386058158e-02 -8.07020286421753e-02 1.66593191411813e+00
-7.60617629328028e-03 8.75598533079125e-02 1.28550082428570e+00
-4.97990372575513e-02 7.52896653869471e-02 1.08183614815035e+00
2.94883799765243e-02 -8.78392603634386e-02 8.20685046173053e-01
2.17922282040389e-02 -7.19473937455989e-02 2.00266027229774e+00
6.15700325229952e-02 -6.80074907250850e-02 -9.30706819051576e-01
-1.69994291709665e-05 9.22505230951358e-02 8.71200241798002e-01
8.11748020500681e-02 -3.52433159875512e-02 1.23732420644256e+00
2.75607596028711e-02 6.15652567679148e-02 -2.29422088529059e+00
-5.44914093741424e-02 7.65206481346314e-02 6.33405165492679e-01
8.06993075543628e-02 4.94104089391655e-02 5.04407541133246e-01
4.52217577196001e-02 4.35132731229803e-02 2.44109275426830e+00
5.41111886143189e-02 4.94371745799327e-02 2.08045583146854e+00
3.71817991789153e-02 2.25040559836196e-02 -2.87924387570104e+00
1.48946436642424e-02 9.46340628018646e-02 -7.89661307176562e-04
-5.72083253379018e-02 -7.65997610770317e-02 -2.05534409924418e-01
-6.15735001477813e-02 -6.80121053382958e-02 -9.30062130065173e-01
-3.59675617250486e-02 -6.77413048713020e-02 -1.93588615307817e+00
2.24907668218407e-02 8.53552535501011e-02 -1.25561349388893e+00
-4.52286904806292e-02 -4.35073048959218e-02 -2.44106766016727e+00
-9.23429531364238e-02 -1.25604808807051e-02 -7.48424824047360e-01
-1.88179585334329e-02 5.44566128892457e-02 -2.58122697959231e+00
-6.77309421615775e-02 -5.74145195127208e-02 1.21296904591682e+00
-9.23465714561491e-02 1.25280935435584e-02 -7.48534454647902e-01
6.02619147044140e-02 -7.27570282809142e-03 2.49956209809640e+00
9.46148842985194e-02 1.29751387728972e-02 -2.54903660257439e-01
7.66056194892303e-02 -6.09002675459922e-03 1.92912956752575e+00
4.94085700491877e-02 -6.17045481782273e-02 -1.82516865991401e+00
5.40975255135326e-02 -4.94232570734554e-02 -2.08123593976280e+00
5.73953648162800e-02 -3.59667110991446e-02 -2.28479279317824e+00
-6.17033679056586e-02 -5.41197030850447e-02 -1.66632884823089e+00
6.02335700962335e-02 -7.29256021378021e-03 -2.50028319520556e+00
3.52577765103955e-02 -3.66934268083513e-02 2.73736685267805e+00
9.23488156828872e-02 -1.25376422838935e-02 7.48037526771102e-01
4.73379228257669e-02 -8.26982354780970e-02 -3.33148608774671e-01
-4.98035839005311e-02 7.52765734759759e-02 -1.08263402257583e+00
8.81493037686822e-02 1.16277849465087e-02 1.20280033955485e+00
7.24003172472453e-02 -4.52158921417649e-02 1.46664152866494e+00
-2.76097915178037e-02 6.15554275534623e-02 -2.29385028175462e+00
1.87788907401925e-02 -5.44818819872065e-02 -2.58094407973665e+00
3.66774616961797e-02 8.11658304354394e-02 -1.18966798729463e+00
-8.26976107163049e-02 -9.87853815644601e-03 1.59652927412261e+00
3.20744572209283e-02 -4.97899302488612e-02 -2.53943042622614e+00
1.16214569151143e-02 -3.56766567013883e-02 2.97273955443332e+00
-3.72195168262656e-02 -2.25291837641850e-02 -2.87846597629498e+00
8.75567629067294e-02 -3.81298896838228e-02 2.55472700611652e-01
9.46168983387777e-02 -1.29623242487295e-02 -2.54794886065634e-01
8.53553704176018e-02 -3.72051832525756e-02 -7.59903329271369e-01
-8.27036931578548e-02 9.85263440657627e-03 -1.59635296309979e+00
-2.43510973169250e-02 -2.94974513435319e-02 -2.96216186623677e+00
-6.80124184414743e-02 2.75834623666871e-02 2.07649346044339e+00
8.75472925105089e-02 3.81432473878240e-02 -2.56892273704647e-01
-4.97796010021667e-02 -7.52954446096429e-02 1.08239594694698e+00
-6.15703009676412e-02 -6.80094970729147e-02 9.30519848593119e-01
-4.94153064932952e-02 -6.17030646093418e-02 1.82501826860917e+00
-7.24043111884635e-02 4.51994009837166e-02 -1.46699539865818e+00
-5.44938801376364e-02 7.65129296682635e-02 -6.34223395343346e-01
-2.95066966583813e-02 8.78279165963495e-02 -8.21316877590361e-01
-1.29886754052627e-02 7.51688327068988e-03 -3.19098145674862e+00
-7.52954982798519e-02 -3.21033786866218e-02 -1.67864115546011e+00
-3.57024847255942e-02 8.81334293060185e-02 -3.92272546366252e-01
-4.52287957017981e-02 4.34989298243237e-02 2.44123520095261e+00
-9.86718050881145e-03 -4.73366695864153e-02 2.78910705957512e+00
-2.53874519900318e-05 4.12209309730101e-02 -2.91648279543262e+00
3.59377852947775e-02 6.77293522311339e-02 -1.93699050430796e+00
7.27723642429211e-03 -7.41244999308617e-02 -2.03195913232040e+00
7.19442507405738e-02 5.93961839585326e-02 7.33926525577024e-01
-7.65325083535969e-02 1.87884511434962e-02 1.83710321114544e+00
-8.27003901687302e-02 9.86517218712432e-03 1.59645951826689e+00
7.51551813407795e-03 9.46223096917967e-02 4.36601540842922e-01
-1.88051002849549e-02 -5.44838435522276e-02 -2.58067991319734e+00
-6.16976525792191e-02 -5.41135270904610e-02 1.66679762326344e+00
-5.41073965114685e-02 -4.94211524507929e-02 2.08100091229201e+00
5.93636214045516e-02 -2.17903065594887e-02 -2.42697002897629e+00
7.27717239500786e-03 7.41332601557296e-02 2.03159586084957e+00
-4.73355924968888e-02 -8.26996587006724e-02 3.33123381604410e-01
-3.81505190777168e-02 7.57156121948246e-03 -2.95260166275611e+00
-1.49130876203100e-02 -9.46311608664141e-02 1.12911942599882e-04
1.87898050193687e-02 5.44907572218169e-02 2.58064060103461e+00
7.41205765309264e-02 -6.02520920749319e-02 -2.46178355397824e-01
-3.67153737491699e-02 8.11660242541470e-02 1.18832206290920e+00
-9.46160601317080e-02 -1.29791081234670e-02 2.54176357087624e-01
-2.17802267763589e-02 -7.19488415579407e-02 2.00274960777892e+00
-9.87805570168126e-03 4.73496518005465e-02 2.78881261551499e+00
-3.67213757006938e-02 8.11511907112840e-02 -1.18926304068936e+00
-6.12687589925247e-03 5.71943468388686e-02 -2.58362878046438e+00
8.26845526603076e-02 9.87281406051994e-03 -1.59733860836964e+00
7.19353641392867e-02 5.93880515586006e-02 -7.35663764241047e-01
-8.81480725355108e-02 1.15963503514499e-02 -1.20324806316968e+00
2.94706631070436e-02 8.78507027712485e-02 8.20015546606178e-01
-1.29676494940668e-02 7.54146583221327e-03 3.19101274933932e+00
6.79872294880107e-02 2.75839822435459e-02 -2.07742361537047e+00
-6.77464962043230e-02 5.74039950227000e-02 1.21254756025527e+00
-9.23418732249028e-02 -1.25556898611142e-02 7.48667771741019e-01
-7.66035554289643e-02 6.08174378437504e-03 -1.92925250967783e+00
-9.23454917352614e-02 1.25341025938836e-02 7.48571541934007e-01
5.93870679637898e-02 2.18007537746480e-02 2.42621076142943e+00
7.19544326252785e-02 -5.93788896175138e-02 7.34382769543441e-01
-2.25100619515075e-02 -8.53593771068302e-02 1.25490117437067e+00
1.25465177503638e-02 2.22096807930946e-02 3.11422909423148e+00
-1.25479102946835e-02 2.22062808629053e-02 3.11425028953835e+00
2.43376353038959e-02 2.94987594716500e-02 2.96227288669993e+00
-8.81460087647963e-02 1.16059370074202e-02 1.20331489189506e+00
2.75732624965130e-02 -6.15795025565792e-02 -2.29361506491981e+00
-5.93803890620773e-02 -2.17866381344328e-02 2.42654089166135e+00
-6.17120806341696e-02 5.41073579317725e-02 1.66641785281254e+00
-3.81339863819606e-02 -7.58800343942239e-03 2.95279656572528e+00
-7.23878973482855e-02 -4.52249031217125e-02 1.46702276106760e+00
-1.25427680536878e-02 -2.21927931281583e-02 3.11438320474907e+00
-7.53000877910870e-02 3.20842990507901e-02 1.67882189526452e+00
6.16816968257966e-02 5.41104740498236e-02 -1.66758185555535e+00
-9.89699602472338e-03 4.73209687814535e-02 -2.78928993768903e+00
6.93318854401387e-02 -3.59043064595224e-06 -2.22959565008653e+00
-1.16193016975026e-02 3.56915711580207e-02 2.97254550033106e+00
-3.72195583191703e-06 4.12497729188631e-02 2.91601905956809e+00
5.72110283826845e-02 -7.65965400229376e-02 -2.06043377784966e-01
-3.52696757448334e-02 3.66785227896407e-02 -2.73741968746151e+00
6.77427709876236e-02 -5.74078833767921e-02 1.21257490247712e+00
-4.94003590550205e-02 1.49822536866029e-02 2.72166846125156e+00
-4.93964960496447e-02 -1.49799962892914e-02 2.72176234059093e+00
1.87674874297860e-02 5.44630188992705e-02 -2.58149118620855e+00
7.26111496709693e-03 7.41088328102524e-02 -2.03267459426280e+00
3.59566861736595e-02 6.77518285429594e-02 1.93569705342237e+00
7.65806713066117e-02 6.09981020663074e-03 -1.93022073837133e+00
-9.88612184564724e-03 -4.73482311898784e-02 -2.78880753947287e+00
-2.95021700146543e-02 8.78385124963210e-02 8.20212241185382e-01
6.77184154984806e-02 5.74142565972073e-02 -1.21377844701362e+00
-1.62047424392976e-05 -4.12472984708944e-02 -2.91605882269262e+00
1.29437245756158e-02 7.51998243768785e-03 -3.19118089580187e+00
-3.52605827918898e-02 -3.67116993652831e-02 -2.73704705734087e+00
3.56665981547259e-02 8.81532688037752e-02 3.90912847440753e-01
-6.61057618336837e-02 6.93360292281608e-02 -3.43545050444439e-04
5.41202901354224e-02 -4.94149108596105e-02 2.08078813539064e+00
2.94629941056810e-02 8.78401053992634e-02 -8.21618682134922e-01
6.80166267197141e-02 -2.75785498035492e-02 2.07641089544522e+00
-8.64720846465882e-02 -1.79112216598231e-05 -1.39055181694940e+00
8.53493465938786e-02 3.72131562042502e-02 -7.60228780384876e-01
1.49553306199241e-02 8.06947441317719e-02 -1.66665107444636e+00
-6.15884269654076e-02 6.79992529710359e-02 9.30006883599394e-01
-1.50051245448732e-02 8.06887838885680e-02 -1.66647022741568e+00
9.23468467357856e-02 1.25571788852572e-02 7.47941262685098e-01
-9.46198213557687e-02 1.29534545773086e-02 2.54072302997630e-01
2.43436909873359e-02 -2.94778855293244e-02 2.96245262983455e+00
-5.41155561437499e-02 -4.94294966627871e-02 -2.08053412084921e+00
9.87872602833121e-03 -4.73354876339762e-02 2.78908339079325e+00
4.73222939402061e-02 8.27047045868065e-02 -3.33846788185502e-01
-4.94389284745369e-02 6.16809316142498e-02 -1.82514157839145e+00
-6.77346275592806e-02 -5.74187533745372e-02 -1.21250693474083e+00
6.77327549431750e-02 5.74275252973506e-02 1.21215335317712e+00
4.34894117375506e-02 7.24077703601999e-02 1.52446764675408e+00
7.57642559518820e-03 8.75629872309161e-02 1.28545785402067e+00
-1.25633753682278e-02 -2.22107755828270e-02 -3.11414291273407e+00
-1.16110597797035e-02 -3.56783418894287e-02 2.97276276077808e+00
2.75944052968739e-02 -6.15721112155226e-02 2.29355155301410e+00
7.65379248149405e-02 -1.87846039922120e-02 1.83689128541262e+00
-8.63513535543340e-06 6.61029179406276e-02 2.33848284569961e+00
-1.88019256562629e-02 5.44843486843423e-02 2.58069409286397e+00
-7.19607063872866e-02 5.93708817860046e-02 7.34419969755979e-01
3.71862159113306e-02 -2.25227211159116e-02 -2.87901298804698e+00
-6.10870556269925e-03 5.72225655177199e-02 2.58296693842485e+00
1.49693262801001e-02 8.07154829174160e-02 1.66536543115799e+00
2.21995939995757e-02 -9.23432434137221e-02 4.23063656794054e-01
1.49147115296115e-02 -9.46309049958927e-02 -1.31437338553344e-05
-8.53673828419512e-02 3.71872552458834e-02 -7.59366479432971e-01
-9.46163891028153e-02 -1.29807273142227e-02 -2.53942916405801e-01
-8.81447574361799e-02 -1.16310990427868e-02 -1.20314280369100e+00
6.08758839928609e-03 -5.72179490868890e-02 -2.58313995873470e+00
-2.21972819731287e-02 -9.23442542331644e-02 -4.22950672145939e-01
-7.65988038113613e-02 6.09642197668372e-03 1.92941439747655e+00
4.94026141880175e-02 1.49948619175810e-02 2.72154292442810e+00
-6.02645019387088e-02 7.26707117305789e-03 -2.49951971004549e+00
-3.56806158417547e-02 -8.81452081801910e-02 -3.91524775119911e-01
7.58526116981841e-03 -8.75550760600428e-02 -1.28601138325458e+00
-6.17177942521739e-02 5.40894867736373e-02 -1.66683701083320e+00
-4.12570323272061e-02 8.64598973365118e-02 -5.18777389240343e-04
5.71993805457474e-02 7.66079417166571e-02 2.04897067006358e-01
-7.29564415569247e-03 -7.41249498398175e-02 -2.03186538374885e+00
6.07509569510867e-03 5.71964606722446e-02 -2.58371462906422e+00
2.25019218581286e-02 8.53712538814652e-02 1.25414805721373e+00
9.84601273289131e-03 4.73241826641290e-02 -2.78943314230023e+00
-2.34765298298236e-05 9.22390170461485e-02 -8.72584661878258e-01
-1.16309111953277e-02 -3.56929074880540e-02 -2.97247560753961e+00
9.85622189032204e-03 -4.73470497066551e-02 -2.78895072621900e+00
2.17773201397814e-02 7.19638414308903e-02 2.00217249563508e+00
-3.20999349235871e-02 -4.97936048712211e-02 -2.53898227531832e+00
-7.52912206308317e-02 -3.20947582584863e-02 1.67904683020820e+00
-5.41284645696784e-02 4.93976362441030e-02 -2.08101280657206e+00
-6.80049392443616e-02 -2.75896212442095e-02 2.07667900297578e+00
-2.94852914777589e-02 -8.78414485657393e-02 -8.20544858331690e-01
3.52505240274046e-02 3.67154473687482e-02 2.73713724274149e+00
-3.59843788656704e-02 6.77160563929362e-02 -1.93653529427589e+00
6.79920358713916e-02 -2.75898223385943e-02 -2.07715647154200e+00
-3.66951772493002e-02 -8.11674672818268e-02 1.18891936157110e+00
-4.94079984499991e-02 -1.49969876266928e-02 -2.72141842586001e+00
-4.94118611857820e-02 1.49599754113836e-02 -2.72157035757079e+00
-4.73582460881261e-02 8.26856638566181e-02 -3.33412430446566e-01
3.72145508434197e-02 -2.25061540557199e-02 2.87874390498441e+00
-8.07123425437159e-02 4.93837795676770e-02 5.05001174468194e-01
-8.07134525457947e-02 4.93785165374709e-02 -5.05384600435058e-01
-8.75605231413792e-02 3.81189815525353e-02 2.55858080737889e-01
9.22463133552585e-02 -2.58471300631440e-02 -6.22203221801373e-04
-8.75609718443906e-02 3.81165016229504e-02 -2.56103532989151e-01
-5.74171039521756e-02 -3.59750090765785e-02 -2.28402281579178e+00
-7.55618587970238e-03 9.46132450573681e-02 -4.38035165385491e-01
2.58567034240911e-02 1.08317756445642e-05 3.11096146056688e+00
3.81393585672278e-02 7.60343852973696e-03 2.95267248425059e+00
-6.77501803138435e-02 5.73907301038914e-02 -1.21302753043683e+00
-4.35170540316470e-02 7.23730826008655e-02 -1.52544363321078e+00
-3.72106835486772e-02 2.25189254488842e-02 2.87868716551336e+00
-8.64695488065917e-02 -7.87902713249127e-06 1.39073126916771e+00
-5.93948451738628e-02 2.17637899837262e-02 -2.42637167622823e+00
6.60798693295331e-02 6.93607018003306e-02 -9.02219860924198e-04
1.25208472190965e-02 2.21827241378662e-02 -3.11456511712409e+00
-2.75968529202914e-02 6.15811310393421e-02 2.29324259946511e+00
-7.53157142958047e-03 -9.46177706712761e-02 4.37405020533008e-01
8.64761868152316e-02 1.13758677651444e-05 1.39026171064665e+00
-1.12946995100676e-05 -6.60963264149289e-02 -2.33869474090083e+00
-6.02537634112890e-02 -7.28816746628501e-03 2.49974429646220e+00
2.30149959058096e-07 1.49242705139544e-02 3.19142259298872e+00
8.53591920659982e-02 3.72204681048122e-02 7.58562530715135e-01
-4.73370431005989e-02 -8.27002761225383e-02 -3.32714337439059e-01
7.19455455373883e-02 -5.93813611189304e-02 -7.35145415095908e-01
4.35032912282875e-02 -7.23898880066442e-02 1.52498308203954e+00
7.53608125217132e-03 -9.46176413240743e-02 4.37348491173723e-01
2.25195628132624e-02 -8.53585375125040e-02 1.25477224233256e+00
6.77284309997939e-02 -5.74121186981454e-02 -1.21325774903330e+00
3.67050785328293e-02 -8.11657647693448e-02 1.18870390743522e+00
6.10780342536527e-03 -5.72088918285212e-02 2.58331384923637e+00
-3.57004827781386e-02 8.81384934311475e-02 3.91184118922014e-01
-2.22167738510535e-02 9.23413768154213e-02 4.22500935332708e-01
4.34737780870992e-02 7.23896049231119e-02 -1.52595534221609e+00
5.74143066027134e-02 3.59792027506550e-02 2.28402766393498e+00
-7.65272992710862e-02 -1.87985251703702e-02 1.83723280595888e+00
4.12215377867402e-02 8.64768232623357e-02 -8.67378774767596e-04
3.56627794781154e-02 8.81482038167219e-02 -3.92604548634047e-01
2.21804896620560e-02 9.23507716170816e-02 4.22333686853400e-01
8.78428222397517e-02 2.43500571354664e-02 9.93712265364945e-01
2.21767361887663e-02 9.23451850171950e-02 -4.23944239211562e-01
6.17104228303320e-02 -5.41070394167077e-02 1.66649944187556e+00
3.66891241658000e-02 8.11806665405487e-02 1.18810654503792e+00
-4.34916619949800e-02 -7.23927346066990e-02 1.52520665146525e+00
-7.19627379672790e-02 5.93627517708178e-02 -7.34940861825845e-01
1.25512627655205e-02 -2.21906053272902e-02 3.11436201062851e+00
-1.16391517827228e-02 3.56632424597019e-02 -2.97284388679114e+00
-9.46315197037230e-02 -1.56185799053155e-05 -5.02874090365496e-01
5.46210990311211e-06 -4.12340604910345e-02 2.91627180544449e+00
-7.19444410282487e-02 -5.93856297758923e-02 7.34876118046578e-01
-6.15916251949799e-02 6.79884373157946e-02 -9.30665142858230e-01
3.81101167622167e-02 7.58067888108806e-03 -2.95316845422536e+00
-2.25175526827833e-02 -8.53614849507836e-02 -1.25458519893761e+00
3.66934156004943e-02 -8.11680847115958e-02 -1.18893325915607e+00
5.74208449974463e-02 -3.59555542194908e-02 2.28426427206276e+00
7.52825489352961e-02 -3.20918601914689e-02 -1.67955201877945e+00
1.15971335750457e-02 -3.56912232912888e-02 -2.97264871443468e+00
5.73888269669987e-02 3.59573920464111e-02 -2.28514639162512e+00
8.11689896808356e-02 3.52646655227635e-02 1.23706600367842e+00
6.17007501431194e-02 5.41283502363856e-02 1.66611962509941e+00
7.23747908228251e-02 4.52226257036958e-02 -1.46783790611762e+00
4.94164085705959e-02 6.17190271820050e-02 1.82437028771227e+00
9.46203456150450e-02 -1.29607046585065e-02 2.53428877152882e-01
-1.29869284186478e-02 -7.54929114549099e-03 -3.19090252399906e+00
-7.29839694198483e-03 7.41304648484479e-02 2.03162527644961e+00
8.53652161002683e-02 -3.72015363177737e-02 7.58847736822134e-01
-2.17973657659225e-02 7.19555861011269e-02 2.00226185956813e+00
-5.72277341714994e-02 7.65856844080979e-02 2.05355227897158e-01
1.88012088892006e-02 -5.44723760625792e-02 2.58098748619682e+00
3.54326840454651e-06 -9.22447128448480e-02 8.71899900293705e-01
2.94807104713959e-02 -8.78405077540127e-02 -8.20846575480511e-01
-1.49862929921069e-02 -8.07060408590626e-02 -1.66571231493183e+00
7.59545022287230e-03 -8.75530987398354e-02 1.28609609624429e+00
7.29329450673601e-03 -7.41196040651234e-02 2.03209677489352e+00
8.75534068403079e-02 -3.81311041315261e-02 -2.56572394202222e-01
1.29453323494756e-02 -7.54661695511680e-03 -3.19110196233763e+00
9.23387694844369e-02 -1.25424354585943e-02 -7.49355567779305e-01
-5.74181151986499e-02 3.59619333341398e-02 2.28422810133020e+00
8.78297688424563e-02 2.43413120296870e-02 -9.95267103097531e-01
-5.74265820019525e-02 3.59401279588704e-02 -2.28437635415974e+00
8.81334834488242e-02 1.16181943778513e-02 -1.20422352367984e+00
-1.87890661517429e-02 -5.44743381431255e-02 2.58104096010210e+00
-7.66018636072909e-02 -6.11922839420141e-03 -1.92919409750099e+00
-2.21947483718161e-02 -9.23437345892978e-02 4.23230855082619e-01
4.94054232286474e-02 -1.49706034777458e-02 2.72163682275870e+00
7.65347639087229e-02 1.88086135025017e-02 1.83676163635440e+00
-3.56786132871392e-02 -8.81446199570576e-02 3.91882804901247e-01
-3.72251270529632e-02 2.24939531549672e-02 -2.87869683805349e+00
-2.22193071613963e-02 9.23357908124730e-02 -4.23736192299297e-01
-7.41163435732040e-02 -6.02580816256209e-02 2.45960364601223e-01
2.17745189756238e-02 -7.19525004433286e-02 -2.00267068851264e+00
-3.20985731087815e-02 4.97898828492319e-02 2.53908487779873e+00
-3.52464988376473e-02 -3.66984657758964e-02 2.73745521085191e+00
1.25255914906992e-02 -2.22085884883960e-02 -3.11433376429708e+00
-2.34814711202498e-05 1.48981546023650e-02 -3.19156127921725e+00
2.58283735652099e-02 -1.16149036052990e-05 -3.11122911690541e+00
-7.65318326245816e-02 -1.88095427985478e-02 -1.83688973026959e+00
-8.11660620677293e-02 -3.52612785957035e-02 -1.23739425574242e+00
-8.78388118661057e-02 -2.43499642434917e-02 -9.94117986871586e-01
7.41133451775968e-02 6.02656035485408e-02 2.44889532845034e-01
7.41103381896202e-02 6.02628692123258e-02 -2.46683368924060e-01
3.52239306108251e-02 3.66891799553667e-02 -2.73792714678253e+00
3.52311818984751e-02 -3.67066624466784e-02 -2.73755447676951e+00
2.75819007280880e-02 6.15909635432532e-02 2.29314686121818e+00
6.09530906955345e-03 5.72246803579216e-02 2.58294964437568e+00
-7.58620543240478e-03 -8.75533456442106e-02 1.28613903996107e+00
-2.94807641873925e-02 -8.78402014386955e-02 8.20881663980171e-01
-4.12352368485516e-02 -8.64702955388697e-02 1.90689169553071e-04
7.65816965559455e-02 -6.10319035538816e-03 -1.93016231862462e+00
-8.53553974025022e-02 -3.72136462059863e-02 7.59428394808159e-01
8.07010706889158e-02 -4.93956224381433e-02 -5.05732185306955e-01
7.65151543752767e-02 -1.87956256464925e-02 -1.83784179145628e+00
8.07074691362378e-02 -4.93935955477826e-02 5.04795124318374e-01
-9.22420097886682e-02 -2.58624903839574e-02 1.57437188948704e-04
-7.41335856853970e-02 6.02366635178525e-02 -2.46017301242207e-01
-2.60119943915662e-05 6.60760217410466e-02 -2.33934712014772e+00
-2.25304404901735e-02 8.53620660158337e-02 1.25427702030741e+00
-3.52555933749640e-02 3.67047861328006e-02 2.73722561365405e+00
-7.41329406404231e-02 6.02393969341226e-02 2.45476539107318e-01
3.81408427503238e-02 -7.58014045796204e-03 2.95271881239036e+00
5.71970903104275e-02 7.66054333342023e-02 -2.06683162115196e-01
8.11532774798370e-02 3.52529048014073e-02 -1.23861878125274e+00
5.44586419804921e-02 7.65341126013127e-02 -6.34758765415065e-01
-2.18094155643014e-02 7.19317945412622e-02 -2.00308477009384e+00
1.29701150307796e-02 7.54456613610751e-03 3.19099301637186e+00
6.15684964730683e-02 6.80220606277407e-02 9.29610696992876e-01
4.97757621014837e-02 7.53088931981898e-02 1.08153222752979e+00
-4.94230183819512e-02 -6.17089285272571e-02 -1.82455517767818e+00
6.15806596412554e-02 -6.80048821631691e-02 9.30123735443637e-01
8.64580536949285e-02 1.33965197223528e-06 -1.39154392578880e+00
-4.35100256240453e-02 7.23912447999971e-02 1.52469127009925e+00
7.52771236096412e-02 3.20907027564007e-02 -1.67985372994163e+00
-2.75948719759126e-02 -6.15819561584244e-02 -2.29324451086329e+00
-2.25379297814787e-02 8.53460671585506e-02 -1.25536184037994e+00
8.81353410837259e-02 -1.16136951059174e-02 -1.20411824494988e+00
5.40884244920082e-02 4.94154897174356e-02 -2.08171471120083e+00
-3.81358835544907e-02 7.59431689893802e-03 2.95275023577405e+00
6.80118195221091e-02 2.76026798695245e-02 2.07622529752808e+00
-9.46308690615036e-02 -1.19903719771892e-05 5.03013446709570e-01
6.02606046333466e-02 7.30065560487067e-03 2.49951526745252e+00
7.66045940633796e-02 6.11449346689696e-03 1.92908785346703e+00
3.20645073938856e-02 4.97739791111169e-02 -2.53992896268441e+00
1.15894828367449e-02 3.56667296301300e-02 -2.97301700840215e+00
3.59700364381492e-02 -6.77331226833785e-02 1.93615947227025e+00
-8.81426935500937e-02 -1.16233247408929e-02 1.20340021031921e+00
-3.59576904128283e-02 -6.77358401980663e-02 1.93631217033980e+00
7.41235832907700e-02 -6.02512798399153e-02 2.45373443041670e-01
-5.44713995952123e-02 -7.65305735875667e-02 6.33998564525445e-01
6.60920498832689e-02 -6.93490998150643e-02 -3.33136896969818e-04
-5.41203067029814e-02 4.94193159068600e-02 2.08066865016494e+00
8.26861692641620e-02 -9.87239152206190e-03 -1.59724639480453e+00
9.46341214514751e-02 9.08047848147452e-06 5.02317081210569e-01
-6.93513973239790e-02 -2.95006198972468e-06 2.22890533040907e+00
-7.65971122550871e-02 -6.10606964505206e-03 1.92945607946585e+00
2.43170068957128e-02 -2.94935934000173e-02 -2.96252407091831e+00
2.43109522099748e-02 2.94717176707916e-02 -2.96282819418349e+00
-1.29659024179789e-02 -7.52782959353401e-03 3.19105744611487e+00
-2.43337594531029e-02 -2.94817452470244e-02 2.96250174979664e+00
6.15578691112829e-02 6.80112423120586e-02 -9.31309951213670e-01
7.65119938091220e-02 1.87931197544878e-02 -1.83802059213583e+00
4.93970003928603e-02 6.16985555259638e-02 -1.82575518315409e+00
-6.02556993653286e-02 7.28628395825524e-03 2.49969746419642e+00
-3.67011803496269e-02 -8.11697870455136e-02 -1.18852840509490e+00
-1.49755336367645e-02 -8.07027394798040e-02 1.66600428424649e+00
4.34876569006232e-02 -7.23937320404284e-02 -1.52528269477930e+00
5.93596917108046e-02 2.17798178750794e-02 -2.42718642944795e+00
2.25084059110717e-02 -8.53606454768959e-02 -1.25483682759759e+00
7.23925780223581e-02 4.52375133002368e-02 1.46631766613020e+00
8.27065938202627e-02 -9.86189202202901e-03 1.59611699665341e+00
7.53261789962084e-03 -9.46181135232643e-02 -4.37300156272790e-01
4.97642264356200e-02 7.52957980037291e-02 -1.08317182128736e+00
8.06929093455973e-02 4.94051441257885e-02 -5.06155323182632e-01
-2.01605851068392e-05 -1.49275612262555e-02 -3.19140501548312e+00
7.51205486570046e-03 9.46164707352228e-02 -4.38106024694452e-01
-6.60870563374245e-02 -6.93538588722857e-02 2.25437292800563e-04
-7.19464733800810e-02 -5.93880999830379e-02 -7.34422615252908e-01
7.53032239628273e-02 -3.20832370447819e-02 1.67868497576682e+00
-5.72285020058883e-02 7.65831762891105e-02 -2.06174109988214e-01
4.73257908532260e-02 8.27088921810218e-02 3.32098414750275e-01
3.55158369916019e-06 -1.49076253211483e-02 3.19151107497097e+00
5.93909979000506e-02 -2.17762240680249e-02 2.42635189911323e+00
3.59511343645275e-02 -6.77385879037450e-02 -1.93634130384142e+00
4.52047438556590e-02 -4.35015092516377e-02 -2.44168958489852e+00
-5.72075578218563e-02 -7.65992997776569e-02 2.05972468395596e-01
-8.53659443039043e-02 3.71945639699868e-02 7.59143246327042e-01
-7.53460741922705e-03 -9.46182428589816e-02 -4.37229336856404e-01
2.21958397681788e-02 -9.23437630670499e-02 -4.23158681412094e-01
-9.22494644520379e-02 2.58358879504908e-02 -5.46619857921920e-05
7.23825292952395e-02 -4.52221760573072e-02 -1.46741958871499e+00
4.97783248342629e-02 -7.52950243493039e-02 -1.08249594923609e+00
8.81511617290925e-02 -1.16059176845252e-02 1.20288567910566e+00
3.56801678143592e-02 -8.81440927541036e-02 -3.91856697869627e-01
-4.34986920840311e-02 -7.23965777336116e-02 -1.52477107913263e+00
9.23368004799600e-02 1.25511672615874e-02 -7.49465235438996e-01
-8.11633797771694e-02 -3.52551784257805e-02 1.23779200955216e+00
5.44727159223281e-02 -7.65289249619683e-02 -6.34096270040915e-01
7.52977984464155e-02 3.21063111844671e-02 1.67846000076383e+00
-8.78370871590897e-02 -2.43443602424962e-02 9.94447371210331e-01
8.27049764902046e-02 9.88535640496998e-03 1.59604721927042e+00
8.78467196284035e-02 -2.43294409645918e-02 9.93894729875904e-01
1.49724408557502e-02 -8.07053306782095e-02 -1.66589312822280e+00
-2.58699680001800e-02 -1.73696357030673e-05 -3.11083599481218e+00
6.93584748079532e-02 1.24934567226933e-05 2.22865479406946e+00
-5.44738710558551e-02 -7.65320002648238e-02 -6.33561008247369e-01
7.56623719910771e-03 8.75464055948775e-02 -1.28680999096368e+00
-7.61509831561522e-03 8.75432721643512e-02 -1.28672462761944e+00
6.08311449645590e-06 -6.60894729669690e-02 2.33891504867486e+00
8.78336658224319e-02 -2.43350472940106e-02 -9.95050165656599e-01
-4.97841492123324e-02 -7.52979677661053e-02 -1.08195829101941e+00
-1.49943670893737e-02 8.07095213012918e-02 1.66543783853001e+00
-8.11759482330583e-02 3.52286231896878e-02 -1.23771452506351e+00
-8.78457529206116e-02 2.43171156537842e-02 -9.94334896873736e-01
9.22422546283743e-02 2.58616057026437e-02 -8.34363551748046e-04
9.11022900045239e-02 2.54931059861468e-02 -5.09166749656044e-01
-6.56367675546775e-02 4.12144889262092e-02 -1.89902871054121e+00
-2.22522890804471e-02 4.26783652108188e-02 -2.79349042452318e+00
-4.12572637933438e-02 5.62869621169826e-02 -2.21334619645399e+00
-5.63035122692663e-02 -6.56248444801929e-02 1.39084462908088e+00
2.54640613813480e-02 -1.50818054179923e-02 -3.07283012793938e+00
-6.56196303258619e-02 -4.12395055750475e-02 1.89908460549399e+00
2.22119992392955e-02 -4.27058215922247e-02 -2.79337786551759e+00
9.13094877991123e-02 3.37282432788071e-06 -9.77477409394784e-01
-7.10797045016688e-06 -8.17964683368828e-02 -1.68181487353775e+00
1.37453705753270e-02 -6.49255430896482e-02 2.33003715819442e+00
-8.17896707417842e-02 -4.98789186030111e-02 2.11826696551007e-04
6.56323442484492e-02 -4.12307693692166e-02 1.89880061908266e+00
9.13225297267064e-02 1.04208886898794e-05 9.76090575732663e-01
1.50750023153418e-02 -9.11082098516418e-02 8.59500655725575e-01
-2.89578551110154e-02 -9.13175744626616e-02 1.58656046803981e-04
-1.50733131247331e-02 -9.11097067133964e-02 -8.59353866139989e-01
2.89600787240791e-02 -9.13168693850376e-02 -8.60906841252470e-05
-4.26976863002597e-02 -8.28284770484098e-02 -7.49440571283399e-01
-4.98849099171447e-02 -1.87716724056790e-05 -2.75827323272665e+00
8.17871700296302e-02 4.98830123850134e-02 -8.88745663317160e-04
-1.37634509730073e-02 6.49102611643497e-02 -2.33040001376265e+00
5.63034293932462e-02 6.56394330663729e-02 1.39006521607375e+00
1.37259837630930e-02 -6.49325456571638e-02 -2.32994519908864e+00
5.62880172585538e-02 6.56234774326618e-02 -1.39163112567885e+00
-1.50890358513654e-02 9.11108000819892e-02 8.58908061661809e-01
6.56028949428319e-02 4.12349739183643e-02 -1.89985400944542e+00
-4.12467388220897e-02 5.63110092870650e-02 2.21287354770627e+00
6.90685036318656e-02 1.37351706826940e-02 -2.19042919346054e+00
-4.27151559423355e-02 8.28213415299378e-02 7.49205192406570e-01
-6.49246842733316e-02 -6.90920783638802e-02 -4.63068115068073e-01
-5.63260114175039e-02 6.56029154614088e-02 -1.39098512834422e+00
-1.37482153002372e-02 6.49368799595784e-02 2.32965870228156e+00
-8.28269143859636e-02 -2.22438759363010e-02 -1.43971457840129e+00
2.89416274014800e-02 9.13227156310305e-02 -8.35434818864985e-04
-6.56256582958188e-02 -4.12481284498057e-02 -1.89863463306778e+00
-2.55020565367824e-02 -1.50866437234900e-02 -3.07244469793023e+00
-2.89800753174272e-02 9.13105236454713e-02 -5.90620982713676e-04
-2.22421057894693e-02 -4.27087076982419e-02 -2.79305518189115e+00
-8.18036807990025e-02 4.98559382019441e-02 -1.97355939230107e-04
4.26863093030308e-02 8.28385300692086e-02 7.48913721624308e-01
-9.13170967467078e-02 -9.91280732147147e-06 9.76668545923038e-01
-6.56307408802637e-02 4.12332645633183e-02 1.89880202655092e+00
1.37315451102522e-02 6.49418755775697e-02 2.32961214134845e+00
-9.13185701118480e-02 -1.69579372201012e-05 -9.76511735272939e-01
-2.54879343733703e-02 1.50775967359333e-02 3.07262849216432e+00
-2.54843042501160e-02 -1.50674810335729e-02 3.07271917877705e+00
1.37121596257757e-02 6.49152551783907e-02 -2.33058569685390e+00
-4.12430726777283e-02 -5.63163917521683e-02 -2.21279547198222e+00
2.54888858460032e-02 1.50841077391823e-02 3.07258316656059e+00
-2.53222595074678e-05 8.17825567791252e-02 -1.68258400332369e+00
4.12452884462487e-02 -5.63043668441767e-02 2.21309653001976e+00
9.11090705520343e-02 2.54976143481722e-02 5.07527384680789e-01
4.98498842183353e-02 -7.66967843869784e-06 -2.75899344828391e+00
6.90969709426608e-02 -1.37281404940853e-02 2.18945792354416e+00
6.90945877912326e-02 1.37529195824908e-02 2.18936658844569e+00
-1.74871606191420e-06 2.89709428299280e-02 3.07958973086134e+00
2.22279430704531e-02 4.27132666487115e-02 2.79310412657950e+00
4.70092620541053e-06 -2.89546649593021e-02 3.07976384769580e+00
-6.90973976651266e-02 1.37177305033766e-02 -2.18951681785810e+00
2.22367767937732e-02 -4.26934026358774e-02 2.79336956661398e+00
-1.50677678785045e-02 -9.11085834638917e-02 8.59599891984344e-01
5.38911908220950e-06 -8.17932542377918e-02 1.68199266805196e+00
-4.26941929388832e-02 -8.28270946008445e-02 7.49840611243792e-01
-6.49231907515524e-02 -6.90908127820192e-02 4.63520840466489e-01
-4.12325457201271e-02 -5.63085061173339e-02 2.21324681690285e+00
5.63154121484752e-02 -6.56203326629523e-02 1.39053874584341e+00
6.90708864510396e-02 -1.37419934242285e-02 -2.19029505576721e+00
4.12229260506689e-02 -5.63122538966831e-02 -2.21334217502425e+00
6.49312385967190e-02 -6.90861002100396e-02 4.63037328331473e-01
-8.28239485060011e-02 -2.22355626972637e-02 1.44005467056900e+00
-6.90872053321786e-02 -1.37414650185312e-02 2.18971335213280e+00
1.50677748858834e-02 -9.11093331114526e-02 -8.59509374584619e-01
-1.37331213532219e-02 -6.49266663982512e-02 2.33008370922528e+00
-5.63087678456130e-02 -6.56289586340976e-02 -1.39038175221606e+00
-2.22253738044815e-02 -4.26962899584073e-02 2.79342259210919e+00
8.28345656293859e-02 -2.22211140242773e-02 1.43961368564282e+00
-4.27186484750494e-02 8.28119067184926e-02 -7.50164308178761e-01
4.26945879293463e-02 -8.28266499567571e-02 -7.49870894279286e-01
-1.37483587895113e-02 -6.49336687532669e-02 -2.32975954288024e+00
9.11063117672314e-02 -2.54825651539827e-02 -5.08948372066421e-01
6.49190468957930e-02 6.91007607264468e-02 4.62493166156405e-01
-1.81811159644649e-05 -2.89710958982815e-02 -3.07958803253774e+00
6.49136546733591e-02 6.90953397870502e-02 -4.64271801949172e-01
9.11130924231821e-02 -2.54797374726574e-02 5.07727296218330e-01
-2.46297125130491e-05 2.89429345088274e-02 -3.07988915071642e+00
2.54609788987205e-02 1.50589322987572e-02 -3.07298676931189e+00
8.28124912783069e-02 2.22312926938892e-02 -1.44087886978128e+00
8.28309263696995e-02 2.22437592767795e-02 1.43945407351692e+00
4.12120401707430e-02 5.63011846686475e-02 -2.21389297341179e+00
-1.28264017019143e-05 8.18036136875425e-02 1.68141949894659e+00
2.22031663968824e-02 4.26853760550734e-02 -2.79381314423838e+00
-6.49432621515257e-02 6.90711387929223e-02 -4.63657738950595e-01
-5.63207574635983e-02 6.56188670462899e-02 1.39037116408179e+00
-8.28331750717910e-02 2.22088588409200e-02 -1.43991975656744e+00
1.50556908999020e-02 9.11171388097906e-02 8.58808790947206e-01
1.50484642426677e-02 9.11058583516296e-02 -8.60312731262211e-01
-1.50945805037310e-02 9.10995203984316e-02 -8.60157189922632e-01
-6.49417690586504e-02 6.90765583819636e-02 4.62976775849630e-01
-8.28302095192928e-02 2.22213207528580e-02 1.43989511053101e+00
-6.90936622658594e-02 -1.37553135366839e-02 -2.18938270459038e+00
5.62999996420186e-02 -6.56244478650665e-02 -1.39102763253952e+00
-9.11055459223608e-02 -2.54949819838686e-02 5.08396705286816e-01
6.56101503564145e-02 -4.12393946301515e-02 -1.89945985605939e+00
-9.11063195762463e-02 -2.54978084204436e-02 -5.08077689345957e-01
-4.98733385416035e-02 1.12837374680128e-06 2.75851129815532e+00
8.17953711680333e-02 -4.98695684146130e-02 -4.79482271404015e-04
-9.11128745371985e-02 2.54722855278349e-02 5.08196843827972e-01
-9.11136479398190e-02 2.54677790030827e-02 -5.08296014677403e-01
6.49258462045805e-02 -6.90873662052060e-02 -4.63682071407504e-01
-6.90909409116508e-02 1.37354738699555e-02 2.18962204513827e+00
6.56250883129271e-02 4.12537551402257e-02 1.89851799066304e+00
2.54919688066061e-02 -1.50626407571708e-02 3.07267385702788e+00
4.26786618384053e-02 8.28290934282048e-02 -7.50594734037263e-01
4.98793046869142e-02 1.22347133500532e-05 2.75838856895495e+00
4.12344015384655e-02 5.63252364185487e-02 2.21272322507582e+00
-2.22355584680073e-02 4.27062529421450e-02 2.79315716655316e+00
8.28161302023176e-02 -2.22294304716382e-02 -1.44067364886005e+00
-2.55056861162857e-02 1.50524240850432e-02 -3.07260132621100e+00
4.27022359635259e-02 -8.28252671119316e-02 7.49549226865613e-01
-2.95986501036275e-02 -7.75032204958131e-02 1.61552743548676e+00
2.03648204245235e-06 8.38527082321496e-06 3.23086945902352e+00
-2.96175436591160e-02 7.75060213298948e-02 1.61498066407015e+00
-2.96075513416699e-02 -7.75067561783451e-02 -1.61514893921524e+00
9.57990410183372e-02 7.39544670450587e-06 -7.43323378920999e-04
7.74974014982748e-02 -4.78994285049989e-02 -9.98897655334181e-01
-4.79088453833587e-02 -2.96172017777094e-02 -2.61345780381554e+00
7.75098387697959e-02 -4.78953259833910e-02 9.98023424041083e-01
-4.79164470661887e-02 2.95817649713419e-02 -2.61375577414155e+00
-9.57990428055162e-02 -1.39347292222235e-05 6.63912707826054e-05
2.95947767203444e-02 -7.75051477822292e-02 -1.61550298136600e+00
4.78810662986102e-02 -2.96096183403602e-02 -2.61413449259396e+00
-2.06346944556153e-05 9.57990391618119e-02 -7.31452965697656e-04
4.78754842686999e-02 2.95955078997244e-02 -2.61443250271802e+00
6.99291728749264e-07 -9.57990438229509e-02 5.46355750834795e-05
2.96098818774121e-02 -7.75016116358974e-02 1.61538111513595e+00
-4.79051468194914e-02 2.96056387323619e-02 2.61368392384614e+00
7.74893786922117e-02 4.79045747765879e-02 -9.99324788054593e-01
-4.78975440429802e-02 -2.96033625458537e-02 2.61387172473144e+00
4.79030250695502e-02 2.96193865840374e-02 2.61355098861623e+00
7.75018155883735e-02 4.79148815417623e-02 9.97664402969790e-01
-7.74986415085522e-02 -4.79045202944932e-02 9.98510428792735e-01
4.79086079217168e-02 -2.95957763493370e-02 2.61373880874299e+00
2.95942555771485e-02 7.75175973215912e-02 1.61483429871513e+00
-7.75010423879057e-02 -4.79086211434102e-02 -9.98074596990724e-01
-2.19679625857753e-05 -1.49248043061347e-05 -3.23086934797453e+00
2.95791518422273e-02 7.74978209144410e-02 -1.61622809447251e+00
-7.75119516650873e-02 4.78895599565063e-02 9.98151487192774e-01
-7.75143516957728e-02 4.78792566836356e-02 -9.98501635386919e-01
-2.96264434131452e-02 7.74862474122846e-02 -1.61587399675694e+00
-5.03612135506626e-02 -8.14935882869553e-02 2.08787434659207e-04
5.03649377777324e-02 -8.14912866618677e-02 -2.16851356422551e-04
5.03497121863452e-02 8.15006907562308e-02 -8.85584389592300e-04
-5.03822827536408e-02 8.14805633211187e-02 -4.59843604062176e-04
-8.14924645958476e-02 -6.21512332545195e-06 1.69851780947046e+00
-8.14961099100147e-02 -1.84677031013618e-05 -1.69831876278281e+00
8.14779786803534e-02 -3.25508288778718e-07 -1.69930808263705e+00
8.14995764980160e-02 1.19316627533433e-05 1.69812960811762e+00
-5.36327040909311e-06 5.03765729679302e-02 2.74809082697510e+00
5.85343743099903e-06 -5.03614761448098e-02 2.74840553517912e+00
-1.45666977690681e-05 -5.03723301455334e-02 -2.74817924833585e+00
-2.57819646208171e-05 5.03477686641949e-02 -2.74869103885637e+00
3 631 67 1
3 599 6 67
3 497 1 6
3 67 6 1
3 615 294 296
3 494 73 294
3 599 296 73
3 294 73 296
3 614 232 293
3 497 231 232
3 494 293 231
3 232 231 293
3 599 73 6
3 494 231 73
3 497 6 231
3 73 231 6
3 639 43 297
3 553 473 43
3 490 297 473
3 43 473 297
3 600 430 152
3 542 47 430
3 553 152 47
3 430 47 152
3 615 74 70
3 490 340 74
3 542 70 340
3 74 340 70
3 553 47 473
3 542 340 47
3 490 473 340
3 47 340 473
3 630 374 145
3 495 353 374
3 543 145 353
3 374 353 145
3 614 284 147
3 541 350 284
3 495 147 350
3 284 350 147
3 600 262 168
3 543 373 262
3 541 168 373
3 262 373 168
3 495 350 353
3 541 373 350
3 543 353 373
3 350 373 353
3 615 70 294
3 542 339 70
3 494 294 339
3 70 339 294
3 600 168 430
3 541 372 168
3 542 430 372
3 168 372 430
3 614 293 284
3 494 336 293
3 541 284 336
3 293 336 284
3 542 372 339
3 541 336 372
3 494 339 336
3 372 336 339
3 640 236 3
3 503 286 236
3 559 3 286
3 236 286 3
3 610 467 357
3 489 135 467
3 503 357 135
3 467 135 357
3 603 5 338
3 559 246 5
3 489 338 246
3 5 246 338
3 503 135 286
3 489 246 135
3 559 286 246
3 135 246 286
3 631 1 104
3 497 458 1
3 558 104 458
3 1 458 104
3 614 436 232
3 552 453 436
3 497 232 453
3 436 453 232
3 610 320 433
3 558 337 320
3 552 433 337
3 320 337 433
3 497 453 458
3 552 337 453
3 558 458 337
3 453 337 458
3 630 290 374
3 498 241 290
3 495 374 241
3 290 241 374
3 603 319 429
3 496 258 319
3 498 429 258
3 319 258 429
3 614 147 452
3 495 237 147
3 496 452 237
3 147 237 452
3 498 258 241
3 496 237 258
3 495 241 237
3 258 237 241
3 610 433 467
3 552 242 433
3 489 467 242
3 433 242 467
3 614 452 436
3 496 25 452
3 552 436 25
3 452 25 436
3 603 338 319
3 489 17 338
3 496 319 17
3 338 17 319
3 552 25 242
3 496 17 25
3 489 242 17
3 25 17 242
3 635 349 20
3 580 363 349
3 513 20 363
3 349 363 20
3 606 272 9
3 515 44 272
3 580 9 44
3 272 44 9
3 624 364 45
3 513 129 364
3 515 45 129
3 364 129 45
3 580 44 363
3 515 129 44
3 513 363 129
3 44 129 363
3 640 3 194
3 559 140 3
3 518 194 140
3 3 140 194
3 603 87 5
3 528 399 87
3 559 5 399
3 87 399 5
3 606 199 89
3 518 254 199
3 528 89 254
3 199 254 89
3 559 399 140
3 528 254 399
3 518 140 254
3 399 254 140
3 630 85 290
3 510 470 85
3 498 290 470
3 85 470 290
3 624 217 442
3 554 86 217
3 510 442 86
3 217 86 442
3 603 429 459
3 498 475 429
3 554 459 475
3 429 475 459
3 510 86 470
3 554 475 86
3 498 470 475
3 86 475 470
3 606 89 272
3 528 213 89
3 515 272 213
3 89 213 272
3 603 459 87
3 554 394 459
3 528 87 394
3 459 394 87
3 624 45 217
3 515 100 45
3 554 217 100
3 45 100 217
3 528 394 213
3 554 100 394
3 515 213 100
3 394 100 213
3 634 279 111
3 521 411 279
3 550 111 411
3 279 411 111
3 609 151 405
3 582 163 151
3 521 405 163
3 151 163 405
3 621 461 376
3 550 464 461
3 582 376 464
3 461 464 376
3 521 163 411
3 582 464 163
3 550 411 464
3 163 464 411
3 635 20 205
3 513 235 20
3 524 205 235
3 20 235 205
3 624 2 364
3 584 365 2
3 513 364 365
3 2 365 364
3 609 314 234
3 524 90 314
3 584 234 90
3 314 90 234
3 513 365 235
3 584 90 365
3 524 235 90
3 365 90 235
3 630 450 85
3 544 441 450
3 510 85 441
3 450 441 85
3 621 36 316
3 491 356 36
3 544 316 356
3 36 356 316
3 624 442 38
3 510 8 442
3 491 38 8
3 442 8 38
3 544 356 441
3 491 8 356
3 510 441 8
3 356 8 441
3 609 234 151
3 584 380 234
3 582 151 380
3 234 380 151
3 624 38 2
3 491 40 38
3 584 2 40
3 38 40 2
3 621 376 36
3 582 37 376
3 491 36 37
3 376 37 36
3 584 40 380
3 491 37 40
3 582 380 37
3 40 37 380
3 639 132 43
3 555 348 132
3 553 43 348
3 132 348 43
3 618 58 359
3 545 34 58
3 555 359 34
3 58 34 359
3 600 152 412
3 553 33 152
3 545 412 33
3 152 33 412
3 555 34 348
3 545 33 34
3 553 348 33
3 34 33 348
3 634 111 420
3 550 302 111
3 551 420 302
3 111 302 420
3 621 177 461
3 486 255 177
3 550 461 255
3 177 255 461
3 618 174 62
3 551 257 174
3 486 62 257
3 174 257 62
3 550 255 302
3 486 257 255
3 551 302 257
3 255 257 302
3 630 145 450
3 543 414 145
3 544 450 414
3 145 414 450
3 600 310 262
3 484 122 310
3 543 262 122
3 310 122 262
3 621 316 92
3 544 123 316
3 484 92 123
3 316 123 92
3 543 122 414
3 484 123 122
3 544 414 123
3 122 123 414
3 618 62 58
3 486 142 62
3 545 58 142
3 62 142 58
3 621 92 177
3 484 141 92
3 486 177 141
3 92 141 177
3 600 412 310
3 545 124 412
3 484 310 124
3 412 124 310
3 486 141 142
3 484 124 141
3 545 142 124
3 141 124 142
3 638 371 229
3 523 225 371
3 512 229 225
3 371 225 229
3 623 230 253
3 570 144 230
3 523 253 144
3 230 144 253
3 602 333 476
3 512 331 333
3 570 476 331
3 333 331 476
3 523 144 225
3 570 331 144
3 512 225 331
3 144 331 225
3 632 303 445
3 514 200 303
3 520 445 200
3 303 200 445
3 612 139 84
3 575 305 139
3 514 84 305
3 139 305 84
3 623 309 248
3 520 159 309
3 575 248 159
3 309 159 248
3 514 305 200
3 575 159 305
3 520 200 159
3 305 159 200
3 633 39 244
3 509 298 39
3 517 244 298
3 39 298 244
3 602 383 150
3 505 195 383
3 509 150 195
3 383 195 150
3 612 16 42
3 517 299 16
3 505 42 299
3 16 299 42
3 509 195 298
3 505 299 195
3 517 298 299
3 195 299 298
3 623 248 230
3 575 220 248
3 570 230 220
3 248 220 230
3 612 42 139
3 505 76 42
3 575 139 76
3 42 76 139
3 602 476 383
3 570 71 476
3 505 383 71
3 476 71 383
3 575 76 220
3 505 71 76
3 570 220 71
3 76 71 220
3 634 238 138
3 590 137 238
3 579 138 137
3 238 137 138
3 616 344 13
3 522 120 344
3 590 13 120
3 344 120 13
3 627 22 0
3 579 179 22
3 522 0 179
3 22 179 0
3 590 120 137
3 522 179 120
3 579 137 179
3 120 179 137
3 638 229 153
3 512 226 229
3 596 153 226
3 229 226 153
3 602 10 333
3 507 283 10
3 512 333 283
3 10 283 333
3 616 384 131
3 596 358 384
3 507 131 358
3 384 358 131
3 512 283 226
3 507 358 283
3 596 226 358
3 283 358 226
3 633 334 39
3 578 79 334
3 509 39 79
3 334 79 39
3 627 162 227
3 573 208 162
3 578 227 208
3 162 208 227
3 602 150 397
3 509 72 150
3 573 397 72
3 150 72 397
3 578 208 79
3 573 72 208
3 509 79 72
3 208 72 79
3 616 131 344
3 507 416 131
3 522 344 416
3 131 416 344
3 602 397 10
3 573 55 397
3 507 10 55
3 397 55 10
3 627 0 162
3 522 175 0
3 573 162 175
3 0 175 162
3 507 55 416
3 573 175 55
3 522 416 175
3 55 175 416
3 635 205 118
3 524 158 205
3 574 118 158
3 205 158 118
3 609 4 314
3 588 93 4
3 524 314 93
3 4 93 314
3 628 477 233
3 574 478 477
3 588 233 478
3 477 478 233
3 524 93 158
3 588 478 93
3 574 158 478
3 93 478 158
3 634 138 279
3 579 172 138
3 521 279 172
3 138 172 279
3 627 451 22
3 587 23 451
3 579 22 23
3 451 23 22
3 609 405 211
3 521 165 405
3 587 211 165
3 405 165 211
3 579 23 172
3 587 165 23
3 521 172 165
3 23 165 172
3 633 444 334
3 572 201 444
3 578 334 201
3 444 201 334
3 628 268 311
3 519 381 268
3 572 311 381
3 268 381 311
3 627 227 267
3 578 385 227
3 519 267 385
3 227 385 267
3 572 381 201
3 519 385 381
3 578 201 385
3 381 385 201
3 609 211 4
3 587 454 211
3 588 4 454
3 211 454 4
3 627 267 451
3 519 269 267
3 587 451 269
3 267 269 451
3 628 233 268
3 588 271 233
3 519 268 271
3 233 271 268
3 587 269 454
3 519 271 269
3 588 454 271
3 269 271 454
3 641 181 155
3 482 91 181
3 501 155 91
3 181 91 155
3 608 31 186
3 483 59 31
3 482 186 59
3 31 59 186
3 629 390 260
3 501 108 390
3 483 260 108
3 390 108 260
3 482 59 91
3 483 108 59
3 501 91 108
3 59 108 91
3 635 118 164
3 574 7 118
3 539 164 7
3 118 7 164
3 628 125 477
3 481 15 125
3 574 477 15
3 125 15 477
3 608 280 346
3 539 19 280
3 481 346 19
3 280 19 346
3 574 15 7
3 481 19 15
3 539 7 19
3 15 19 7
3 633 265 444
3 557 126 265
3 572 444 126
3 265 126 444
3 629 277 154
3 511 105 277
3 557 154 105
3 277 105 154
3 628 311 276
3 572 317 311
3 511 276 317
3 311 317 276
3 557 105 126
3 511 317 105
3 572 126 317
3 105 317 126
3 608 346 31
3 481 256 346
3 483 31 256
3 346 256 31
3 628 276 125
3 511 243 276
3 481 125 243
3 276 243 125
3 629 260 277
3 483 216 260
3 511 277 216
3 260 216 277
3 481 243 256
3 511 216 243
3 483 256 216
3 243 216 256
3 632 215 303
3 593 304 215
3 514 303 304
3 215 304 303
3 626 88 110
3 576 203 88
3 593 110 203
3 88 203 110
3 612 84 440
3 514 307 84
3 576 440 307
3 84 307 440
3 593 203 304
3 576 307 203
3 514 304 307
3 203 307 304
3 641 155 247
3 501 382 155
3 527 247 382
3 155 382 247
3 629 209 390
3 530 35 209
3 501 390 35
3 209 35 390
3 626 24 207
3 527 191 24
3 530 207 191
3 24 191 207
3 501 35 382
3 530 191 35
3 527 382 191
3 35 191 382
3 633 244 265
3 517 130 244
3 557 265 130
3 244 130 265
3 612 273 16
3 577 355 273
3 517 16 355
3 273 355 16
3 629 154 400
3 557 127 154
3 577 400 127
3 154 127 400
3 517 355 130
3 577 127 355
3 557 130 127
3 355 127 130
3 626 207 88
3 530 471 207
3 576 88 471
3 207 471 88
3 629 400 209
3 577 472 400
3 530 209 472
3 400 472 209
3 612 440 273
3 576 250 440
3 577 273 250
3 440 250 273
3 530 472 471
3 577 250 472
3 576 471 250
3 472 250 471
3 641 247 249
3 527 190 247
3 571 249 190
3 247 190 249
3 626 134 24
3 569 78 134
3 527 24 78
3 134 78 24
3 613 368 12
3 571 408 368
3 569 12 408
3 368 408 12
3 527 78 190
3 569 408 78
3 571 190 408
3 78 408 190
3 632 387 215
3 563 389 387
3 593 215 389
3 387 389 215
3 617 196 157
3 504 425 196
3 563 157 425
3 196 425 157
3 626 110 300
3 593 437 110
3 504 300 437
3 110 437 300
3 563 425 389
3 504 437 425
3 593 389 437
3 425 437 389
3 636 193 156
3 508 426 193
3 567 156 426
3 193 426 156
3 613 324 432
3 506 161 324
3 508 432 161
3 324 161 432
3 617 388 327
3 567 398 388
3 506 327 398
3 388 398 327
3 508 161 426
3 506 398 161
3 567 426 398
3 161 398 426
3 626 300 134
3 504 427 300
3 569 134 427
3 300 427 134
3 617 327 196
3 506 180 327
3 504 196 180
3 327 180 196
3 613 12 324
3 569 402 12
3 506 324 402
3 12 402 324
3 504 180 427
3 506 402 180
3 569 427 402
3 180 402 427
3 640 197 252
3 562 323 197
3 487 252 323
3 197 323 252
3 625 342 439
3 485 360 342
3 562 439 360
3 342 360 439
3 611 369 228
3 487 421 369
3 485 228 421
3 369 421 228
3 562 360 323
3 485 421 360
3 487 323 421
3 360 421 323
3 641 249 133
3 571 409 249
3 565 133 409
3 249 409 133
3 613 83 368
3 566 422 83
3 571 368 422
3 83 422 368
3 625 361 198
3 565 282 361
3 566 198 282
3 361 282 198
3 571 422 409
3 566 282 422
3 565 409 282
3 422 282 409
3 636 375 193
3 547 182 375
3 508 193 182
3 375 182 193
3 611 28 143
3 533 101 28
3 547 143 101
3 28 101 143
3 613 432 30
3 508 61 432
3 533 30 61
3 432 61 30
3 547 101 182
3 533 61 101
3 508 182 61
3 101 61 182
3 625 198 342
3 566 362 198
3 485 342 362
3 198 362 342
3 613 30 83
3 533 318 30
3 566 83 318
3 30 318 83
3 611 228 28
3 485 14 228
3 533 28 14
3 228 14 28
3 566 318 362
3 533 14 318
3 485 362 14
3 318 14 362
3 631 104 185
3 558 462 104
3 589 185 462
3 104 462 185
3 610 431 320
3 581 456 431
3 558 320 456
3 431 456 320
3 605 291 295
3 589 75 291
3 581 295 75
3 291 75 295
3 558 456 462
3 581 75 456
3 589 462 75
3 456 75 462
3 640 252 236
3 487 109 252
3 503 236 109
3 252 109 236
3 611 449 369
3 548 112 449
3 487 369 112
3 449 112 369
3 610 357 448
3 503 173 357
3 548 448 173
3 357 173 448
3 487 112 109
3 548 173 112
3 503 109 173
3 112 173 109
3 636 417 375
3 597 378 417
3 547 375 378
3 417 378 375
3 605 455 56
3 583 322 455
3 597 56 322
3 455 322 56
3 611 143 99
3 547 261 143
3 583 99 261
3 143 261 99
3 597 322 378
3 583 261 322
3 547 378 261
3 322 261 378
3 610 448 431
3 548 97 448
3 581 431 97
3 448 97 431
3 611 99 449
3 583 98 99
3 548 449 98
3 99 98 449
3 605 295 455
3 581 69 295
3 583 455 69
3 295 69 455
3 548 98 97
3 583 69 98
3 581 97 69
3 98 69 97
3 637 435 285
3 556 457 435
3 493 285 457
3 435 457 285
3 607 332 77
3 564 466 332
3 556 77 466
3 332 466 77
3 604 418 329
3 493 103 418
3 564 329 103
3 418 103 329
3 556 466 457
3 564 103 466
3 493 457 103
3 466 103 457
3 631 185 53
3 589 415 185
3 549 53 415
3 185 415 53
3 605 377 291
3 586 149 377
3 589 291 149
3 377 149 291
3 607 167 379
3 549 413 167
3 586 379 413
3 167 413 379
3 589 149 415
3 586 413 149
3 549 415 413
3 149 413 415
3 636 396 417
3 488 401 396
3 597 417 401
3 396 401 417
3 604 116 48
3 560 343 116
3 488 48 343
3 116 343 48
3 605 56 117
3 597 474 56
3 560 117 474
3 56 474 117
3 488 343 401
3 560 474 343
3 597 401 474
3 343 474 401
3 607 379 332
3 586 115 379
3 564 332 115
3 379 115 332
3 605 117 377
3 560 341 117
3 586 377 341
3 117 341 377
3 604 329 116
3 564 270 329
3 560 116 270
3 329 270 116
3 586 341 115
3 560 270 341
3 564 115 270
3 341 270 115
3 632 245 387
3 561 281 245
3 563 387 281
3 245 281 387
3 620 80 136
3 500 366 80
3 561 136 366
3 80 366 136
3 617 157 438
3 563 367 157
3 500 438 367
3 157 367 438
3 561 366 281
3 500 367 366
3 563 281 367
3 366 367 281
3 637 285 465
3 493 106 285
3 568 465 106
3 285 106 465
3 604 63 418
3 532 210 63
3 493 418 210
3 63 210 418
3 620 325 289
3 568 306 325
3 532 289 306
3 325 306 289
3 493 210 106
3 532 306 210
3 568 106 306
3 210 306 106
3 636 156 396
3 567 347 156
3 488 396 347
3 156 347 396
3 617 206 388
3 480 345 206
3 567 388 345
3 206 345 388
3 604 48 95
3 488 460 48
3 480 95 460
3 48 460 95
3 567 345 347
3 480 460 345
3 488 347 460
3 345 460 347
3 620 289 80
3 532 21 289
3 500 80 21
3 289 21 80
3 604 95 63
3 480 479 95
3 532 63 479
3 95 479 63
3 617 438 206
3 500 121 438
3 480 206 121
3 438 121 206
3 532 479 21
3 480 121 479
3 500 21 121
3 479 121 21
3 641 133 181
3 565 313 133
3 482 181 313
3 133 313 181
3 625 128 361
3 598 18 128
3 565 361 18
3 128 18 361
3 608 186 354
3 482 64 186
3 598 354 64
3 186 64 354
3 565 18 313
3 598 64 18
3 482 313 64
3 18 64 313
3 640 194 197
3 518 251 194
3 562 197 251
3 194 251 197
3 606 114 199
3 516 119 114
3 518 199 119
3 114 119 199
3 625 439 330
3 562 221 439
3 516 330 221
3 439 221 330
3 518 119 251
3 516 221 119
3 562 251 221
3 119 221 251
3 635 164 349
3 539 51 164
3 580 349 51
3 164 51 349
3 608 264 280
3 499 240 264
3 539 280 240
3 264 240 280
3 606 9 263
3 580 32 9
3 499 263 32
3 9 32 263
3 539 240 51
3 499 32 240
3 580 51 32
3 240 32 51
3 625 330 128
3 516 468 330
3 598 128 468
3 330 468 128
3 606 263 114
3 499 11 263
3 516 114 11
3 263 11 114
3 608 354 264
3 598 146 354
3 499 264 146
3 354 146 264
3 516 11 468
3 499 146 11
3 598 468 146
3 11 146 468
3 639 315 132
3 538 222 315
3 555 132 222
3 315 222 132
3 601 423 446
3 526 178 423
3 538 446 178
3 423 178 446
3 618 359 60
3 555 424 359
3 526 60 424
3 359 424 60
3 538 178 222
3 526 424 178
3 555 222 424
3 178 424 222
3 638 153 184
3 596 183 153
3 536 184 183
3 153 183 184
3 616 278 384
3 525 50 278
3 596 384 50
3 278 50 384
3 601 288 160
3 536 170 288
3 525 160 170
3 288 170 160
3 596 50 183
3 525 170 50
3 536 183 170
3 50 170 183
3 634 420 238
3 551 419 420
3 590 238 419
3 420 419 238
3 618 189 174
3 585 287 189
3 551 174 287
3 189 287 174
3 616 13 188
3 590 428 13
3 585 188 428
3 13 428 188
3 551 287 419
3 585 428 287
3 590 419 428
3 287 428 419
3 601 160 423
3 525 57 160
3 526 423 57
3 160 57 423
3 616 188 278
3 585 403 188
3 525 278 403
3 188 403 278
3 618 60 189
3 526 176 60
3 585 189 176
3 60 176 189
3 525 403 57
3 585 176 403
3 526 57 176
3 403 176 57
3 637 465 407
3 568 352 465
3 535 407 352
3 465 352 407
3 620 434 325
3 591 463 434
3 568 325 463
3 434 463 325
3 619 166 301
3 535 404 166
3 591 301 404
3 166 404 301
3 568 463 352
3 591 404 463
3 535 352 404
3 463 404 352
3 632 445 245
3 520 46 445
3 561 245 46
3 445 46 245
3 623 219 309
3 502 393 219
3 520 309 393
3 219 393 309
3 620 136 218
3 561 392 136
3 502 218 392
3 136 392 218
3 520 393 46
3 502 392 393
3 561 46 392
3 393 392 46
3 638 29 371
3 537 148 29
3 523 371 148
3 29 148 371
3 619 81 259
3 595 27 81
3 537 259 27
3 81 27 259
3 623 253 192
3 523 370 253
3 595 192 370
3 253 370 192
3 537 27 148
3 595 370 27
3 523 148 370
3 27 370 148
3 620 218 434
3 502 326 218
3 591 434 326
3 218 326 434
3 623 192 219
3 595 328 192
3 502 219 328
3 192 328 219
3 619 301 81
3 591 82 301
3 595 81 82
3 301 82 81
3 502 328 326
3 595 82 328
3 591 326 82
3 328 82 326
3 639 214 315
3 540 113 214
3 538 315 113
3 214 113 315
3 622 266 102
3 592 212 266
3 540 102 212
3 266 212 102
3 601 446 41
3 538 312 446
3 592 41 312
3 446 312 41
3 540 212 113
3 592 312 212
3 538 113 312
3 212 312 113
3 637 407 96
3 535 469 407
3 534 96 469
3 407 469 96
3 619 239 166
3 594 406 239
3 535 166 406
3 239 406 166
3 622 447 351
3 534 94 447
3 594 351 94
3 447 94 351
3 535 406 469
3 594 94 406
3 534 469 94
3 406 94 469
3 638 184 29
3 536 26 184
3 537 29 26
3 184 26 29
3 601 391 288
3 529 169 391
3 536 288 169
3 391 169 288
3 619 259 49
3 537 171 259
3 529 49 171
3 259 171 49
3 536 169 26
3 529 171 169
3 537 26 171
3 169 171 26
3 622 351 266
3 594 386 351
3 592 266 386
3 351 386 266
3 619 49 239
3 529 275 49
3 594 239 275
3 49 275 239
3 601 41 391
3 592 274 41
3 529 391 274
3 41 274 391
3 594 275 386
3 529 274 275
3 592 386 274
3 275 274 386
3 631 53 67
3 549 54 53
3 599 67 54
3 53 54 67
3 607 187 167
3 546 395 187
3 549 167 395
3 187 395 167
3 615 296 292
3 599 68 296
3 546 292 68
3 296 68 292
3 549 395 54
3 546 68 395
3 599 54 68
3 395 68 54
3 637 96 435
3 534 224 96
3 556 435 224
3 96 224 435
3 622 321 447
3 492 204 321
3 534 447 204
3 321 204 447
3 607 77 107
3 556 443 77
3 492 107 443
3 77 443 107
3 534 204 224
3 492 443 204
3 556 224 443
3 204 443 224
3 639 297 214
3 490 335 297
3 540 214 335
3 297 335 214
3 615 410 74
3 531 223 410
3 490 74 223
3 410 223 74
3 622 102 52
3 540 65 102
3 531 52 65
3 102 65 52
3 490 223 335
3 531 65 223
3 540 335 65
3 223 65 335
3 607 107 187
3 492 308 107
3 546 187 308
3 107 308 187
3 622 52 321
3 531 202 52
3 492 321 202
3 52 202 321
3 615 292 410
3 546 66 292
3 531 410 66
3 292 66 410
3 492 202 308
3 531 66 202
3 546 308 66
3 202 66 308
