OFF
642 1280 0
-2.47092439016281e-01 1.54310242495345e-01 7.93928590285033e-01
1.40740591320412e-01 -2.95106527644207e-01 -8.54150827183743e-05
-2.91311353900073e-01 -1.27017589409461e-01 -4.10871240124967e-01
-2.08658754625627e-02 -1.95279188236959e-01 -1.39821499829801e+00
-3.22925791676484e-01 4.42014070435997e-02 -1.37518922582536e-01
-7.43741011196933e-02 -2.45569104742425e-01 -1.08390073303928e+00
1.21784628157937e-01 -3.00821873774249e-01 2.11980547637493e-01
-2.61210585110360e-01 6.40695872290347e-02 -9.94410719164320e-01
-2.52951271679522e-01 -2.05655465582931e-01 -1.32896597995163e-01
-2.02686883266614e-01 -7.44029030199952e-02 -1.31328520089475e+00
-1.22776138129514e-01 2.31182450549315e-01 1.04788134542052e+00
-1.30196095754540e-01 -2.59645698394505e-02 -1.59820984959433e+00
1.54249410466261e-01 1.48421297037099e-01 -1.32192806900539e+00
-2.02676948561278e-01 7.43483085142511e-02 1.31341753112869e+00
1.30069747909037e-01 -2.59377447243291e-02 -1.59851664426559e+00
-2.57003623323893e-01 1.09446129056329e-01 -9.08816803404417e-01
-5.09717088270277e-02 3.22951478318998e-01 -3.59196166666879e-04
-2.59211427760624e-02 -2.98814490935512e-01 -6.96075638045276e-01
-4.28946484051140e-02 7.56950432437640e-02 -1.68582019101449e+00
-2.32138596180688e-01 9.40748377839608e-02 -1.12403855531650e+00
-2.82247048156617e-01 -3.37499358336933e-02 -8.64060755700635e-01
2.98798536587449e-01 1.30186217120709e-01 1.38122514537628e-01
-2.77033393301989e-01 1.20270656179331e-01 6.69880838546714e-01
-2.99799802709376e-01 8.30208664585110e-02 5.38198637635715e-01
7.42626203936467e-02 2.45521666374537e-01 -1.08442680396512e+00
-1.00150132326676e-05 -3.14822414774813e-01 -4.71891998799058e-01
3.96363489264844e-02 1.21822417187758e-01 1.60903529060091e+00
1.09514249070496e-01 1.69962378289103e-01 1.37436329481599e+00
1.68515256637663e-01 -5.11506486424947e-02 -1.47349600576761e+00
3.36799111310242e-02 1.61608938704044e-01 1.50957987511961e+00
1.68505671467173e-01 5.10993896174029e-02 -1.47357825571094e+00
-1.54397244939479e-01 1.48372362426573e-01 -1.32159139565889e+00
-2.05667999509406e-01 -2.49310468043122e-02 -1.35295818943135e+00
-9.41334044666390e-02 -2.10145674870406e-01 1.24155819681732e+00
-1.09506373069313e-01 -1.69904299033059e-01 1.37458670720599e+00
-2.49566889343909e-02 2.52913898661217e-01 -1.10024213555617e+00
-2.75413094160433e-01 -1.68605444214400e-01 2.73568428608689e-01
-2.98795143612841e-01 -1.30173947797100e-01 1.38662346974581e-01
-2.75416884548883e-01 -1.68612358250086e-01 -2.73337216996945e-01
-1.61622346144924e-01 2.82209290791868e-01 1.79963988303489e-01
-2.98796675499365e-01 -1.30178089359990e-01 -1.38456495256194e-01
4.42707415085303e-02 -2.56823345000487e-02 1.72731835154686e+00
-2.57778826947499e-02 3.22922151861722e-01 2.36364340336585e-01
-2.08038560235284e-02 -1.95248276464556e-01 1.39836495096501e+00
-2.32113072240115e-01 -9.41981097537543e-02 -1.12389396960474e+00
-2.47063813320616e-01 -1.54367924104762e-01 -7.93862644661291e-01
1.85883701514031e-01 2.61226935965161e-01 3.42655391425749e-01
-2.48507945121524e-02 -2.52961732029514e-01 1.09999604855997e+00
3.22950181718736e-01 1.86034325794660e-05 -2.72696217608629e-01
1.26993159432189e-01 7.68885430858196e-02 1.55819774658363e+00
-8.30719853861763e-02 1.00651459693147e-01 1.60351385798529e+00
-2.36709253219667e-01 -6.49429501354660e-05 -1.20638794275827e+00
1.54364031329470e-01 -1.48428154611830e-01 1.32152315166845e+00
1.95261329135899e-01 -2.61412069670218e-01 1.11245576984197e-01
1.85931736283214e-01 -2.61178011632925e-01 3.42976653729755e-01
-1.68702072484374e-01 2.10578537415011e-01 9.87657252643582e-01
2.76985011011330e-01 -1.20301504520762e-01 -6.70294674357659e-01
-8.82296166738402e-02 1.73192267916867e-05 1.68399656040558e+00
-1.54321931176535e-01 -1.48447942139114e-01 1.32160024200567e+00
-1.09594454286632e-01 1.69835647782457e-01 -1.37462859678735e+00
-1.26975886483682e-01 -7.68325277766454e-02 1.55831707688236e+00
2.05564568956418e-01 2.48505628621677e-02 -1.35345022683737e+00
-1.95927918682018e-01 -1.22739778404430e-01 1.23658763485006e+00
3.22919584766961e-01 4.42893834559817e-02 1.37125493721623e-01
-8.31311566741353e-02 1.00559180580894e-01 -1.60359177164688e+00
1.09548207904768e-01 -1.69891753069652e-01 1.37453569740150e+00
1.68691014432971e-01 -2.10569270139666e-01 9.87767823214407e-01
1.61569871907222e-01 -2.82235799562338e-01 1.80122633103494e-01
1.69926070594282e-01 -2.56963132584467e-01 5.85739729437535e-01
2.10544310090217e-01 -1.84681098473238e-01 -9.02391972297592e-01
5.11466906259640e-02 -2.75425122700412e-01 9.01773976395679e-01
-2.59588522631371e-02 2.98829951944463e-01 6.95845478528862e-01
-1.69957387413871e-01 2.56953458000631e-01 5.85601174248797e-01
1.00639857633344e-01 -2.99783530483273e-01 4.44239294045643e-01
7.43739312133731e-02 -2.45546736355527e-01 1.08404605363213e+00
2.10130204254271e-01 -2.32100379540085e-01 -5.03794411981713e-01
-5.80167555144153e-05 3.14838574322735e-01 4.71583321998448e-01
2.77038634480342e-01 -1.20280676874680e-01 6.69767329792095e-01
9.40611496768531e-02 2.10113905247280e-01 -1.24186869398782e+00
-1.85971819612328e-01 2.61154635839992e-01 3.42864129029101e-01
2.75415835995267e-01 1.68631051458292e-01 2.73037325377416e-01
1.54335750639855e-01 1.48504923489992e-01 1.32137088023341e+00
1.84674177518448e-01 1.68722398974785e-01 1.12615702476177e+00
1.26896458160693e-01 7.68033032729264e-02 -1.55854340552583e+00
5.08334068898359e-02 3.22973273378417e-01 -4.27446050432001e-04
-1.95244286801512e-01 -2.61424637626000e-01 -1.11256396826875e-01
-2.10142038789267e-01 -2.32116128591641e-01 -5.03445439886347e-01
-1.22752429747212e-01 -2.31191923176932e-01 -1.04790102123396e+00
7.67579491588462e-02 2.91305950763615e-01 -6.79667376322321e-01
-1.54359411216785e-01 -1.48484554737217e-01 -1.32135729672073e+00
-3.15154025568401e-01 -4.28672246032790e-02 -4.05124617575797e-01
-6.42231505855032e-02 1.85853063909610e-01 -1.39722595962089e+00
-2.31156556648415e-01 -1.95947999667906e-01 6.56583807844453e-01
-3.15166374404869e-01 4.27566909964088e-02 -4.05183960950967e-01
2.05665774837177e-01 -2.48309909660878e-02 1.35302051263091e+00
3.22907819737090e-01 4.42823959782403e-02 -1.37980121132288e-01
2.61444631595492e-01 -2.07844386858163e-02 1.04424366106886e+00
1.68624775575191e-01 -2.10589288015495e-01 -9.87969307806130e-01
1.84627547201046e-01 -1.68674900405125e-01 -1.12657929973746e+00
1.95882627276329e-01 -1.22749526675903e-01 -1.23676523925361e+00
-2.10585259904646e-01 -1.84703236256919e-01 -9.01988838029699e-01
2.05569038518185e-01 -2.48885229463845e-02 -1.35341084467389e+00
1.20330028685852e-01 -1.25229709228241e-01 1.48174494448047e+00
3.15174033647581e-01 -4.27892795573491e-02 4.04914972390482e-01
1.61557936300200e-01 -2.82237906988115e-01 -1.80334348072355e-01
-1.69972904492210e-01 2.56908777076913e-01 -5.86033066084974e-01
3.00841666745377e-01 3.96840593664145e-02 6.51079456380194e-01
2.47092503086721e-01 -1.54315732215013e-01 7.93897488872665e-01
-9.42284889793931e-02 2.10080359466063e-01 -1.24166808517454e+00
6.40898174843667e-02 -1.85939303927655e-01 -1.39707282507463e+00
1.25175222456932e-01 2.77008015571480e-01 -6.43970874440703e-01
-2.82235774760510e-01 -3.37141163564003e-02 8.64206117763083e-01
1.09465789946779e-01 -1.69926306423366e-01 -1.37460135905394e+00
3.96624626500421e-02 -1.21759610196281e-01 1.60915289879005e+00
-1.27025183396281e-01 -7.68890609937897e-02 -1.55812232622799e+00
2.98819404822670e-01 -1.30132162987929e-01 1.38288144394583e-01
3.22914693384440e-01 -4.42386617382139e-02 -1.37921241333755e-01
2.91306349616609e-01 -1.26976264845425e-01 -4.11337967119805e-01
-2.82256533311917e-01 3.36257103571173e-02 -8.64110680073954e-01
-8.31070058491526e-02 -1.00670816983600e-01 -1.60342716422357e+00
-2.32117197170496e-01 9.41386311431170e-02 1.12401218135910e+00
2.98787083639610e-01 1.30177751027356e-01 -1.39056563597076e-01
-1.69891054099650e-01 -2.56973181707047e-01 5.85904195028063e-01
-2.10131120419587e-01 -2.32107226934214e-01 5.03693204307881e-01
-1.68647766148985e-01 -2.10584224795286e-01 9.87887900538624e-01
-2.47106133868605e-01 1.54259450120184e-01 -7.94089039768734e-01
-1.85980251994388e-01 2.61128293756873e-01 -3.43307039318405e-01
-1.00702369994344e-01 2.99744815738489e-01 -4.44581306300027e-01
-4.43285946760047e-02 2.56541072385443e-02 -1.72728789962603e+00
-2.56973364876220e-01 -1.09564495002542e-01 -9.08653527117293e-01
-1.21847757754102e-01 3.00787489348594e-01 -2.12338314050973e-01
-1.54359770322421e-01 1.48455971749139e-01 1.32144798705383e+00
-3.36753542391900e-02 -1.61553659163578e-01 1.50975207473453e+00
-8.66439443599204e-05 1.40681469376759e-01 -1.57870094524185e+00
1.22650806812833e-01 2.31151130430575e-01 -1.04849880988990e+00
2.48362249227659e-02 -2.52976905687039e-01 -1.09990561504793e+00
2.45536009703927e-01 2.02711152742519e-01 3.97276644827471e-01
-2.61195113165269e-01 6.41224458494436e-02 9.94429516431259e-01
-2.82245260656195e-01 3.36685001085516e-02 8.64168358707710e-01
2.56494482116874e-02 3.22933161601340e-01 2.36333732639259e-01
-6.41792671203123e-02 -1.85945998484108e-01 -1.39692983092910e+00
-2.10565754267522e-01 -1.84682158421644e-01 9.02242587370567e-01
-1.84661235583648e-01 -1.68667717612266e-01 1.12645207865772e+00
2.02600021144261e-01 -7.43673729000947e-02 -1.31372620638078e+00
2.48360063994677e-02 2.53006803151201e-01 1.09970897510366e+00
-1.61549983202515e-01 -2.82242764254519e-01 1.80320692528904e-01
-1.30202568322715e-01 2.58407156919944e-02 -1.59825219720670e+00
-5.08963536205249e-02 -3.22963369464711e-01 6.11195755348476e-05
6.41270664449178e-02 1.85969593904532e-01 1.39690855113668e+00
2.52963515653024e-01 -2.05632251529574e-01 -1.33257087260472e-01
-1.25304611172709e-01 2.77008677048549e-01 6.43242321506041e-01
-3.22911832696934e-01 -4.42959428355638e-02 1.37586429729938e-01
-7.43329719618278e-02 -2.45551677543483e-01 1.08409441119790e+00
-3.37124698034571e-02 1.61597965706799e-01 1.50959269127553e+00
-1.25325095022530e-01 2.76958052170440e-01 -6.43751675620287e-01
-2.09101998390151e-02 1.95196580072497e-01 -1.39852606168662e+00
2.82191209379245e-01 3.36945807902031e-02 -8.64644212835273e-01
2.45505680934117e-01 2.02683397960058e-01 -3.98217017362944e-01
-3.00837464712876e-01 3.95767773395959e-02 -6.51321810525070e-01
1.00579392350963e-01 2.99822581875512e-01 4.43876891908137e-01
-4.42568360812276e-02 2.57380042004644e-02 1.72730483839988e+00
2.32031230674794e-01 9.41404054126122e-02 -1.12451567703029e+00
-2.31209640495299e-01 1.95912081005091e-01 6.56355656382927e-01
-3.15150339976252e-01 -4.28508735005757e-02 4.05256125896102e-01
-2.61437587236613e-01 2.07561700272869e-02 -1.04431021002708e+00
-3.15162689463325e-01 4.27771990734792e-02 4.05204036410943e-01
2.02680041083830e-01 7.44030278342463e-02 1.31331521256460e+00
2.45570759101078e-01 -2.02652129492704e-01 3.97523611064396e-01
-7.68238008300546e-02 -2.91320023905731e-01 6.79281795615810e-01
4.28195703255336e-02 7.57986405112278e-02 1.68574161399558e+00
-4.28243228911949e-02 7.57870370087470e-02 1.68575308707919e+00
8.30610618171039e-02 1.00675281448169e-01 1.60348725993557e+00
-3.00830421342197e-01 3.96094953014778e-02 6.51357985115949e-01
9.41038203639891e-02 -2.10162524199702e-01 -1.24154076159147e+00
-2.02657246894457e-01 -7.43548530609018e-02 1.31349391305616e+00
-2.10614995270158e-01 1.84661103916357e-01 9.02037016478550e-01
-1.30146144465300e-01 -2.58968307676699e-02 1.59835769877254e+00
-2.47050115649224e-01 -1.54346485472390e-01 7.94103851123586e-01
-4.28067731172794e-02 -7.57410051919496e-02 1.68582503448418e+00
-2.56989028258124e-01 1.09499378782684e-01 9.08751362119272e-01
2.10511299436360e-01 1.84671738806347e-01 -9.02667094678634e-01
-3.37771105675821e-02 1.61500074437074e-01 -1.50985106720990e+00
2.36620359806192e-01 -1.22536548070356e-05 -1.20688685899709e+00
-3.96551071834556e-02 1.21810511222155e-01 1.60904785671844e+00
-1.27025325005960e-05 1.40779903042048e-01 1.57844992361785e+00
1.95253511928234e-01 -2.61413644603469e-01 -1.11531902666924e-01
-1.20370639165666e-01 1.25178843825584e-01 -1.48177354410832e+00
2.31196926833898e-01 -1.95925351432377e-01 6.56370456810195e-01
-1.68596752561222e-01 5.11324080619799e-02 1.47324735779058e+00
-1.68583568645680e-01 -5.11247038698802e-02 1.47329817496050e+00
6.40508995262838e-02 1.85874926756514e-01 -1.39736897546019e+00
2.47812045670103e-02 2.52923435920680e-01 -1.10029289675812e+00
1.22715312959368e-01 2.31227839046784e-01 1.04779866101917e+00
2.61359486818161e-01 2.08178282860724e-02 -1.04483431514302e+00
-3.37399984632558e-02 -1.61593117354481e-01 -1.50958994359860e+00
-1.00686921170753e-01 2.99780978113821e-01 4.43983363277898e-01
2.31113804839340e-01 1.95947102372773e-01 -6.57021939102627e-01
-5.53045970437926e-05 -1.40771458085374e-01 -1.57847144751725e+00
4.41751835662805e-02 2.56646842768796e-02 -1.72739585658788e+00
-1.20339606145526e-01 -1.25292070996831e-01 -1.48157183829864e+00
1.21725281735209e-01 3.00855198874562e-01 2.11602304916171e-01
-2.25610035715154e-01 2.36634501994977e-01 -1.85961973346510e-04
1.84705239780560e-01 -1.68646415904661e-01 1.12633690187840e+00
1.00553219085224e-01 2.99786414476398e-01 -4.44744674011478e-01
2.32131559455684e-01 -9.41218652287056e-02 1.12396748867623e+00
-2.95117544436799e-01 -6.11285801159273e-05 -7.52709898122390e-01
2.91285791119927e-01 1.27003475452522e-01 -4.11514134790442e-01
5.10405232721148e-02 2.75400261650381e-01 -9.02163260053287e-01
-2.10192982001543e-01 2.32072265198253e-01 5.03415534807571e-01
-5.12104632119107e-02 2.75379920145423e-01 -9.02065367009403e-01
3.15167313897084e-01 4.28559553388416e-02 4.04862864350001e-01
-3.22924669246595e-01 4.42083907477503e-02 1.37530104936770e-01
8.30817290466960e-02 -1.00604041502618e-01 1.60358455543718e+00
-1.84689083306439e-01 -1.68696195280684e-01 -1.12619940303998e+00
3.37147575377671e-02 -1.61549625319559e-01 1.50973926275142e+00
1.61504597024897e-01 2.82259985182307e-01 -1.80712274696010e-01
-1.68728384780157e-01 2.10508687872714e-01 -9.87954648496179e-01
-2.31169134412960e-01 -1.95962449266385e-01 -6.56333665669270e-01
2.31162743427141e-01 1.95992386654055e-01 6.56142270900982e-01
1.48423487804665e-01 2.47117939554484e-01 8.25198941235065e-01
2.58573171492087e-02 2.98840647600350e-01 6.95822218594629e-01
-4.28771030982128e-02 -7.58023768807028e-02 -1.68569496369075e+00
-3.96269786313077e-02 -1.21765361515431e-01 1.60916546045456e+00
9.41759778856973e-02 -2.10137298551082e-01 1.24150638240510e+00
2.61213598816191e-01 -6.41093160417755e-02 9.94314800392044e-01
-2.94705505527030e-05 2.25600329892301e-01 1.26582782683284e+00
-6.41684325414083e-02 1.85947722431783e-01 1.39693750642546e+00
-2.45592170603365e-01 2.02624799845443e-01 3.97543747651791e-01
1.26911531871824e-01 -7.68670048481932e-02 -1.55841842534138e+00
-2.08481869347687e-02 1.95292886611699e-01 1.39816780459179e+00
5.10882885697920e-02 2.75471040324434e-01 9.01467337458518e-01
7.57642156474502e-02 -3.15155016245610e-01 2.29005635117822e-01
5.09018958036168e-02 -3.22962496213184e-01 -7.11474283130331e-06
-2.91347346398301e-01 1.26915078980261e-01 -4.11047368680939e-01
-3.22912955430886e-01 -4.43014689148960e-02 -1.37460067583852e-01
-3.00826150726656e-01 -3.96953699293508e-02 -6.51264833251370e-01
2.07761169085004e-02 -1.95277131356850e-01 -1.39826146100805e+00
-7.57563250134900e-02 -3.15158466035827e-01 -2.28944476186572e-01
-2.61421370607572e-01 2.08062647149380e-02 1.04439784038144e+00
1.68604449025522e-01 5.11754382512159e-02 1.47317940432890e+00
-2.05674604718347e-01 2.48015322934037e-02 -1.35299756785094e+00
-1.21773122207559e-01 -3.00827689055080e-01 -2.11933543216983e-01
2.58874717719314e-02 -2.98813647842784e-01 -6.96121845640659e-01
-2.10634495076623e-01 1.84600112067639e-01 -9.02263907981030e-01
-1.40804678422137e-01 2.95075950793744e-01 -2.80815767556188e-04
1.95213759434132e-01 2.61452557044018e-01 1.10911401180488e-01
-2.48990480235588e-02 -2.52978441165532e-01 -1.09985486866302e+00
2.07334809966303e-02 1.95203794300277e-01 -1.39857253179298e+00
7.67960197908986e-02 2.91360557733271e-01 6.78874131024266e-01
3.36031114792719e-02 1.61511042984521e-01 -1.50992858429844e+00
-8.01222251503584e-05 3.14799305731753e-01 -4.72332712768980e-01
-3.96947288313468e-02 -1.21815071936050e-01 -1.60901002353934e+00
3.36379539545521e-02 -1.61589085111832e-01 -1.50966745101672e+00
7.43230520038113e-02 2.45602870083710e-01 1.08378201865150e+00
-1.09552741904481e-01 -1.69938847413120e-01 -1.37435877361408e+00
-2.56958765837930e-01 -1.09535074645744e-01 9.08873120083615e-01
-1.84733138020491e-01 1.68587459975351e-01 -1.12645851706743e+00
-2.32091671681024e-01 -9.41596505601732e-02 1.12411261609224e+00
-1.00629317004246e-01 -2.99790998522148e-01 -4.44163409943732e-01
1.20305276941054e-01 1.25304862426385e-01 1.48162065592836e+00
-1.22809824376532e-01 2.31105753530780e-01 -1.04825240332476e+00
2.32047634212037e-01 -9.41603368681451e-02 -1.12437107126914e+00
-1.25235683246753e-01 -2.77013601907099e-01 6.43565641075628e-01
-1.68622824784371e-01 -5.11826930092783e-02 -1.47311201287799e+00
-1.68636007779828e-01 5.10563753179577e-02 -1.47319425397189e+00
-1.61627296849410e-01 2.82195001742155e-01 -1.80477155540120e-01
1.27008235167622e-01 -7.68104637096014e-02 1.55827276986696e+00
-2.75460322653191e-01 1.68540169010439e-01 2.73358660894457e-01
-2.75464110940349e-01 1.68522206999265e-01 -2.73566210528306e-01
-2.98832237995605e-01 1.30094935009292e-01 1.38496751820802e-01
3.14824207049176e-01 -8.82127635311334e-02 -3.36800483077990e-04
-2.98833769358373e-01 1.30086471344602e-01 -1.38629615865701e-01
-1.95956820010665e-01 -1.22777846552012e-01 -1.23634844816891e+00
-2.57882417341926e-02 3.22902225228466e-01 -2.37109757933843e-01
8.82454361188967e-02 3.69673871420913e-05 1.68397283402434e+00
1.30164479007954e-01 2.59495086459749e-02 1.59829053309556e+00
-2.31222213863451e-01 1.95866809628994e-01 -6.56615465691764e-01
-1.48517827220555e-01 2.46999554917423e-01 -8.25727245651655e-01
-1.26995036613052e-01 7.68540507493392e-02 1.55824205661992e+00
-2.95108889957427e-01 -2.68900553212635e-05 7.52807036150125e-01
-2.02706583651281e-01 7.42768754088189e-02 -1.31340231623117e+00
2.25521668095992e-01 2.36718706151075e-01 -4.88374335513857e-04
4.27319602698382e-02 7.57066410881801e-02 -1.68592350420217e+00
-9.41843312938014e-02 2.10168081991400e-01 1.24133914491596e+00
-2.57042359407932e-02 -3.22917670537424e-01 2.36768658622092e-01
2.95131544584267e-01 3.88243000548456e-05 7.52552862704561e-01
-3.85472837643006e-05 -2.25577833905460e-01 -1.26594252634520e+00
-2.05637955574800e-01 -2.48735310925462e-02 1.35311913715658e+00
7.85470722107023e-07 5.09345193259723e-02 1.72752668800507e+00
2.91319392386366e-01 1.27028429981464e-01 4.10612188811968e-01
-1.61554933917033e-01 -2.82244871431947e-01 -1.80099275686845e-01
2.45540428670557e-01 -2.02660564393193e-01 -3.97936433405213e-01
1.48470856631738e-01 -2.47056909497308e-01 8.25477947911755e-01
2.57196273561187e-02 -3.22917229092896e-01 2.36738059109187e-01
7.68562259878682e-02 -2.91317158483706e-01 6.79212004314192e-01
2.31147986392450e-01 -1.95939806012057e-01 -6.56740083713321e-01
1.25269474989994e-01 -2.77007791461970e-01 6.43449015101183e-01
2.08451080619066e-02 -1.95246220157476e-01 1.39835558846178e+00
-1.21840925377855e-01 3.00804772523609e-01 2.11749144988245e-01
-7.58228481599268e-02 3.15148645797745e-01 2.28701032291319e-01
1.48370132267434e-01 2.47055943371451e-01 -8.26004235281642e-01
1.95947273034810e-01 1.22792158995163e-01 1.23635107248346e+00
-2.61177335270292e-01 -6.41568271423870e-02 9.94499666495161e-01
1.40683540350053e-01 2.95133716692263e-01 -4.69514750353671e-04
1.21712249107756e-01 3.00837912757916e-01 -2.12518027881211e-01
7.56990151240680e-02 3.15180708986783e-01 2.28610500184362e-01
2.99795686685999e-01 8.31034558503397e-02 5.37899450353985e-01
7.56862050267412e-02 3.15161642675995e-01 -2.29482297039867e-01
2.10609337409593e-01 -1.84660016867465e-01 9.02081180884766e-01
1.25215024890405e-01 2.77058649194189e-01 6.43125661031427e-01
-1.48431167629311e-01 -2.47066624558783e-01 8.25598966717092e-01
-2.45599104111458e-01 2.02597053201795e-01 -3.97825708102356e-01
4.28357644213170e-02 -7.57335385231101e-02 1.68581356204271e+00
-3.97228528430057e-02 1.21713829201372e-01 -1.60920937421044e+00
-3.22964594127975e-01 -5.33041034928780e-05 -2.72207263845656e-01
1.86414432893398e-05 -1.40726278648270e-01 1.57858673572407e+00
-2.45536659130058e-01 -2.02675132742803e-01 3.97790662099107e-01
-2.10203897127064e-01 2.32035352827870e-01 -5.03771852532388e-01
1.30064680677371e-01 2.58718330394603e-02 -1.59855900314078e+00
-7.68493656840670e-02 -2.91327217692421e-01 -6.79110757159619e-01
1.25229670977339e-01 -2.77015709111499e-01 -6.43573163880343e-01
1.95969587692842e-01 -1.22711449752692e-01 1.23647914917761e+00
2.56929170512421e-01 -1.09525183934478e-01 -9.09146580182952e-01
3.95794503759321e-02 -1.21809323999988e-01 -1.60910372682444e+00
1.95860314479850e-01 1.22717722007721e-01 -1.23695664316081e+00
2.77018797649274e-01 1.20353539954511e-01 6.69627563856066e-01
2.10576325834702e-01 1.84732747816407e-01 9.01875584916753e-01
2.47005384848228e-01 1.54338712952328e-01 -7.94545091600984e-01
1.68651527389947e-01 2.10638702899595e-01 9.87537146522161e-01
3.22926458472689e-01 -4.42331342955536e-02 1.37181816583796e-01
-4.43226324466672e-02 -2.57647109376549e-02 -1.72724517309031e+00
-2.49084429113343e-02 2.52997263145032e-01 1.09972489785679e+00
2.91339951601616e-01 -1.26963818349566e-01 4.10766571739038e-01
-7.43914650181110e-02 2.45574695758339e-01 1.08383039161835e+00
-1.95310526528877e-01 2.61376595856375e-01 1.11159405054371e-01
6.41659863122441e-02 -1.85906861490942e-01 1.39709632112261e+00
1.20926964476913e-05 -3.14818744723339e-01 4.71962049255212e-01
1.00613682648321e-01 -2.99787787658808e-01 -4.44326730347605e-01
-5.11461936660445e-02 -2.75438815854687e-01 -9.01655106692924e-01
2.59222456336891e-02 -2.98806899516008e-01 6.96167701037833e-01
2.48910289890559e-02 -2.52960196758597e-01 1.09998012138846e+00
2.98807951021303e-01 -1.30136307733895e-01 -1.38883411856345e-01
4.41806706812896e-02 -2.57555842871316e-02 -1.72735312966530e+00
3.15139747329289e-01 -4.28056380151512e-02 -4.05628431968840e-01
-1.95960271258285e-01 1.22733220809312e-01 1.23645956985084e+00
2.99751137204255e-01 8.30736099855847e-02 -5.38741088714402e-01
-1.95989167314279e-01 1.22658802008940e-01 -1.23653981955521e+00
3.00787674130677e-01 3.96513280510600e-02 -6.51849830245212e-01
-6.41245447895156e-02 -1.85913557806812e-01 1.39712526670904e+00
-2.61431813277769e-01 -2.08840999372843e-02 -1.04427859133934e+00
-7.57476781744435e-02 -3.15156692561503e-01 2.29096140056378e-01
1.68614035901753e-01 -5.10926474728359e-02 1.47323023177884e+00
2.61202811070239e-01 6.41912572572418e-02 9.94244620965277e-01
-1.21766287759157e-01 -3.00825681528982e-01 2.12127345818907e-01
-1.27044330342183e-01 7.67688236834039e-02 -1.55824729239510e+00
-7.58314940059329e-02 3.15129581524228e-01 -2.29369680617935e-01
-2.52949069140096e-01 -2.05652693057020e-01 1.33139088183918e-01
7.43134920089163e-02 -2.45564164825078e-01 -1.08405169196072e+00
-1.09548094214500e-01 1.69926144654834e-01 1.37441431264660e+00
-1.20291539512126e-01 -1.25246906543819e-01 1.48179277302683e+00
4.27481518279721e-02 -7.57949126228379e-02 -1.68579827221820e+00
-8.01390891071244e-05 5.08453892473982e-02 -1.72760175927942e+00
8.81487501372713e-02 -3.96400970888494e-05 -1.68411771720874e+00
-2.61192806993416e-01 -6.41944288191196e-02 -9.94313958588426e-01
-2.77008806101198e-01 -1.20341980829954e-01 -6.69805247689669e-01
-2.99781999822458e-01 -8.31031388225780e-02 -5.38119068630850e-01
2.52938836020905e-01 2.05678364363900e-01 1.32559443720271e-01
2.52928573577119e-01 2.05669032443747e-01 -1.33530452607415e-01
1.20214517202449e-01 1.25215215292660e-01 -1.48204823337137e+00
1.20239264867710e-01 -1.25274880674010e-01 -1.48184650596782e+00
9.41333014815208e-02 2.10201638999095e-01 1.24128732151376e+00
2.08024665132314e-02 1.95300104275639e-01 1.39815844327075e+00
-2.58906944125897e-02 -2.98807742167289e-01 6.96190946601416e-01
-1.00613865973762e-01 -2.99786742246006e-01 4.44345723858442e-01
-1.40730293397576e-01 -2.95111438453825e-01 1.03220623379732e-04
2.61362985855649e-01 -2.08293642771982e-02 -1.04480269235769e+00
-2.91306441712429e-01 -1.27005147762259e-01 4.11080883660519e-01
2.75421853335336e-01 -1.68580587127632e-01 -2.73754359269205e-01
2.61135886381400e-01 -6.41469314590539e-02 -9.94829312184106e-01
2.75443690371757e-01 -1.68573669624618e-01 2.73247125326067e-01
-3.14809519557720e-01 -8.82651862312303e-02 8.52212258542297e-05
-2.53007914139984e-01 2.05579595948318e-01 -1.33169908159637e-01
-8.87754232145217e-05 2.25508536796211e-01 -1.26629566120180e+00
-7.68933500298328e-02 2.91329200788948e-01 6.78943939136359e-01
-1.20322577939517e-01 1.25268477068193e-01 1.48166849137022e+00
-2.53005712688619e-01 2.05588924728824e-01 1.32877191982864e-01
1.30169544324380e-01 -2.58699954740602e-02 1.59831561065753e+00
1.95205943170345e-01 2.61443996273527e-01 -1.11878219857091e-01
2.76965174029635e-01 1.20313402201135e-01 -6.70468087046595e-01
1.85859988923948e-01 2.61200588246025e-01 -3.43596836755098e-01
-7.44325893523174e-02 2.45493498378233e-01 -1.08427583557119e+00
4.42652506249891e-02 2.57485851188731e-02 1.72729415688500e+00
2.10124961923357e-01 2.32150104649778e-01 5.03201077800939e-01
1.69877952450169e-01 2.57019079923151e-01 5.85436661099020e-01
-1.68674085783263e-01 -2.10604237555045e-01 -9.87637228019098e-01
2.10166473173405e-01 -2.32091476870625e-01 5.03478787063764e-01
2.95069658694055e-01 4.57205122395057e-06 -7.53246929633428e-01
-1.48493840214792e-01 2.47061540049749e-01 8.25319989227171e-01
2.56910654608802e-01 1.09521233764934e-01 -9.09309897346237e-01
-9.41775705982181e-02 -2.10170898011372e-01 -1.24134017956157e+00
-7.69189099694202e-02 2.91274598850131e-01 -6.79531155517888e-01
3.00794013987671e-01 -3.96359726437015e-02 -6.51792842550732e-01
1.84596486643930e-01 1.68648391468227e-01 -1.12683846016281e+00
-1.30152619258880e-01 2.59183777521883e-02 1.59833262023002e+00
2.32115153139604e-01 9.42042178844423e-02 1.12386702396316e+00
-3.22962373573968e-01 -4.09215199246557e-05 2.72282697855574e-01
2.05661303741585e-01 2.49161514226683e-02 1.35299516306195e+00
2.61441131955576e-01 2.08679402699780e-02 1.04422108112290e+00
1.09431832531083e-01 1.69871867344890e-01 -1.37487121834444e+00
3.95533394395568e-02 1.21725730443004e-01 -1.60930308546132e+00
1.22760875608746e-01 -2.31163998474782e-01 1.04804896973809e+00
-3.00819106962229e-01 -3.96688372871228e-02 6.51404168236614e-01
-1.22718740292000e-01 -2.31173272985335e-01 1.04813162566430e+00
2.52973777318224e-01 -2.05629479481177e-01 1.32821385771168e-01
-1.85903528939717e-01 -2.61188510070152e-01 3.43185337717663e-01
2.25563238680569e-01 -2.36679110142532e-01 -1.80328008437017e-04
-1.84705296323401e-01 1.68661449735899e-01 1.12627222416487e+00
2.82196726629833e-01 -3.36931387235214e-02 -8.64594297353983e-01
3.22973473541615e-01 3.09904464858959e-05 2.71905753107870e-01
-2.36686951230116e-01 -1.00681630829428e-05 1.20651318687084e+00
-2.61415597554500e-01 -2.08391909038929e-02 1.04442040296813e+00
8.29906598464158e-02 -1.00657650343508e-01 -1.60362322671158e+00
8.29699960218459e-02 1.00582991434587e-01 -1.60378784955351e+00
-4.42508735465310e-02 -2.56914655598057e-02 1.72732903289948e+00
-8.30478340618890e-02 -1.00617214197766e-01 1.60361114422101e+00
2.10088692173104e-01 2.32113183199670e-01 -5.04120889242575e-01
2.61125099796036e-01 6.41383791881321e-02 -9.94926097531942e-01
1.68585289900950e-01 2.10568835902794e-01 -9.88286794607342e-01
-2.05644562724433e-01 2.48671029340608e-02 1.35309378670968e+00
-1.25256171017283e-01 -2.77021518947213e-01 -6.43354015154335e-01
-5.11094734396115e-02 -2.75427548693221e-01 9.01813150564722e-01
1.48417498783271e-01 -2.47070028665370e-01 -8.25640129192646e-01
2.02586609630317e-01 7.43315764369946e-02 -1.31384334460964e+00
7.68181489877415e-02 -2.91324352681436e-01 -6.79246964513207e-01
2.47066090157578e-01 1.54389522308338e-01 7.93722181104516e-01
2.82266432880900e-01 -3.36573053481589e-02 8.63982950723884e-01
2.57078074016860e-02 -3.22918840644948e-01 -2.36711895281335e-01
1.69838582780790e-01 2.56974387793327e-01 -5.86324178151733e-01
2.75393999773006e-01 1.68613083361396e-01 -2.73983405079228e-01
-6.88053537214480e-05 -5.09457500825534e-02 -1.72751717324821e+00
2.56376285445259e-02 3.22913234031266e-01 -2.37148114291786e-01
-2.25546196383119e-01 -2.36695352161986e-01 1.22029887436459e-04
-2.45543595272336e-01 -2.02683563226121e-01 -3.97545179667268e-01
2.56999731588647e-01 -1.09495754299632e-01 9.08677247181654e-01
-1.95313147043929e-01 2.61368035985062e-01 -1.11602668403367e-01
1.61516531516679e-01 2.82274276875713e-01 1.79765874875257e-01
1.21210754249958e-05 -5.08777115313214e-02 1.72757458356929e+00
2.02693453425441e-01 -7.43193112589613e-02 1.31339161081909e+00
1.22696365384726e-01 -2.31182650533662e-01 -1.04814739571671e+00
1.54277684620420e-01 -1.48464774986138e-01 -1.32169394645604e+00
-1.95241667372923e-01 -2.61423063273545e-01 1.11493519200304e-01
-2.91342436862262e-01 1.26940022668380e-01 4.10926531926513e-01
-2.57145973633620e-02 -3.22919282050280e-01 -2.36673560517364e-01
7.57514029628060e-02 -3.15156789752224e-01 -2.29057072230551e-01
-3.14834961316841e-01 8.81743957192083e-02 -2.95886979940609e-05
2.47031795209283e-01 -1.54337178369941e-01 -7.94318655127580e-01
1.69886698710977e-01 -2.56971747415277e-01 -5.85958326569177e-01
3.00848007713289e-01 -3.96094293550471e-02 6.51125650936781e-01
1.21771593150577e-01 -3.00823882256513e-01 -2.12113214003845e-01
-1.48455160373634e-01 -2.47079740631814e-01 -8.25363190097974e-01
3.15133027382977e-01 4.28354384792939e-02 -4.05687795404238e-01
-2.76999651805835e-01 -1.20321161774005e-01 6.70020553028137e-01
1.85908021386357e-01 -2.61182883533677e-01 -3.43238226008267e-01
2.56981215034000e-01 1.09574503221572e-01 9.08555467533088e-01
-2.99776113630382e-01 -8.30840131241567e-02 5.38297365368187e-01
2.82260913151877e-01 3.37373861176183e-02 8.63945180015737e-01
2.99808987947017e-01 -8.30330956439327e-02 5.37998218944829e-01
5.10989181957757e-02 -2.75436392103365e-01 -9.01752981473401e-01
-8.82907063253381e-02 -5.92802204017782e-05 -1.68390491903241e+00
2.36711105726909e-01 4.26384802054630e-05 1.20637757079357e+00
-1.85911963701052e-01 -2.61193379126918e-01 -3.42948487182876e-01
2.58225455296125e-02 2.98784056716362e-01 -6.96554134405470e-01
-2.59893019201988e-02 2.98773362741233e-01 -6.96507926969429e-01
2.07608480824660e-05 -2.25554444013322e-01 1.26606177960863e+00
2.99764437070516e-01 -8.30522292889481e-02 -5.38623659822452e-01
-1.69906576526583e-01 -2.56981792899230e-01 -5.85667290552703e-01
-5.11737494693844e-02 2.75450694133885e-01 9.01506531787672e-01
-2.77042546248063e-01 1.20230532340244e-01 -6.69978610440417e-01
-2.99805688703904e-01 8.29910310230228e-02 -5.38236482670104e-01
3.14810355162565e-01 8.82621669334077e-02 -4.51643510423862e-04
3.10919809885317e-01 8.70045271771477e-02 -2.75613499324100e-01
-2.24009421591638e-01 1.40659483541206e-01 -1.02794997627548e+00
-7.59440568405268e-02 1.45655495563338e-01 -1.51212480341912e+00
-1.40805468384800e-01 1.92099798584264e-01 -1.19809098067079e+00
-1.92156282018450e-01 -2.23968729748965e-01 7.52868398213485e-01
8.69054018642518e-02 -5.14721646739798e-02 -1.66333222851258e+00
-2.23950934544550e-01 -1.40744861984496e-01 1.02798023238223e+00
7.58065530549410e-02 -1.45749200484328e-01 -1.51206387488946e+00
3.11626947970417e-01 1.15109938372479e-05 -5.29111473786423e-01
-2.42585430171579e-05 -2.79160297543904e-01 -9.10371470297672e-01
4.69110930786886e-02 -2.21582108563154e-01 1.26125615067944e+00
-2.79137098270037e-01 -1.70230011655726e-01 1.14662430581192e-04
2.23994325444972e-01 -1.40715046494063e-01 1.02782650968011e+00
3.11671458307621e-01 3.55650854674725e-05 5.28360776536739e-01
5.14489466035818e-02 -3.10940013523890e-01 4.65250300723505e-01
-9.88292479295129e-02 -3.11654546660782e-01 8.58809972923658e-05
-5.14431816242066e-02 -3.10945122110866e-01 -4.65170843077508e-01
9.88368368205381e-02 -3.11652140326092e-01 -4.66011473196037e-05
-1.45721435831749e-01 -2.82682403874843e-01 -4.05674444622326e-01
-1.70250459201570e-01 -6.40651822837093e-05 -1.49306163114016e+00
2.79128563677246e-01 1.70243983180720e-01 -4.81080711655723e-04
-4.69727990337103e-02 2.21529953416360e-01 -1.26145256549439e+00
1.92155999173788e-01 2.24018518623003e-01 7.52446499598814e-01
4.68449285072624e-02 -2.21606007380193e-01 -1.26120637293776e+00
1.92103399639920e-01 2.23964064200399e-01 -7.53294131197266e-01
-5.14968411664107e-02 3.10948853630183e-01 4.64929527767094e-01
2.23893818942848e-01 1.40729396052362e-01 -1.02839671306482e+00
-1.40769548079599e-01 1.92181868327516e-01 1.19783513447621e+00
2.35721473271600e-01 4.68762822229116e-02 -1.18568593773876e+00
-1.45781057360393e-01 2.82658051314148e-01 4.05547033325430e-01
-2.21579177539072e-01 -2.35801930647542e-01 -2.50660169199074e-01
-1.92233068572248e-01 2.23893888969979e-01 -7.52944450889053e-01
-4.69208017405479e-02 2.21620799768866e-01 1.26105129135084e+00
-2.82677070718995e-01 -7.59153439159857e-02 -7.79321849372832e-01
9.87738649488723e-02 3.11672092773967e-01 -4.52223390549597e-04
-2.23971507191768e-01 -1.40774290691286e-01 -1.02773666094896e+00
-8.70350741974461e-02 -5.14886771570955e-02 -1.66312359408459e+00
-9.89050824925389e-02 3.11630483174121e-01 -3.19704921678251e-04
-7.59093026439566e-02 -1.45759050374316e-01 -1.51188920526793e+00
-2.79184912702875e-01 1.70151582651027e-01 -1.06829365940233e-04
1.45682607676987e-01 2.82716713476889e-01 4.05389259310720e-01
-3.11652916280761e-01 -3.38310723876275e-05 5.28673633546317e-01
-2.23988853365934e-01 1.40723562254486e-01 1.02782727154693e+00
4.68639086339022e-02 2.21637849138273e-01 1.26102608777713e+00
-3.11657944676965e-01 -5.78751490907549e-05 -5.28588751467835e-01
-8.69868771613119e-02 5.14578010106119e-02 1.66322308245858e+00
-8.69744880409941e-02 -5.14232774848632e-02 1.66327217139593e+00
4.67977485939330e-02 2.21546997311701e-01 -1.26155307631246e+00
-1.40757036024109e-01 -1.92200237953862e-01 -1.19779287185098e+00
8.69901244088851e-02 5.14800221852087e-02 1.66319854757239e+00
-8.64214512229889e-05 2.79112819276420e-01 -9.10787802573647e-01
1.40764598142768e-01 -1.92159198567185e-01 1.19795583547593e+00
3.10942950978068e-01 8.70199136077607e-02 2.74726106111946e-01
1.70130921222729e-01 -2.61755765077149e-05 -1.49345148599644e+00
2.35818628358042e-01 -4.68522891388129e-02 1.18516018639969e+00
2.35810494984128e-01 4.69368568204351e-02 1.18511074643505e+00
-5.96813170653298e-06 9.88739145463006e-02 1.66699122198892e+00
7.58609671970236e-02 1.45774609456455e-01 1.51191569917555e+00
1.60436261481305e-05 -9.88183603726340e-02 1.66708547195726e+00
-2.35820084704177e-01 4.68167612466830e-02 -1.18519206606969e+00
7.58911155014750e-02 -1.45706816263841e-01 1.51205938266787e+00
-5.14242564478682e-02 -3.10941288612032e-01 4.65304017610080e-01
1.83923354770413e-05 -2.79149328257860e-01 9.10467711005169e-01
-1.45709513461247e-01 -2.82677685768041e-01 4.05890987461048e-01
-2.21574080350982e-01 -2.35797611387603e-01 2.50905230824513e-01
-1.40721108939775e-01 -1.92173325347346e-01 1.19803718621962e+00
1.92196894698780e-01 -2.23953331526170e-01 7.52702822693243e-01
2.35729605511575e-01 -4.68995673181676e-02 -1.18561332860025e+00
1.40688278307318e-01 -1.92186116012023e-01 -1.19808880385873e+00
2.21601546559450e-01 -2.35781528016001e-01 2.50643504245574e-01
-2.82666948571308e-01 -7.58869719540855e-02 7.79505942290322e-01
-2.35785299648583e-01 -4.68977639408985e-02 1.18529845066615e+00
5.14242803631060e-02 -3.10943847057897e-01 -4.65255020268238e-01
-4.68692881382423e-02 -2.21585942263682e-01 1.26128134889303e+00
-1.92174218590609e-01 -2.23982770800511e-01 -7.52617841568621e-01
-7.58521986393134e-02 -1.45716670305622e-01 1.51208808552857e+00
2.82703183379282e-01 -7.58376605848785e-02 7.79267235817962e-01
-1.45792976902781e-01 2.82625851577120e-01 -4.06066205589544e-01
1.45710861510343e-01 -2.82676168257832e-01 -4.05907379759618e-01
-4.69212914500581e-02 -2.21609840355488e-01 -1.26110587667145e+00
3.10933535618187e-01 -8.69685527408044e-02 -2.75495290875315e-01
2.21559937931018e-01 2.35831562378187e-01 2.50348947616784e-01
-6.20496929209312e-05 -9.88744369479151e-02 -1.66699030268123e+00
2.21541535004221e-01 2.35813061444276e-01 -2.51311728543070e-01
3.10956677081030e-01 -8.69589022463983e-02 2.74834318830970e-01
-8.40578818787868e-05 9.87783259296877e-02 -1.66715329886075e+00
8.68948817674193e-02 5.13941018076816e-02 -1.66341701896059e+00
2.82627846600805e-01 7.58723990093512e-02 -7.79952083813095e-01
2.82690763077556e-01 7.59149457727966e-02 7.79180837292171e-01
1.40651126269572e-01 1.92148338231945e-01 -1.19838695268937e+00
-4.37747764460572e-05 2.79184683660527e-01 9.10157452837402e-01
7.57764077569062e-02 1.45679422627770e-01 -1.51229949257560e+00
-2.21642581327890e-01 2.35730466720335e-01 -2.50979334387407e-01
-1.92215137537261e-01 2.23948329574473e-01 7.52612110179565e-01
-2.82698437594044e-01 7.57958352994836e-02 -7.79432912933825e-01
5.13830393512300e-02 3.10970486851948e-01 4.64875792229473e-01
5.13583757462505e-02 3.10931988171984e-01 -4.65689879664037e-01
-5.15157643159750e-02 3.10910357593836e-01 -4.65605684667173e-01
-2.21637485603590e-01 2.35748963045667e-01 2.50610727004277e-01
-2.82688316563948e-01 7.58383661216000e-02 7.79419571959875e-01
-2.35807336291047e-01 -4.69450270627261e-02 -1.18511947015284e+00
1.92144293896131e-01 -2.23967376155113e-01 -7.52967458538331e-01
-3.10930921893092e-01 -8.70109297039665e-02 2.75196671981425e-01
2.23918580689360e-01 -1.40744483344552e-01 -1.02818335664658e+00
-3.10933562269300e-01 -8.70205759502081e-02 -2.75023987689177e-01
-1.70210967659884e-01 3.85098717954966e-06 1.49319049667569e+00
2.79156553054824e-01 -1.70198100725726e-01 -2.59545201596138e-04
-3.10955933465599e-01 8.69334697653117e-02 2.75088486370150e-01
-3.10958572984274e-01 8.69180896050641e-02 -2.75142167850454e-01
2.21583143053474e-01 -2.35785848686496e-01 -2.50992505619818e-01
-2.35798048676728e-01 4.68773169600813e-02 1.18524902591425e+00
2.23969561917151e-01 1.40793493825649e-01 1.02767352206300e+00
8.70006461369832e-02 -5.14067582753167e-02 1.66324763859623e+00
1.45656507913223e-01 2.82684507495824e-01 -4.06299196406681e-01
1.70231329307936e-01 4.17554240251370e-05 1.49312406298887e+00
1.40727442597084e-01 1.92230423605499e-01 1.19775376438235e+00
-7.58869575202048e-02 1.45750672623340e-01 1.51194440987348e+00
2.82640265756916e-01 -7.58660434963536e-02 -7.79840997108648e-01
-8.70474614620150e-02 5.13718901533912e-02 -1.66320837744600e+00
1.45736963217918e-01 -2.82671448795234e-01 4.05733260217129e-01
-1.01016194682097e-01 -2.64508022584958e-01 8.74489879885873e-01
6.95023812730397e-06 2.86177966554016e-05 1.74887939572325e+00
-1.01080675834879e-01 2.64517581453348e-01 8.74193910866759e-01
-1.01046573405176e-01 -2.64520089391847e-01 -8.74284998711005e-01
3.26949186668502e-01 2.52396606415467e-05 -4.02363189922016e-04
2.64488163132377e-01 -1.63474279336448e-01 -5.40706317604737e-01
-1.63506417870278e-01 -1.01079509039819e-01 -1.41467260211328e+00
2.64530609860079e-01 -1.63460277984359e-01 5.40233093565515e-01
-1.63532361386958e-01 1.00958568006414e-01 -1.41483389435065e+00
-3.26949192767902e-01 -4.75573485623902e-05 3.59377953830032e-05
1.01002975348160e-01 -2.64514600153163e-01 -8.74476642796455e-01
1.63411611606370e-01 -1.01053627792500e-01 -1.41503889579271e+00
-7.04234248871561e-05 3.26949180332432e-01 -3.95937699394367e-04
1.63392560892294e-01 1.01005470764618e-01 -1.41520020957289e+00
2.38658821140829e-06 -3.26949196240270e-01 2.95744017976718e-05
1.01054527208861e-01 -2.64502531763387e-01 8.74410676238080e-01
-1.63493795171393e-01 1.01040045927959e-01 1.41479500156875e+00
2.64460782378987e-01 1.63491842866234e-01 -5.40937525836280e-01
-1.63467847922127e-01 -1.01032277610869e-01 1.41489665875515e+00
1.63486553925445e-01 1.01086965488698e-01 1.41472304332732e+00
2.64503227825639e-01 1.63527018463558e-01 5.40038754375344e-01
-2.64492395119956e-01 -1.63491656926204e-01 5.40496710708389e-01
1.63505607445770e-01 -1.01006386946884e-01 1.41482471092917e+00
1.01001196756828e-01 2.64557088749348e-01 8.74114682858049e-01
-2.64500588996884e-01 -1.63505652569623e-01 -5.40260793637703e-01
-7.49736889204193e-05 -5.09363410865799e-05 -1.74887933561210e+00
1.00949649749722e-01 2.64489594543099e-01 -8.74869148710924e-01
-2.64537820886304e-01 1.63440599313464e-01 5.40302414536289e-01
-2.64546011866842e-01 1.63405435634900e-01 -5.40491950811263e-01
-1.01111049493221e-01 2.64450095743562e-01 -8.74677474548073e-01
-1.71876019164703e-01 -2.78126608845883e-01 1.13017268940281e-04
1.71888729448631e-01 -2.78118753710358e-01 -1.17382294144642e-04
1.71836766561867e-01 2.78150848614134e-01 -4.79369504641088e-04
-1.71947925508485e-01 2.78082156396867e-01 -2.48914731653232e-04
-2.78122773839918e-01 -2.12113763843627e-05 9.19412819962605e-01
-2.78135214804769e-01 -6.30277761075903e-05 -9.19305075389442e-01
2.78073335367063e-01 -1.11091582064675e-06 -9.19840597214389e-01
2.78147045801359e-01 4.07211532739845e-05 9.19202685397908e-01
-1.83041174472779e-05 1.71928438781120e-01 1.48754986415495e+00
1.99769912823425e-05 -1.71876915363057e-01 1.48772021665624e+00
-4.97141718478275e-05 -1.71913958601391e-01 -1.48759772690457e+00
-8.79903626788784e-05 1.71830133583294e-01 -1.48787476065898e+00
3 631 67 1
3 599 6 67
3 497 1 6
3 67 6 1
3 615 294 296
3 494 73 294
3 599 296 73
3 294 73 296
3 614 232 293
3 497 231 232
3 494 293 231
3 232 231 293
3 599 73 6
3 494 231 73
3 497 6 231
3 73 231 6
3 639 43 297
3 553 473 43
3 490 297 473
3 43 473 297
3 600 430 152
3 542 47 430
3 553 152 47
3 430 47 152
3 615 74 70
3 490 340 74
3 542 70 340
3 74 340 70
3 553 47 473
3 542 340 47
3 490 473 340
3 47 340 473
3 630 374 145
3 495 353 374
3 543 145 353
3 374 353 145
3 614 284 147
3 541 350 284
3 495 147 350
3 284 350 147
3 600 262 168
3 543 373 262
3 541 168 373
3 262 373 168
3 495 350 353
3 541 373 350
3 543 353 373
3 350 373 353
3 615 70 294
3 542 339 70
3 494 294 339
3 70 339 294
3 600 168 430
3 541 372 168
3 542 430 372
3 168 372 430
3 614 293 284
3 494 336 293
3 541 284 336
3 293 336 284
3 542 372 339
3 541 336 372
3 494 339 336
3 372 336 339
3 640 236 3
3 503 286 236
3 559 3 286
3 236 286 3
3 610 467 357
3 489 135 467
3 503 357 135
3 467 135 357
3 603 5 338
3 559 246 5
3 489 338 246
3 5 246 338
3 503 135 286
3 489 246 135
3 559 286 246
3 135 246 286
3 631 1 104
3 497 458 1
3 558 104 458
3 1 458 104
3 614 436 232
3 552 453 436
3 497 232 453
3 436 453 232
3 610 320 433
3 558 337 320
3 552 433 337
3 320 337 433
3 497 453 458
3 552 337 453
3 558 458 337
3 453 337 458
3 630 290 374
3 498 241 290
3 495 374 241
3 290 241 374
3 603 319 429
3 496 258 319
3 498 429 258
3 319 258 429
3 614 147 452
3 495 237 147
3 496 452 237
3 147 237 452
3 498 258 241
3 496 237 258
3 495 241 237
3 258 237 241
3 610 433 467
3 552 242 433
3 489 467 242
3 433 242 467
3 614 452 436
3 496 25 452
3 552 436 25
3 452 25 436
3 603 338 319
3 489 17 338
3 496 319 17
3 338 17 319
3 552 25 242
3 496 17 25
3 489 242 17
3 25 17 242
3 635 349 20
3 580 363 349
3 513 20 363
3 349 363 20
3 606 272 9
3 515 44 272
3 580 9 44
3 272 44 9
3 624 364 45
3 513 129 364
3 515 45 129
3 364 129 45
3 580 44 363
3 515 129 44
3 513 363 129
3 44 129 363
3 640 3 194
3 559 140 3
3 518 194 140
3 3 140 194
3 603 87 5
3 528 399 87
3 559 5 399
3 87 399 5
3 606 199 89
3 518 254 199
3 528 89 254
3 199 254 89
3 559 399 140
3 528 254 399
3 518 140 254
3 399 254 140
3 630 85 290
3 510 470 85
3 498 290 470
3 85 470 290
3 624 217 442
3 554 86 217
3 510 442 86
3 217 86 442
3 603 429 459
3 498 475 429
3 554 459 475
3 429 475 459
3 510 86 470
3 554 475 86
3 498 470 475
3 86 475 470
3 606 89 272
3 528 213 89
3 515 272 213
3 89 213 272
3 603 459 87
3 554 394 459
3 528 87 394
3 459 394 87
3 624 45 217
3 515 100 45
3 554 217 100
3 45 100 217
3 528 394 213
3 554 100 394
3 515 213 100
3 394 100 213
3 634 279 111
3 521 411 279
3 550 111 411
3 279 411 111
3 609 151 405
3 582 163 151
3 521 405 163
3 151 163 405
3 621 461 376
3 550 464 461
3 582 376 464
3 461 464 376
3 521 163 411
3 582 464 163
3 550 411 464
3 163 464 411
3 635 20 205
3 513 235 20
3 524 205 235
3 20 235 205
3 624 2 364
3 584 365 2
3 513 364 365
3 2 365 364
3 609 314 234
3 524 90 314
3 584 234 90
3 314 90 234
3 513 365 235
3 584 90 365
3 524 235 90
3 365 90 235
3 630 450 85
3 544 441 450
3 510 85 441
3 450 441 85
3 621 36 316
3 491 356 36
3 544 316 356
3 36 356 316
3 624 442 38
3 510 8 442
3 491 38 8
3 442 8 38
3 544 356 441
3 491 8 356
3 510 441 8
3 356 8 441
3 609 234 151
3 584 380 234
3 582 151 380
3 234 380 151
3 624 38 2
3 491 40 38
3 584 2 40
3 38 40 2
3 621 376 36
3 582 37 376
3 491 36 37
3 376 37 36
3 584 40 380
3 491 37 40
3 582 380 37
3 40 37 380
3 639 132 43
3 555 348 132
3 553 43 348
3 132 348 43
3 618 58 359
3 545 34 58
3 555 359 34
3 58 34 359
3 600 152 412
3 553 33 152
3 545 412 33
3 152 33 412
3 555 34 348
3 545 33 34
3 553 348 33
3 34 33 348
3 634 111 420
3 550 302 111
3 551 420 302
3 111 302 420
3 621 177 461
3 486 255 177
3 550 461 255
3 177 255 461
3 618 174 62
3 551 257 174
3 486 62 257
3 174 257 62
3 550 255 302
3 486 257 255
3 551 302 257
3 255 257 302
3 630 145 450
3 543 414 145
3 544 450 414
3 145 414 450
3 600 310 262
3 484 122 310
3 543 262 122
3 310 122 262
3 621 316 92
3 544 123 316
3 484 92 123
3 316 123 92
3 543 122 414
3 484 123 122
3 544 414 123
3 122 123 414
3 618 62 58
3 486 142 62
3 545 58 142
3 62 142 58
3 621 92 177
3 484 141 92
3 486 177 141
3 92 141 177
3 600 412 310
3 545 124 412
3 484 310 124
3 412 124 310
3 486 141 142
3 484 124 141
3 545 142 124
3 141 124 142
3 638 371 229
3 523 225 371
3 512 229 225
3 371 225 229
3 623 230 253
3 570 144 230
3 523 253 144
3 230 144 253
3 602 333 476
3 512 331 333
3 570 476 331
3 333 331 476
3 523 144 225
3 570 331 144
3 512 225 331
3 144 331 225
3 632 303 445
3 514 200 303
3 520 445 200
3 303 200 445
3 612 139 84
3 575 305 139
3 514 84 305
3 139 305 84
3 623 309 248
3 520 159 309
3 575 248 159
3 309 159 248
3 514 305 200
3 575 159 305
3 520 200 159
3 305 159 200
3 633 39 244
3 509 298 39
3 517 244 298
3 39 298 244
3 602 383 150
3 505 195 383
3 509 150 195
3 383 195 150
3 612 16 42
3 517 299 16
3 505 42 299
3 16 299 42
3 509 195 298
3 505 299 195
3 517 298 299
3 195 299 298
3 623 248 230
3 575 220 248
3 570 230 220
3 248 220 230
3 612 42 139
3 505 76 42
3 575 139 76
3 42 76 139
3 602 476 383
3 570 71 476
3 505 383 71
3 476 71 383
3 575 76 220
3 505 71 76
3 570 220 71
3 76 71 220
3 634 238 138
3 590 137 238
3 579 138 137
3 238 137 138
3 616 344 13
3 522 120 344
3 590 13 120
3 344 120 13
3 627 22 0
3 579 179 22
3 522 0 179
3 22 179 0
3 590 120 137
3 522 179 120
3 579 137 179
3 120 179 137
3 638 229 153
3 512 226 229
3 596 153 226
3 229 226 153
3 602 10 333
3 507 283 10
3 512 333 283
3 10 283 333
3 616 384 131
3 596 358 384
3 507 131 358
3 384 358 131
3 512 283 226
3 507 358 283
3 596 226 358
3 283 358 226
3 633 334 39
3 578 79 334
3 509 39 79
3 334 79 39
3 627 162 227
3 573 208 162
3 578 227 208
3 162 208 227
3 602 150 397
3 509 72 150
3 573 397 72
3 150 72 397
3 578 208 79
3 573 72 208
3 509 79 72
3 208 72 79
3 616 131 344
3 507 416 131
3 522 344 416
3 131 416 344
3 602 397 10
3 573 55 397
3 507 10 55
3 397 55 10
3 627 0 162
3 522 175 0
3 573 162 175
3 0 175 162
3 507 55 416
3 573 175 55
3 522 416 175
3 55 175 416
3 635 205 118
3 524 158 205
3 574 118 158
3 205 158 118
3 609 4 314
3 588 93 4
3 524 314 93
3 4 93 314
3 628 477 233
3 574 478 477
3 588 233 478
3 477 478 233
3 524 93 158
3 588 478 93
3 574 158 478
3 93 478 158
3 634 138 279
3 579 172 138
3 521 279 172
3 138 172 279
3 627 451 22
3 587 23 451
3 579 22 23
3 451 23 22
3 609 405 211
3 521 165 405
3 587 211 165
3 405 165 211
3 579 23 172
3 587 165 23
3 521 172 165
3 23 165 172
3 633 444 334
3 572 201 444
3 578 334 201
3 444 201 334
3 628 268 311
3 519 381 268
3 572 311 381
3 268 381 311
3 627 227 267
3 578 385 227
3 519 267 385
3 227 385 267
3 572 381 201
3 519 385 381
3 578 201 385
3 381 385 201
3 609 211 4
3 587 454 211
3 588 4 454
3 211 454 4
3 627 267 451
3 519 269 267
3 587 451 269
3 267 269 451
3 628 233 268
3 588 271 233
3 519 268 271
3 233 271 268
3 587 269 454
3 519 271 269
3 588 454 271
3 269 271 454
3 641 181 155
3 482 91 181
3 501 155 91
3 181 91 155
3 608 31 186
3 483 59 31
3 482 186 59
3 31 59 186
3 629 390 260
3 501 108 390
3 483 260 108
3 390 108 260
3 482 59 91
3 483 108 59
3 501 91 108
3 59 108 91
3 635 118 164
3 574 7 118
3 539 164 7
3 118 7 164
3 628 125 477
3 481 15 125
3 574 477 15
3 125 15 477
3 608 280 346
3 539 19 280
3 481 346 19
3 280 19 346
3 574 15 7
3 481 19 15
3 539 7 19
3 15 19 7
3 633 265 444
3 557 126 265
3 572 444 126
3 265 126 444
3 629 277 154
3 511 105 277
3 557 154 105
3 277 105 154
3 628 311 276
3 572 317 311
3 511 276 317
3 311 317 276
3 557 105 126
3 511 317 105
3 572 126 317
3 105 317 126
3 608 346 31
3 481 256 346
3 483 31 256
3 346 256 31
3 628 276 125
3 511 243 276
3 481 125 243
3 276 243 125
3 629 260 277
3 483 216 260
3 511 277 216
3 260 216 277
3 481 243 256
3 511 216 243
3 483 256 216
3 243 216 256
3 632 215 303
3 593 304 215
3 514 303 304
3 215 304 303
3 626 88 110
3 576 203 88
3 593 110 203
3 88 203 110
3 612 84 440
3 514 307 84
3 576 440 307
3 84 307 440
3 593 203 304
3 576 307 203
3 514 304 307
3 203 307 304
3 641 155 247
3 501 382 155
3 527 247 382
3 155 382 247
3 629 209 390
3 530 35 209
3 501 390 35
3 209 35 390
3 626 24 207
3 527 191 24
3 530 207 191
3 24 191 207
3 501 35 382
3 530 191 35
3 527 382 191
3 35 191 382
3 633 244 265
3 517 130 244
3 557 265 130
3 244 130 265
3 612 273 16
3 577 355 273
3 517 16 355
3 273 355 16
3 629 154 400
3 557 127 154
3 577 400 127
3 154 127 400
3 517 355 130
3 577 127 355
3 557 130 127
3 355 127 130
3 626 207 88
3 530 471 207
3 576 88 471
3 207 471 88
3 629 400 209
3 577 472 400
3 530 209 472
3 400 472 209
3 612 440 273
3 576 250 440
3 577 273 250
3 440 250 273
3 530 472 471
3 577 250 472
3 576 471 250
3 472 250 471
3 641 247 249
3 527 190 247
3 571 249 190
3 247 190 249
3 626 134 24
3 569 78 134
3 527 24 78
3 134 78 24
3 613 368 12
3 571 408 368
3 569 12 408
3 368 408 12
3 527 78 190
3 569 408 78
3 571 190 408
3 78 408 190
3 632 387 215
3 563 389 387
3 593 215 389
3 387 389 215
3 617 196 157
3 504 425 196
3 563 157 425
3 196 425 157
3 626 110 300
3 593 437 110
3 504 300 437
3 110 437 300
3 563 425 389
3 504 437 425
3 593 389 437
3 425 437 389
3 636 193 156
3 508 426 193
3 567 156 426
3 193 426 156
3 613 324 432
3 506 161 324
3 508 432 161
3 324 161 432
3 617 388 327
3 567 398 388
3 506 327 398
3 388 398 327
3 508 161 426
3 506 398 161
3 567 426 398
3 161 398 426
3 626 300 134
3 504 427 300
3 569 134 427
3 300 427 134
3 617 327 196
3 506 180 327
3 504 196 180
3 327 180 196
3 613 12 324
3 569 402 12
3 506 324 402
3 12 402 324
3 504 180 427
3 506 402 180
3 569 427 402
3 180 402 427
3 640 197 252
3 562 323 197
3 487 252 323
3 197 323 252
3 625 342 439
3 485 360 342
3 562 439 360
3 342 360 439
3 611 369 228
3 487 421 369
3 485 228 421
3 369 421 228
3 562 360 323
3 485 421 360
3 487 323 421
3 360 421 323
3 641 249 133
3 571 409 249
3 565 133 409
3 249 409 133
3 613 83 368
3 566 422 83
3 571 368 422
3 83 422 368
3 625 361 198
3 565 282 361
3 566 198 282
3 361 282 198
3 571 422 409
3 566 282 422
3 565 409 282
3 422 282 409
3 636 375 193
3 547 182 375
3 508 193 182
3 375 182 193
3 611 28 143
3 533 101 28
3 547 143 101
3 28 101 143
3 613 432 30
3 508 61 432
3 533 30 61
3 432 61 30
3 547 101 182
3 533 61 101
3 508 182 61
3 101 61 182
3 625 198 342
3 566 362 198
3 485 342 362
3 198 362 342
3 613 30 83
3 533 318 30
3 566 83 318
3 30 318 83
3 611 228 28
3 485 14 228
3 533 28 14
3 228 14 28
3 566 318 362
3 533 14 318
3 485 362 14
3 318 14 362
3 631 104 185
3 558 462 104
3 589 185 462
3 104 462 185
3 610 431 320
3 581 456 431
3 558 320 456
3 431 456 320
3 605 291 295
3 589 75 291
3 581 295 75
3 291 75 295
3 558 456 462
3 581 75 456
3 589 462 75
3 456 75 462
3 640 252 236
3 487 109 252
3 503 236 109
3 252 109 236
3 611 449 369
3 548 112 449
3 487 369 112
3 449 112 369
3 610 357 448
3 503 173 357
3 548 448 173
3 357 173 448
3 487 112 109
3 548 173 112
3 503 109 173
3 112 173 109
3 636 417 375
3 597 378 417
3 547 375 378
3 417 378 375
3 605 455 56
3 583 322 455
3 597 56 322
3 455 322 56
3 611 143 99
3 547 261 143
3 583 99 261
3 143 261 99
3 597 322 378
3 583 261 322
3 547 378 261
3 322 261 378
3 610 448 431
3 548 97 448
3 581 431 97
3 448 97 431
3 611 99 449
3 583 98 99
3 548 449 98
3 99 98 449
3 605 295 455
3 581 69 295
3 583 455 69
3 295 69 455
3 548 98 97
3 583 69 98
3 581 97 69
3 98 69 97
3 637 435 285
3 556 457 435
3 493 285 457
3 435 457 285
3 607 332 77
3 564 466 332
3 556 77 466
3 332 466 77
3 604 418 329
3 493 103 418
3 564 329 103
3 418 103 329
3 556 466 457
3 564 103 466
3 493 457 103
3 466 103 457
3 631 185 53
3 589 415 185
3 549 53 415
3 185 415 53
3 605 377 291
3 586 149 377
3 589 291 149
3 377 149 291
3 607 167 379
3 549 413 167
3 586 379 413
3 167 413 379
3 589 149 415
3 586 413 149
3 549 415 413
3 149 413 415
3 636 396 417
3 488 401 396
3 597 417 401
3 396 401 417
3 604 116 48
3 560 343 116
3 488 48 343
3 116 343 48
3 605 56 117
3 597 474 56
3 560 117 474
3 56 474 117
3 488 343 401
3 560 474 343
3 597 401 474
3 343 474 401
3 607 379 332
3 586 115 379
3 564 332 115
3 379 115 332
3 605 117 377
3 560 341 117
3 586 377 341
3 117 341 377
3 604 329 116
3 564 270 329
3 560 116 270
3 329 270 116
3 586 341 115
3 560 270 341
3 564 115 270
3 341 270 115
3 632 245 387
3 561 281 245
3 563 387 281
3 245 281 387
3 620 80 136
3 500 366 80
3 561 136 366
3 80 366 136
3 617 157 438
3 563 367 157
3 500 438 367
3 157 367 438
3 561 366 281
3 500 367 366
3 563 281 367
3 366 367 281
3 637 285 465
3 493 106 285
3 568 465 106
3 285 106 465
3 604 63 418
3 532 210 63
3 493 418 210
3 63 210 418
3 620 325 289
3 568 306 325
3 532 289 306
3 325 306 289
3 493 210 106
3 532 306 210
3 568 106 306
3 210 306 106
3 636 156 396
3 567 347 156
3 488 396 347
3 156 347 396
3 617 206 388
3 480 345 206
3 567 388 345
3 206 345 388
3 604 48 95
3 488 460 48
3 480 95 460
3 48 460 95
3 567 345 347
3 480 460 345
3 488 347 460
3 345 460 347
3 620 289 80
3 532 21 289
3 500 80 21
3 289 21 80
3 604 95 63
3 480 479 95
3 532 63 479
3 95 479 63
3 617 438 206
3 500 121 438
3 480 206 121
3 438 121 206
3 532 479 21
3 480 121 479
3 500 21 121
3 479 121 21
3 641 133 181
3 565 313 133
3 482 181 313
3 133 313 181
3 625 128 361
3 598 18 128
3 565 361 18
3 128 18 361
3 608 186 354
3 482 64 186
3 598 354 64
3 186 64 354
3 565 18 313
3 598 64 18
3 482 313 64
3 18 64 313
3 640 194 197
3 518 251 194
3 562 197 251
3 194 251 197
3 606 114 199
3 516 119 114
3 518 199 119
3 114 119 199
3 625 439 330
3 562 221 439
3 516 330 221
3 439 221 330
3 518 119 251
3 516 221 119
3 562 251 221
3 119 221 251
3 635 164 349
3 539 51 164
3 580 349 51
3 164 51 349
3 608 264 280
3 499 240 264
3 539 280 240
3 264 240 280
3 606 9 263
3 580 32 9
3 499 263 32
3 9 32 263
3 539 240 51
3 499 32 240
3 580 51 32
3 240 32 51
3 625 330 128
3 516 468 330
3 598 128 468
3 330 468 128
3 606 263 114
3 499 11 263
3 516 114 11
3 263 11 114
3 608 354 264
3 598 146 354
3 499 264 146
3 354 146 264
3 516 11 468
3 499 146 11
3 598 468 146
3 11 146 468
3 639 315 132
3 538 222 315
3 555 132 222
3 315 222 132
3 601 423 446
3 526 178 423
3 538 446 178
3 423 178 446
3 618 359 60
3 555 424 359
3 526 60 424
3 359 424 60
3 538 178 222
3 526 424 178
3 555 222 424
3 178 424 222
3 638 153 184
3 596 183 153
3 536 184 183
3 153 183 184
3 616 278 384
3 525 50 278
3 596 384 50
3 278 50 384
3 601 288 160
3 536 170 288
3 525 160 170
3 288 170 160
3 596 50 183
3 525 170 50
3 536 183 170
3 50 170 183
3 634 420 238
3 551 419 420
3 590 238 419
3 420 419 238
3 618 189 174
3 585 287 189
3 551 174 287
3 189 287 174
3 616 13 188
3 590 428 13
3 585 188 428
3 13 428 188
3 551 287 419
3 585 428 287
3 590 419 428
3 287 428 419
3 601 160 423
3 525 57 160
3 526 423 57
3 160 57 423
3 616 188 278
3 585 403 188
3 525 278 403
3 188 403 278
3 618 60 189
3 526 176 60
3 585 189 176
3 60 176 189
3 525 403 57
3 585 176 403
3 526 57 176
3 403 176 57
3 637 465 407
3 568 352 465
3 535 407 352
3 465 352 407
3 620 434 325
3 591 463 434
3 568 325 463
3 434 463 325
3 619 166 301
3 535 404 166
3 591 301 404
3 166 404 301
3 568 463 352
3 591 404 463
3 535 352 404
3 463 404 352
3 632 445 245
3 520 46 445
3 561 245 46
3 445 46 245
3 623 219 309
3 502 393 219
3 520 309 393
3 219 393 309
3 620 136 218
3 561 392 136
3 502 218 392
3 136 392 218
3 520 393 46
3 502 392 393
3 561 46 392
3 393 392 46
3 638 29 371
3 537 148 29
3 523 371 148
3 29 148 371
3 619 81 259
3 595 27 81
3 537 259 27
3 81 27 259
3 623 253 192
3 523 370 253
3 595 192 370
3 253 370 192
3 537 27 148
3 595 370 27
3 523 148 370
3 27 370 148
3 620 218 434
3 502 326 218
3 591 434 326
3 218 326 434
3 623 192 219
3 595 328 192
3 502 219 328
3 192 328 219
3 619 301 81
3 591 82 301
3 595 81 82
3 301 82 81
3 502 328 326
3 595 82 328
3 591 326 82
3 328 82 326
3 639 214 315
3 540 113 214
3 538 315 113
3 214 113 315
3 622 266 102
3 592 212 266
3 540 102 212
3 266 212 102
3 601 446 41
3 538 312 446
3 592 41 312
3 446 312 41
3 540 212 113
3 592 312 212
3 538 113 312
3 212 312 113
3 637 407 96
3 535 469 407
3 534 96 469
3 407 469 96
3 619 239 166
3 594 406 239
3 535 166 406
3 239 406 166
3 622 447 351
3 534 94 447
3 594 351 94
3 447 94 351
3 535 406 469
3 594 94 406
3 534 469 94
3 406 94 469
3 638 184 29
3 536 26 184
3 537 29 26
3 184 26 29
3 601 391 288
3 529 169 391
3 536 288 169
3 391 169 288
3 619 259 49
3 537 171 259
3 529 49 171
3 259 171 49
3 536 169 26
3 529 171 169
3 537 26 171
3 169 171 26
3 622 351 266
3 594 386 351
3 592 266 386
3 351 386 266
3 619 49 239
3 529 275 49
3 594 239 275
3 49 275 239
3 601 41 391
3 592 274 41
3 529 391 274
3 41 274 391
3 594 275 386
3 529 274 275
3 592 386 274
3 275 274 386
3 631 53 67
3 549 54 53
3 599 67 54
3 53 54 67
3 607 187 167
3 546 395 187
3 549 167 395
3 187 395 167
3 615 296 292
3 599 68 296
3 546 292 68
3 296 68 292
3 549 395 54
3 546 68 395
3 599 54 68
3 395 68 54
3 637 96 435
3 534 224 96
3 556 435 224
3 96 224 435
3 622 321 447
3 492 204 321
3 534 447 204
3 321 204 447
3 607 77 107
3 556 443 77
3 492 107 443
3 77 443 107
3 534 204 224
3 492 443 204
3 556 224 443
3 204 443 224
3 639 297 214
3 490 335 297
3 540 214 335
3 297 335 214
3 615 410 74
3 531 223 410
3 490 74 223
3 410 223 74
3 622 102 52
3 540 65 102
3 531 52 65
3 102 65 52
3 490 223 335
3 531 65 223
3 540 335 65
3 223 65 335
3 607 107 187
3 492 308 107
3 546 187 308
3 107 308 187
3 622 52 321
3 531 202 52
3 492 321 202
3 52 202 321
3 615 292 410
3 546 66 292
3 531 410 66
3 292 66 410
3 492 202 308
3 531 66 202
3 546 308 66
3 202 66 308
