OFF
642 1280 0
-2.52354376904809e-01 1.57596344307310e-01 7.85607731683728e-01
1.43737721677257e-01 -3.01390945836625e-01 -8.45198802600988e-05
-2.97514952264102e-01 -1.29722482642471e-01 -4.06565057510741e-01
-2.13102230966339e-02 -1.99437741058388e-01 -1.38356084748719e+00
-3.29802632850461e-01 4.51426946822458e-02 -1.36077639923346e-01
-7.59579290270342e-02 -2.50798602583964e-01 -1.07254078852055e+00
1.24378083270104e-01 -3.07228002677313e-01 2.09758861474905e-01
-2.66773174885056e-01 6.54339761592868e-02 -9.83988684881845e-01
-2.58337975885044e-01 -2.10034985614551e-01 -1.31503760132862e-01
-2.07003186083545e-01 -7.59873442759722e-02 -1.29952116645444e+00
-1.25390707865451e-01 2.36105578511268e-01 1.03689890617739e+00
-1.32968676623128e-01 -2.65174963245403e-02 -1.58145963007029e+00
1.57534216834464e-01 1.51581991267377e-01 -1.30807345200597e+00
-2.06993039814461e-01 7.59315871571615e-02 1.29965210978636e+00
1.32839638146871e-01 -2.64900999572584e-02 -1.58176320934521e+00
-2.62476624069852e-01 1.11776830616955e-01 -8.99291845860184e-01
-5.20571729026900e-02 3.29828866500880e-01 -3.55431570518637e-04
-2.64731444634888e-02 -3.05177871772880e-01 -6.88780338403895e-01
-4.38081080664316e-02 7.73070011717518e-02 -1.66815176137446e+00
-2.37082085667845e-01 9.60782012023774e-02 -1.11225794180081e+00
-2.88257618300055e-01 -3.44686549770459e-02 -8.55004868988531e-01
3.05161577670234e-01 1.32958587619616e-01 1.36674905864521e-01
-2.82932936462462e-01 1.22831870618541e-01 6.62860076471287e-01
-3.06184166177275e-01 8.47888308871096e-02 5.32557985796267e-01
7.58440742718245e-02 2.50750153995988e-01 -1.07306134590041e+00
-1.02282871709268e-05 -3.21526691113889e-01 -4.66946281205383e-01
4.04804217237319e-02 1.24416677033281e-01 1.59217161381507e+00
1.11846401275606e-01 1.73581798946021e-01 1.35995912448767e+00
1.72103860227586e-01 -5.22399233171317e-02 -1.45805286382310e+00
3.43971390687472e-02 1.65050469335565e-01 1.49375855209138e+00
1.72094070936840e-01 5.21875727094429e-02 -1.45813425173657e+00
-1.57685199505251e-01 1.51532014573644e-01 -1.30774030720265e+00
-2.10047786456286e-01 -2.54619639796922e-02 -1.33877835773680e+00
-9.61380150873084e-02 -2.14620815805973e-01 1.22854590537522e+00
-1.11838357551650e-01 -1.73522482867680e-01 1.36018019537879e+00
-2.54881521697651e-02 2.58299806992525e-01 -1.08871092311568e+00
-2.81278132366090e-01 -1.72195968386876e-01 2.70701263677121e-01
-3.05158112440799e-01 -1.32946057015576e-01 1.37209080526416e-01
-2.81282003472464e-01 -1.72203029659873e-01 -2.70472475304888e-01
-1.65064162293562e-01 2.88219056876271e-01 1.78077855320845e-01
-3.05159676949493e-01 -1.32950286774798e-01 -1.37005386260301e-01
4.52135056539019e-02 -2.62292506643379e-02 1.70921499573057e+00
-2.63268335982156e-02 3.29798915524305e-01 2.33887097070128e-01
-2.12468829274413e-02 -1.99406171006732e-01 1.38370922855826e+00
-2.37056018184172e-01 -9.62040983008516e-02 -1.11211487143599e+00
-2.52325141612861e-01 -1.57655254270970e-01 -7.85542477210572e-01
1.89842173475984e-01 2.66789873938219e-01 3.39064152747715e-01
-2.53800026810632e-02 -2.58348658992609e-01 1.08846741526214e+00
3.29827542288967e-01 1.89996005364310e-05 -2.69838193983333e-01
1.29697532418512e-01 7.85259170972127e-02 1.54186687844152e+00
-8.48410384139380e-02 1.02794875053826e-01 1.58670804919997e+00
-2.41750076779629e-01 -6.63259376978174e-05 -1.19374425715123e+00
1.57651278597384e-01 -1.51588994877058e-01 1.30767277845109e+00
1.99419501640226e-01 -2.66978950143746e-01 1.10079655102264e-01
1.89891231165872e-01 -2.66739907741657e-01 3.39382048025721e-01
-1.72294654396685e-01 2.15062896341355e-01 9.77305998832644e-01
2.82883523850482e-01 -1.22863375888436e-01 -6.63269575029097e-01
-9.01085036390371e-02 1.76880470438077e-05 1.66634724353290e+00
-1.57608281903904e-01 -1.51609203788097e-01 1.30774906083428e+00
-1.11928314495707e-01 1.73452369659691e-01 -1.36022164593164e+00
-1.29679891635268e-01 -7.84687089183624e-02 1.54198495808553e+00
2.09942153305971e-01 2.53797660979942e-02 -1.33926523828900e+00
-2.00100286492372e-01 -1.25353573844659e-01 1.22362743794618e+00
3.29796293762176e-01 4.52325445895007e-02 1.35688334438215e-01
-8.49014697794746e-02 1.02700630818888e-01 -1.58678514627860e+00
1.11881083277601e-01 -1.73509669732682e-01 1.36012972018834e+00
1.72283360859405e-01 -2.15053431715466e-01 9.77415410556066e-01
1.65010570594798e-01 -2.88246130162208e-01 1.78234837426038e-01
1.73544718063499e-01 -2.62435271063022e-01 5.79600817795536e-01
2.15027940131218e-01 -1.88613960495323e-01 -8.92934350924182e-01
5.22358810129667e-02 -2.81290417058910e-01 8.92322831998384e-01
-2.65116569900236e-02 3.05193662030549e-01 6.88552591100388e-01
-1.73576701787992e-01 2.62425390454835e-01 5.79463714750162e-01
1.02783025923257e-01 -3.06167547427242e-01 4.39583393759233e-01
7.59577555024872e-02 -2.50775757852816e-01 1.07268458606446e+00
2.14605015736531e-01 -2.37043055187733e-01 -4.98514337529775e-01
-5.92522468359068e-05 3.21543194786212e-01 4.66640839526978e-01
2.82938289253923e-01 -1.22842104708832e-01 6.62747757358039e-01
9.60642216012454e-02 2.14588369635300e-01 -1.22885314834492e+00
-1.89932168086415e-01 2.66716034151337e-01 3.39270702652950e-01
2.81280932589455e-01 1.72222120947845e-01 2.70175726733478e-01
1.57622395658534e-01 1.51667398580917e-01 1.30752210291408e+00
1.88606892155875e-01 1.72315413748298e-01 1.11435420838688e+00
1.29598771852581e-01 7.84388620664890e-02 -1.54220891466599e+00
5.19159257673114e-02 3.29851125695297e-01 -4.22966153639200e-04
-1.99402096382127e-01 -2.66991785739457e-01 -1.10090361546353e-01
-2.14617102292950e-01 -2.37059139621996e-01 -4.98169022876018e-01
-1.25366494603131e-01 -2.36115252862493e-01 -1.03691837577624e+00
7.83925421173867e-02 2.97509434065570e-01 -6.72544045328197e-01
-1.57646560097447e-01 -1.51646596066946e-01 -1.30750866176495e+00
-3.21865363699436e-01 -4.37801002631496e-02 -4.00878663090715e-01
-6.55908097123137e-02 1.89810883430831e-01 -1.38258217454205e+00
-2.36079133188808e-01 -2.00120795111339e-01 6.49702406806838e-01
-3.21877975509594e-01 4.36672127964193e-02 -4.00937384510913e-01
2.10045514408722e-01 -2.53597774101180e-02 1.33884002775100e+00
3.29784278191023e-01 4.52254083104685e-02 -1.36534004829409e-01
2.67012205488977e-01 -2.12270520893186e-02 1.03329934698899e+00
1.72215711417162e-01 -2.15073875880419e-01 -9.77614783465682e-01
1.88559268826163e-01 -1.72266903676528e-01 -1.11477205766182e+00
2.00054030587062e-01 -1.25363529709692e-01 -1.22380318094665e+00
-2.15069761989248e-01 -1.88636569712460e-01 -8.92535441750688e-01
2.09946718048945e-01 -2.54185345582430e-02 -1.33922626887475e+00
1.22892507487674e-01 -1.27896528797390e-01 1.46621534859856e+00
3.21885797859116e-01 -4.37004953445339e-02 4.00671215115533e-01
1.64998380813982e-01 -2.88248282466507e-01 -1.78444333492165e-01
-1.73592549309070e-01 2.62379758031969e-01 -5.79891080094985e-01
3.07248217148124e-01 4.05291481776386e-02 6.44255744322149e-01
2.52354442339656e-01 -1.57601950932877e-01 7.85576956233239e-01
-9.62351244649360e-02 2.14554109482498e-01 -1.22865464203505e+00
6.54546372264536e-02 -1.89898959966498e-01 -1.38243064493977e+00
1.27840881707264e-01 2.82907018302460e-01 -6.37221664681603e-01
-2.88246104832214e-01 -3.44320727088498e-02 8.55148707567403e-01
1.11796910194374e-01 -1.73544958914663e-01 -1.36019469366639e+00
4.05070915500662e-02 -1.24352532540384e-01 1.59228798939826e+00
-1.29730238346449e-01 -7.85264460342518e-02 -1.54179224853747e+00
3.05182890303341e-01 -1.32903382381240e-01 1.36838799818982e-01
3.29791298215597e-01 -4.51807427313225e-02 -1.36475742127280e-01
2.97509841412307e-01 -1.29680278054384e-01 -4.07026892920394e-01
-2.88267305445744e-01 3.43417840664595e-02 -8.55054270123795e-01
-8.48768046524700e-02 -1.02814644565958e-01 -1.58662226404205e+00
-2.37060230956690e-01 9.61433530680703e-02 1.11223184425866e+00
3.05149880827031e-01 1.32949941237227e-01 -1.37599165516905e-01
-1.73508955877818e-01 -2.62445534185913e-01 5.79763559685797e-01
-2.14605951411974e-01 -2.37050048400013e-01 4.98414190574442e-01
-1.72239191584939e-01 -2.15068704836796e-01 9.77534229396273e-01
-2.52368363394800e-01 1.57544470287059e-01 -7.85766499558424e-01
-1.89940780039614e-01 2.66689131102427e-01 -3.39708970970752e-01
-1.02846869511397e-01 3.06128008235611e-01 -4.39921821515409e-01
-4.52725908290213e-02 2.62004222913734e-02 -1.70918486296454e+00
-2.62445721255752e-01 -1.11897717216004e-01 -8.99130280808698e-01
-1.24442557237692e-01 3.07192886020786e-01 -2.10112878276927e-01
-1.57646926850390e-01 1.51617404392060e-01 1.30759840160773e+00
-3.43924851359760e-02 -1.64994012593928e-01 1.49392894694872e+00
-8.84890637632257e-05 1.43677340706835e-01 -1.56215519100168e+00
1.25262707565427e-01 2.36073591417367e-01 -1.03750989924039e+00
2.53651228261149e-02 -2.58364155779582e-01 -1.08837792954877e+00
2.50764802772638e-01 2.07027972388193e-01 3.93112941910533e-01
-2.66757373458357e-01 6.54879604263508e-02 9.84007285141896e-01
-2.88255792734056e-01 3.43854850437297e-02 8.55111344250091e-01
2.61956640485711e-02 3.29810159720979e-01 2.33856810160243e-01
-6.55459917301903e-02 -1.89905797086360e-01 -1.38228914946059e+00
-2.15049840971340e-01 -1.88615043015778e-01 8.92786531642821e-01
-1.88593674617106e-01 -1.72259567923060e-01 1.11464616993702e+00
2.06914474195596e-01 -7.59510575271565e-02 -1.29995754993247e+00
2.53648996492708e-02 2.58394689922875e-01 1.08818335051173e+00
-1.64990258351721e-01 -2.88253243170451e-01 1.78430821067185e-01
-1.32975287027377e-01 2.63910046506842e-02 -1.58150153385371e+00
-5.19802129752262e-02 -3.29841010873565e-01 6.04790048940867e-05
6.54926794193578e-02 1.89929894981232e-01 1.38226809269345e+00
2.58350480599135e-01 -2.10011277208120e-01 -1.31860471249555e-01
-1.27973025810413e-01 2.82907693865962e-01 6.36500747428572e-01
-3.29788376608542e-01 -4.52392436538424e-02 1.36144439554436e-01
-7.59159240063744e-02 -2.50780804265456e-01 1.07273243681327e+00
-3.44303910918660e-02 1.65039262663706e-01 1.49377123392613e+00
-1.27993945872470e-01 2.82855990909685e-01 -6.37004763199276e-01
-2.13554913794105e-02 1.99353373718161e-01 -1.38386865074068e+00
2.88200590412326e-01 3.44121211245164e-02 -8.55582211134521e-01
2.50733828138860e-01 2.06999626555912e-01 -3.94043458765034e-01
-3.07243925631565e-01 4.04195815347308e-02 -6.44495558446934e-01
1.02721273007140e-01 3.06207430435379e-01 4.39224789818416e-01
-4.51993041046495e-02 2.62861058745451e-02 1.70920162420966e+00
2.36972433768140e-01 9.61451651213840e-02 -1.11273006298639e+00
-2.36133347478640e-01 2.00084111545423e-01 6.49476646512570e-01
-3.21861599621045e-01 -4.37634009568057e-02 4.01008793123159e-01
-2.67005011117499e-01 2.11981814377619e-02 -1.03336519847331e+00
-3.21874212095663e-01 4.36881576016558e-02 4.00957249567755e-01
2.06996198193587e-01 7.59874717481955e-02 1.29955086358358e+00
2.50800292172882e-01 -2.06967692213335e-01 3.93357319789813e-01
-7.84597961277567e-02 -2.97523806901193e-01 6.72162505743996e-01
4.37314311674251e-02 7.74128045867974e-02 1.66807400789090e+00
-4.37362849409802e-02 7.74009539828285e-02 1.66808536072957e+00
8.48298822228468e-02 1.02819204103185e-01 1.58668172991412e+00
-3.07236732269331e-01 4.04529962394348e-02 6.44531353905912e-01
9.61078009786929e-02 -2.14638023948855e-01 -1.22852865288123e+00
-2.06972918592321e-01 -7.59382710726982e-02 1.29972769118438e+00
-2.15100130581931e-01 1.88593540145905e-01 8.92583115259844e-01
-1.32917661600079e-01 -2.64483147206055e-02 1.58160592969843e+00
-2.52311152243768e-01 -1.57633359093864e-01 7.85781155681193e-01
-4.37183614372142e-02 -7.73539418990435e-02 1.66815655408162e+00
-2.62461718195991e-01 1.11831214318732e-01 8.99227090439846e-01
2.14994226501540e-01 1.88604401510370e-01 -8.93206589853918e-01
-3.44964084083745e-02 1.64939286758033e-01 -1.49402690192223e+00
2.41659290343355e-01 -1.25146015634753e-05 -1.19423794444183e+00
-4.04995794457109e-02 1.24404517525110e-01 1.59218404823199e+00
-1.29730382971766e-05 1.43777870558615e-01 1.56190680023827e+00
1.99411517961821e-01 -2.66980558615867e-01 -1.10362979916211e-01
-1.22933982784814e-01 1.27844580194492e-01 -1.46624364848477e+00
2.36120363074447e-01 -2.00097664572065e-01 6.49491291822282e-01
-1.72187091641270e-01 5.22212942957480e-02 1.45780682182937e+00
-1.72173626968677e-01 -5.22134260396224e-02 1.45785710640419e+00
6.54148904940100e-02 1.89833211856299e-01 -1.38272369148764e+00
2.53089307886367e-02 2.58309547351957e-01 -1.08876115230909e+00
1.25328587397607e-01 2.36151933575968e-01 1.03681708835929e+00
2.66925247517638e-01 2.12611527352196e-02 -1.03388381064617e+00
-3.44585059861063e-02 -1.65034311063678e-01 -1.49376851504654e+00
-1.02831091698580e-01 3.06164940704004e-01 4.39330145302915e-01
2.36035470961895e-01 2.00119878707927e-01 -6.50135946180687e-01
-5.64823318047309e-05 -1.43769245763021e-01 -1.56192809855400e+00
4.51159127648974e-02 2.62112245722090e-02 -1.70929168847121e+00
-1.22902288903398e-01 -1.27960218586191e-01 -1.46604405667569e+00
1.24317473040229e-01 3.07262037449717e-01 2.09384582969307e-01
-2.30414496748798e-01 2.41673733696026e-01 -1.84012977801608e-04
1.88638615901984e-01 -1.72237812586591e-01 1.11453220028100e+00
1.02694542370649e-01 3.06170492836219e-01 -4.40083477033039e-01
2.37074899092808e-01 -9.61262301164277e-02 1.11218761998253e+00
-3.01402197236470e-01 -6.24303390570931e-05 -7.44821036697422e-01
2.97488845113751e-01 1.29708068122856e-01 -4.07201214245787e-01
5.21274527804602e-02 2.81265026582315e-01 -8.92708035724484e-01
-2.14669130362456e-01 2.37014342139113e-01 4.98139431220811e-01
-5.23010116630758e-02 2.81244251896414e-01 -8.92611168659744e-01
3.21878935008693e-01 4.37685910149646e-02 4.00619653199278e-01
-3.29801486517952e-01 4.51498271073271e-02 1.36088705079648e-01
8.48509895698252e-02 -1.02746447072895e-01 1.58677800569920e+00
-1.88622115368920e-01 -1.72288652035459e-01 -1.11439614251474e+00
3.44327275444448e-02 -1.64989892847496e-01 1.49391626924305e+00
1.64943905656274e-01 2.88270830825173e-01 -1.78818299212994e-01
-1.72321527023924e-01 2.14991559323543e-01 -9.77600277794291e-01
-2.36091978802163e-01 -2.00135552420122e-01 -6.49454886275081e-01
2.36085451717600e-01 2.00166127337111e-01 6.49265497441361e-01
1.51584228688264e-01 2.52380420487747e-01 8.16550350175385e-01
2.64079596429442e-02 3.05204585454948e-01 6.88529574944532e-01
-4.37901891248068e-02 -7.74166205238389e-02 -1.66802784650989e+00
-4.04708518841603e-02 -1.24358406336306e-01 1.59230041940882e+00
9.61814951253133e-02 -2.14612261109390e-01 1.22849463400982e+00
2.66776252769026e-01 -6.54745510138809e-02 9.83893771397136e-01
-3.00981383784026e-05 2.30404584236346e-01 1.25256117478181e+00
-6.55349264243508e-02 1.89907557746229e-01 1.38229674451304e+00
-2.50822159642157e-01 2.06939780569689e-01 3.93377245333420e-01
1.29614166564759e-01 -7.85039201937158e-02 -1.54208524435053e+00
-2.12921578841669e-02 1.99451731145806e-01 1.38351414839996e+00
5.21762352603328e-02 2.81337312518137e-01 8.92019406825369e-01
7.73776466310006e-02 -3.21866375473535e-01 2.26605515595695e-01
5.19858731814487e-02 -3.29840119025778e-01 -7.04017596243332e-06
-2.97551711237787e-01 1.29617789210370e-01 -4.06739340131413e-01
-3.29789523251589e-01 -4.52448874133689e-02 -1.36019401761148e-01
-3.07232370709228e-01 -4.05406996037915e-02 -6.44439178330010e-01
2.12185530962387e-02 -1.99435640376149e-01 -1.38360682323953e+00
-7.73695879626564e-02 -3.21869898728493e-01 -2.26544997647558e-01
-2.66988449148491e-01 2.12493429129522e-02 1.03345191040781e+00
1.72194952005030e-01 5.22652408310446e-02 1.45773958056166e+00
-2.10054532325942e-01 2.53296914025523e-02 -1.33881732344640e+00
-1.24366332295651e-01 -3.07233941797006e-01 -2.09712349689554e-01
2.64387564210984e-02 -3.05177010726136e-01 -6.88826061715337e-01
-2.15120045645015e-01 1.88531249449998e-01 -8.92807628800209e-01
-1.43803173540892e-01 3.01359717839212e-01 -2.77872646067122e-04
1.99370918921561e-01 2.67020299713278e-01 1.09748981665952e-01
-2.54292837713828e-02 -2.58365723956739e-01 -1.08832771501711e+00
2.11750092346111e-02 1.99360741575970e-01 -1.38391463381183e+00
7.84314234796341e-02 2.97565203913716e-01 6.71759113727422e-01
3.43187039359620e-02 1.64950488885332e-01 -1.49410360658413e+00
-8.18284617875874e-05 3.21503089953994e-01 -4.67382376222578e-01
-4.05400448533346e-02 -1.24409175361334e-01 -1.59214661156781e+00
3.43542883964747e-02 -1.65030192952718e-01 -1.49384521013937e+00
7.59057927986606e-02 2.50833086972457e-01 1.07242331833237e+00
-1.11885713830754e-01 -1.73557766970092e-01 -1.35995465067073e+00
-2.62430811324773e-01 -1.11867670340278e-01 8.99347572306040e-01
-1.88667108246722e-01 1.72177601165858e-01 -1.11465254086825e+00
-2.37034161891134e-01 -9.61648201024937e-02 1.11233122637419e+00
-1.02772260827008e-01 -3.06175174501160e-01 -4.39508304969255e-01
1.22867228644012e-01 1.27973282414642e-01 1.46609236266671e+00
-1.25425111475332e-01 2.36027248197317e-01 -1.03726607516720e+00
2.36989186625639e-01 -9.61655210256838e-02 -1.11258697278231e+00
-1.27902630035151e-01 -2.82912723601456e-01 6.36820678410754e-01
-1.72213719083427e-01 -5.22726500822451e-02 -1.45767289541449e+00
-1.72227182816342e-01 5.21436424023170e-02 -1.45775427457128e+00
-1.65069218425392e-01 2.88204463535206e-01 -1.78585644250073e-01
1.29712929198100e-01 -7.84461749876884e-02 1.54194111543482e+00
-2.81326366609556e-01 1.72129303119867e-01 2.70493694457201e-01
-2.81330235569890e-01 1.72110958600075e-01 -2.70699068843581e-01
-3.05195996764116e-01 1.32865361617068e-01 1.37045220911420e-01
3.21528521555492e-01 -9.00912916015356e-02 -3.33270607430689e-04
-3.05197560737901e-01 1.32856717715062e-01 -1.37176692459633e-01
-2.00129803287024e-01 -1.25392452669528e-01 -1.22339075808816e+00
-2.63374132377801e-02 3.29778564544974e-01 -2.34624702233746e-01
9.01246599658599e-02 3.77546232704701e-05 1.66632376581869e+00
1.32936386584565e-01 2.65021143965861e-02 1.58153946795893e+00
-2.36146188601979e-01 2.00037876096244e-01 -6.49733732860491e-01
-1.51680577101874e-01 2.52259514799822e-01 -8.17073117637641e-01
-1.29699449574734e-01 7.84906902318534e-02 1.54191072408145e+00
-3.01393358456303e-01 -2.74626904107178e-05 7.44917156659044e-01
-2.07023305996226e-01 7.58586328535677e-02 -1.29963705435030e+00
2.30324247303849e-01 2.41759731015205e-01 -4.83255872921575e-04
4.36419554185773e-02 7.73188459971649e-02 -1.66825399177656e+00
-9.61900264227724e-02 2.14643700096076e-01 1.22832914927214e+00
-2.62516185055167e-02 -3.29794338768312e-01 2.34287177852004e-01
3.01416495522994e-01 3.96510799282707e-05 7.44665647107093e-01
-3.93681644587756e-05 -2.30381609187961e-01 -1.25267467217293e+00
-2.10017102723399e-01 -2.54032234465430e-02 1.33893761863115e+00
8.02197653005592e-07 5.20191914354966e-02 1.70942114869491e+00
2.97523161933356e-01 1.29733554069036e-01 4.06308721214397e-01
-1.64995314493796e-01 -2.88255395221113e-01 -1.78211724809442e-01
2.50769315843028e-01 -2.06976306738594e-01 -3.93765815499283e-01
1.51632606254523e-01 -2.52318090769718e-01 8.16826432690967e-01
2.62673376875346e-02 -3.29793887923037e-01 2.34256899040763e-01
7.84929117930060e-02 -2.97520880458795e-01 6.72093445898028e-01
2.36070380425621e-01 -2.00112426968127e-01 -6.49857044808744e-01
1.27937141387842e-01 -2.82906789420443e-01 6.36705274748057e-01
2.12890134454064e-02 -1.99404070909723e-01 1.38369996417980e+00
-1.24435579363106e-01 3.07210537248314e-01 2.09529884067358e-01
-7.74375277476035e-02 3.21859869364292e-01 2.26304105193650e-01
1.51529736922324e-01 2.52317104069802e-01 -8.17347204246407e-01
2.00120053004284e-01 1.25407069902203e-01 1.22339335489829e+00
-2.66739216975595e-01 -6.55230738834539e-02 9.84076699990100e-01
1.43679455782380e-01 3.01418713886948e-01 -4.64593947781846e-04
1.24304162877468e-01 3.07244383217914e-01 -2.10290708595993e-01
7.73110576349250e-02 3.21892615352486e-01 2.26214521918704e-01
3.06179962501442e-01 8.48731790549324e-02 5.32261934180763e-01
7.72979747411632e-02 3.21873143016555e-01 -2.27077181808426e-01
2.15094352234835e-01 -1.88592429947847e-01 8.92626816795994e-01
1.27881531750375e-01 2.82958730189558e-01 6.36385309627289e-01
-1.51592072058021e-01 -2.52328012717531e-01 8.16946183144995e-01
-2.50829240802234e-01 2.06911443049542e-01 -3.93656250665516e-01
4.37479701233204e-02 -7.73463162243363e-02 1.66814520187837e+00
-4.05687677777046e-02 1.24305776619845e-01 -1.59234387292160e+00
-3.29842261616551e-01 -5.44392368984158e-05 -2.69354364755708e-01
1.90384207004316e-05 -1.43723104210715e-01 1.56204217846969e+00
-2.50765466028572e-01 -2.06991185327365e-01 3.93621571965877e-01
-2.14680277930186e-01 2.36976643704207e-01 -4.98492014517316e-01
1.32834463006366e-01 2.64227846552118e-02 -1.58180512427340e+00
-7.84859053961368e-02 -2.97531153882610e-01 -6.71993259875736e-01
1.27896489731919e-01 -2.82914875679665e-01 -6.36828122371861e-01
2.00142842862387e-01 -1.25324641922312e-01 1.22352008927013e+00
2.62400585754302e-01 -1.11857569002137e-01 -8.99618166375803e-01
4.04223114945053e-02 -1.24403305020546e-01 -1.59223933278501e+00
2.00031242630155e-01 1.25331047747663e-01 -1.22399257882350e+00
2.82918029989156e-01 1.22916519438733e-01 6.62609456254749e-01
2.15060637664509e-01 1.88666709733076e-01 8.92423375599833e-01
2.52265468881466e-01 1.57625421054703e-01 -7.86217771687742e-01
1.72243032923116e-01 2.15124343075355e-01 9.77187151497046e-01
3.29803313846372e-01 -4.51750975794353e-02 1.35744067002245e-01
-4.52665016314910e-02 -2.63133813429880e-02 -1.70914258422912e+00
-2.54388787272629e-02 2.58384946758245e-01 1.08819910638465e+00
2.97544158965782e-01 -1.29667566505137e-01 4.06461486113697e-01
-7.59756626970052e-02 2.50804312662923e-01 1.07247118432086e+00
-1.99469746712474e-01 2.66942720900049e-01 1.09994386307118e-01
6.55324281017029e-02 -1.89865826654388e-01 1.38245389473476e+00
1.23502155278619e-05 -3.21522942907118e-01 4.67015597489789e-01
1.02756293530869e-01 -3.06171895261128e-01 -4.39669913675119e-01
-5.22353734700757e-02 -2.81304401814691e-01 -8.92205208123026e-01
2.64742708069346e-02 -3.05170118690891e-01 6.88871436519822e-01
2.54210939681520e-02 -2.58347091027449e-01 1.08845165501715e+00
3.05171192588435e-01 -1.32907615391322e-01 -1.37427828512623e-01
4.51215167303390e-02 -2.63040603365857e-02 -1.70924940935299e+00
3.21850781399189e-01 -4.37172021626066e-02 -4.01377197199892e-01
-2.00133328030420e-01 1.25346876602782e-01 1.22350071514671e+00
3.06134464319661e-01 8.48426976098772e-02 -5.33094751654923e-01
-2.00162839440135e-01 1.25270873022614e-01 -1.22358012378495e+00
3.07193074737881e-01 4.04957198350943e-02 -6.45018044196535e-01
-6.54901040642384e-02 -1.89872665571135e-01 1.38248253695368e+00
-2.66999114199762e-01 -2.13288356692448e-02 -1.03333391116882e+00
-7.73607569855189e-02 -3.21868087487283e-01 2.26695071986982e-01
1.72204743037840e-01 -5.21806869880588e-02 1.45778987530874e+00
2.66765235293466e-01 6.55582372021516e-02 9.83824327493808e-01
-1.24359352304783e-01 -3.07231891519791e-01 2.09904121121336e-01
-1.29749793034654e-01 7.84036482195395e-02 -1.54191590498250e+00
-7.74463577105532e-02 3.21840399109015e-01 -2.26965745675671e-01
-2.58335726441611e-01 -2.10032154046529e-01 1.31743708875701e-01
7.58960292196351e-02 -2.50793557468989e-01 -1.07269016529990e+00
-1.11880967166251e-01 1.73544793701201e-01 1.36000960762012e+00
-1.22853198670731e-01 -1.27914092337070e-01 1.46626267587242e+00
4.36584917827828e-02 -7.74089973114491e-02 -1.66813007230060e+00
-8.18456848694379e-05 5.19281632942407e-02 -1.70949543317625e+00
9.00259150154048e-02 -4.04842497047982e-05 -1.66646713053845e+00
-2.66755018175600e-01 -6.55614763037797e-02 -9.83892938416136e-01
-2.82907825666842e-01 -1.22904714157735e-01 -6.62785277852788e-01
-3.06165984170358e-01 -8.48728552759306e-02 -5.32479250723379e-01
2.58325275403823e-01 2.10058372034736e-01 1.31170139441573e-01
2.58314794416960e-01 2.10048841387400e-01 -1.32130971559988e-01
1.22774536138427e-01 1.27881726207327e-01 -1.46651545883585e+00
1.22799810815676e-01 -1.27942662188182e-01 -1.46631584565923e+00
9.61379099090786e-02 2.14677971714428e-01 1.22827786901099e+00
2.12454638269355e-02 1.99459102512949e-01 1.38350488519130e+00
-2.64420476892512e-02 -3.05170979286787e-01 6.88894438455640e-01
-1.02756480760302e-01 -3.06170827585820e-01 4.39688708122312e-01
-1.43727204455804e-01 -3.01395961224009e-01 1.02138807933870e-04
2.66928821068607e-01 -2.12729343901507e-02 -1.03385251928702e+00
-2.97509935469346e-01 -1.29709776045135e-01 4.06772503853450e-01
2.81287078071323e-01 -1.72170581957942e-01 -2.70885245670270e-01
2.66696885415102e-01 -6.55129674673632e-02 -9.84402890790028e-01
2.81309380136662e-01 -1.72163517143779e-01 2.70383327849980e-01
-3.21513521287700e-01 -9.01448306651804e-02 8.43280551347972e-05
-2.58395824570634e-01 2.09957500304013e-01 -1.31774205839171e-01
-9.06659333606125e-05 2.30310836367491e-01 -1.25302410595963e+00
-7.85308264071297e-02 2.97533179210015e-01 6.71828190207682e-01
-1.22884898074548e-01 1.27936122214874e-01 1.46613969676380e+00
-2.58393576238432e-01 2.09967027744841e-01 1.31484557507475e-01
1.32941559769045e-01 -2.64209079580802e-02 1.58156428269267e+00
1.99362936207134e-01 2.67011556637562e-01 -1.10705667489803e-01
2.82863264431881e-01 1.22875526934940e-01 -6.63441170246686e-01
1.89817955916276e-01 2.66762965133271e-01 -3.39995731152555e-01
-7.60176627912841e-02 2.50721386150301e-01 -1.07291195974785e+00
4.52078978396757e-02 2.62969121180819e-02 1.70919105464360e+00
2.14599661767965e-01 2.37093839214646e-01 4.97927221855151e-01
1.73495575223176e-01 2.62492409823922e-01 5.79300925799103e-01
-1.72266071706950e-01 -2.15089143776730e-01 -9.77286184078508e-01
2.14642057017622e-01 -2.37033962932165e-01 4.98202020554562e-01
3.01353291746602e-01 4.66941498651399e-06 -7.45352439788823e-01
-1.51656079282689e-01 2.52322819931729e-01 8.16670129510286e-01
2.62381675546693e-01 1.11853534712063e-01 -8.99779771875043e-01
-9.61831217553202e-02 -2.14646576084383e-01 -1.22833017307403e+00
-7.85569306564300e-02 2.97477414499842e-01 -6.72409252201349e-01
3.07199549604808e-01 -4.04800374278482e-02 -6.44961653768048e-01
1.88527546821359e-01 1.72239830220619e-01 -1.11502850192694e+00
-1.32924274277123e-01 2.64703205572631e-02 1.58158111399441e+00
2.37058143397295e-01 9.62103365067633e-02 1.11208820820127e+00
-3.29839993774907e-01 -4.17929609813102e-05 2.69429008170933e-01
2.10040948099260e-01 2.54467513946027e-02 1.33881494386107e+00
2.67008631322750e-01 2.13123318749955e-02 1.03327700369472e+00
1.11762229641164e-01 1.73489360533009e-01 -1.36046172466599e+00
4.03956445147076e-02 1.24317931303446e-01 -1.59243660202109e+00
1.25375120322855e-01 -2.36086733492011e-01 1.03706477368929e+00
-3.07225176944862e-01 -4.05136019377368e-02 6.44577052999145e-01
-1.25332087716736e-01 -2.36096205507185e-01 1.03714656333070e+00
2.58360960790831e-01 -2.10008446127781e-01 1.31429336179108e-01
-1.89862423135077e-01 -2.66750629747540e-01 3.39588544877434e-01
2.30366703151589e-01 -2.41719291792931e-01 -1.78438060300094e-04
-1.88638673648928e-01 1.72253166569618e-01 1.11446820042958e+00
2.88206225155096e-01 -3.44106483484154e-02 -8.55532818798091e-01
3.29851330121055e-01 3.16504011376681e-05 2.69056014035393e-01
-2.41727299859787e-01 -1.02825688697201e-05 1.19386818862867e+00
-2.66982553155815e-01 -2.12829702790127e-02 1.03347423652476e+00
8.47579810124471e-02 -1.02801197536701e-01 -1.58681627167493e+00
8.47368771430023e-02 1.02724948734770e-01 -1.58697916916849e+00
-4.51932145952574e-02 -2.62385761738704e-02 1.70922556513606e+00
-8.48163727769957e-02 -1.02759900286151e-01 1.58680431581627e+00
2.14562619638056e-01 2.37056131506658e-01 -4.98837393108690e-01
2.66685869124846e-01 6.55042330722186e-02 -9.84498661768054e-01
1.72175384878805e-01 2.15052988231336e-01 -9.77928942810479e-01
-2.10023850575075e-01 2.53966583977067e-02 1.33891253387247e+00
-1.27923554101410e-01 -2.82920809238285e-01 -6.36611270458923e-01
-5.21978712709061e-02 -2.81292894714261e-01 8.92361595598107e-01
1.51578112128129e-01 -2.52331489316007e-01 -8.16986914212557e-01
2.06900777077795e-01 7.59144987632503e-02 -1.30007346048085e+00
7.84540239270736e-02 -2.97528227860006e-01 -6.72128039692713e-01
2.52327466936027e-01 1.57677312417417e-01 7.85403485798029e-01
2.88277415830231e-01 -3.43740518861845e-02 8.54927879455660e-01
2.62552660221782e-02 -3.29795533793770e-01 -2.34231009425876e-01
1.73455367160053e-01 2.62446765956311e-01 -5.80179141128724e-01
2.81258631355616e-01 1.72203770212734e-01 -2.71111890939714e-01
-7.02705928000772e-05 -5.20306613557843e-02 -1.70941173365853e+00
2.61835926766034e-02 3.29789807784882e-01 -2.34662656593531e-01
-2.30349297931215e-01 -2.41735879693051e-01 1.20750939366171e-04
-2.50772549878931e-01 -2.06999795341387e-01 -3.93378662340497e-01
2.62472649458460e-01 -1.11827512650782e-01 8.99153752272235e-01
-1.99472423032501e-01 2.66933978742660e-01 -1.10433003984329e-01
1.64956094298101e-01 2.88285426866228e-01 1.77881818242859e-01
1.23791988474786e-05 -5.19611738948566e-02 1.70946854228423e+00
2.07009896156680e-01 -7.59019723930685e-02 1.29962646113750e+00
1.25309236326358e-01 -2.36105782754366e-01 -1.03716216810329e+00
1.57563093098682e-01 -1.51626395097711e-01 -1.30784178320454e+00
-1.99399421171700e-01 -2.66990177860501e-01 1.10324998731865e-01
-2.97546697151103e-01 1.29643264084866e-01 4.06619769820292e-01
-2.62622005789570e-02 -3.29795984599016e-01 -2.34193076433745e-01
7.73645610948235e-02 -3.21868186747722e-01 -2.26656413615933e-01
-3.21539504839831e-01 9.00521067308446e-02 -2.92785902901464e-05
2.52292441662318e-01 -1.57623853792736e-01 -7.85993708407470e-01
1.73504507739303e-01 -2.62444069350294e-01 -5.79817123895157e-01
3.07254693149626e-01 -4.04529288886470e-02 6.44301454731449e-01
1.24364770676755e-01 -3.07230053931055e-01 -2.09890137416364e-01
-1.51616575737971e-01 -2.52341408102880e-01 -8.16712877609465e-01
3.21843918348782e-01 4.37476372402243e-02 -4.01435938470075e-01
-2.82898476426891e-01 -1.22883451751192e-01 6.62998326659247e-01
1.89867011250267e-01 -2.66744883391594e-01 -3.39640878866313e-01
2.62453738585958e-01 1.11907938564287e-01 8.99033248949083e-01
-3.06159972629335e-01 -8.48533222876805e-02 5.32655678801545e-01
2.88271778556247e-01 3.44558380094648e-02 8.54890504607701e-01
3.06193547018433e-01 -8.48013204982019e-02 5.32359667616193e-01
5.21870912486931e-02 -2.81301926448561e-01 -8.92302057115769e-01
-9.01708942204747e-02 -6.05426177418759e-05 -1.66625656261753e+00
2.41751968736795e-01 4.35464846567347e-05 1.19373399389107e+00
-1.89871037518218e-01 -2.66755602492927e-01 -3.39354176681530e-01
2.63724475470172e-02 3.05146789444175e-01 -6.89253819828738e-01
-2.65427550853977e-02 3.05135867736327e-01 -6.89208096674969e-01
2.12029591141027e-05 -2.30357721198187e-01 1.25279267558902e+00
3.06148047412193e-01 -8.48208616022720e-02 -5.32978553489789e-01
-1.73524808861391e-01 -2.62454328757073e-01 -5.79529138114649e-01
-5.22635160858904e-02 2.81316533046863e-01 8.92058190373912e-01
-2.82942284324391e-01 1.22790892325348e-01 -6.62956823655572e-01
-3.06190177516543e-01 8.47583600934168e-02 -5.32595434191482e-01
3.21514374687102e-01 9.01417470701349e-02 -4.46910009408255e-04
3.17540978604371e-01 8.88573253438967e-02 -2.72724900797042e-01
-2.28779796871242e-01 1.43654886673624e-01 -1.01717643000638e+00
-7.75613176182690e-02 1.48757290882646e-01 -1.49627680798132e+00
-1.43803980326143e-01 1.96190644959707e-01 -1.18553425231556e+00
-1.96248331232488e-01 -2.28738238478586e-01 7.44977875610342e-01
8.87560891155810e-02 -5.25682861683519e-02 -1.64589948651311e+00
-2.28720064317775e-01 -1.43742083286937e-01 1.01720636901057e+00
7.74208856314721e-02 -1.48852991289520e-01 -1.49621651802002e+00
3.18263175493769e-01 1.17561253145523e-05 -5.23566060997945e-01
-2.47751389402491e-05 -2.85105134028853e-01 -9.00830218890805e-01
4.79100846263285e-02 -2.26300793186246e-01 1.24803741259865e+00
-2.85081440716647e-01 -1.73855131678264e-01 1.13460697977753e-04
2.28764379245754e-01 -1.43711632863038e-01 1.01705425741666e+00
3.18308633697409e-01 3.63224589892002e-05 5.22823231515895e-01
5.25445736593348e-02 -3.17561612487964e-01 4.60374192199507e-01
-1.00933858520777e-01 -3.18291361909906e-01 8.49809117635751e-05
-5.25386859122881e-02 -3.17566829864458e-01 -4.60295567318377e-01
1.00941609020443e-01 -3.18288904331302e-01 -4.61127387117643e-05
-1.48824635376934e-01 -2.88702245102244e-01 -4.01422727612546e-01
-1.73876014663237e-01 -6.54294774087896e-05 -1.47741342944070e+00
2.85072724376097e-01 1.73869400732787e-01 -4.76038690715193e-04
-4.79731046357340e-02 2.26247527373564e-01 -1.24823176886586e+00
1.96248042364530e-01 2.28789087627733e-01 7.44560398751935e-01
4.78425110523985e-02 -2.26325200938691e-01 -1.24798815655823e+00
1.96194322701365e-01 2.28733473575193e-01 -7.45399146651319e-01
-5.25934881571152e-02 3.17570640848056e-01 4.60056781140433e-01
2.28661732415202e-01 1.43726288001245e-01 -1.01761848472014e+00
-1.43767295082867e-01 1.96274462412817e-01 1.18528108754603e+00
2.40741261640219e-01 4.78745324586698e-02 -1.17325922184239e+00
-1.48885526571220e-01 2.88677373943480e-01 4.01296651664192e-01
-2.26297799744768e-01 -2.40823432389976e-01 -2.48033096877449e-01
-1.96326752988394e-01 2.28661803933591e-01 -7.45053131207221e-01
-4.79200000382443e-02 2.26340308337531e-01 1.24783470032147e+00
-2.88696798374589e-01 -7.75319932398682e-02 -7.71154078375681e-01
1.00877296136164e-01 3.18309281674984e-01 -4.47483812034589e-04
-2.28741075068207e-01 -1.43772138690473e-01 -1.01696535035532e+00
-8.88885228758989e-02 -5.25851502917723e-02 -1.64569303870189e+00
-1.01011308012864e-01 3.18266785981129e-01 -3.16354218000391e-04
-7.75258233163987e-02 -1.48863050937077e-01 -1.49604367904326e+00
-2.85130273378034e-01 1.73775032494773e-01 -1.05709728658828e-04
1.48784980360211e-01 2.88737285341762e-01 4.01140531217931e-01
-3.18289696810253e-01 -3.45515193681774e-05 5.23132809592116e-01
-2.28758790636481e-01 1.43720329970178e-01 1.01705501129864e+00
4.78618953688544e-02 2.26357720780463e-01 1.24780976089667e+00
-3.18294832288279e-01 -5.91076248436240e-05 -5.23048817129880e-01
-8.88392994635162e-02 5.25536166247037e-02 1.64579148437670e+00
-8.88266465116468e-02 -5.25183579058876e-02 1.64584005883188e+00
4.77943264228807e-02 2.26264934225858e-01 -1.24833122626891e+00
-1.43754516577868e-01 -1.96293223228117e-01 -1.18523926785903e+00
8.88426158625985e-02 5.25763110086023e-02 1.64576720663117e+00
-8.82618325409370e-05 2.85056644691603e-01 -9.01242187749160e-01
1.43762239735039e-01 -1.96251309890361e-01 1.18540052352523e+00
3.17564612496470e-01 8.88730394350506e-02 2.71846808010055e-01
1.73753931072630e-01 -2.67329964689584e-05 -1.47779919837895e+00
2.40840485685275e-01 -4.78500284317078e-02 1.17273898069984e+00
2.40832179107728e-01 4.79363970178411e-02 1.17269005889635e+00
-6.09522559283462e-06 1.00979476332042e-01 1.64952013149348e+00
7.74764585457010e-02 1.48878941356444e-01 1.49606989527848e+00
1.63852819455896e-05 -1.00922739108775e-01 1.64961339366435e+00
-2.40841973044916e-01 4.78137439581041e-02 -1.17277052625134e+00
7.75072488710337e-02 -1.48809704479149e-01 1.49621207287967e+00
-5.25193577163234e-02 -3.17562914729647e-01 4.60427346100162e-01
1.87840080320189e-05 -2.85093931147228e-01 9.00925450936656e-01
-1.48812459114514e-01 -2.88697426521364e-01 4.01637000949496e-01
-2.26292594009904e-01 -2.40819021149571e-01 2.48275590106739e-01
-1.43717824411093e-01 -1.96265737506275e-01 1.18548102166324e+00
1.96289808777006e-01 -2.28722512344130e-01 7.44814035423112e-01
2.40749567059680e-01 -4.78983134198675e-02 -1.17318737369219e+00
1.43684294636447e-01 -1.96278800553560e-01 -1.18553209831783e+00
2.26320645122886e-01 -2.40802595275775e-01 2.48016606582883e-01
-2.88686460671490e-01 -7.75030170850519e-02 7.71336241886478e-01
-2.40806447226867e-01 -4.78964716389175e-02 1.17287579587197e+00
5.25193821408462e-02 -3.17565527658697e-01 -4.60378862280516e-01
-4.78673894320124e-02 -2.26304708527046e-01 1.24806234671951e+00
-1.96266649771530e-01 -2.28752578540257e-01 -7.44729944952801e-01
-7.74675032578495e-02 -1.48819768366914e-01 1.49624047491678e+00
2.88723467115010e-01 -7.74526556094029e-02 7.71100037204365e-01
-1.48897699945300e-01 2.88644488499447e-01 -4.01810382684532e-01
1.48813835870885e-01 -2.88695876695134e-01 -4.01653221446723e-01
-4.79205001763254e-02 -2.26329115538814e-01 -1.24788871355444e+00
3.17554996632522e-01 -8.88205848167317e-02 -2.72607931245306e-01
2.26278150421131e-01 2.40853695140845e-01 2.47725137088237e-01
-6.33710673484613e-05 -1.00980009858419e-01 -1.64951922182070e+00
2.26259355596233e-01 2.40834800221728e-01 -2.48677827479870e-01
3.17578630902594e-01 -8.88107288109699e-02 2.71953886593409e-01
-8.58479299889123e-05 1.00881852115451e-01 -1.64968050970029e+00
8.87453449888415e-02 5.24885609203333e-02 -1.64598338830521e+00
2.88646526008004e-01 7.74881338033021e-02 -7.71777707572441e-01
2.88710782317710e-01 7.75315866180517e-02 7.71014544188119e-01
1.43646351430360e-01 1.96240218279694e-01 -1.18582712236585e+00
-4.47069788058720e-05 2.85130039458133e-01 9.00618444464792e-01
7.73900983765789e-02 1.48781727484024e-01 -1.49644966628829e+00
-2.26362553744057e-01 2.40750446608244e-01 -2.48348917018841e-01
-1.96308440104440e-01 2.28717403873759e-01 7.44724273632217e-01
-2.88718620266270e-01 7.74099396368838e-02 -7.71263977922432e-01
5.24772628841976e-02 3.17592734758418e-01 4.60003608784205e-01
5.24520740573293e-02 3.17553416232798e-01 -4.60809164083116e-01
-5.26128142831447e-02 3.17531325022350e-01 -4.60725851501461e-01
-2.26357349504155e-01 2.40769336820638e-01 2.47984172867180e-01
-2.88708283704562e-01 7.74533761708270e-02 7.71250776770072e-01
-2.40828953148943e-01 -4.79447412488937e-02 -1.17269869118423e+00
1.96236087818040e-01 -2.28736856059381e-01 -7.45075897722223e-01
-3.17552327247047e-01 -8.88638642152292e-02 2.72312442060589e-01
2.28687021473568e-01 -1.43741696583696e-01 -1.01740736440803e+00
-3.17555023851181e-01 -8.88737158823602e-02 -2.72141567605644e-01
-1.73835682132485e-01 3.93299557862889e-06 1.47754094438637e+00
2.85101309799296e-01 -1.73822541191528e-01 -2.56825008685145e-04
-3.17577871451559e-01 8.87847547344530e-02 2.72205390300879e-01
-3.17580567179898e-01 8.87690470471946e-02 -2.72258509166342e-01
2.26301849706474e-01 -2.40807007956774e-01 -2.48361950208657e-01
-2.40819467750953e-01 4.78755892310047e-02 1.17282688912179e+00
2.28739088368145e-01 1.43791750763695e-01 1.01690287320361e+00
8.88533616553421e-02 -5.25014869127942e-02 1.64581578315096e+00
1.48758324790950e-01 2.88704393520723e-01 -4.02040931614995e-01
1.73856477390435e-01 4.26446234219463e-05 1.47747520696534e+00
1.43724292946311e-01 1.96324051695960e-01 1.18520057026067e+00
-7.75030023437955e-02 1.48854494778354e-01 1.49609830507069e+00
2.88659209635291e-01 -7.74816429469700e-02 -7.71667785124795e-01
-8.89011739325005e-02 5.24658762594801e-02 -1.64577693348167e+00
1.48840493425351e-01 -2.88691056729586e-01 4.01480926783840e-01
-1.03167377228471e-01 -2.70140832683885e-01 8.65324689555354e-01
7.09824638478830e-06 2.92272247265589e-05 1.73055006693900e+00
-1.03233231534645e-01 2.70150595112416e-01 8.65031822473101e-01
-1.03198402879293e-01 -2.70153156458525e-01 -8.65121955660868e-01
3.33911707738768e-01 2.57771498789839e-05 -3.98146176892533e-04
2.70120550315871e-01 -1.66955533184865e-01 -5.35039383741068e-01
-1.66988356122352e-01 -1.03232039892191e-01 -1.39984596551981e+00
2.70163900964573e-01 -1.66941233668068e-01 5.34571119380041e-01
-1.67014852117181e-01 1.03108523368380e-01 -1.40000556731560e+00
-3.33911713968058e-01 -4.85701023936067e-05 3.55611452440817e-05
1.03153876383232e-01 -2.70147550324184e-01 -8.65311591198753e-01
1.66891530918997e-01 -1.03205607492776e-01 -1.40020842021680e+00
-7.19231214749146e-05 3.33911701267769e-01 -3.91788029446843e-04
1.66872074511916e-01 1.03156424940638e-01 -1.40036804332961e+00
2.43741161573389e-06 -3.33911717514371e-01 2.92644439266644e-05
1.03206526062587e-01 -2.70135224932949e-01 8.65246316010372e-01
-1.66975464617761e-01 1.03191736396690e-01 1.39996708215391e+00
2.70092586477769e-01 1.66973470737439e-01 -5.35268168768527e-01
-1.66948964810859e-01 -1.03183802650005e-01 1.40006767391063e+00
1.66968069166421e-01 1.03239655129299e-01 1.39989587807899e+00
2.70135935818140e-01 1.67009395413970e-01 5.34378816983785e-01
-2.70124872425413e-01 -1.66973280837737e-01 5.34831973653561e-01
1.66987528439512e-01 -1.03157360633393e-01 1.39999648014201e+00
1.03152059916046e-01 2.70190943732977e-01 8.64953424822518e-01
-2.70133240794412e-01 -1.66987574524297e-01 -5.34598529138482e-01
-7.65702853033101e-05 -5.20210519912660e-05 -1.73055000745785e+00
1.03099415193644e-01 2.70122012209088e-01 -8.65699983410486e-01
-2.70171265552648e-01 1.66921135931562e-01 5.34639713824521e-01
-2.70179630963578e-01 1.66885223427606e-01 -5.34827263643077e-01
-1.03264252012875e-01 2.70081672265927e-01 -8.65510318110429e-01
-1.75536191612604e-01 -2.84049432493261e-01 1.11832778639938e-04
1.75549172567399e-01 -2.84041410079306e-01 -1.16152055702764e-04
1.75496103109006e-01 2.84074188457619e-01 -4.74345418199682e-04
-1.75609629232359e-01 2.84004033410562e-01 -2.46305952587693e-04
-2.84045515819224e-01 -2.16630816065421e-05 9.09776809665521e-01
-2.84058221719678e-01 -6.43699792298329e-05 -9.09670194321572e-01
2.83995024533200e-01 -1.13457324242339e-06 -9.10200103549319e-01
2.84070304662338e-01 4.15883274381556e-05 9.09568877439953e-01
-1.86939113620385e-05 1.75589727526901e-01 1.47195942915427e+00
2.04024097522312e-05 -1.75537106895880e-01 1.47212799625685e+00
-5.07728561421925e-05 -1.75574938985627e-01 -1.47200679027291e+00
-8.98641546291647e-05 1.75489328878352e-01 -1.47228092054366e+00
3 631 67 1
3 599 6 67
3 497 1 6
3 67 6 1
3 615 294 296
3 494 73 294
3 599 296 73
3 294 73 296
3 614 232 293
3 497 231 232
3 494 293 231
3 232 231 293
3 599 73 6
3 494 231 73
3 497 6 231
3 73 231 6
3 639 43 297
3 553 473 43
3 490 297 473
3 43 473 297
3 600 430 152
3 542 47 430
3 553 152 47
3 430 47 152
3 615 74 70
3 490 340 74
3 542 70 340
3 74 340 70
3 553 47 473
3 542 340 47
3 490 473 340
3 47 340 473
3 630 374 145
3 495 353 374
3 543 145 353
3 374 353 145
3 614 284 147
3 541 350 284
3 495 147 350
3 284 350 147
3 600 262 168
3 543 373 262
3 541 168 373
3 262 373 168
3 495 350 353
3 541 373 350
3 543 353 373
3 350 373 353
3 615 70 294
3 542 339 70
3 494 294 339
3 70 339 294
3 600 168 430
3 541 372 168
3 542 430 372
3 168 372 430
3 614 293 284
3 494 336 293
3 541 284 336
3 293 336 284
3 542 372 339
3 541 336 372
3 494 339 336
3 372 336 339
3 640 236 3
3 503 286 236
3 559 3 286
3 236 286 3
3 610 467 357
3 489 135 467
3 503 357 135
3 467 135 357
3 603 5 338
3 559 246 5
3 489 338 246
3 5 246 338
3 503 135 286
3 489 246 135
3 559 286 246
3 135 246 286
3 631 1 104
3 497 458 1
3 558 104 458
3 1 458 104
3 614 436 232
3 552 453 436
3 497 232 453
3 436 453 232
3 610 320 433
3 558 337 320
3 552 433 337
3 320 337 433
3 497 453 458
3 552 337 453
3 558 458 337
3 453 337 458
3 630 290 374
3 498 241 290
3 495 374 241
3 290 241 374
3 603 319 429
3 496 258 319
3 498 429 258
3 319 258 429
3 614 147 452
3 495 237 147
3 496 452 237
3 147 237 452
3 498 258 241
3 496 237 258
3 495 241 237
3 258 237 241
3 610 433 467
3 552 242 433
3 489 467 242
3 433 242 467
3 614 452 436
3 496 25 452
3 552 436 25
3 452 25 436
3 603 338 319
3 489 17 338
3 496 319 17
3 338 17 319
3 552 25 242
3 496 17 25
3 489 242 17
3 25 17 242
3 635 349 20
3 580 363 349
3 513 20 363
3 349 363 20
3 606 272 9
3 515 44 272
3 580 9 44
3 272 44 9
3 624 364 45
3 513 129 364
3 515 45 129
3 364 129 45
3 580 44 363
3 515 129 44
3 513 363 129
3 44 129 363
3 640 3 194
3 559 140 3
3 518 194 140
3 3 140 194
3 603 87 5
3 528 399 87
3 559 5 399
3 87 399 5
3 606 199 89
3 518 254 199
3 528 89 254
3 199 254 89
3 559 399 140
3 528 254 399
3 518 140 254
3 399 254 140
3 630 85 290
3 510 470 85
3 498 290 470
3 85 470 290
3 624 217 442
3 554 86 217
3 510 442 86
3 217 86 442
3 603 429 459
3 498 475 429
3 554 459 475
3 429 475 459
3 510 86 470
3 554 475 86
3 498 470 475
3 86 475 470
3 606 89 272
3 528 213 89
3 515 272 213
3 89 213 272
3 603 459 87
3 554 394 459
3 528 87 394
3 459 394 87
3 624 45 217
3 515 100 45
3 554 217 100
3 45 100 217
3 528 394 213
3 554 100 394
3 515 213 100
3 394 100 213
3 634 279 111
3 521 411 279
3 550 111 411
3 279 411 111
3 609 151 405
3 582 163 151
3 521 405 163
3 151 163 405
3 621 461 376
3 550 464 461
3 582 376 464
3 461 464 376
3 521 163 411
3 582 464 163
3 550 411 464
3 163 464 411
3 635 20 205
3 513 235 20
3 524 205 235
3 20 235 205
3 624 2 364
3 584 365 2
3 513 364 365
3 2 365 364
3 609 314 234
3 524 90 314
3 584 234 90
3 314 90 234
3 513 365 235
3 584 90 365
3 524 235 90
3 365 90 235
3 630 450 85
3 544 441 450
3 510 85 441
3 450 441 85
3 621 36 316
3 491 356 36
3 544 316 356
3 36 356 316
3 624 442 38
3 510 8 442
3 491 38 8
3 442 8 38
3 544 356 441
3 491 8 356
3 510 441 8
3 356 8 441
3 609 234 151
3 584 380 234
3 582 151 380
3 234 380 151
3 624 38 2
3 491 40 38
3 584 2 40
3 38 40 2
3 621 376 36
3 582 37 376
3 491 36 37
3 376 37 36
3 584 40 380
3 491 37 40
3 582 380 37
3 40 37 380
3 639 132 43
3 555 348 132
3 553 43 348
3 132 348 43
3 618 58 359
3 545 34 58
3 555 359 34
3 58 34 359
3 600 152 412
3 553 33 152
3 545 412 33
3 152 33 412
3 555 34 348
3 545 33 34
3 553 348 33
3 34 33 348
3 634 111 420
3 550 302 111
3 551 420 302
3 111 302 420
3 621 177 461
3 486 255 177
3 550 461 255
3 177 255 461
3 618 174 62
3 551 257 174
3 486 62 257
3 174 257 62
3 550 255 302
3 486 257 255
3 551 302 257
3 255 257 302
3 630 145 450
3 543 414 145
3 544 450 414
3 145 414 450
3 600 310 262
3 484 122 310
3 543 262 122
3 310 122 262
3 621 316 92
3 544 123 316
3 484 92 123
3 316 123 92
3 543 122 414
3 484 123 122
3 544 414 123
3 122 123 414
3 618 62 58
3 486 142 62
3 545 58 142
3 62 142 58
3 621 92 177
3 484 141 92
3 486 177 141
3 92 141 177
3 600 412 310
3 545 124 412
3 484 310 124
3 412 124 310
3 486 141 142
3 484 124 141
3 545 142 124
3 141 124 142
3 638 371 229
3 523 225 371
3 512 229 225
3 371 225 229
3 623 230 253
3 570 144 230
3 523 253 144
3 230 144 253
3 602 333 476
3 512 331 333
3 570 476 331
3 333 331 476
3 523 144 225
3 570 331 144
3 512 225 331
3 144 331 225
3 632 303 445
3 514 200 303
3 520 445 200
3 303 200 445
3 612 139 84
3 575 305 139
3 514 84 305
3 139 305 84
3 623 309 248
3 520 159 309
3 575 248 159
3 309 159 248
3 514 305 200
3 575 159 305
3 520 200 159
3 305 159 200
3 633 39 244
3 509 298 39
3 517 244 298
3 39 298 244
3 602 383 150
3 505 195 383
3 509 150 195
3 383 195 150
3 612 16 42
3 517 299 16
3 505 42 299
3 16 299 42
3 509 195 298
3 505 299 195
3 517 298 299
3 195 299 298
3 623 248 230
3 575 220 248
3 570 230 220
3 248 220 230
3 612 42 139
3 505 76 42
3 575 139 76
3 42 76 139
3 602 476 383
3 570 71 476
3 505 383 71
3 476 71 383
3 575 76 220
3 505 71 76
3 570 220 71
3 76 71 220
3 634 238 138
3 590 137 238
3 579 138 137
3 238 137 138
3 616 344 13
3 522 120 344
3 590 13 120
3 344 120 13
3 627 22 0
3 579 179 22
3 522 0 179
3 22 179 0
3 590 120 137
3 522 179 120
3 579 137 179
3 120 179 137
3 638 229 153
3 512 226 229
3 596 153 226
3 229 226 153
3 602 10 333
3 507 283 10
3 512 333 283
3 10 283 333
3 616 384 131
3 596 358 384
3 507 131 358
3 384 358 131
3 512 283 226
3 507 358 283
3 596 226 358
3 283 358 226
3 633 334 39
3 578 79 334
3 509 39 79
3 334 79 39
3 627 162 227
3 573 208 162
3 578 227 208
3 162 208 227
3 602 150 397
3 509 72 150
3 573 397 72
3 150 72 397
3 578 208 79
3 573 72 208
3 509 79 72
3 208 72 79
3 616 131 344
3 507 416 131
3 522 344 416
3 131 416 344
3 602 397 10
3 573 55 397
3 507 10 55
3 397 55 10
3 627 0 162
3 522 175 0
3 573 162 175
3 0 175 162
3 507 55 416
3 573 175 55
3 522 416 175
3 55 175 416
3 635 205 118
3 524 158 205
3 574 118 158
3 205 158 118
3 609 4 314
3 588 93 4
3 524 314 93
3 4 93 314
3 628 477 233
3 574 478 477
3 588 233 478
3 477 478 233
3 524 93 158
3 588 478 93
3 574 158 478
3 93 478 158
3 634 138 279
3 579 172 138
3 521 279 172
3 138 172 279
3 627 451 22
3 587 23 451
3 579 22 23
3 451 23 22
3 609 405 211
3 521 165 405
3 587 211 165
3 405 165 211
3 579 23 172
3 587 165 23
3 521 172 165
3 23 165 172
3 633 444 334
3 572 201 444
3 578 334 201
3 444 201 334
3 628 268 311
3 519 381 268
3 572 311 381
3 268 381 311
3 627 227 267
3 578 385 227
3 519 267 385
3 227 385 267
3 572 381 201
3 519 385 381
3 578 201 385
3 381 385 201
3 609 211 4
3 587 454 211
3 588 4 454
3 211 454 4
3 627 267 451
3 519 269 267
3 587 451 269
3 267 269 451
3 628 233 268
3 588 271 233
3 519 268 271
3 233 271 268
3 587 269 454
3 519 271 269
3 588 454 271
3 269 271 454
3 641 181 155
3 482 91 181
3 501 155 91
3 181 91 155
3 608 31 186
3 483 59 31
3 482 186 59
3 31 59 186
3 629 390 260
3 501 108 390
3 483 260 108
3 390 108 260
3 482 59 91
3 483 108 59
3 501 91 108
3 59 108 91
3 635 118 164
3 574 7 118
3 539 164 7
3 118 7 164
3 628 125 477
3 481 15 125
3 574 477 15
3 125 15 477
3 608 280 346
3 539 19 280
3 481 346 19
3 280 19 346
3 574 15 7
3 481 19 15
3 539 7 19
3 15 19 7
3 633 265 444
3 557 126 265
3 572 444 126
3 265 126 444
3 629 277 154
3 511 105 277
3 557 154 105
3 277 105 154
3 628 311 276
3 572 317 311
3 511 276 317
3 311 317 276
3 557 105 126
3 511 317 105
3 572 126 317
3 105 317 126
3 608 346 31
3 481 256 346
3 483 31 256
3 346 256 31
3 628 276 125
3 511 243 276
3 481 125 243
3 276 243 125
3 629 260 277
3 483 216 260
3 511 277 216
3 260 216 277
3 481 243 256
3 511 216 243
3 483 256 216
3 243 216 256
3 632 215 303
3 593 304 215
3 514 303 304
3 215 304 303
3 626 88 110
3 576 203 88
3 593 110 203
3 88 203 110
3 612 84 440
3 514 307 84
3 576 440 307
3 84 307 440
3 593 203 304
3 576 307 203
3 514 304 307
3 203 307 304
3 641 155 247
3 501 382 155
3 527 247 382
3 155 382 247
3 629 209 390
3 530 35 209
3 501 390 35
3 209 35 390
3 626 24 207
3 527 191 24
3 530 207 191
3 24 191 207
3 501 35 382
3 530 191 35
3 527 382 191
3 35 191 382
3 633 244 265
3 517 130 244
3 557 265 130
3 244 130 265
3 612 273 16
3 577 355 273
3 517 16 355
3 273 355 16
3 629 154 400
3 557 127 154
3 577 400 127
3 154 127 400
3 517 355 130
3 577 127 355
3 557 130 127
3 355 127 130
3 626 207 88
3 530 471 207
3 576 88 471
3 207 471 88
3 629 400 209
3 577 472 400
3 530 209 472
3 400 472 209
3 612 440 273
3 576 250 440
3 577 273 250
3 440 250 273
3 530 472 471
3 577 250 472
3 576 471 250
3 472 250 471
3 641 247 249
3 527 190 247
3 571 249 190
3 247 190 249
3 626 134 24
3 569 78 134
3 527 24 78
3 134 78 24
3 613 368 12
3 571 408 368
3 569 12 408
3 368 408 12
3 527 78 190
3 569 408 78
3 571 190 408
3 78 408 190
3 632 387 215
3 563 389 387
3 593 215 389
3 387 389 215
3 617 196 157
3 504 425 196
3 563 157 425
3 196 425 157
3 626 110 300
3 593 437 110
3 504 300 437
3 110 437 300
3 563 425 389
3 504 437 425
3 593 389 437
3 425 437 389
3 636 193 156
3 508 426 193
3 567 156 426
3 193 426 156
3 613 324 432
3 506 161 324
3 508 432 161
3 324 161 432
3 617 388 327
3 567 398 388
3 506 327 398
3 388 398 327
3 508 161 426
3 506 398 161
3 567 426 398
3 161 398 426
3 626 300 134
3 504 427 300
3 569 134 427
3 300 427 134
3 617 327 196
3 506 180 327
3 504 196 180
3 327 180 196
3 613 12 324
3 569 402 12
3 506 324 402
3 12 402 324
3 504 180 427
3 506 402 180
3 569 427 402
3 180 402 427
3 640 197 252
3 562 323 197
3 487 252 323
3 197 323 252
3 625 342 439
3 485 360 342
3 562 439 360
3 342 360 439
3 611 369 228
3 487 421 369
3 485 228 421
3 369 421 228
3 562 360 323
3 485 421 360
3 487 323 421
3 360 421 323
3 641 249 133
3 571 409 249
3 565 133 409
3 249 409 133
3 613 83 368
3 566 422 83
3 571 368 422
3 83 422 368
3 625 361 198
3 565 282 361
3 566 198 282
3 361 282 198
3 571 422 409
3 566 282 422
3 565 409 282
3 422 282 409
3 636 375 193
3 547 182 375
3 508 193 182
3 375 182 193
3 611 28 143
3 533 101 28
3 547 143 101
3 28 101 143
3 613 432 30
3 508 61 432
3 533 30 61
3 432 61 30
3 547 101 182
3 533 61 101
3 508 182 61
3 101 61 182
3 625 198 342
3 566 362 198
3 485 342 362
3 198 362 342
3 613 30 83
3 533 318 30
3 566 83 318
3 30 318 83
3 611 228 28
3 485 14 228
3 533 28 14
3 228 14 28
3 566 318 362
3 533 14 318
3 485 362 14
3 318 14 362
3 631 104 185
3 558 462 104
3 589 185 462
3 104 462 185
3 610 431 320
3 581 456 431
3 558 320 456
3 431 456 320
3 605 291 295
3 589 75 291
3 581 295 75
3 291 75 295
3 558 456 462
3 581 75 456
3 589 462 75
3 456 75 462
3 640 252 236
3 487 109 252
3 503 236 109
3 252 109 236
3 611 449 369
3 548 112 449
3 487 369 112
3 449 112 369
3 610 357 448
3 503 173 357
3 548 448 173
3 357 173 448
3 487 112 109
3 548 173 112
3 503 109 173
3 112 173 109
3 636 417 375
3 597 378 417
3 547 375 378
3 417 378 375
3 605 455 56
3 583 322 455
3 597 56 322
3 455 322 56
3 611 143 99
3 547 261 143
3 583 99 261
3 143 261 99
3 597 322 378
3 583 261 322
3 547 378 261
3 322 261 378
3 610 448 431
3 548 97 448
3 581 431 97
3 448 97 431
3 611 99 449
3 583 98 99
3 548 449 98
3 99 98 449
3 605 295 455
3 581 69 295
3 583 455 69
3 295 69 455
3 548 98 97
3 583 69 98
3 581 97 69
3 98 69 97
3 637 435 285
3 556 457 435
3 493 285 457
3 435 457 285
3 607 332 77
3 564 466 332
3 556 77 466
3 332 466 77
3 604 418 329
3 493 103 418
3 564 329 103
3 418 103 329
3 556 466 457
3 564 103 466
3 493 457 103
3 466 103 457
3 631 185 53
3 589 415 185
3 549 53 415
3 185 415 53
3 605 377 291
3 586 149 377
3 589 291 149
3 377 149 291
3 607 167 379
3 549 413 167
3 586 379 413
3 167 413 379
3 589 149 415
3 586 413 149
3 549 415 413
3 149 413 415
3 636 396 417
3 488 401 396
3 597 417 401
3 396 401 417
3 604 116 48
3 560 343 116
3 488 48 343
3 116 343 48
3 605 56 117
3 597 474 56
3 560 117 474
3 56 474 117
3 488 343 401
3 560 474 343
3 597 401 474
3 343 474 401
3 607 379 332
3 586 115 379
3 564 332 115
3 379 115 332
3 605 117 377
3 560 341 117
3 586 377 341
3 117 341 377
3 604 329 116
3 564 270 329
3 560 116 270
3 329 270 116
3 586 341 115
3 560 270 341
3 564 115 270
3 341 270 115
3 632 245 387
3 561 281 245
3 563 387 281
3 245 281 387
3 620 80 136
3 500 366 80
3 561 136 366
3 80 366 136
3 617 157 438
3 563 367 157
3 500 438 367
3 157 367 438
3 561 366 281
3 500 367 366
3 563 281 367
3 366 367 281
3 637 285 465
3 493 106 285
3 568 465 106
3 285 106 465
3 604 63 418
3 532 210 63
3 493 418 210
3 63 210 418
3 620 325 289
3 568 306 325
3 532 289 306
3 325 306 289
3 493 210 106
3 532 306 210
3 568 106 306
3 210 306 106
3 636 156 396
3 567 347 156
3 488 396 347
3 156 347 396
3 617 206 388
3 480 345 206
3 567 388 345
3 206 345 388
3 604 48 95
3 488 460 48
3 480 95 460
3 48 460 95
3 567 345 347
3 480 460 345
3 488 347 460
3 345 460 347
3 620 289 80
3 532 21 289
3 500 80 21
3 289 21 80
3 604 95 63
3 480 479 95
3 532 63 479
3 95 479 63
3 617 438 206
3 500 121 438
3 480 206 121
3 438 121 206
3 532 479 21
3 480 121 479
3 500 21 121
3 479 121 21
3 641 133 181
3 565 313 133
3 482 181 313
3 133 313 181
3 625 128 361
3 598 18 128
3 565 361 18
3 128 18 361
3 608 186 354
3 482 64 186
3 598 354 64
3 186 64 354
3 565 18 313
3 598 64 18
3 482 313 64
3 18 64 313
3 640 194 197
3 518 251 194
3 562 197 251
3 194 251 197
3 606 114 199
3 516 119 114
3 518 199 119
3 114 119 199
3 625 439 330
3 562 221 439
3 516 330 221
3 439 221 330
3 518 119 251
3 516 221 119
3 562 251 221
3 119 221 251
3 635 164 349
3 539 51 164
3 580 349 51
3 164 51 349
3 608 264 280
3 499 240 264
3 539 280 240
3 264 240 280
3 606 9 263
3 580 32 9
3 499 263 32
3 9 32 263
3 539 240 51
3 499 32 240
3 580 51 32
3 240 32 51
3 625 330 128
3 516 468 330
3 598 128 468
3 330 468 128
3 606 263 114
3 499 11 263
3 516 114 11
3 263 11 114
3 608 354 264
3 598 146 354
3 499 264 146
3 354 146 264
3 516 11 468
3 499 146 11
3 598 468 146
3 11 146 468
3 639 315 132
3 538 222 315
3 555 132 222
3 315 222 132
3 601 423 446
3 526 178 423
3 538 446 178
3 423 178 446
3 618 359 60
3 555 424 359
3 526 60 424
3 359 424 60
3 538 178 222
3 526 424 178
3 555 222 424
3 178 424 222
3 638 153 184
3 596 183 153
3 536 184 183
3 153 183 184
3 616 278 384
3 525 50 278
3 596 384 50
3 278 50 384
3 601 288 160
3 536 170 288
3 525 160 170
3 288 170 160
3 596 50 183
3 525 170 50
3 536 183 170
3 50 170 183
3 634 420 238
3 551 419 420
3 590 238 419
3 420 419 238
3 618 189 174
3 585 287 189
3 551 174 287
3 189 287 174
3 616 13 188
3 590 428 13
3 585 188 428
3 13 428 188
3 551 287 419
3 585 428 287
3 590 419 428
3 287 428 419
3 601 160 423
3 525 57 160
3 526 423 57
3 160 57 423
3 616 188 278
3 585 403 188
3 525 278 403
3 188 403 278
3 618 60 189
3 526 176 60
3 585 189 176
3 60 176 189
3 525 403 57
3 585 176 403
3 526 57 176
3 403 176 57
3 637 465 407
3 568 352 465
3 535 407 352
3 465 352 407
3 620 434 325
3 591 463 434
3 568 325 463
3 434 463 325
3 619 166 301
3 535 404 166
3 591 301 404
3 166 404 301
3 568 463 352
3 591 404 463
3 535 352 404
3 463 404 352
3 632 445 245
3 520 46 445
3 561 245 46
3 445 46 245
3 623 219 309
3 502 393 219
3 520 309 393
3 219 393 309
3 620 136 218
3 561 392 136
3 502 218 392
3 136 392 218
3 520 393 46
3 502 392 393
3 561 46 392
3 393 392 46
3 638 29 371
3 537 148 29
3 523 371 148
3 29 148 371
3 619 81 259
3 595 27 81
3 537 259 27
3 81 27 259
3 623 253 192
3 523 370 253
3 595 192 370
3 253 370 192
3 537 27 148
3 595 370 27
3 523 148 370
3 27 370 148
3 620 218 434
3 502 326 218
3 591 434 326
3 218 326 434
3 623 192 219
3 595 328 192
3 502 219 328
3 192 328 219
3 619 301 81
3 591 82 301
3 595 81 82
3 301 82 81
3 502 328 326
3 595 82 328
3 591 326 82
3 328 82 326
3 639 214 315
3 540 113 214
3 538 315 113
3 214 113 315
3 622 266 102
3 592 212 266
3 540 102 212
3 266 212 102
3 601 446 41
3 538 312 446
3 592 41 312
3 446 312 41
3 540 212 113
3 592 312 212
3 538 113 312
3 212 312 113
3 637 407 96
3 535 469 407
3 534 96 469
3 407 469 96
3 619 239 166
3 594 406 239
3 535 166 406
3 239 406 166
3 622 447 351
3 534 94 447
3 594 351 94
3 447 94 351
3 535 406 469
3 594 94 406
3 534 469 94
3 406 94 469
3 638 184 29
3 536 26 184
3 537 29 26
3 184 26 29
3 601 391 288
3 529 169 391
3 536 288 169
3 391 169 288
3 619 259 49
3 537 171 259
3 529 49 171
3 259 171 49
3 536 169 26
3 529 171 169
3 537 26 171
3 169 171 26
3 622 351 266
3 594 386 351
3 592 266 386
3 351 386 266
3 619 49 239
3 529 275 49
3 594 239 275
3 49 275 239
3 601 41 391
3 592 274 41
3 529 391 274
3 41 274 391
3 594 275 386
3 529 274 275
3 592 386 274
3 275 274 386
3 631 53 67
3 549 54 53
3 599 67 54
3 53 54 67
3 607 187 167
3 546 395 187
3 549 167 395
3 187 395 167
3 615 296 292
3 599 68 296
3 546 292 68
3 296 68 292
3 549 395 54
3 546 68 395
3 599 54 68
3 395 68 54
3 637 96 435
3 534 224 96
3 556 435 224
3 96 224 435
3 622 321 447
3 492 204 321
3 534 447 204
3 321 204 447
3 607 77 107
3 556 443 77
3 492 107 443
3 77 443 107
3 534 204 224
3 492 443 204
3 556 224 443
3 204 443 224
3 639 297 214
3 490 335 297
3 540 214 335
3 297 335 214
3 615 410 74
3 531 223 410
3 490 74 223
3 410 223 74
3 622 102 52
3 540 65 102
3 531 52 65
3 102 65 52
3 490 223 335
3 531 65 223
3 540 335 65
3 223 65 335
3 607 107 187
3 492 308 107
3 546 187 308
3 107 308 187
3 622 52 321
3 531 202 52
3 492 321 202
3 52 202 321
3 615 292 410
3 546 66 292
3 531 410 66
3 292 66 410
3 492 202 308
3 531 66 202
3 546 308 66
3 202 66 308
