OFF
642 1280 0
-2.41884287163802e-01 1.51057730283687e-01 8.02430340050589e-01
1.37774096779653e-01 -2.88886346991380e-01 -8.63297464152884e-05
-2.85171166958282e-01 -1.24340344827579e-01 -4.15271036923004e-01
-2.04260698239256e-02 -1.91163142962502e-01 -1.41318772277152e+00
-3.16119243621720e-01 4.32697409801101e-02 -1.38991537981619e-01
-7.28064626518181e-02 -2.40393061343980e-01 -1.09550763687895e+00
1.19217682608047e-01 -2.94481226503126e-01 2.14250532108681e-01
-2.55704854549984e-01 6.27191446952893e-02 -1.00505932308408e+00
-2.47619628835938e-01 -2.01320711762407e-01 -1.34319715432518e-01
-1.98414700472349e-01 -7.28346574729596e-02 -1.32734845832803e+00
-1.20188293783547e-01 2.26309645404477e-01 1.05910253721506e+00
-1.27451855420885e-01 -2.54172952120012e-02 -1.61532421023125e+00
1.50998180456706e-01 1.45292910526413e-01 -1.33608387821578e+00
-1.98404975168216e-01 7.27812136963813e-02 1.32748220561452e+00
1.27328170703272e-01 -2.53910355098628e-02 -1.61563429019989e+00
-2.51586566038623e-01 1.07139251265731e-01 -9.18548828601422e-01
-4.98973400571519e-02 3.16144388847688e-01 -3.63042603189151e-04
-2.53747834932571e-02 -2.92516154771486e-01 -7.03529533729314e-01
-4.19905258692648e-02 7.40995622923313e-02 -1.70387272318061e+00
-2.27245637640379e-01 9.20919521779631e-02 -1.13607527327964e+00
-2.76297916355717e-01 -3.30385632334911e-02 -8.73313512708122e-01
2.92500536705131e-01 1.27442185006397e-01 1.39601593474899e-01
-2.71194153597736e-01 1.17735621747386e-01 6.77054228360048e-01
-2.93480698393314e-01 8.12709736606506e-02 5.43961914330032e-01
7.26973316882822e-02 2.40346622869996e-01 -1.09603934121241e+00
-9.80391932008981e-06 -3.08186667646170e-01 -4.76945233736368e-01
3.88009040018690e-02 1.19254675130268e-01 1.62626557500184e+00
1.07205935463491e-01 1.66379954323148e-01 1.38908060436054e+00
1.64963334735388e-01 -5.00725082245057e-02 -1.48927487363416e+00
3.29700144937708e-02 1.58202586422123e-01 1.52574514553111e+00
1.64953951598694e-01 5.00223296241632e-02 -1.48935800434743e+00
-1.51142898912338e-01 1.45245007347214e-01 -1.33574359961740e+00
-2.01332981501954e-01 -2.44055565136539e-02 -1.36744628333622e+00
-9.21492844069361e-02 -2.05716277555684e-01 1.25485336874825e+00
-1.07198225470666e-01 -1.66323099246954e-01 1.38930640915239e+00
-2.44306581654088e-02 2.47583043556649e-01 -1.11202403059369e+00
-2.69608006711139e-01 -1.65051621361223e-01 2.76497924223594e-01
-2.92497215246783e-01 -1.27430174292483e-01 1.40147206684016e-01
-2.69611717206741e-01 -1.65058389664616e-01 -2.76264236692365e-01
-1.58215711264359e-01 2.76260954831140e-01 1.81891124842076e-01
-2.92498714844590e-01 -1.27434228560559e-01 -1.39939150611459e-01
4.33376140307482e-02 -2.51410087576061e-02 1.74581526495948e+00
-2.52345430116573e-02 3.16115680526051e-01 2.38895437590963e-01
-2.03653576149206e-02 -1.91132882740609e-01 1.41333928120013e+00
-2.27220651686961e-01 -9.22126258523964e-02 -1.13592913927808e+00
-2.41856264833301e-01 -1.51114196094749e-01 -8.02363688251004e-01
1.81965691929277e-01 2.55720860765609e-01 3.46324701776034e-01
-2.43269957589840e-02 -2.47629868705323e-01 1.11177530838559e+00
3.16143119576838e-01 1.82113141389465e-05 -2.75616373189989e-01
1.24316429779181e-01 7.52679058469744e-02 1.57488363935637e+00
-8.13210151165046e-02 9.85299537161025e-02 1.62068501636529e+00
-2.31719955527827e-01 -6.35740990795612e-05 -1.21930649555385e+00
1.51110385370389e-01 -1.45299623558919e-01 1.33567462483916e+00
1.91145660291052e-01 -2.55902092269316e-01 1.12436845405083e-01
1.82012714233760e-01 -2.55672967648057e-01 3.46649404303445e-01
-1.65146212924994e-01 2.06140016333198e-01 9.98233537360949e-01
2.71146791096747e-01 -1.17765819875289e-01 -6.77472495713768e-01
-8.63699351580770e-02 1.69541765155319e-05 1.70202956430267e+00
-1.51069172593816e-01 -1.45318994009715e-01 1.33575254069489e+00
-1.07284450134393e-01 1.66255895010026e-01 -1.38934874730651e+00
-1.24299520905508e-01 -7.52130712143009e-02 1.57500424749841e+00
2.01231731031968e-01 2.43267689916590e-02 -1.36794358970338e+00
-1.91798199631534e-01 -1.20152700439540e-01 1.24982957973442e+00
3.16113167539863e-01 4.33558630479523e-02 1.38593896104867e-01
-8.13789392070414e-02 9.84396196396076e-02 -1.62076376436194e+00
1.07239178522054e-01 -1.66310817724187e-01 1.38925485311163e+00
1.65135387952398e-01 -2.06130944391135e-01 9.98345291971921e-01
1.58164343065350e-01 -2.76286904856459e-01 1.82051468483020e-01
1.66344411912724e-01 -2.51546928752748e-01 5.92012097844919e-01
2.06106510443287e-01 -1.80788437050814e-01 -9.12055197470232e-01
5.00686336340450e-02 -2.69619781716599e-01 9.11430583786092e-01
-2.54116981493134e-02 2.92531289897206e-01 7.03296909559734e-01
-1.66375068644320e-01 2.51537458087340e-01 5.91872058943970e-01
9.85185962015776e-02 -2.93464769149073e-01 4.48996411197259e-01
7.28062963267403e-02 -2.40371164432276e-01 1.09565451363105e+00
2.05701133025278e-01 -2.27208226520448e-01 -5.09189272522528e-01
-5.67938930346478e-05 3.08202486587234e-01 4.76633251483669e-01
2.71199284303859e-01 -1.17745431229058e-01 6.76939504101868e-01
9.20785525853105e-02 2.05685177564629e-01 -1.25516719086419e+00
-1.82051952696615e-01 2.55650084564168e-01 3.46535674636930e-01
2.69610690754273e-01 1.65076688862113e-01 2.75961133696477e-01
1.51082700773987e-01 1.45374774322110e-01 1.33552072281208e+00
1.80781661974156e-01 1.65166110978788e-01 1.13821642826280e+00
1.24221766752595e-01 7.51844626972700e-02 -1.57523299977231e+00
4.97619532131667e-02 3.16165724516363e-01 -4.32023337865047e-04
-1.91128977170672e-01 -2.55914395320909e-01 -1.12447781111575e-01
-2.05712718114942e-01 -2.27223643617484e-01 -5.08836563474663e-01
-1.20165085120523e-01 -2.26318918370448e-01 -1.05912242372609e+00
7.51400645457203e-02 2.85165877707766e-01 -6.86945564849616e-01
-1.51105862639269e-01 -1.45354834896747e-01 -1.33550699384095e+00
-3.08511288831433e-01 -4.19636800993797e-02 -4.09462876916300e-01
-6.28694712822205e-02 1.81935700096522e-01 -1.41218809301675e+00
-2.26284297288662e-01 -1.91817857355487e-01 6.63614806983060e-01
-3.08523377382253e-01 4.18554762918821e-02 -4.09522855767420e-01
2.01330803720803e-01 -2.43076096270481e-02 1.36750927392105e+00
3.16101650490312e-01 4.33490228504971e-02 -1.39457675255974e-01
2.55933967862575e-01 -2.03463495509353e-02 1.05542589887880e+00
1.65070545260487e-01 -2.06150540335247e-01 -9.98548934152627e-01
1.80736014518775e-01 -1.65119613571950e-01 -1.13864322515169e+00
1.91753862866623e-01 -1.20162243239415e-01 -1.25000908600700e+00
-2.06146597127899e-01 -1.80810108219897e-01 -9.11647746256571e-01
2.01236106385444e-01 -2.43639289628343e-02 -1.36790378581772e+00
1.17793742815252e-01 -1.22590149132031e-01 1.49761214574831e+00
3.08530875185387e-01 -4.18873779593881e-02 4.09250986754639e-01
1.58152659034030e-01 -2.76288967862449e-01 -1.82265450592413e-01
-1.66390258657611e-01 2.51493718936816e-01 -5.92308575675083e-01
2.94500602283022e-01 3.88476088132291e-02 6.58051512410638e-01
2.41884349883781e-01 -1.51063104292434e-01 8.02398905590100e-01
-9.22423647524108e-02 2.05652338852892e-01 -1.25496443384015e+00
6.27389485424227e-02 -1.82020122369308e-01 -1.41203331863587e+00
1.22536810819088e-01 2.71169310772604e-01 -6.50866808530739e-01
-2.76286880577398e-01 -3.30034987500690e-02 8.73460431373891e-01
1.07158497748911e-01 -1.66344642771062e-01 -1.38932121789902e+00
3.88264673069750e-02 -1.19193191968651e-01 1.62638444259316e+00
-1.24347778750268e-01 -7.52684128386115e-02 -1.57480741136513e+00
2.92520965084975e-01 -1.27389270212938e-01 1.39768996971972e-01
3.16108379256664e-01 -4.33062104297062e-02 -1.39398164945680e-01
2.85166268153838e-01 -1.24299891292238e-01 -4.15742761843559e-01
-2.76307201585315e-01 3.29169561500498e-02 -8.73363971694420e-01
-8.13552974270314e-02 -9.85489029984896e-02 -1.62059739424719e+00
-2.27224689673105e-01 9.21544009168510e-02 1.13604861689787e+00
2.92489325159626e-01 1.27433897359214e-01 -1.40545644758061e-01
-1.66310133486897e-01 -2.51556766062467e-01 5.92178324608067e-01
-2.05702029879893e-01 -2.27214929586938e-01 5.09086981070724e-01
-1.65093051244789e-01 -2.06145583836311e-01 9.98466655138940e-01
-2.41897693359497e-01 1.51008008497346e-01 -8.02592507700605e-01
-1.82060207343061e-01 2.55624297712805e-01 -3.46983327811796e-01
-9.85797909428642e-02 2.93426870423875e-01 -4.49342085874988e-01
-4.33942477838100e-02 2.51133764631711e-02 -1.74578448694558e+00
-2.51556945370847e-01 -1.07255122324506e-01 -9.18383803877282e-01
-1.19279481574572e-01 2.94447566823687e-01 -2.14612129648233e-01
-1.51106214175768e-01 1.45326854373653e-01 1.33559865532753e+00
-3.29655536509487e-02 -1.58148472049810e-01 1.52591918913812e+00
-8.48176852436124e-05 1.37716220993356e-01 -1.59560639562533e+00
1.20065604168618e-01 2.26278985443268e-01 -1.05972661377584e+00
2.43127332637129e-02 -2.47644722536337e-01 -1.11168390647023e+00
2.40360663874322e-01 1.98438458402387e-01 4.01530864493260e-01
-2.55689708718633e-01 6.27708891750838e-02 1.00507832164074e+00
-2.76296166531776e-01 3.29588439899400e-02 8.73422267977317e-01
2.51088156381024e-02 3.16126458205165e-01 2.38864502132441e-01
-6.28265127815954e-02 -1.82026675819595e-01 -1.41188879324375e+00
-2.06127502625654e-01 -1.80789474657896e-01 9.11904212861215e-01
-1.80768992826181e-01 -1.65112582176179e-01 1.13851464173055e+00
1.98329669207813e-01 -7.27998762479282e-02 -1.32779418630212e+00
2.43125193463934e-02 2.47673989829321e-01 1.11148516081566e+00
-1.58144873569724e-01 -2.76293722748622e-01 1.82251648819169e-01
-1.27458191561908e-01 2.52960516308987e-02 -1.61536701132119e+00
-4.98235731686077e-02 -3.16156029354843e-01 6.17740718501745e-05
6.27754123788168e-02 1.82049773901724e-01 1.41186728557760e+00
2.47631614734068e-01 -2.01297987008988e-01 -1.34684064981438e-01
-1.22663472312283e-01 2.71169958307227e-01 6.50130453918675e-01
-3.16105578866005e-01 -4.33622841705928e-02 1.39059768026371e-01
-7.27662004039260e-02 -2.40376001471123e-01 1.09570338903170e+00
-3.30018869027518e-02 1.58191844710934e-01 1.52575809892829e+00
-1.22683524408704e-01 2.71120400487478e-01 -6.50645262429292e-01
-2.04694599423965e-02 1.91082275992010e-01 -1.41350211716889e+00
2.76243254533953e-01 3.29843749495887e-02 -8.73903217768100e-01
2.40330974366641e-01 1.98411288628201e-01 -4.02481306967114e-01
-2.94496488819897e-01 3.87425880498022e-02 -6.58296461794330e-01
9.84594053911051e-02 2.93502997425956e-01 4.48630128292232e-01
-4.33240016985205e-02 2.51955050661751e-02 1.74580160710756e+00
2.27140535157428e-01 9.21561377887430e-02 -1.13655750423055e+00
-2.26336262247665e-01 1.91782695777150e-01 6.63384212371535e-01
-3.08507680923262e-01 -4.19476736410782e-02 4.09595793487731e-01
-2.55927071982909e-01 2.03186767320312e-02 -1.05549316047364e+00
-3.08519770110974e-01 4.18755521048977e-02 4.09543146204586e-01
1.98408002507361e-01 7.28347796564075e-02 1.32737879137654e+00
2.40394680832479e-01 -1.98380679229684e-01 4.01780475357388e-01
-7.52045282120802e-02 -2.85179654219756e-01 6.86555855168886e-01
4.19170302664320e-02 7.42009759628279e-02 1.70379330472311e+00
-4.19216826587179e-02 7.41896170360337e-02 1.70380490066575e+00
8.13103217916547e-02 9.85532733622043e-02 1.62065813349151e+00
-2.94489593907601e-01 3.87746163907695e-02 6.58333023759242e-01
9.21203238705095e-02 -2.05732771739084e-01 -1.25483574681804e+00
-1.98385688768139e-01 -7.27876202987351e-02 1.32755940547454e+00
-2.06175705738907e-01 1.80768863934139e-01 9.11696440622245e-01
-1.27402956992270e-01 -2.53509839272204e-02 1.61547364264595e+00
-2.41842855877956e-01 -1.51093209340441e-01 8.02607477662206e-01
-4.19045027944925e-02 -7.41445554662131e-02 1.70387761851639e+00
-2.51572278603954e-01 1.07191378607839e-01 9.18482686541122e-01
2.06074195579632e-01 1.80779274664611e-01 -9.12333265987321e-01
-3.30651651852211e-02 1.58096016768601e-01 -1.52601924167011e+00
2.31632935787209e-01 -1.19953753742979e-05 -1.21981075441550e+00
-3.88192668770503e-02 1.19243020115592e-01 1.62627827568309e+00
-1.24347917375134e-05 1.37812579898777e-01 1.59535268594719e+00
1.91138007852510e-01 -2.55903634006523e-01 -1.12726237193925e-01
-1.17833497317657e-01 1.22540355857449e-01 -1.49764105163404e+00
2.26323816561599e-01 -1.91795686493730e-01 6.63399171288534e-01
-1.65043112908509e-01 5.00546521143275e-02 1.48902356302108e+00
-1.65030206880201e-01 -5.00471103092377e-02 1.48907492436446e+00
6.27008508872042e-02 1.81957102123877e-01 -1.41233264033495e+00
2.42588726130818e-02 2.47592379792172e-01 -1.11207533536976e+00
1.20128750670933e-01 2.26354077214691e-01 1.05901896739140e+00
2.55850617745298e-01 2.03790353736532e-02 -1.05602287794641e+00
-3.30288353204310e-02 -1.58187098550959e-01 -1.52575532182798e+00
-9.85646677456642e-02 2.93462270577818e-01 4.48737739806023e-01
2.26242446591392e-01 1.91816978973313e-01 -6.64057629950749e-01
-5.41389007534044e-05 -1.37804312942761e-01 -1.59537444033434e+00
4.32440702346047e-02 2.51237305613710e-02 -1.74589359995986e+00
-1.17803118403656e-01 -1.22651196455056e-01 -1.49743718586647e+00
1.19159587074187e-01 2.94513849185414e-01 2.13868238991635e-01
-2.20854684518955e-01 2.31646779890520e-01 -1.87953339046961e-04
1.80812069513774e-01 -1.65091729460573e-01 1.13839823158570e+00
9.84337837988336e-02 2.93467592354120e-01 -4.49507203002469e-01
2.27238749233682e-01 -9.21379883901375e-02 1.13600344562535e+00
-2.88897131574807e-01 -5.98401273852905e-05 -7.60770259316331e-01
2.85146142983942e-01 1.24326528361050e-01 -4.15920815998032e-01
4.99647040487930e-02 2.69595444681485e-01 -9.11824036070810e-01
-2.05762587559091e-01 2.27180704765594e-01 5.08806338158652e-01
-5.01310620375758e-02 2.69575531929616e-01 -9.11725094743524e-01
3.08524297072089e-01 4.19526483656441e-02 4.09198320717474e-01
-3.16118144850123e-01 4.32765774835134e-02 1.39002840081606e-01
8.13305534026155e-02 -9.84835349941844e-02 1.62075647087777e+00
-1.80796253581723e-01 -1.65140459599515e-01 -1.13825926034695e+00
3.30041264167774e-02 -1.58144523230134e-01 1.52590623995845e+00
1.58100444030464e-01 2.76310580698056e-01 -1.82647424226875e-01
-1.65171970616870e-01 2.06071639061863e-01 -9.98534117864094e-01
-2.26296609942272e-01 -1.91832002388988e-01 -6.63361986171277e-01
2.26290353664033e-01 1.91861308763982e-01 6.63168541860441e-01
1.45295055117535e-01 2.41909250208118e-01 8.34035548193209e-01
2.53123031668022e-02 2.92541760112768e-01 7.03273400547507e-01
-4.19733503778991e-02 -7.42046335780533e-02 -1.70374615486553e+00
-3.87917312114009e-02 -1.19198822062953e-01 1.62639713877370e+00
9.21909604742493e-02 -2.05708077790297e-01 1.25480099948365e+00
2.55707804733686e-01 -6.27580361141766e-02 1.00496237716981e+00
-2.88493777516828e-05 2.20845183272978e-01 1.27938288904082e+00
-6.28159065712015e-02 1.82028363430338e-01 1.41189655093283e+00
-2.40415641028544e-01 1.98353925629807e-01 4.01800827576553e-01
1.24236522743860e-01 -7.52468215868660e-02 -1.57510668124300e+00
-2.04087541304408e-02 1.91176552606368e-01 1.41314002369355e+00
5.00114625616224e-02 2.69664731500571e-01 9.11120661219214e-01
7.41672766976107e-02 -3.08512258627399e-01 2.31457931997539e-01
4.98289985349681e-02 -3.16155174509490e-01 -7.19093074535275e-06
-2.85206400815748e-01 1.24239995087245e-01 -4.15449051543954e-01
-3.16106677935255e-01 -4.33676937726243e-02 -1.38932052736742e-01
-2.94485413307013e-01 -3.88586809749842e-02 -6.58238874381973e-01
2.03382031779341e-02 -1.91161129436791e-01 -1.41323468302547e+00
-7.41595523804348e-02 -3.08515635703812e-01 -2.31396118148535e-01
-2.55911197163868e-01 2.03677155365426e-02 1.05558172921384e+00
1.65050647148684e-01 5.00967753241323e-02 1.48895488188272e+00
-2.01339447487974e-01 2.42787718768063e-02 -1.36748608343790e+00
-1.19206419177177e-01 -2.94486919210941e-01 -2.14203024343379e-01
2.53418221980239e-02 -2.92515329449253e-01 -7.03576236136723e-01
-2.06194794533390e-01 1.80709157656162e-01 -9.11925761782507e-01
-1.37836833069679e-01 2.88856414632027e-01 -2.83822870984884e-04
1.91099093251411e-01 2.55941726260504e-01 1.12099091094320e-01
-2.43742321950974e-02 -2.47646225650403e-01 -1.11163261666986e+00
2.02964659350167e-02 1.91089338160124e-01 -1.41354908489837e+00
7.51773327346319e-02 2.85219333685545e-01 6.86143825118800e-01
3.28948336056284e-02 1.58106754123783e-01 -1.52609758884702e+00
-7.84334291798993e-05 3.08164045689668e-01 -4.77390667072662e-01
-3.88580533898817e-02 -1.19247484699915e-01 -1.62624003736904e+00
3.29289416800386e-02 -1.58183151298899e-01 -1.52583365923091e+00
7.27564895362723e-02 2.40426114987952e-01 1.09538765124331e+00
-1.07243616955269e-01 -1.66356919425010e-01 -1.38907603474353e+00
-2.51542654047389e-01 -1.07226322082538e-01 9.18605748345329e-01
-1.80839379721669e-01 1.65034016189410e-01 -1.13852114908570e+00
-2.27199702203436e-01 -9.21749772919576e-02 1.13615012713198e+00
-9.85082777451898e-02 -2.93472079778515e-01 -4.48919714493745e-01
1.17769512781462e-01 1.22663718270098e-01 1.49748652625766e+00
-1.20221270000381e-01 2.26234564986274e-01 -1.05947756857673e+00
2.27156592945067e-01 -9.21756491341039e-02 -1.13641134996489e+00
-1.22595997231694e-01 -2.71174779360856e-01 6.50457235741806e-01
-1.65068635587941e-01 -5.01038771682415e-02 -1.48888676877339e+00
-1.65081540715559e-01 4.99802219692281e-02 -1.48896989054246e+00
-1.58220557619149e-01 2.76246966962398e-01 -1.82409787307734e-01
1.24331187752081e-01 -7.51914722080743e-02 1.57495946602326e+00
-2.69654239733688e-01 1.64987722011480e-01 2.76285910220921e-01
-2.69657948172289e-01 1.64970138599028e-01 -2.76495682390993e-01
-2.92533527763541e-01 1.27352826916206e-01 1.39979838261738e-01
3.08188422143429e-01 -8.63534372416441e-02 -3.40407096396978e-04
-2.92535026848633e-01 1.27344541646497e-01 -1.40114125075481e-01
-1.91826491785295e-01 -1.20189966196348e-01 -1.24958783173311e+00
-2.52446837058902e-02 3.16096173901324e-01 -2.39648837460128e-01
8.63854211648769e-02 3.61881979180426e-05 1.70200558384851e+00
1.27420905084077e-01 2.54025514745474e-02 1.61540575772824e+00
-2.26348570597548e-01 1.91738378619653e-01 -6.63646803837052e-01
-1.45387406071108e-01 2.41793360852456e-01 -8.34569509934658e-01
-1.24318267393301e-01 7.52341405312270e-02 1.57492842388475e+00
-2.88888659512360e-01 -2.63232735452113e-05 7.60868437542410e-01
-1.98433985617297e-01 7.27112862398547e-02 -1.32746682778893e+00
2.20768179490090e-01 2.31729209212741e-01 -4.93604070836738e-04
4.18312668333030e-02 7.41109156803200e-02 -1.70397714269307e+00
-9.21991378113329e-02 2.05738212385056e-01 1.25463197113913e+00
-2.51624485653292e-02 -3.16111293657971e-01 2.39304085501238e-01
2.88910836630712e-01 3.80059712906921e-05 7.60611542291563e-01
-3.77347938793637e-05 -2.20823161450850e-01 -1.27949881680792e+00
-2.01303570825793e-01 -2.43492531034944e-02 1.36760895456316e+00
7.68914769149917e-07 4.98609344269814e-02 1.74602583237959e+00
2.85179036011397e-01 1.24350956904751e-01 4.15009211570291e-01
-1.58149719934335e-01 -2.76295785511498e-01 -1.82027860944491e-01
2.40364989699092e-01 -1.98388936341477e-01 -4.02197718388280e-01
1.45341425516467e-01 -2.41849506527031e-01 8.34317542600757e-01
2.51775155643004e-02 -3.16110861518100e-01 2.39273158314780e-01
7.52362699206292e-02 -2.85176849194371e-01 6.86485316510152e-01
2.26275907674382e-01 -1.91809836403441e-01 -6.63772756325270e-01
1.22629076721129e-01 -2.71169091386817e-01 6.50339360883188e-01
2.04057401532811e-02 -1.91130869775849e-01 1.41332981843893e+00
-1.19272793209421e-01 2.94464485708316e-01 2.14016651494232e-01
-7.42246733688383e-02 3.08506022454221e-01 2.31150067344921e-01
1.45242824194805e-01 2.41848560764930e-01 -8.34849465696046e-01
1.91817146038179e-01 1.20203976965447e-01 1.24959048415002e+00
-2.55672305541624e-01 -6.28045457878417e-02 1.00514922290355e+00
1.37718248315199e-01 2.88912962955567e-01 -4.74542528629437e-04
1.19146829145155e-01 2.94496927421157e-01 -2.14793767936203e-01
7.41034504543481e-02 3.08537409823480e-01 2.31058565778836e-01
2.93476669126436e-01 8.13518222541944e-02 5.43659523214314e-01
7.40909103650086e-02 3.08518745387563e-01 -2.31939698233037e-01
2.06170167133294e-01 -1.80767799797789e-01 9.11741077961084e-01
1.22575774306949e-01 2.71218877152637e-01 6.50012544190445e-01
-1.45302573068782e-01 -2.41859016816901e-01 8.34439857330705e-01
-2.40422428393909e-01 1.98326763822887e-01 -4.02085807388335e-01
4.19328830271657e-02 -7.41372461779284e-02 1.70386602322278e+00
-3.88855846107453e-02 1.19148375933958e-01 -1.62644152277812e+00
-3.16157228204965e-01 -5.21805730989233e-05 -2.75122183486920e-01
1.82485236687040e-05 -1.37760085786390e-01 1.59549096309990e+00
-2.40361299612013e-01 -1.98403197623103e-01 4.02050386096484e-01
-2.05773272618361e-01 2.27144570424805e-01 -5.09166471496322e-01
1.27323210277431e-01 2.53265130947953e-02 -1.61567710267325e+00
-7.52295542165741e-02 -2.85186696377632e-01 -6.86382985154829e-01
1.22590111687372e-01 -2.71176842150135e-01 -6.50464839104148e-01
1.91838990353500e-01 -1.20124968891948e-01 1.24971993234787e+00
2.51513682524655e-01 -1.07216639845179e-01 -9.18882136780242e-01
3.87452047445555e-02 -1.19241857917394e-01 -1.62633474407169e+00
1.91732020373618e-01 1.20131108941975e-01 -1.25020253955461e+00
2.71179865588493e-01 1.17816758519344e-01 6.76798241488395e-01
2.06137851368018e-01 1.80838997742208e-01 9.11533280377593e-01
2.41799067901456e-01 1.51085600647588e-01 -8.03053443144058e-01
1.65096733207266e-01 2.06198913664935e-01 9.98112145088353e-01
3.16119896363363e-01 -4.33007994930824e-02 1.38650822097959e-01
-4.33884112248326e-02 -2.52216488855226e-02 -1.74574130287461e+00
-2.43834290598076e-02 2.47664650904986e-01 1.11150125407691e+00
2.85199161884715e-01 -1.24287707140467e-01 4.15165247700218e-01
-7.28234605583824e-02 2.40398534513876e-01 1.09543654220997e+00
-1.91193820713840e-01 2.55867366163537e-01 1.12349750706895e-01
6.28135119030361e-02 -1.81988363746059e-01 1.41205706629026e+00
1.18378096544885e-05 -3.08183074951112e-01 4.77016034324783e-01
9.84929729262597e-02 -2.93468936592939e-01 -4.49084783807057e-01
-5.00681471489208e-02 -2.69633186250036e-01 -9.11310441172297e-01
2.53758631051300e-02 -2.92508723362000e-01 7.03622582574422e-01
2.43663821837729e-02 -2.47628365794457e-01 1.11175921065865e+00
2.92509752703933e-01 -1.27393327596998e-01 -1.40370638829447e-01
4.32494416935932e-02 -2.52127146042277e-02 -1.74585041549789e+00
3.08497311545429e-01 -4.19033916177595e-02 -4.09972086383850e-01
-1.91829870288391e-01 1.20146281063751e-01 1.24970014335673e+00
2.93433058647386e-01 8.13226054730182e-02 -5.44510174222493e-01
-1.91858157280635e-01 1.20073430844007e-01 -1.24978125241157e+00
2.94447747710980e-01 3.88155674002503e-02 -6.58830135790671e-01
-6.27729438742285e-02 -1.81994918918680e-01 1.41208632183924e+00
-2.55921419726107e-01 -2.04439101677844e-02 -1.05546120319856e+00
-7.41510877972719e-02 -3.08513899610330e-01 2.31549406104291e-01
1.65060031955165e-01 -5.00157295888119e-02 1.48900625361619e+00
2.55697244369111e-01 6.28382501934551e-02 1.00489144622970e+00
-1.19199728783548e-01 -2.94484953998969e-01 2.14398902272033e-01
-1.24366522121693e-01 7.51507098598034e-02 -1.57493371572700e+00
-7.42331369798918e-02 3.08487360012633e-01 -2.31825875863050e-01
-2.47617472721081e-01 -2.01317997675095e-01 1.34564802316907e-01
7.27471310445286e-02 -2.40388225548959e-01 -1.09566021233743e+00
-1.07239067228121e-01 1.66344484412246e-01 1.38913216851336e+00
-1.17756064906582e-01 -1.22606983966947e-01 1.49766048646458e+00
4.18471171098751e-02 -7.41973266499254e-02 -1.70385056966785e+00
-7.84499376824554e-05 4.97736830096309e-02 -1.74610170755141e+00
8.62907731058861e-02 -3.88045731614169e-05 -1.70215201850819e+00
-2.55687451155686e-01 -6.28413549059549e-02 -1.00496152635177e+00
-2.71170084639737e-01 -1.17805443035087e-01 -6.76977828041598e-01
-2.93463270751139e-01 -8.13515119086636e-02 -5.43881493263941e-01
2.47607455292985e-01 2.01343127888671e-01 1.33978950755742e-01
2.47597409158389e-01 2.01333992664367e-01 -1.34960357649306e-01
1.17680666053642e-01 1.22575960695954e-01 -1.49791868239511e+00
1.17704892093882e-01 -1.22634368465506e-01 -1.49771479480243e+00
9.21491835925121e-02 2.05771062086641e-01 1.25457959278828e+00
2.03639973923698e-02 1.91183618138216e-01 1.41313056212721e+00
-2.53449769126785e-02 -2.92509548252091e-01 7.03646077062111e-01
-9.84931523876131e-02 -2.93467913215085e-01 4.49103980709078e-01
-1.37764015913827e-01 -2.88891154292196e-01 1.04325956934106e-04
2.55854043030960e-01 -2.03903282120797e-02 -1.05599091652986e+00
-2.85166358308485e-01 -1.24328165422265e-01 4.15482925417235e-01
2.69616581262372e-01 -1.65027288205834e-01 -2.76685845914498e-01
2.55631730301915e-01 -6.27948586832158e-02 -1.00548239858901e+00
2.69637958023270e-01 -1.65020516508198e-01 2.76173180278749e-01
-3.08174044231198e-01 -8.64047549893446e-02 8.61338136433487e-05
-2.47675077400964e-01 2.01246441288739e-01 -1.34595952326995e-01
-8.69042373267216e-05 2.20755324968520e-01 -1.27985573319377e+00
-7.52726114714391e-02 2.85188637674953e-01 6.86214380768025e-01
-1.17786449113862e-01 1.22628099833271e-01 1.49753487394326e+00
-2.47672922351233e-01 2.01255573439572e-01 1.34300101611780e-01
1.27425863635046e-01 -2.53247142611333e-02 1.61543110383219e+00
1.91091441736853e-01 2.55933345931766e-01 -1.13076262906655e-01
2.71127372233929e-01 1.17777466779369e-01 -6.77647765384939e-01
1.81942479147163e-01 2.55695068397023e-01 -3.47276228531731e-01
-7.28637180842873e-02 2.40319048591585e-01 -1.09588675618000e+00
4.33322388826596e-02 2.52058629626652e-02 1.74579081121014e+00
2.05696001190887e-01 2.27256903536872e-01 5.08589584648495e-01
1.66297307990666e-01 2.51601696847596e-01 5.91705784112287e-01
-1.65118816120481e-01 -2.06165174772189e-01 -9.98213298303645e-01
2.05736637477319e-01 -2.27199511499200e-01 5.08870267748878e-01
2.88850255155622e-01 4.47568268614161e-06 -7.61313041605939e-01
-1.45363924657378e-01 2.41854039477861e-01 8.34157892422472e-01
2.51495556894564e-01 1.07212772936309e-01 -9.19047202818264e-01
-9.21925196159790e-02 -2.05740969049673e-01 -1.25463301686420e+00
-7.52976326650930e-02 2.85135186621975e-01 -6.86807885330626e-01
2.94453953938074e-01 -3.88005356502793e-02 -6.58772537845944e-01
1.80705608648215e-01 1.65093663383710e-01 -1.13890516078518e+00
-1.27409295311790e-01 2.53720767498560e-02 1.61544829555095e+00
2.27222688725778e-01 9.22186052374526e-02 1.13590190509027e+00
-3.16155054455232e-01 -4.00589864912153e-05 2.75198425278650e-01
2.01326426865832e-01 2.43909750930920e-02 1.36748365289733e+00
2.55930541987183e-01 2.04280911098531e-02 1.05540307713646e+00
1.07125256079023e-01 1.66291351145695e-01 -1.38959396696599e+00
3.87196441678844e-02 1.19160026324233e-01 -1.62653623753186e+00
1.20173352962326e-01 -2.26291582258097e-01 1.05927195653034e+00
-2.94478518009269e-01 -3.88327075810696e-02 6.58379701429844e-01
-1.20132105763116e-01 -2.26300661282866e-01 1.05935549757394e+00
2.47641660106487e-01 -2.01295273389125e-01 1.34243697801694e-01
-1.81985101437506e-01 -2.55683244801883e-01 3.46860322974757e-01
2.20808873860413e-01 -2.31690447798838e-01 -1.82259043069367e-04
-1.80812124864819e-01 1.65106446412524e-01 1.13833286127369e+00
2.76248655493330e-01 -3.29829632784233e-02 -8.73852767769050e-01
3.16165920460573e-01 3.03372377033153e-05 2.74817444034516e-01
-2.31698123613963e-01 -9.85594889128137e-06 1.21943308083755e+00
-2.55905545793746e-01 -2.03999477156255e-02 1.05560453341101e+00
8.12414037358751e-02 -9.85360138815024e-02 -1.62079555626182e+00
8.12211754581664e-02 9.84629286141558e-02 -1.62096194196029e+00
-4.33181648406203e-02 -2.51499473551981e-02 1.74582606069290e+00
-8.12973728477142e-02 -9.84964300386000e-02 1.62078334438643e+00
2.05660495925245e-01 2.27220760307739e-01 -5.09519245850934e-01
2.55621171073466e-01 6.27864866748946e-02 -1.00558022035853e+00
1.65031891855287e-01 2.06130519306998e-01 -9.98869820747436e-01
-2.01310038711599e-01 2.43429604361056e-02 1.36758333265209e+00
-1.22616053166185e-01 -2.71182529527603e-01 -6.50243343633543e-01
-5.00322009021211e-02 -2.69622156574945e-01 9.11470177450020e-01
1.45289192331217e-01 -2.41862349172591e-01 -8.34481460592838e-01
1.98316540378363e-01 7.27648342936118e-02 -1.32791257890060e+00
7.51989954978680e-02 -2.85183891754624e-01 -6.86520651078937e-01
2.41858493679670e-01 1.51135339056860e-01 8.02221720546343e-01
2.76316892493690e-01 -3.29478851898717e-02 8.73234874560163e-01
2.51659447478739e-02 -3.16112439102265e-01 -2.39246714312717e-01
1.66258768145207e-01 2.51557946727166e-01 -5.92602805102743e-01
2.69589314790375e-01 1.65059099492213e-01 -2.76917344451612e-01
-6.73550919009264e-05 -4.98719284645195e-02 -1.74601621573436e+00
2.50972451028919e-02 3.16106950663367e-01 -2.39687604555461e-01
-2.20792190776193e-01 -2.31706347473119e-01 1.23336639176601e-04
-2.40368089556041e-01 -1.98411450410829e-01 -4.01802274926706e-01
2.51582756332387e-01 -1.07187830520723e-01 9.18407777946920e-01
-1.91196385994339e-01 2.55858986715024e-01 -1.12797760722177e-01
1.58112126970050e-01 2.76324571154767e-01 1.81690889924818e-01
1.18655904668965e-05 -4.98053240126393e-02 1.74607424083137e+00
1.98421132147032e-01 -7.27528276378949e-02 1.32745600773841e+00
1.20110202468471e-01 -2.26309841173605e-01 -1.05937143649927e+00
1.51025858655404e-01 -1.45335472058253e-01 -1.33584724857530e+00
-1.91126412953736e-01 -2.55912854152256e-01 1.12687442699623e-01
-2.85201594761666e-01 1.24264413018622e-01 4.15326920814401e-01
-2.51725915924572e-02 -3.16112871203768e-01 -2.39207969042594e-01
7.41547340754886e-02 -3.08513994752490e-01 -2.31509919922351e-01
-3.08198949735363e-01 8.63158781367419e-02 -2.99055472791380e-05
2.41824921591609e-01 -1.51084098410740e-01 -8.02824581885531e-01
1.66305869900003e-01 -2.51555362002336e-01 -5.92233035814434e-01
2.94506809597617e-01 -3.87745518343410e-02 6.58098201639624e-01
1.19204922349271e-01 -2.94483192651110e-01 -2.14384619127045e-01
-1.45326060100116e-01 -2.41871856432666e-01 -8.34201555907920e-01
3.08490733240444e-01 4.19325639552661e-02 -4.10032085510013e-01
-2.71161123296293e-01 -1.17785062797927e-01 6.77195438967916e-01
1.81989499193493e-01 -2.55677736860119e-01 -3.46913777617320e-01
2.51564630064990e-01 1.07264919592830e-01 9.18284694226286e-01
-2.93457508626729e-01 -8.13327893368699e-02 5.44061699284132e-01
2.76311489108118e-01 3.30262780371533e-02 8.73196699386030e-01
2.93489690026843e-01 -8.12829450823990e-02 5.43759349464315e-01
5.00218681390417e-02 -2.69630813585931e-01 -9.11409364040602e-01
-8.64297371773718e-02 -5.80307269290921e-05 -1.70193694159184e+00
2.31721768988390e-01 4.17397571180505e-05 1.21929601252141e+00
-1.81993358413077e-01 -2.55688011229903e-01 -3.46620936136324e-01
2.52782644545978e-02 2.92486362037100e-01 -7.04013154046963e-01
-2.54415059962150e-02 2.92475893466870e-01 -7.03966451800603e-01
2.03232561843480e-05 -2.20800264564935e-01 1.27961934708974e+00
2.93446078182434e-01 -8.13016754332905e-02 -5.44391487848364e-01
-1.66325328736047e-01 -2.51565195750123e-01 -5.91938883251440e-01
-5.00951221380166e-02 2.69644814161873e-01 9.11160275259137e-01
-2.71203113620332e-01 1.17696343628419e-01 -6.77153047239820e-01
-2.93486460324341e-01 8.12417670889156e-02 -5.44000164626325e-01
3.08174862223375e-01 8.64017993315168e-02 -4.56479915304410e-04
3.04366320874186e-01 8.51706677875372e-02 -2.78564894489781e-01
-2.19287807734573e-01 1.37694698569676e-01 -1.03895773387074e+00
-7.43433272435652e-02 1.42585405915666e-01 -1.52831732608460e+00
-1.37837606381708e-01 1.88050767679714e-01 -1.21092068580885e+00
-1.88106060570378e-01 -2.19247973584254e-01 7.60930456698755e-01
8.50736318128827e-02 -5.03872474225043e-02 -1.68114394931070e+00
-2.19230553462651e-01 -1.37778277427761e-01 1.03898831397369e+00
7.42087217279486e-02 -1.42677135748062e-01 -1.52825574510443e+00
3.05058554081814e-01 1.12683680243496e-05 -5.34777440982039e-01
-2.37472275910111e-05 -2.73276227490687e-01 -9.20120143577461e-01
4.59223129391898e-02 -2.16911656995377e-01 1.27476225729225e+00
-2.73253517205239e-01 -1.66641946581448e-01 1.15890288230155e-04
2.19273029780662e-01 -1.37749090380685e-01 1.03883294513871e+00
3.05102126241402e-01 3.48154536029831e-05 5.34018704923519e-01
5.03645187367140e-02 -3.04386098665582e-01 4.70232413325951e-01
-9.67461500705398e-02 -3.05085571053973e-01 8.68006502152237e-05
-5.03588752701142e-02 -3.04391099575055e-01 -4.70152104811209e-01
9.67535790048419e-02 -3.05083215439396e-01 -4.71001736780786e-05
-1.42649956311799e-01 -2.76724095756370e-01 -4.10018591761833e-01
-1.66661963139099e-01 -6.27148325962858e-05 -1.50905001665472e+00
2.73245162502434e-01 1.66655623618177e-01 -4.86232343524861e-04
-4.59827182717188e-02 2.16860601161558e-01 -1.27496077540669e+00
1.88105783687445e-01 2.19296713021014e-01 7.60504040201126e-01
4.58575429678437e-02 -2.16935052079203e-01 -1.27471194650779e+00
1.88054292833231e-01 2.19243406374939e-01 -7.61360748625669e-01
-5.04114037900771e-02 3.04394752442353e-01 4.69908205386293e-01
2.19174641729137e-01 1.37763137482629e-01 -1.03940925452155e+00
-1.37802443195604e-01 1.88131107577702e-01 1.21066209989642e+00
2.30752995755347e-01 4.58882358178149e-02 -1.19838280401432e+00
-1.42708321152961e-01 2.76700256492782e-01 4.09889816086608e-01
-2.16908787750678e-01 -2.30831757271095e-01 -2.53344352714820e-01
-1.88181228636642e-01 2.19174710280254e-01 -7.61007323781090e-01
-4.59318169643332e-02 2.16949532677653e-01 1.27455520423644e+00
-2.76718875011430e-01 -7.43152195227758e-02 -7.87667183488863e-01
9.66919344383392e-02 3.05102747334628e-01 -4.57066005051241e-04
-2.19250692484821e-01 -1.37807085843723e-01 -1.03874213426633e+00
-8.52005709454779e-02 -5.04034118596828e-02 -1.68093308073001e+00
-9.68203862118518e-02 3.05062014771389e-01 -3.23128467921811e-04
-7.43093055871486e-02 -1.42686778024563e-01 -1.52807920504086e+00
-2.73300323817571e-01 1.66565170683448e-01 -1.07973343557301e-04
1.42611946567050e-01 2.76757682189313e-01 4.09730352555726e-01
-3.05083975038688e-01 -3.31179896116897e-05 5.34334912148773e-01
-2.19267673040721e-01 1.37757426648067e-01 1.03883371516394e+00
4.58761230361810e-02 2.16966222684770e-01 1.27452973077135e+00
-3.05088897447631e-01 -5.66552713553229e-05 -5.34249121114246e-01
-8.51533897942652e-02 5.03731865127952e-02 1.68103363447092e+00
-8.51412618086879e-02 -5.03393906651790e-02 1.68108324907503e+00
4.58113575007790e-02 2.16877285809990e-01 -1.27506236254049e+00
-1.37790194866051e-01 -1.88149090013716e-01 -1.21061938470371e+00
8.51565685971764e-02 5.03949393151014e-02 1.68100883685398e+00
-8.45998817606739e-05 2.73229749958101e-01 -9.20540934129498e-01
1.37797597592288e-01 -1.88108915644838e-01 1.21078409341755e+00
3.04388974204844e-01 8.51857299068624e-02 2.77667998666024e-01
1.66544944751503e-01 -2.56238543351502e-05 -1.50944404625476e+00
2.30848103031481e-01 -4.58647484538665e-02 1.19785142268991e+00
2.30840141090763e-01 4.59475336393126e-02 1.19780145329957e+00
-5.84233693787487e-06 9.67898752156909e-02 1.68484212495948e+00
7.42619889425250e-02 1.42702009156310e-01 1.52810598265733e+00
1.57054626592899e-05 -9.67354919988275e-02 1.68493738419951e+00
-2.30849528681121e-01 4.58299694096494e-02 -1.19788364374198e+00
7.42915017886502e-02 -1.42635644891440e-01 1.52825120477808e+00
-5.03403489938497e-02 -3.04387346877739e-01 4.70286705437469e-01
1.80046664877856e-05 -2.73265489412476e-01 9.20217414874387e-01
-1.42638285238003e-01 -2.76719477096627e-01 4.10237453440122e-01
-2.16903797999828e-01 -2.30827529051422e-01 2.53592038572012e-01
-1.37755025043701e-01 -1.88122744664305e-01 1.21086631530215e+00
1.88145817226918e-01 -2.19232899921299e-01 7.60763108120258e-01
2.30760956586027e-01 -4.59110301157302e-02 -1.19830941734401e+00
1.37722886407001e-01 -1.88135265730591e-01 -1.21091848568650e+00
2.16930685282509e-01 -2.30811784681053e-01 2.53327509305390e-01
-2.76708966215808e-01 -7.42874455779033e-02 7.87853247757350e-01
-2.30815476816120e-01 -4.59092647495904e-02 1.19799116755325e+00
5.03403724050082e-02 -3.04389851397329e-01 -4.70237183409723e-01
-4.58813891526910e-02 -2.16915409890136e-01 1.27478772533981e+00
-1.88123619080012e-01 -2.19261718682072e-01 -7.60677216978961e-01
-7.42534052062534e-02 -1.42645291232224e-01 1.52828021500211e+00
2.76744437275677e-01 -7.42391735812481e-02 7.87611985107117e-01
-1.42719989458254e-01 2.76668735453656e-01 -4.10414547884323e-01
1.42639604873261e-01 -2.76717991572115e-01 -4.10254021274908e-01
-4.59322963518704e-02 -2.16938804264015e-01 -1.27461037408158e+00
3.04379757299534e-01 -8.51354516112524e-02 -2.78445420210964e-01
2.16889953670210e-01 2.30860764431626e-01 2.53029798429757e-01
-6.07418252078659e-05 -9.67903866062564e-02 -1.68484119580742e+00
2.16871938635643e-01 2.30842653455713e-01 -2.54002889253702e-01
3.04402410992484e-01 -8.51260045275235e-02 2.77777370176242e-01
-8.22861311325259e-05 9.66963013917307e-02 -1.68500593742444e+00
8.50633334559869e-02 5.03108299455322e-02 -1.68122964773353e+00
2.76670688426737e-01 7.42731797980074e-02 -7.88304166767208e-01
2.76732278765925e-01 7.43148297715481e-02 7.87524661386472e-01
1.37686517450498e-01 1.88098284220994e-01 -1.21121982723092e+00
-4.28521027942569e-05 2.73300099602920e-01 9.19903834320530e-01
7.41792118248713e-02 1.42608828651493e-01 -1.52849388589231e+00
-2.16970855130492e-01 2.30761799642447e-01 -2.53666935669686e-01
-1.88163675547470e-01 2.19228003399473e-01 7.60671424215574e-01
-2.76739791520898e-01 7.41982298786264e-02 -7.87779436369167e-01
5.03000006607361e-02 3.04415929684548e-01 4.69853894424004e-01
5.02758569089762e-02 3.04378242470011e-01 -4.70676699478442e-01
-5.04299280822873e-02 3.04357067815711e-01 -4.70591602883116e-01
-2.16965866812579e-01 2.30779906106917e-01 2.53294381070432e-01
-2.76729883819311e-01 7.42398642468453e-02 7.87765952533978e-01
-2.30837048975815e-01 -4.59555316713057e-02 -1.19781027043491e+00
1.88094325130666e-01 -2.19246648521110e-01 -7.61030577806780e-01
-3.04377198665875e-01 -8.51769353635171e-02 2.78143603569642e-01
2.19198881553827e-01 -1.37777906768694e-01 -1.03919361338539e+00
-3.04379783388902e-01 -8.51863782886234e-02 -2.77969070095164e-01
-1.66623303990128e-01 3.76981704705635e-06 1.50918026214123e+00
2.73272561927000e-01 -1.66610708261950e-01 -2.62324530094724e-04
-3.04401683050791e-01 8.51011081058323e-02 2.78034259457457e-01
-3.04404266934360e-01 8.50860521247073e-02 -2.78088515783556e-01
2.16912669680972e-01 -2.30816014281550e-01 -2.53680247945666e-01
-2.30827957123478e-01 4.58892487450566e-02 1.19794121353855e+00
2.19248788212209e-01 1.37825884219283e-01 1.03867831926036e+00
8.51668685509544e-02 -5.03232196433478e-02 1.68105845356691e+00
1.42586396927496e-01 2.76726155037760e-01 -4.10650033673488e-01
1.66643236460518e-01 4.08753137722560e-05 1.50911311705216e+00
1.37761225201786e-01 1.88178639419833e-01 1.21057985845446e+00
-7.42874314482562e-02 1.42678576857701e-01 1.52813500080252e+00
2.76682845815020e-01 -7.42669582449032e-02 -7.88191890495620e-01
-8.52126971144213e-02 5.02890864628658e-02 -1.68101877199036e+00
1.42665156415654e-01 -2.76713371585154e-01 4.10078037180874e-01
-9.88870009133259e-02 -2.58932789472581e-01 8.83854316715930e-01
6.80374276823106e-06 2.80145979850655e-05 1.76760719463932e+00
-9.89501229486994e-02 2.58942146861564e-01 8.83555178325453e-01
-9.89167393213730e-02 -2.58944601938371e-01 -8.83647241579916e-01
3.20057834513036e-01 2.47076654665848e-05 -4.06671878634637e-04
2.58913348612512e-01 -1.60028609877081e-01 -5.46496447680894e-01
-1.60060071003034e-01 -9.89489807470498e-02 -1.42982156212118e+00
2.58954900658838e-01 -1.60014903641946e-01 5.46018156142639e-01
-1.60085467688840e-01 9.88305888781181e-02 -1.42998458154946e+00
-3.20057840483874e-01 -4.65549468134726e-05 3.63226337012232e-05
9.88740602131617e-02 -2.58939228400469e-01 -8.83840937877717e-01
1.59967263041547e-01 -9.89236450181078e-02 -1.43019177824054e+00
-6.89390577723864e-05 3.20057828310516e-01 -4.00177581021243e-04
1.59948613873598e-01 9.88765030318633e-02 -1.43035481944231e+00
2.33628430950082e-06 -3.20057843883052e-01 2.98910979925519e-05
9.89245254767979e-02 -2.58927414385156e-01 8.83774264919321e-01
-1.60047714362199e-01 9.89103494286677e-02 1.42994527228589e+00
2.58886544983708e-01 1.60045803207234e-01 -5.46730131795725e-01
-1.60022314022482e-01 -9.89027448501977e-02 1.43004801806384e+00
1.60040625745400e-01 9.89562800307875e-02 1.42987254348277e+00
2.58928095775984e-01 1.60080237382226e-01 5.45821735879705e-01
-2.58917491399329e-01 -1.60045621186401e-01 5.46284596218216e-01
1.60059277660449e-01 -9.88773999030720e-02 1.42997529978771e+00
9.88723191105268e-02 2.58980821432784e-01 8.83475101907058e-01
-2.58925512567794e-01 -1.60059321833193e-01 -5.46046152839845e-01
-7.33934124927283e-05 -4.98627177889802e-05 -1.76760713388447e+00
9.88218585981819e-02 2.58914749852321e-01 -8.84237646924693e-01
-2.58961959692877e-01 1.59995639753092e-01 5.46088219434012e-01
-2.58969978026002e-01 1.59961217245640e-01 -5.46279785349940e-01
-9.89798563987631e-02 2.58876083598478e-01 -8.84043920227408e-01
-1.68253259961009e-01 -2.72264326621257e-01 1.14227509447393e-04
1.68265702340792e-01 -2.72256637054289e-01 -1.18639277334234e-04
1.68214834714594e-01 2.72288055469812e-01 -4.84502812124365e-04
-1.68323650681087e-01 2.72220811129704e-01 -2.51580224226961e-04
-2.72260572448577e-01 -2.07642883647953e-05 9.29258312141895e-01
-2.72272751185922e-01 -6.16992926048200e-05 -9.29149413790658e-01
2.72212176027332e-01 -1.08750021832284e-06 -9.29690670227768e-01
2.72284332811761e-01 3.98628431180634e-05 9.29045927360355e-01
-1.79183078953119e-05 1.68304574690027e-01 1.50347922715256e+00
1.95559213193428e-05 -1.68254137269521e-01 1.50365140386620e+00
-4.86663091239232e-05 -1.68290399719859e-01 -1.50352760243835e+00
-8.61357240982290e-05 1.68208341544265e-01 -1.50380760279667e+00
3 631 67 1
3 599 6 67
3 497 1 6
3 67 6 1
3 615 294 296
3 494 73 294
3 599 296 73
3 294 73 296
3 614 232 293
3 497 231 232
3 494 293 231
3 232 231 293
3 599 73 6
3 494 231 73
3 497 6 231
3 73 231 6
3 639 43 297
3 553 473 43
3 490 297 473
3 43 473 297
3 600 430 152
3 542 47 430
3 553 152 47
3 430 47 152
3 615 74 70
3 490 340 74
3 542 70 340
3 74 340 70
3 553 47 473
3 542 340 47
3 490 473 340
3 47 340 473
3 630 374 145
3 495 353 374
3 543 145 353
3 374 353 145
3 614 284 147
3 541 350 284
3 495 147 350
3 284 350 147
3 600 262 168
3 543 373 262
3 541 168 373
3 262 373 168
3 495 350 353
3 541 373 350
3 543 353 373
3 350 373 353
3 615 70 294
3 542 339 70
3 494 294 339
3 70 339 294
3 600 168 430
3 541 372 168
3 542 430 372
3 168 372 430
3 614 293 284
3 494 336 293
3 541 284 336
3 293 336 284
3 542 372 339
3 541 336 372
3 494 339 336
3 372 336 339
3 640 236 3
3 503 286 236
3 559 3 286
3 236 286 3
3 610 467 357
3 489 135 467
3 503 357 135
3 467 135 357
3 603 5 338
3 559 246 5
3 489 338 246
3 5 246 338
3 503 135 286
3 489 246 135
3 559 286 246
3 135 246 286
3 631 1 104
3 497 458 1
3 558 104 458
3 1 458 104
3 614 436 232
3 552 453 436
3 497 232 453
3 436 453 232
3 610 320 433
3 558 337 320
3 552 433 337
3 320 337 433
3 497 453 458
3 552 337 453
3 558 458 337
3 453 337 458
3 630 290 374
3 498 241 290
3 495 374 241
3 290 241 374
3 603 319 429
3 496 258 319
3 498 429 258
3 319 258 429
3 614 147 452
3 495 237 147
3 496 452 237
3 147 237 452
3 498 258 241
3 496 237 258
3 495 241 237
3 258 237 241
3 610 433 467
3 552 242 433
3 489 467 242
3 433 242 467
3 614 452 436
3 496 25 452
3 552 436 25
3 452 25 436
3 603 338 319
3 489 17 338
3 496 319 17
3 338 17 319
3 552 25 242
3 496 17 25
3 489 242 17
3 25 17 242
3 635 349 20
3 580 363 349
3 513 20 363
3 349 363 20
3 606 272 9
3 515 44 272
3 580 9 44
3 272 44 9
3 624 364 45
3 513 129 364
3 515 45 129
3 364 129 45
3 580 44 363
3 515 129 44
3 513 363 129
3 44 129 363
3 640 3 194
3 559 140 3
3 518 194 140
3 3 140 194
3 603 87 5
3 528 399 87
3 559 5 399
3 87 399 5
3 606 199 89
3 518 254 199
3 528 89 254
3 199 254 89
3 559 399 140
3 528 254 399
3 518 140 254
3 399 254 140
3 630 85 290
3 510 470 85
3 498 290 470
3 85 470 290
3 624 217 442
3 554 86 217
3 510 442 86
3 217 86 442
3 603 429 459
3 498 475 429
3 554 459 475
3 429 475 459
3 510 86 470
3 554 475 86
3 498 470 475
3 86 475 470
3 606 89 272
3 528 213 89
3 515 272 213
3 89 213 272
3 603 459 87
3 554 394 459
3 528 87 394
3 459 394 87
3 624 45 217
3 515 100 45
3 554 217 100
3 45 100 217
3 528 394 213
3 554 100 394
3 515 213 100
3 394 100 213
3 634 279 111
3 521 411 279
3 550 111 411
3 279 411 111
3 609 151 405
3 582 163 151
3 521 405 163
3 151 163 405
3 621 461 376
3 550 464 461
3 582 376 464
3 461 464 376
3 521 163 411
3 582 464 163
3 550 411 464
3 163 464 411
3 635 20 205
3 513 235 20
3 524 205 235
3 20 235 205
3 624 2 364
3 584 365 2
3 513 364 365
3 2 365 364
3 609 314 234
3 524 90 314
3 584 234 90
3 314 90 234
3 513 365 235
3 584 90 365
3 524 235 90
3 365 90 235
3 630 450 85
3 544 441 450
3 510 85 441
3 450 441 85
3 621 36 316
3 491 356 36
3 544 316 356
3 36 356 316
3 624 442 38
3 510 8 442
3 491 38 8
3 442 8 38
3 544 356 441
3 491 8 356
3 510 441 8
3 356 8 441
3 609 234 151
3 584 380 234
3 582 151 380
3 234 380 151
3 624 38 2
3 491 40 38
3 584 2 40
3 38 40 2
3 621 376 36
3 582 37 376
3 491 36 37
3 376 37 36
3 584 40 380
3 491 37 40
3 582 380 37
3 40 37 380
3 639 132 43
3 555 348 132
3 553 43 348
3 132 348 43
3 618 58 359
3 545 34 58
3 555 359 34
3 58 34 359
3 600 152 412
3 553 33 152
3 545 412 33
3 152 33 412
3 555 34 348
3 545 33 34
3 553 348 33
3 34 33 348
3 634 111 420
3 550 302 111
3 551 420 302
3 111 302 420
3 621 177 461
3 486 255 177
3 550 461 255
3 177 255 461
3 618 174 62
3 551 257 174
3 486 62 257
3 174 257 62
3 550 255 302
3 486 257 255
3 551 302 257
3 255 257 302
3 630 145 450
3 543 414 145
3 544 450 414
3 145 414 450
3 600 310 262
3 484 122 310
3 543 262 122
3 310 122 262
3 621 316 92
3 544 123 316
3 484 92 123
3 316 123 92
3 543 122 414
3 484 123 122
3 544 414 123
3 122 123 414
3 618 62 58
3 486 142 62
3 545 58 142
3 62 142 58
3 621 92 177
3 484 141 92
3 486 177 141
3 92 141 177
3 600 412 310
3 545 124 412
3 484 310 124
3 412 124 310
3 486 141 142
3 484 124 141
3 545 142 124
3 141 124 142
3 638 371 229
3 523 225 371
3 512 229 225
3 371 225 229
3 623 230 253
3 570 144 230
3 523 253 144
3 230 144 253
3 602 333 476
3 512 331 333
3 570 476 331
3 333 331 476
3 523 144 225
3 570 331 144
3 512 225 331
3 144 331 225
3 632 303 445
3 514 200 303
3 520 445 200
3 303 200 445
3 612 139 84
3 575 305 139
3 514 84 305
3 139 305 84
3 623 309 248
3 520 159 309
3 575 248 159
3 309 159 248
3 514 305 200
3 575 159 305
3 520 200 159
3 305 159 200
3 633 39 244
3 509 298 39
3 517 244 298
3 39 298 244
3 602 383 150
3 505 195 383
3 509 150 195
3 383 195 150
3 612 16 42
3 517 299 16
3 505 42 299
3 16 299 42
3 509 195 298
3 505 299 195
3 517 298 299
3 195 299 298
3 623 248 230
3 575 220 248
3 570 230 220
3 248 220 230
3 612 42 139
3 505 76 42
3 575 139 76
3 42 76 139
3 602 476 383
3 570 71 476
3 505 383 71
3 476 71 383
3 575 76 220
3 505 71 76
3 570 220 71
3 76 71 220
3 634 238 138
3 590 137 238
3 579 138 137
3 238 137 138
3 616 344 13
3 522 120 344
3 590 13 120
3 344 120 13
3 627 22 0
3 579 179 22
3 522 0 179
3 22 179 0
3 590 120 137
3 522 179 120
3 579 137 179
3 120 179 137
3 638 229 153
3 512 226 229
3 596 153 226
3 229 226 153
3 602 10 333
3 507 283 10
3 512 333 283
3 10 283 333
3 616 384 131
3 596 358 384
3 507 131 358
3 384 358 131
3 512 283 226
3 507 358 283
3 596 226 358
3 283 358 226
3 633 334 39
3 578 79 334
3 509 39 79
3 334 79 39
3 627 162 227
3 573 208 162
3 578 227 208
3 162 208 227
3 602 150 397
3 509 72 150
3 573 397 72
3 150 72 397
3 578 208 79
3 573 72 208
3 509 79 72
3 208 72 79
3 616 131 344
3 507 416 131
3 522 344 416
3 131 416 344
3 602 397 10
3 573 55 397
3 507 10 55
3 397 55 10
3 627 0 162
3 522 175 0
3 573 162 175
3 0 175 162
3 507 55 416
3 573 175 55
3 522 416 175
3 55 175 416
3 635 205 118
3 524 158 205
3 574 118 158
3 205 158 118
3 609 4 314
3 588 93 4
3 524 314 93
3 4 93 314
3 628 477 233
3 574 478 477
3 588 233 478
3 477 478 233
3 524 93 158
3 588 478 93
3 574 158 478
3 93 478 158
3 634 138 279
3 579 172 138
3 521 279 172
3 138 172 279
3 627 451 22
3 587 23 451
3 579 22 23
3 451 23 22
3 609 405 211
3 521 165 405
3 587 211 165
3 405 165 211
3 579 23 172
3 587 165 23
3 521 172 165
3 23 165 172
3 633 444 334
3 572 201 444
3 578 334 201
3 444 201 334
3 628 268 311
3 519 381 268
3 572 311 381
3 268 381 311
3 627 227 267
3 578 385 227
3 519 267 385
3 227 385 267
3 572 381 201
3 519 385 381
3 578 201 385
3 381 385 201
3 609 211 4
3 587 454 211
3 588 4 454
3 211 454 4
3 627 267 451
3 519 269 267
3 587 451 269
3 267 269 451
3 628 233 268
3 588 271 233
3 519 268 271
3 233 271 268
3 587 269 454
3 519 271 269
3 588 454 271
3 269 271 454
3 641 181 155
3 482 91 181
3 501 155 91
3 181 91 155
3 608 31 186
3 483 59 31
3 482 186 59
3 31 59 186
3 629 390 260
3 501 108 390
3 483 260 108
3 390 108 260
3 482 59 91
3 483 108 59
3 501 91 108
3 59 108 91
3 635 118 164
3 574 7 118
3 539 164 7
3 118 7 164
3 628 125 477
3 481 15 125
3 574 477 15
3 125 15 477
3 608 280 346
3 539 19 280
3 481 346 19
3 280 19 346
3 574 15 7
3 481 19 15
3 539 7 19
3 15 19 7
3 633 265 444
3 557 126 265
3 572 444 126
3 265 126 444
3 629 277 154
3 511 105 277
3 557 154 105
3 277 105 154
3 628 311 276
3 572 317 311
3 511 276 317
3 311 317 276
3 557 105 126
3 511 317 105
3 572 126 317
3 105 317 126
3 608 346 31
3 481 256 346
3 483 31 256
3 346 256 31
3 628 276 125
3 511 243 276
3 481 125 243
3 276 243 125
3 629 260 277
3 483 216 260
3 511 277 216
3 260 216 277
3 481 243 256
3 511 216 243
3 483 256 216
3 243 216 256
3 632 215 303
3 593 304 215
3 514 303 304
3 215 304 303
3 626 88 110
3 576 203 88
3 593 110 203
3 88 203 110
3 612 84 440
3 514 307 84
3 576 440 307
3 84 307 440
3 593 203 304
3 576 307 203
3 514 304 307
3 203 307 304
3 641 155 247
3 501 382 155
3 527 247 382
3 155 382 247
3 629 209 390
3 530 35 209
3 501 390 35
3 209 35 390
3 626 24 207
3 527 191 24
3 530 207 191
3 24 191 207
3 501 35 382
3 530 191 35
3 527 382 191
3 35 191 382
3 633 244 265
3 517 130 244
3 557 265 130
3 244 130 265
3 612 273 16
3 577 355 273
3 517 16 355
3 273 355 16
3 629 154 400
3 557 127 154
3 577 400 127
3 154 127 400
3 517 355 130
3 577 127 355
3 557 130 127
3 355 127 130
3 626 207 88
3 530 471 207
3 576 88 471
3 207 471 88
3 629 400 209
3 577 472 400
3 530 209 472
3 400 472 209
3 612 440 273
3 576 250 440
3 577 273 250
3 440 250 273
3 530 472 471
3 577 250 472
3 576 471 250
3 472 250 471
3 641 247 249
3 527 190 247
3 571 249 190
3 247 190 249
3 626 134 24
3 569 78 134
3 527 24 78
3 134 78 24
3 613 368 12
3 571 408 368
3 569 12 408
3 368 408 12
3 527 78 190
3 569 408 78
3 571 190 408
3 78 408 190
3 632 387 215
3 563 389 387
3 593 215 389
3 387 389 215
3 617 196 157
3 504 425 196
3 563 157 425
3 196 425 157
3 626 110 300
3 593 437 110
3 504 300 437
3 110 437 300
3 563 425 389
3 504 437 425
3 593 389 437
3 425 437 389
3 636 193 156
3 508 426 193
3 567 156 426
3 193 426 156
3 613 324 432
3 506 161 324
3 508 432 161
3 324 161 432
3 617 388 327
3 567 398 388
3 506 327 398
3 388 398 327
3 508 161 426
3 506 398 161
3 567 426 398
3 161 398 426
3 626 300 134
3 504 427 300
3 569 134 427
3 300 427 134
3 617 327 196
3 506 180 327
3 504 196 180
3 327 180 196
3 613 12 324
3 569 402 12
3 506 324 402
3 12 402 324
3 504 180 427
3 506 402 180
3 569 427 402
3 180 402 427
3 640 197 252
3 562 323 197
3 487 252 323
3 197 323 252
3 625 342 439
3 485 360 342
3 562 439 360
3 342 360 439
3 611 369 228
3 487 421 369
3 485 228 421
3 369 421 228
3 562 360 323
3 485 421 360
3 487 323 421
3 360 421 323
3 641 249 133
3 571 409 249
3 565 133 409
3 249 409 133
3 613 83 368
3 566 422 83
3 571 368 422
3 83 422 368
3 625 361 198
3 565 282 361
3 566 198 282
3 361 282 198
3 571 422 409
3 566 282 422
3 565 409 282
3 422 282 409
3 636 375 193
3 547 182 375
3 508 193 182
3 375 182 193
3 611 28 143
3 533 101 28
3 547 143 101
3 28 101 143
3 613 432 30
3 508 61 432
3 533 30 61
3 432 61 30
3 547 101 182
3 533 61 101
3 508 182 61
3 101 61 182
3 625 198 342
3 566 362 198
3 485 342 362
3 198 362 342
3 613 30 83
3 533 318 30
3 566 83 318
3 30 318 83
3 611 228 28
3 485 14 228
3 533 28 14
3 228 14 28
3 566 318 362
3 533 14 318
3 485 362 14
3 318 14 362
3 631 104 185
3 558 462 104
3 589 185 462
3 104 462 185
3 610 431 320
3 581 456 431
3 558 320 456
3 431 456 320
3 605 291 295
3 589 75 291
3 581 295 75
3 291 75 295
3 558 456 462
3 581 75 456
3 589 462 75
3 456 75 462
3 640 252 236
3 487 109 252
3 503 236 109
3 252 109 236
3 611 449 369
3 548 112 449
3 487 369 112
3 449 112 369
3 610 357 448
3 503 173 357
3 548 448 173
3 357 173 448
3 487 112 109
3 548 173 112
3 503 109 173
3 112 173 109
3 636 417 375
3 597 378 417
3 547 375 378
3 417 378 375
3 605 455 56
3 583 322 455
3 597 56 322
3 455 322 56
3 611 143 99
3 547 261 143
3 583 99 261
3 143 261 99
3 597 322 378
3 583 261 322
3 547 378 261
3 322 261 378
3 610 448 431
3 548 97 448
3 581 431 97
3 448 97 431
3 611 99 449
3 583 98 99
3 548 449 98
3 99 98 449
3 605 295 455
3 581 69 295
3 583 455 69
3 295 69 455
3 548 98 97
3 583 69 98
3 581 97 69
3 98 69 97
3 637 435 285
3 556 457 435
3 493 285 457
3 435 457 285
3 607 332 77
3 564 466 332
3 556 77 466
3 332 466 77
3 604 418 329
3 493 103 418
3 564 329 103
3 418 103 329
3 556 466 457
3 564 103 466
3 493 457 103
3 466 103 457
3 631 185 53
3 589 415 185
3 549 53 415
3 185 415 53
3 605 377 291
3 586 149 377
3 589 291 149
3 377 149 291
3 607 167 379
3 549 413 167
3 586 379 413
3 167 413 379
3 589 149 415
3 586 413 149
3 549 415 413
3 149 413 415
3 636 396 417
3 488 401 396
3 597 417 401
3 396 401 417
3 604 116 48
3 560 343 116
3 488 48 343
3 116 343 48
3 605 56 117
3 597 474 56
3 560 117 474
3 56 474 117
3 488 343 401
3 560 474 343
3 597 401 474
3 343 474 401
3 607 379 332
3 586 115 379
3 564 332 115
3 379 115 332
3 605 117 377
3 560 341 117
3 586 377 341
3 117 341 377
3 604 329 116
3 564 270 329
3 560 116 270
3 329 270 116
3 586 341 115
3 560 270 341
3 564 115 270
3 341 270 115
3 632 245 387
3 561 281 245
3 563 387 281
3 245 281 387
3 620 80 136
3 500 366 80
3 561 136 366
3 80 366 136
3 617 157 438
3 563 367 157
3 500 438 367
3 157 367 438
3 561 366 281
3 500 367 366
3 563 281 367
3 366 367 281
3 637 285 465
3 493 106 285
3 568 465 106
3 285 106 465
3 604 63 418
3 532 210 63
3 493 418 210
3 63 210 418
3 620 325 289
3 568 306 325
3 532 289 306
3 325 306 289
3 493 210 106
3 532 306 210
3 568 106 306
3 210 306 106
3 636 156 396
3 567 347 156
3 488 396 347
3 156 347 396
3 617 206 388
3 480 345 206
3 567 388 345
3 206 345 388
3 604 48 95
3 488 460 48
3 480 95 460
3 48 460 95
3 567 345 347
3 480 460 345
3 488 347 460
3 345 460 347
3 620 289 80
3 532 21 289
3 500 80 21
3 289 21 80
3 604 95 63
3 480 479 95
3 532 63 479
3 95 479 63
3 617 438 206
3 500 121 438
3 480 206 121
3 438 121 206
3 532 479 21
3 480 121 479
3 500 21 121
3 479 121 21
3 641 133 181
3 565 313 133
3 482 181 313
3 133 313 181
3 625 128 361
3 598 18 128
3 565 361 18
3 128 18 361
3 608 186 354
3 482 64 186
3 598 354 64
3 186 64 354
3 565 18 313
3 598 64 18
3 482 313 64
3 18 64 313
3 640 194 197
3 518 251 194
3 562 197 251
3 194 251 197
3 606 114 199
3 516 119 114
3 518 199 119
3 114 119 199
3 625 439 330
3 562 221 439
3 516 330 221
3 439 221 330
3 518 119 251
3 516 221 119
3 562 251 221
3 119 221 251
3 635 164 349
3 539 51 164
3 580 349 51
3 164 51 349
3 608 264 280
3 499 240 264
3 539 280 240
3 264 240 280
3 606 9 263
3 580 32 9
3 499 263 32
3 9 32 263
3 539 240 51
3 499 32 240
3 580 51 32
3 240 32 51
3 625 330 128
3 516 468 330
3 598 128 468
3 330 468 128
3 606 263 114
3 499 11 263
3 516 114 11
3 263 11 114
3 608 354 264
3 598 146 354
3 499 264 146
3 354 146 264
3 516 11 468
3 499 146 11
3 598 468 146
3 11 146 468
3 639 315 132
3 538 222 315
3 555 132 222
3 315 222 132
3 601 423 446
3 526 178 423
3 538 446 178
3 423 178 446
3 618 359 60
3 555 424 359
3 526 60 424
3 359 424 60
3 538 178 222
3 526 424 178
3 555 222 424
3 178 424 222
3 638 153 184
3 596 183 153
3 536 184 183
3 153 183 184
3 616 278 384
3 525 50 278
3 596 384 50
3 278 50 384
3 601 288 160
3 536 170 288
3 525 160 170
3 288 170 160
3 596 50 183
3 525 170 50
3 536 183 170
3 50 170 183
3 634 420 238
3 551 419 420
3 590 238 419
3 420 419 238
3 618 189 174
3 585 287 189
3 551 174 287
3 189 287 174
3 616 13 188
3 590 428 13
3 585 188 428
3 13 428 188
3 551 287 419
3 585 428 287
3 590 419 428
3 287 428 419
3 601 160 423
3 525 57 160
3 526 423 57
3 160 57 423
3 616 188 278
3 585 403 188
3 525 278 403
3 188 403 278
3 618 60 189
3 526 176 60
3 585 189 176
3 60 176 189
3 525 403 57
3 585 176 403
3 526 57 176
3 403 176 57
3 637 465 407
3 568 352 465
3 535 407 352
3 465 352 407
3 620 434 325
3 591 463 434
3 568 325 463
3 434 463 325
3 619 166 301
3 535 404 166
3 591 301 404
3 166 404 301
3 568 463 352
3 591 404 463
3 535 352 404
3 463 404 352
3 632 445 245
3 520 46 445
3 561 245 46
3 445 46 245
3 623 219 309
3 502 393 219
3 520 309 393
3 219 393 309
3 620 136 218
3 561 392 136
3 502 218 392
3 136 392 218
3 520 393 46
3 502 392 393
3 561 46 392
3 393 392 46
3 638 29 371
3 537 148 29
3 523 371 148
3 29 148 371
3 619 81 259
3 595 27 81
3 537 259 27
3 81 27 259
3 623 253 192
3 523 370 253
3 595 192 370
3 253 370 192
3 537 27 148
3 595 370 27
3 523 148 370
3 27 370 148
3 620 218 434
3 502 326 218
3 591 434 326
3 218 326 434
3 623 192 219
3 595 328 192
3 502 219 328
3 192 328 219
3 619 301 81
3 591 82 301
3 595 81 82
3 301 82 81
3 502 328 326
3 595 82 328
3 591 326 82
3 328 82 326
3 639 214 315
3 540 113 214
3 538 315 113
3 214 113 315
3 622 266 102
3 592 212 266
3 540 102 212
3 266 212 102
3 601 446 41
3 538 312 446
3 592 41 312
3 446 312 41
3 540 212 113
3 592 312 212
3 538 113 312
3 212 312 113
3 637 407 96
3 535 469 407
3 534 96 469
3 407 469 96
3 619 239 166
3 594 406 239
3 535 166 406
3 239 406 166
3 622 447 351
3 534 94 447
3 594 351 94
3 447 94 351
3 535 406 469
3 594 94 406
3 534 469 94
3 406 94 469
3 638 184 29
3 536 26 184
3 537 29 26
3 184 26 29
3 601 391 288
3 529 169 391
3 536 288 169
3 391 169 288
3 619 259 49
3 537 171 259
3 529 49 171
3 259 171 49
3 536 169 26
3 529 171 169
3 537 26 171
3 169 171 26
3 622 351 266
3 594 386 351
3 592 266 386
3 351 386 266
3 619 49 239
3 529 275 49
3 594 239 275
3 49 275 239
3 601 41 391
3 592 274 41
3 529 391 274
3 41 274 391
3 594 275 386
3 529 274 275
3 592 386 274
3 275 274 386
3 631 53 67
3 549 54 53
3 599 67 54
3 53 54 67
3 607 187 167
3 546 395 187
3 549 167 395
3 187 395 167
3 615 296 292
3 599 68 296
3 546 292 68
3 296 68 292
3 549 395 54
3 546 68 395
3 599 54 68
3 395 68 54
3 637 96 435
3 534 224 96
3 556 435 224
3 96 224 435
3 622 321 447
3 492 204 321
3 534 447 204
3 321 204 447
3 607 77 107
3 556 443 77
3 492 107 443
3 77 443 107
3 534 204 224
3 492 443 204
3 556 224 443
3 204 443 224
3 639 297 214
3 490 335 297
3 540 214 335
3 297 335 214
3 615 410 74
3 531 223 410
3 490 74 223
3 410 223 74
3 622 102 52
3 540 65 102
3 531 52 65
3 102 65 52
3 490 223 335
3 531 65 223
3 540 335 65
3 223 65 335
3 607 107 187
3 492 308 107
3 546 187 308
3 107 308 187
3 622 52 321
3 531 202 52
3 492 321 202
3 52 202 321
3 615 292 410
3 546 66 292
3 531 410 66
3 292 66 410
3 492 202 308
3 531 66 202
3 546 308 66
3 202 66 308
