OFF
642 1280 0
-2.01924154171809e-01 1.26102463191381e-01 8.78247725302206e-01
1.15013332553417e-01 -2.41161308789419e-01 -9.44865861008737e-05
-2.38059889534058e-01 -1.03798883561781e-01 -4.54507793833573e-01
-1.70516114155750e-02 -1.59582320968985e-01 -1.54671233252577e+00
-2.63895235338380e-01 3.61214279401508e-02 -1.52124110936428e-01
-6.07785795497090e-02 -2.00679284090014e-01 -1.19901634088197e+00
9.95225031159268e-02 -2.45831894573842e-01 2.34493928105178e-01
-2.13461515330533e-01 5.23577219151871e-02 -1.10002204582235e+00
-2.06711997274856e-01 -1.68061823761053e-01 -1.47010872662680e-01
-1.65635895733072e-01 -6.08021164874646e-02 -1.45276257143578e+00
-1.00332765919437e-01 1.88922497881291e-01 1.15917151651106e+00
-1.06396361687033e-01 -2.12182688557316e-02 -1.76794762417849e+00
1.26052751204773e-01 1.21290011886298e-01 -1.46232335479985e+00
-1.65627777083307e-01 6.07575018103070e-02 1.45290895579373e+00
1.06293110118769e-01 -2.11963473485296e-02 -1.76828700195813e+00
-2.10023582531993e-01 8.94394710136061e-02 -1.00533763372824e+00
-4.16541243939525e-02 2.63916226484786e-01 -3.97344572512752e-04
-2.11827802220942e-02 -2.44191459587548e-01 -7.70002306545063e-01
-3.50535436542802e-02 6.18580545922267e-02 -1.86486261629079e+00
-1.89703860915501e-01 7.68780385349014e-02 -1.24341699800013e+00
-2.30652531066560e-01 -2.75804766576540e-02 -9.55828272848249e-01
2.44178421680558e-01 1.06388288858951e-01 1.52791807336403e-01
-2.26391927824891e-01 9.82852839098796e-02 7.41025490045610e-01
-2.44996657218544e-01 6.78447236385933e-02 5.95357989431539e-01
6.06874774042811e-02 2.00640517414881e-01 -1.19959828313675e+00
-8.18427744724566e-06 -2.57273148748764e-01 -5.22009258269430e-01
3.23908585115051e-02 9.95533843436726e-02 1.77992278045295e+00
8.94951387479068e-02 1.38893402055070e-01 1.52032746040503e+00
1.37710812994012e-01 -4.18003541654085e-02 -1.62998855456596e+00
2.75232524102676e-02 1.32066964025021e-01 1.66990470894845e+00
1.37702979984424e-01 4.17584652459152e-02 -1.63007953985925e+00
-1.26173561663729e-01 1.21250022480392e-01 -1.46195092508218e+00
-1.68072066496573e-01 -2.03736729404610e-02 -1.49664902717571e+00
-7.69258992784738e-02 -1.71731226661592e-01 1.37341780549011e+00
-8.94887024729506e-02 -1.38845939636963e-01 1.52057460029358e+00
-2.03946277112663e-02 2.06681456012080e-01 -1.21709328100521e+00
-2.25067817969622e-01 -1.37784514359469e-01 3.02622746025335e-01
-2.44175648938783e-01 -1.06378262357120e-01 1.53388972642704e-01
-2.25070915478331e-01 -1.37790164515391e-01 -3.02366978599194e-01
-1.32077920597266e-01 2.30621675715538e-01 1.99077052140304e-01
-2.44176900797771e-01 -1.06381646845884e-01 -1.53161258455766e-01
3.61780881246624e-02 -2.09876258930695e-02 1.91076808630126e+00
-2.10657079601473e-02 2.63892260878619e-01 2.61467399944164e-01
-1.70009290765318e-02 -1.59557059841929e-01 1.54687821090615e+00
-1.89683002729262e-01 -7.69787764948841e-02 -1.24325705657213e+00
-2.01900761228635e-01 -1.26149600652322e-01 -8.78174775927724e-01
1.51904321119565e-01 2.13474877263172e-01 3.79047085297886e-01
-2.03080906981260e-02 -2.06720545481887e-01 1.21682105835536e+00
2.63915166901934e-01 1.52027411411542e-05 -3.01657901911948e-01
1.03778919363295e-01 6.28333836920191e-02 1.72368603833349e+00
-6.78864980703488e-02 8.22524596285099e-02 1.77381494444047e+00
-1.93439005787921e-01 -5.30714348352111e-05 -1.33451229685416e+00
1.26146419472997e-01 -1.21295615902279e-01 1.46187543324311e+00
1.59567726496203e-01 -2.13626168686541e-01 1.23060406353708e-01
1.51943575174350e-01 -2.13434896256693e-01 3.79402467244287e-01
-1.37863479064991e-01 1.72084962306196e-01 1.09255132782287e+00
2.26352389775256e-01 -9.83104932010899e-02 -7.41483277262317e-01
-7.21013188047986e-02 1.41532870643226e-05 1.86284530711001e+00
-1.26112015191726e-01 -1.21311786286634e-01 1.46196071095464e+00
-8.95606825196745e-02 1.38789837775790e-01 -1.52062093875524e+00
-1.03764803894885e-01 -6.27876079330736e-02 1.72381804209894e+00
1.67987542959508e-01 2.03079013935588e-02 -1.49719332138288e+00
-1.60112464047930e-01 -1.00303052720755e-01 1.36791934530786e+00
2.63890163046567e-01 3.61933223401901e-02 1.51688897988573e-01
-6.79348528978779e-02 8.21770490584270e-02 -1.77390113291750e+00
8.95228899365482e-02 -1.38835687064852e-01 1.52051817299608e+00
1.37854442415851e-01 -1.72077389080795e-01 1.09267364153408e+00
1.32035038604980e-01 -2.30643338705618e-01 1.99252545801120e-01
1.38863731375563e-01 -2.09990493464828e-01 6.47948179839396e-01
1.72056991706868e-01 -1.50921552877917e-01 -9.98230453845733e-01
4.17971196708875e-02 -2.25077647702862e-01 9.97546823728690e-01
-2.12135964474394e-02 2.44204094337391e-01 7.69747702951969e-01
-1.38889323507528e-01 2.09982587386577e-01 6.47794909405723e-01
8.22429784152372e-02 -2.44983359541346e-01 4.91419699781026e-01
6.07784407021177e-02 -2.00661004624958e-01 1.19917709523907e+00
1.71718584060750e-01 -1.89672630243856e-01 -5.57299865198271e-01
-4.74113426201157e-05 2.57286354345256e-01 5.21667798469006e-01
2.26396210920359e-01 -9.82934728307579e-02 7.40899926100985e-01
7.68668526019731e-02 1.71705264498187e-01 -1.37376127899268e+00
-1.51976331305457e-01 2.13415793538558e-01 3.79277991865016e-01
2.25070058599412e-01 1.37805440621252e-01 3.02035237009445e-01
1.26123308469064e-01 1.21358351495693e-01 1.46170698983007e+00
1.50915897067696e-01 1.37880089890477e-01 1.24576045935699e+00
1.03699895000866e-01 6.27637256434412e-02 -1.72406840796147e+00
4.15411039316553e-02 2.63934037426131e-01 -4.72842930806335e-04
-1.59553799485850e-01 -2.13636439230840e-01 -1.23072375317083e-01
-1.71728255252951e-01 -1.89685500382364e-01 -5.56913830543896e-01
-1.00313391408982e-01 -1.88930238920746e-01 -1.15919328199300e+00
6.27266622223170e-02 2.38055474086287e-01 -7.51851406438071e-01
-1.26142643912928e-01 -1.21341706133366e-01 -1.46169196368130e+00
-2.57544141375151e-01 -3.50311328997798e-02 -4.48150851605095e-01
-5.24832140224735e-02 1.51879284042821e-01 -1.54561825305937e+00
-1.88901337363154e-01 -1.60128874246908e-01 7.26316249050344e-01
-2.57554232854958e-01 3.49408047409592e-02 -4.48216497539619e-01
1.68070248492510e-01 -2.02919072232103e-02 1.49671796940668e+00
2.63880548654015e-01 3.61876121673562e-02 -1.52634291048580e-01
2.13652778319944e-01 -1.69850612114147e-02 1.15514749212611e+00
1.37800311964171e-01 -1.72093747706179e-01 -1.09289652478394e+00
1.50877790732118e-01 -1.37841274018404e-01 -1.24622758201939e+00
1.60075451872156e-01 -1.00311019016605e-01 -1.36811581217571e+00
-1.72090455930521e-01 -1.50939643893825e-01 -9.97784504728771e-01
1.67991195489237e-01 -2.03389224071045e-02 -1.49714975663925e+00
9.83338031733914e-02 -1.02337826336434e-01 1.63911357128582e+00
2.57560491994705e-01 -3.49674361410528e-02 4.47918941066318e-01
1.32025284816633e-01 -2.30645060895779e-01 -1.99486745944672e-01
-1.38902004077323e-01 2.09946074097198e-01 -6.48272670286665e-01
2.45848069406911e-01 3.24298475241451e-02 7.20227308291812e-01
2.01924206530227e-01 -1.26106949395026e-01 8.78213320766333e-01
-7.70036024242647e-02 1.71677850856858e-01 -1.37353936453325e+00
5.23742540972840e-02 -1.51949759459911e-01 -1.54544885486845e+00
1.02293299699950e-01 2.26371189121642e-01 -7.12363759863306e-01
-2.30643318437542e-01 -2.75512049499318e-02 9.55989073079217e-01
8.94555379102305e-02 -1.38863924095294e-01 -1.52059080824011e+00
3.24121986689080e-02 -9.95020584160943e-02 1.78005287921228e+00
-1.03805089374357e-01 -6.28338069268587e-02 -1.72360260796381e+00
2.44195475220370e-01 -1.06344115775045e-01 1.52975027901694e-01
2.63886165804554e-01 -3.61518725087052e-02 -1.52569157924820e-01
2.38055800029297e-01 -1.03765113092427e-01 -4.55024089538967e-01
-2.30660282343647e-01 2.74789594911068e-02 -9.55883499436435e-01
-6.79151168228826e-02 -8.22682784229552e-02 -1.77371904337334e+00
-1.89686373625926e-01 7.69301705229974e-02 1.24338782299828e+00
2.44169062321710e-01 1.06381370360164e-01 -1.53825057016310e-01
-1.38835115865964e-01 -2.09998705616464e-01 6.48130112487419e-01
-1.71719332751837e-01 -1.89678225940241e-01 5.57187908769930e-01
-1.37819099880895e-01 -1.72089610038259e-01 1.09280647166281e+00
-2.01935345616934e-01 1.26060955618614e-01 -8.78425215313034e-01
-1.51983222255345e-01 2.13394266765524e-01 -3.79767941413191e-01
-8.22940635705358e-02 2.44951721818534e-01 -4.91798035424954e-01
-3.62253657829951e-02 2.09645585506346e-02 -1.91073440023613e+00
-2.09998855302470e-01 -8.95361997668893e-02 -1.00515701669351e+00
-9.95740926763338e-02 2.45803795591556e-01 -2.34889691077658e-01
-1.26142937374364e-01 1.21318348090868e-01 1.46179228577541e+00
-2.75195285143324e-02 -1.32021789536898e-01 1.67009519701244e+00
-7.08055060229238e-05 1.14965018050098e-01 -1.74636677789035e+00
1.00230345059403e-01 1.88896903053258e-01 -1.15985455875481e+00
2.02961844171196e-02 -2.06732945407897e-01 -1.21672102035797e+00
2.00652238796023e-01 1.65655728769703e-01 4.39469385414318e-01
-2.13448871643667e-01 5.24009180253524e-02 1.10004283945182e+00
-2.30651070319674e-01 2.75139273128660e-02 9.55947303825790e-01
2.09607511898709e-02 2.63901258047325e-01 2.61433541558305e-01
-5.24473524168895e-02 -1.51955230257215e-01 -1.54529067403885e+00
-1.72074515907048e-01 -1.50922419068668e-01 9.98065203502113e-01
-1.50905320907421e-01 -1.37835404233888e-01 1.24608684943303e+00
1.65564911931805e-01 -6.07730812428529e-02 -1.45325041388117e+00
2.02960058396919e-02 2.06757377641383e-01 1.21650349628102e+00
-1.32018785538348e-01 -2.30649030258072e-01 1.99471640115105e-01
-1.06401651075325e-01 2.11170551396611e-02 -1.76799446931632e+00
-4.15925440542379e-02 -2.63925943939314e-01 6.76107761349733e-05
5.24046939799571e-02 1.51974512455127e-01 1.54526713422745e+00
2.06722003060557e-01 -1.68042853216638e-01 -1.47409647667292e-01
-1.02399036270023e-01 2.26371729681273e-01 7.11557831010939e-01
-2.63883828048258e-01 -3.61986826708391e-02 1.52198787676091e-01
-6.07449687664457e-02 -2.00665042568014e-01 1.19923058861700e+00
-2.75498593854472e-02 1.32057996882212e-01 1.66991888624339e+00
-1.02415775689755e-01 2.26330358987241e-01 -7.12121281046225e-01
-1.70878333342220e-02 1.59514813505773e-01 -1.54705643238161e+00
2.30606899569555e-01 2.75352404683947e-02 -9.56473696010455e-01
2.00627454099189e-01 1.65633047537550e-01 -4.40509630154615e-01
-2.45844635502328e-01 3.23421765593457e-02 -7.20495401643104e-01
8.21935661343506e-02 2.45015272372748e-01 4.91018808747747e-01
-3.61667245974833e-02 2.10331192202397e-02 1.91075313799137e+00
1.89616121731530e-01 7.69316204575583e-02 -1.24394479239494e+00
-1.88944717528589e-01 1.60099521484691e-01 7.26063866777477e-01
-2.57541129506070e-01 -3.50177707645551e-02 4.48296326758125e-01
-2.13647021663796e-01 1.69619600392952e-02 -1.15522110891217e+00
-2.57551221517552e-01 3.49575639592202e-02 4.48238705112534e-01
1.65630304295403e-01 6.08022184857782e-02 1.45279577049310e+00
2.00680636033330e-01 -1.65607494919073e-01 4.39742580684598e-01
-6.27804762647964e-02 -2.38066974670155e-01 7.51424875157352e-01
3.49921897829255e-02 6.19427143685048e-02 1.86477569400462e+00
-3.49960735836810e-02 6.19332319762746e-02 1.86478838558635e+00
6.78775713202860e-02 8.22719267872490e-02 1.77378552154658e+00
-2.45838879653738e-01 3.23689137060003e-02 7.20535418154087e-01
7.69017231242852e-02 -1.71744995948018e-01 -1.37339851855721e+00
-1.65611676864197e-01 -6.07628500194717e-02 1.45299344985891e+00
-1.72114755696851e-01 1.50905213308798e-01 9.97837799966693e-01
-1.06355541450405e-01 -2.11629124278775e-02 1.76811117566919e+00
-2.01889567479765e-01 -1.26132080983466e-01 8.78441599706879e-01
-3.49817318933083e-02 -6.18956147359058e-02 1.86486797416087e+00
-2.10011655431665e-01 8.94829867358878e-02 1.00526524225560e+00
1.72030015372079e-01 1.50913904150065e-01 -9.98534795581611e-01
-2.76026838736141e-02 1.31978000052206e-01 -1.67020470297731e+00
1.93366362013798e-01 -1.00136972716553e-05 -1.33506420046012e+00
-3.24061877752726e-02 9.95436547783179e-02 1.77993668115418e+00
-1.03805205097909e-05 1.15045458126227e-01 1.74608909653087e+00
1.59561338267360e-01 -2.13627455723351e-01 -1.23377141237207e-01
-9.83669900925036e-02 1.02296259085534e-01 -1.63914520833531e+00
1.88934327913532e-01 -1.60110366089309e-01 7.26080239083174e-01
-1.37777411532998e-01 4.17854479472874e-02 1.62971349894647e+00
-1.37766637625853e-01 -4.17791520748620e-02 1.62976971315067e+00
5.23424503083892e-02 1.51897150380158e-01 -1.54577645788671e+00
2.02512217349654e-02 2.06689249868734e-01 -1.21714943329735e+00
1.00283059537959e-01 1.88959589400551e-01 1.15908005061817e+00
2.13583197934510e-01 1.70123472215277e-02 -1.15580087657834e+00
-2.75723558299659e-02 -1.32054034804519e-01 -1.66991584674962e+00
-8.22814387785793e-02 2.44981273742829e-01 4.91136587902505e-01
1.88866400547923e-01 1.60128140976552e-01 -7.26800912010694e-01
-4.51949643798883e-05 -1.15038556900353e-01 -1.74611290637462e+00
3.60999980918795e-02 2.09732021154802e-02 -1.91085382276019e+00
-9.83416298816929e-02 -1.02388788427486e-01 -1.63892208037305e+00
9.94740051681129e-02 2.45859127874546e-01 2.34075514139895e-01
-1.84368715675078e-01 1.93377919022664e-01 -2.05712052800173e-04
1.50941281175072e-01 -1.37817996460070e-01 1.24595944031125e+00
8.21721773190263e-02 2.44985716343013e-01 -4.91978753593723e-01
1.89698110497762e-01 -7.69164694032872e-02 1.24333838373190e+00
-2.41170311721822e-01 -4.99543283670407e-05 -8.32651404581754e-01
2.38038999608086e-01 1.03787349624004e-01 -4.55218967085766e-01
4.17103596177997e-02 2.25057331231345e-01 -9.97977451232189e-01
-1.71769886089939e-01 1.89649655179475e-01 5.56880749398146e-01
-4.18492346830987e-02 2.25040708135958e-01 -9.97869161463857e-01
2.57555000608806e-01 3.50219236471668e-02 4.47861298894739e-01
-2.63894318087707e-01 3.61271350292031e-02 1.52136480911877e-01
6.78944605981250e-02 -8.22137094423323e-02 1.77389315031071e+00
-1.50928078090492e-01 -1.37858676209068e-01 -1.24580733841751e+00
2.75517289238975e-02 -1.32018493076088e-01 1.67008102433348e+00
1.31981695914874e-01 2.30663103215106e-01 -1.99904810241156e-01
-1.37884981495787e-01 1.72027881200016e-01 -1.09288030858292e+00
-1.88911615923183e-01 -1.60140682471241e-01 -7.26039540541486e-01
1.88906393204062e-01 1.60165147330253e-01 7.25827818704106e-01
1.21291802183441e-01 2.01944993233612e-01 9.12839141869542e-01
2.11306218648081e-02 2.44212834836603e-01 7.69721972697911e-01
-3.50392056143555e-02 -6.19457677328607e-02 -1.86472408920716e+00
-3.23832010982089e-02 -9.95067583990619e-02 1.78006677498755e+00
7.69606903132290e-02 -1.71724381526220e-01 1.37336048813156e+00
2.13463978133536e-01 -5.23901883352074e-02 1.09991594000301e+00
-2.40833593169558e-05 1.84360784068275e-01 1.40026499000502e+00
-5.24384983896691e-02 1.51956639068742e-01 1.54529916471082e+00
-2.00698133531457e-01 1.65585161107772e-01 4.39764855876965e-01
1.03712213250597e-01 -6.28157826256636e-02 -1.72393015426455e+00
-1.70371563354132e-02 1.59593515292631e-01 1.54666012661500e+00
4.17493934602378e-02 2.25115171624797e-01 9.97207618222872e-01
6.19145823401495e-02 -2.57544950957421e-01 2.53327163909549e-01
4.15970731310384e-02 -2.63925230317413e-01 -7.87036363743873e-06
-2.38089302634637e-01 1.03715111950670e-01 -4.54702628111537e-01
-2.63884745547412e-01 -3.62031985876332e-02 -1.52059005246384e-01
-2.45835389703036e-01 -3.24390905259269e-02 -7.20432373101703e-01
1.69782606478183e-02 -1.59580640084787e-01 -1.54676372980495e+00
-6.19081341072751e-02 -2.57547770128960e-01 -2.53259509597928e-01
-2.13633769420564e-01 1.70028974612282e-02 1.15531804604270e+00
1.37783701090259e-01 4.18206122550255e-02 1.62963832849176e+00
-1.68077464279014e-01 2.02678335704977e-02 -1.49669258777783e+00
-9.95131004433590e-02 -2.45836646826351e-01 -2.34441931583203e-01
2.11552642484920e-02 -2.44190770611444e-01 -7.70053421615150e-01
-1.72130690955504e-01 1.50855370717447e-01 -9.98088788466643e-01
-1.15065704588194e-01 2.41136321360861e-01 -3.10639788140988e-04
1.59528852494911e-01 2.13659255003312e-01 1.22690739430197e-01
-2.03475235092446e-02 -2.06734200202245e-01 -1.21666488445651e+00
1.69434185438834e-02 1.59520708978935e-01 -1.54710783784264e+00
6.27577735756494e-02 2.38100098948964e-01 7.50973914574006e-01
2.74604916686500e-02 1.31986963558635e-01 -1.67029045276326e+00
-6.54759514627777e-05 2.57254264018854e-01 -5.22496778238265e-01
-3.24385666200854e-02 -9.95473817976446e-02 -1.77989482990472e+00
2.74889649694851e-02 -1.32050739652350e-01 -1.67000158583810e+00
6.07368621682030e-02 2.00706877156019e-01 1.19888501844025e+00
-8.95265951250219e-02 -1.38874172602932e-01 -1.52032245902916e+00
-2.09986924955794e-01 -8.95121574259522e-02 1.00539993151674e+00
-1.50964079640793e-01 1.37769817623814e-01 -1.24609397163364e+00
-1.89665514173925e-01 -7.69473476087356e-02 1.24349892439581e+00
-8.22343646040513e-02 -2.44989462429152e-01 -4.91335756412938e-01
9.83135760262046e-02 1.02399241594744e-01 1.63897608267600e+00
-1.00360294349540e-01 1.88859821011627e-01 -1.15958198259622e+00
1.89629526716306e-01 -7.69479084602019e-02 -1.24378482878820e+00
-1.02342708309513e-01 -2.26375754279926e-01 7.11915488714681e-01
-1.37798717776232e-01 -4.18265408495680e-02 -1.62956377973613e+00
-1.37809490931483e-01 4.17233139233278e-02 -1.62965475524013e+00
-1.32081966317239e-01 2.30609998691794e-01 -1.99644720270393e-01
1.03791239267287e-01 -6.27695771584648e-02 1.72376902945980e+00
-2.25106413134617e-01 1.37731171406521e-01 3.02390699944466e-01
-2.25109508926149e-01 1.37716492835505e-01 -3.02620292373867e-01
-2.44205962500355e-01 1.06313693038810e-01 1.53205790466237e-01
2.57274613396919e-01 -7.20875464020502e-02 -3.72570356784524e-04
-2.44207213931329e-01 1.06306776524729e-01 -1.53352765328504e-01
-1.60136082238614e-01 -1.00334162043775e-01 -1.36765475582058e+00
-2.10741733761100e-02 2.63875976816744e-01 -2.62291984569534e-01
7.21142464689360e-02 3.02097806405025e-05 1.86281906086997e+00
1.06370524454467e-01 2.12059608354397e-02 1.76803687666579e+00
-1.88954992495882e-01 1.60062525677118e-01 -7.26351269117298e-01
-1.21368896435432e-01 2.01848249206151e-01 -9.13423554822817e-01
-1.03780453397114e-01 6.28051965249129e-02 1.72373505431434e+00
-2.41163239273819e-01 -2.19745763892901e-05 8.32758859147496e-01
-1.65651994904405e-01 6.06991266149684e-02 -1.45289212499899e+00
1.84296501580520e-01 1.93446730731616e-01 -5.40242100498024e-04
3.49205947698864e-02 6.18675323606815e-02 -1.86497690184894e+00
-7.69675167255328e-02 1.71749537780185e-01 1.37317548919561e+00
-2.10055237693262e-02 -2.63888598736539e-01 2.61914658827254e-01
2.41181752654402e-01 3.17272514735696e-05 8.32477691227445e-01
-3.15008735221325e-05 -1.84342400328435e-01 -1.40039187117174e+00
-1.68047514567314e-01 -2.03266710512241e-02 1.49682706834378e+00
6.41887351226194e-07 4.16237331016306e-02 1.91099854911965e+00
2.38066458591986e-01 1.03807742486568e-01 4.54221229992489e-01
-1.32022831266520e-01 -2.30650752245283e-01 -1.99226707711534e-01
2.00655849979362e-01 -1.65614387927025e-01 -4.40199246795647e-01
1.21330512029760e-01 -2.01895119418276e-01 9.13147780432437e-01
2.10181016471985e-02 -2.63888237987691e-01 2.61880809495043e-01
6.28069741317140e-02 -2.38064633044806e-01 7.51347671675022e-01
1.88894333742591e-01 -1.60122178384285e-01 -7.26489122187842e-01
1.02370322951219e-01 -2.26371005979157e-01 7.11786476486099e-01
1.70346402778562e-02 -1.59555379426010e-01 1.54686785405886e+00
-9.95685092525748e-02 2.45817919417077e-01 2.34237949352407e-01
-6.19624968798900e-02 2.57539745021934e-01 2.52990210759392e-01
1.21248199992420e-01 2.01894329899393e-01 -9.13729962118693e-01
1.60128280441716e-01 1.00345858184656e-01 1.36765765885030e+00
-2.13434343532566e-01 -5.24290144475844e-02 1.10012043979876e+00
1.14966710451258e-01 2.41183527702929e-01 -5.19379534305352e-04
9.94633548937234e-02 2.45845001645122e-01 -2.35088491403712e-01
6.18613004162351e-02 2.57565947087655e-01 2.52890063695821e-01
2.44993293600693e-01 6.79122157607924e-02 5.95027026983740e-01
6.18508319936566e-02 2.57550366082044e-01 -2.53854449680458e-01
1.72110132088319e-01 -1.50904324971506e-01 9.97886654850839e-01
1.02325826282896e-01 2.26412566961769e-01 7.11428780618101e-01
-1.21298078142763e-01 -2.01903058574888e-01 9.13281652032235e-01
-2.00703799600248e-01 1.65562486526664e-01 -4.40076761919101e-01
3.50054236119600e-02 -6.18895129676934e-02 1.86485528328949e+00
-3.24615495866576e-02 9.94646461475889e-02 -1.78011535260106e+00
-2.63926944735189e-01 -4.35601593255420e-05 -3.01117018845935e-01
1.52338035260305e-05 -1.15001636225404e-01 1.74624043875805e+00
-2.00652769507617e-01 -1.65626293194884e-01 4.40037993857324e-01
-1.71778805939924e-01 1.89619490358577e-01 -5.57274909824077e-01
1.06288969172683e-01 2.11424842628352e-02 -1.76833385955494e+00
-6.28013678855337e-02 -2.38072853438840e-01 -7.51235671572890e-01
1.02337795077764e-01 -2.26377476289178e-01 -7.11923810478387e-01
1.60146515999496e-01 -1.00279902522133e-01 1.36779933792153e+00
2.09962739630275e-01 -8.95040747281796e-02 -1.00570243442839e+00
3.23443609669440e-02 -9.95426845793398e-02 -1.77999848494121e+00
1.60057217835639e-01 1.00285028214350e-01 -1.36832754412259e+00
2.26380000244910e-01 9.83530166024075e-02 7.40745316332683e-01
1.72083155000861e-01 1.50963760765679e-01 9.97659223576228e-01
2.01853013430631e-01 1.26125729273371e-01 -8.78929702100882e-01
1.37822173570251e-01 1.72134129592064e-01 1.09241846583853e+00
2.63895780244814e-01 -3.61473554777982e-02 1.51751202616711e-01
-3.62204934440408e-02 -2.10549439888945e-02 -1.91068713593142e+00
-2.03552010196336e-02 2.06749581540118e-01 1.21652111010914e+00
2.38083259600412e-01 -1.03754941805282e-01 4.54392009148428e-01
-6.07927693424646e-02 2.00683853073038e-01 1.19893852885494e+00
-1.59607930648156e-01 2.13597179455287e-01 1.22965082539601e-01
5.24364993290873e-02 -1.51923247472662e-01 1.54547484631270e+00
9.88216196164390e-06 -2.57270149579535e-01 5.22086748429787e-01
8.22215881949118e-02 -2.44986838508863e-01 -4.91516422249831e-01
-4.17967135548129e-02 -2.25088837760340e-01 -9.97415329476777e-01
2.11836814782974e-02 -2.44185255872986e-01 7.70104147081840e-01
2.03409703473360e-02 -2.06719290857170e-01 1.21680343963961e+00
2.44186115164019e-01 -1.06347502865021e-01 -1.53633515706058e-01
3.61044821669951e-02 -2.10474856822192e-02 -1.91080655802754e+00
2.57532473185840e-01 -3.49808042868707e-02 -4.48708173573442e-01
-1.60138902601144e-01 1.00297693848371e-01 1.36777767917362e+00
2.44956887725807e-01 6.78878256943858e-02 -5.95958051492250e-01
-1.60162516483013e-01 1.00236878740554e-01 -1.36786645179269e+00
2.45803946595633e-01 3.24030994650211e-02 -7.21079499663761e-01
-5.24026332809886e-02 -1.51928719707764e-01 1.54550686606327e+00
-2.13642303179651e-01 -1.70665044720280e-02 -1.15518613216373e+00
-6.19010679029522e-02 -2.57546320844214e-01 2.53427280919301e-01
1.37791535493779e-01 -4.17529555595630e-02 1.62969455406775e+00
2.13455162378245e-01 5.24571507671244e-02 1.09983830717473e+00
-9.95075153262334e-02 -2.45835006274292e-01 2.34656316978035e-01
-1.03820736275054e-01 6.27355488931600e-02 -1.72374084615468e+00
-6.19695622726994e-02 2.57524165681181e-01 -2.53729872838656e-01
-2.06710197357738e-01 -1.68059558050488e-01 1.47279116506380e-01
6.07290497321336e-02 -2.00675247185298e-01 -1.19918333238598e+00
-8.95227970287631e-02 1.38863791897910e-01 1.52038389658106e+00
-9.83023497874425e-02 -1.02351879997550e-01 1.63916647945988e+00
3.49338265251515e-02 -6.19396679348990e-02 -1.86483836961015e+00
-6.54897327027845e-05 4.15508959245847e-02 -1.91108159333388e+00
7.20352346014029e-02 -3.23939215130209e-05 -1.86297933136368e+00
-2.13446987038041e-01 -5.24597425702250e-02 -1.09991500879570e+00
-2.26371835143209e-01 -9.83435704758550e-02 -7.40941871066439e-01
-2.44982108684008e-01 -6.79119566854323e-02 -5.95269969805615e-01
2.06701834843914e-01 1.68080536664601e-01 1.46637910939645e-01
2.06693448366005e-01 1.68072910611407e-01 -1.47712045763378e-01
9.82394070895770e-02 1.02325981879783e-01 -1.63944907095393e+00
9.82596309029623e-02 -1.02374740480857e-01 -1.63922591910442e+00
7.69258151189464e-02 1.71776960595801e-01 1.37311816189230e+00
1.69997935675193e-02 1.59599413573825e-01 1.54664977107546e+00
-2.11578977932161e-02 -2.44185944488339e-01 7.70129861439013e-01
-8.22217380086199e-02 -2.44985984196620e-01 4.91537432965268e-01
-1.15004917081998e-01 -2.41165321907272e-01 1.14183163066314e-04
2.13586057350961e-01 -1.70217744434204e-02 -1.15576589529712e+00
-2.38055875290081e-01 -1.03788716236962e-01 4.54739702547374e-01
2.25074975974903e-01 -1.37764201126733e-01 -3.02828423439728e-01
2.13400471464833e-01 -5.24209276866339e-02 -1.10048509548696e+00
2.25092821219892e-01 -1.37758548137307e-01 3.02267318748187e-01
-2.57262610766239e-01 -7.21303862777607e-02 9.42721406809045e-05
-2.06758285542374e-01 1.67999823030243e-01 -1.47313209715644e-01
-7.25473523803597e-05 1.84285770671019e-01 -1.40078251069314e+00
-6.28373119308106e-02 2.38074474027031e-01 7.51051136652167e-01
-9.83277144170638e-02 1.02369507448663e-01 1.63902899847790e+00
-2.06756486514421e-01 1.68007446517715e-01 1.46989405636089e-01
1.06374663835418e-01 -2.11409826028062e-02 1.76806461758862e+00
1.59522465037406e-01 2.13652259134287e-01 -1.23760239022347e-01
2.26336178976715e-01 9.83202159957478e-02 -7.41675107234760e-01
1.51884943170508e-01 2.13453345884381e-01 -3.80088516768064e-01
-6.08263761838296e-02 2.00617498504019e-01 -1.19943128115423e+00
3.61736009698990e-02 2.10417659558846e-02 1.91074132204689e+00
1.71714300023408e-01 1.89713265646363e-01 5.56643515998878e-01
1.38824409186714e-01 2.10036213678231e-01 6.47612924147425e-01
-1.37840608308717e-01 -1.72105964482787e-01 -1.09252917648443e+00
1.71748223052733e-01 -1.89665354974698e-01 5.56950719356152e-01
2.41131179451572e-01 3.73628420158001e-06 -8.33245471489982e-01
-1.21349294233645e-01 2.01898903509722e-01 9.12973045755887e-01
2.09947608417876e-01 8.95008466462229e-02 -1.00588309668053e+00
-7.69619918792740e-02 -1.71751839034134e-01 -1.37317663372569e+00
-6.28581995354755e-02 2.38029853275560e-01 -7.51700718311839e-01
2.45809127532234e-01 -3.23905510128905e-02 -7.21016459594844e-01
1.50852408018066e-01 1.37819610892319e-01 -1.24651426656109e+00
-1.06360832657300e-01 2.11805206422007e-02 1.76808343366167e+00
1.89684703242118e-01 7.69837680645478e-02 1.24322724917042e+00
-2.63925130096540e-01 -3.34411013591010e-05 3.01200464320039e-01
1.68066594709338e-01 2.03615004217410e-02 1.49668992758838e+00
2.13649918411188e-01 1.70532987779747e-02 1.15512251407843e+00
8.94277878808508e-02 1.38819436433434e-01 -1.52088932791924e+00
3.23230230872289e-02 9.94743718525097e-02 -1.78021901644934e+00
1.00320293374308e-01 -1.88907418830076e-01 1.15935694335852e+00
-2.45829633532674e-01 -3.24174080278255e-02 7.20586506150120e-01
-1.00285860357141e-01 -1.88914997968095e-01 1.15944837775207e+00
2.06730388902204e-01 -1.68040587896298e-01 1.46927672529259e-01
-1.51920524108928e-01 -2.13443475588645e-01 3.79633314501747e-01
1.84330473098073e-01 -1.93414372839301e-01 -1.99479733008770e-04
-1.50941327381930e-01 1.37830282119918e-01 1.24588789350530e+00
2.30611408271492e-01 -2.75340620102592e-02 -9.56418479258675e-01
2.63934200999670e-01 2.53254195837976e-05 3.00783486179578e-01
-1.93420780582834e-01 -8.22771155070879e-06 1.33465084250967e+00
-2.13629051676617e-01 -1.70298047712264e-02 1.15534300488746e+00
6.78200387691492e-02 -8.22575186333212e-02 -1.77393592866532e+00
6.78031522738973e-02 8.21965073085905e-02 -1.77411803526562e+00
-3.61618520089892e-02 -2.09950878029744e-02 1.91077990206625e+00
-6.78667615873213e-02 -8.22244741801628e-02 1.77392256295462e+00
1.71684660352235e-01 1.89683093405506e-01 -5.57661015955686e-01
2.13391656657975e-01 5.24139387634641e-02 -1.10059215991645e+00
1.37768044237143e-01 1.72077034222049e-01 -1.09324773025052e+00
-1.68052913935689e-01 2.03214179545683e-02 1.49679902555428e+00
-1.02359450933251e-01 -2.26382224091932e-01 -7.11681387075988e-01
-4.17667057541169e-02 -2.25079630226277e-01 9.97590158387844e-01
1.21286907949996e-01 -2.01905840413726e-01 -9.13327186165865e-01
1.65553952031048e-01 6.07438283423490e-02 -1.45337999276812e+00
6.27758575743860e-02 -2.38070512149393e-01 -7.51386344819731e-01
2.01902621861763e-01 1.26167250722903e-01 8.78019394447909e-01
2.30668372279954e-01 -2.75047789450226e-02 9.55742204598932e-01
2.10084423702466e-02 -2.63889554949416e-01 -2.61851866939532e-01
1.38792236258957e-01 2.09999691231212e-01 -6.48594699891806e-01
2.25052214019756e-01 1.37790757076979e-01 -3.03081795045316e-01
-5.62277943752867e-05 -4.16329108855903e-02 -1.91098802384865e+00
2.09510921476772e-02 2.63884973219883e-01 -2.62334414562013e-01
-1.84316546117905e-01 -1.93427645831600e-01 1.34990063805963e-04
-2.00658437729066e-01 -1.65633182593119e-01 -4.39766439979555e-01
2.10020402202595e-01 -8.94800248052129e-02 1.00518325594579e+00
-1.59610072135315e-01 2.13590184321071e-01 -1.23455422644150e-01
1.31991448791846e-01 2.30674782399277e-01 1.98857898088132e-01
9.90535328636143e-06 -4.15773097228703e-02 1.91105153142919e+00
1.65641264872529e-01 -6.07338052282869e-02 1.45288028261931e+00
1.00267575563628e-01 -1.88922661308672e-01 -1.15946582266189e+00
1.26075856867926e-01 -1.21325542103733e-01 -1.46206436728016e+00
-1.59551658886549e-01 -2.13635152668656e-01 1.23334681256977e-01
-2.38085290557554e-01 1.03735495954103e-01 4.54568957897356e-01
-2.10139911327816e-02 -2.63889915666235e-01 -2.61809460834412e-01
6.19041118032131e-02 -2.57546400268554e-01 -2.53384063897537e-01
-2.57283401793725e-01 7.20561921930697e-02 -3.27311637670189e-05
2.01874596000452e-01 -1.26124475211322e-01 -8.78679216956342e-01
1.38831556638585e-01 -2.09997533511993e-01 -6.48189993065386e-01
2.45853251251354e-01 -3.23688598145203e-02 7.20278408938319e-01
9.95118508966750e-02 -2.45833535907280e-01 -2.34640684294461e-01
-1.21317685034106e-01 -2.01913777041076e-01 -9.13020834772404e-01
2.57526981639922e-01 3.50051572518577e-02 -4.48773841698690e-01
-2.26364354245147e-01 -9.83265571253858e-02 7.41180042894572e-01
1.51924195340195e-01 -2.13438877578188e-01 -3.79691819789864e-01
2.10005270458175e-01 8.95443784921088e-02 1.00504854269746e+00
-2.44977298482770e-01 -6.78963271481949e-02 5.95467202536506e-01
2.30663861552638e-01 2.75702210188590e-02 9.55700422455148e-01
2.45004163402663e-01 -6.78547173394621e-02 5.95136285286440e-01
4.17580799997551e-02 -2.25086857068670e-01 -9.97523599042038e-01
-7.21512413206653e-02 -4.84438472152471e-05 -1.86274393297068e+00
1.93440519658435e-01 3.48442027806939e-05 1.33450082333561e+00
-1.51927417003162e-01 -2.13447454586032e-01 -3.79371309271103e-01
2.11022064672990e-02 2.44166588717423e-01 -7.70531621580506e-01
-2.12384799334395e-02 2.44157849591729e-01 -7.70480506686683e-01
1.69657829500204e-05 -1.84323286088417e-01 1.40052378972037e+00
2.44967756387981e-01 -6.78703533706630e-02 -5.95828151072362e-01
-1.38847800806635e-01 -2.10005742690139e-01 -6.47868047587446e-01
-4.18192321810570e-02 2.25098544700340e-01 9.97250975183240e-01
-2.26399407620314e-01 9.82524946739890e-02 -7.41133645797012e-01
-2.45001467258347e-01 6.78203420949924e-02 -5.95399853795378e-01
2.57263293623238e-01 7.21279189049773e-02 -4.99610280484867e-04
2.54083936668801e-01 7.11001746120048e-02 -3.04885013344928e-01
-1.83060692433520e-01 1.14947051206330e-01 -1.13712333758416e+00
-6.20615487181651e-02 1.19029796537663e-01 -1.67271992119482e+00
-1.15066350146362e-01 1.56984121003988e-01 -1.32533415644025e+00
-1.57030279315096e-01 -1.83027439024609e-01 8.32826738164859e-01
7.10191693208546e-02 -4.20630973435032e-02 -1.83998632117351e+00
-1.83012896768220e-01 -1.15016822543788e-01 1.13715680703878e+00
6.19491805060483e-02 -1.19106372279875e-01 -1.67265252175457e+00
2.54661810521538e-01 9.40679408692885e-06 -5.85305723928386e-01
-1.98241022658621e-05 -2.28130035804897e-01 -1.00705741391919e+00
3.83357857039286e-02 -1.81077090134161e-01 1.39520777927894e+00
-2.28111077338293e-01 -1.39112112272989e-01 1.26840146667851e-04
1.83048355849450e-01 -1.14992457299303e-01 1.13698675822694e+00
2.54698184407471e-01 2.90638185031404e-05 5.84475298925440e-01
4.20441235163586e-02 -2.54100447099660e-01 5.14662179075690e-01
-8.07633466044179e-02 -2.54684364195096e-01 9.50019831023172e-05
-4.20394123702434e-02 -2.54104621841340e-01 -5.14574282635496e-01
8.07695482527058e-02 -2.54682397736313e-01 -5.15504191821854e-05
-1.19083682981853e-01 -2.31008304134795e-01 -4.48759072997840e-01
-1.39128822025080e-01 -5.23541221900699e-05 -1.65163214592648e+00
2.28104102861707e-01 1.39123529815259e-01 -5.32173857785772e-04
-3.83862118635664e-02 1.81034468903240e-01 -1.39542505431671e+00
1.57030048174195e-01 1.83068126535393e-01 8.32360031834874e-01
3.82817159591215e-02 -1.81096620268048e-01 -1.39515271489539e+00
1.56987063789775e-01 1.83023626334299e-01 -8.33297686092880e-01
-4.20832629943902e-02 2.54107671242143e-01 5.14307338448015e-01
1.82966221849273e-01 1.15004183770716e-01 -1.13761752002556e+00
-1.15036996041987e-01 1.57051188468922e-01 1.32505113811698e+00
1.92631791162838e-01 3.83073382425788e-02 -1.31161163671915e+00
-1.19132405746457e-01 2.30988403201202e-01 4.48618129992328e-01
-1.81074694898755e-01 -1.92697540999817e-01 -2.77281516394212e-01
-1.57093029353055e-01 1.82966279075505e-01 -8.32910868009958e-01
-3.83437196307695e-02 1.81108708620823e-01 1.39498116287848e+00
-2.31003945875239e-01 -6.20380844914779e-02 -8.62089676408144e-01
8.07180875848952e-02 2.54698702893916e-01 -5.00251746742168e-04
-1.83029708753262e-01 -1.15040871708346e-01 -1.13688736711706e+00
-7.11251376633259e-02 -4.20765913589400e-02 -1.83975552873947e+00
-8.08253186746965e-02 2.54664699493052e-01 -3.53659162382651e-04
-6.20331475587678e-02 -1.19114421618464e-01 -1.67245930135708e+00
-2.28150151334027e-01 1.39048020022739e-01 -1.18175171899027e-04
1.19051952580309e-01 2.31036341971164e-01 4.48443599598504e-01
-2.54683031847137e-01 -2.76467815194734e-05 5.84821382893658e-01
-1.83043884061743e-01 1.14999416386063e-01 1.13698760100778e+00
3.82972265349735e-02 1.81122641380200e-01 1.39495328256083e+00
-2.54687141056850e-01 -4.72956217286277e-05 -5.84727485919474e-01
-7.10857510038484e-02 4.20513593454166e-02 1.83986558326984e+00
-7.10756266040446e-02 -4.20231466904135e-02 1.83991988569463e+00
3.82431604932770e-02 1.81048397189206e-01 -1.39553623987977e+00
-1.15026771179454e-01 -1.57066200143408e-01 -1.32500438699235e+00
7.10884046573646e-02 4.20695185084530e-02 1.83983844265764e+00
-7.06236844396216e-05 2.28091236523780e-01 -1.00751796273784e+00
1.15032950949342e-01 -1.57032662721237e-01 1.32518465815863e+00
2.54102847589746e-01 7.11127484163657e-02 3.03903374593585e-01
1.39031135485723e-01 -2.13907036869370e-05 -1.65206340529276e+00
1.92711186383231e-01 -3.82877310735698e-02 1.31103004799283e+00
1.92704539783058e-01 3.83568398558937e-02 1.31097535725992e+00
-4.87716237544696e-06 8.07998482021620e-02 1.84403391781735e+00
6.19936477898663e-02 1.19127136513801e-01 1.67248860904846e+00
1.31108651187684e-05 -8.07544492835508e-02 1.84413817759754e+00
-1.92712376510548e-01 3.82586976494943e-02 -1.31106531344114e+00
6.20182850102535e-02 -1.19071735858355e-01 1.67264755243687e+00
-4.20239466998251e-02 -2.54101489102788e-01 5.14721600960759e-01
1.50302324070751e-05 -2.28121071694885e-01 1.00716387586486e+00
-1.19073940010400e-01 -2.31004448493849e-01 4.48998613754862e-01
-1.81070529472253e-01 -1.92694011296871e-01 2.77552604773865e-01
-1.14997411535165e-01 -1.57044207138163e-01 1.32527464875285e+00
1.57063468032473e-01 -1.83014855583666e-01 8.32643577707108e-01
1.92638436836356e-01 -3.83263668424950e-02 -1.31153131613175e+00
1.14970582314020e-01 -1.57054659680363e-01 -1.32533174844001e+00
1.81092974881491e-01 -1.92680867951733e-01 2.77263081540394e-01
-2.30995674047423e-01 -6.20148988997549e-02 8.62293320902131e-01
-1.92683950133131e-01 -3.83248931210361e-02 1.31118299660684e+00
4.20239662433780e-02 -2.54103579866955e-01 -5.14667399859368e-01
-3.83016226705577e-02 -1.81080223037538e-01 1.39523565366719e+00
-1.57044937097327e-01 -1.83038913384036e-01 -8.32549571167595e-01
-6.19864821169465e-02 -1.19079788589793e-01 1.67267930368305e+00
2.31025285163736e-01 -6.19746016063296e-02 8.62029262624182e-01
-1.19142146406772e-01 2.30962089548345e-01 -4.49192440913458e-01
1.19075041637284e-01 -2.31003208383198e-01 -4.49016746996451e-01
-3.83441198218034e-02 -1.81099752578763e-01 -1.39504154542956e+00
2.54095153349534e-01 -7.10707762716130e-02 -3.04754250575420e-01
1.81058972274467e-01 1.92721756075644e-01 2.76937241543733e-01
-5.07070625453414e-05 -8.08002751092117e-02 -1.84403290087465e+00
1.81043933386824e-01 1.92706637096503e-01 -2.78002274556553e-01
2.54114064572919e-01 -7.10628898792651e-02 3.04023080037493e-01
-6.86921735340087e-05 8.07217331022631e-02 -1.84421320805296e+00
7.10105722886542e-02 4.19993043018696e-02 -1.84008011678561e+00
2.30963719883420e-01 6.20029898767552e-02 -8.62786844856719e-01
2.31015135282458e-01 6.20377591285206e-02 8.61933688148500e-01
1.14940221636747e-01 1.57023787645917e-01 -1.32566156214809e+00
-3.57727850480594e-05 2.28149964160423e-01 1.00682066674828e+00
6.19245457425073e-02 1.19049349755343e-01 -1.67291316320196e+00
-1.81126508529634e-01 1.92639140616897e-01 -2.77634578500904e-01
-1.57078376095806e-01 1.83010767984428e-01 8.32543231076732e-01
-2.31021406903948e-01 6.19404219470492e-02 -8.62212535467511e-01
4.19902640529209e-02 2.54125349929618e-01 5.14247895931066e-01
4.19701089336702e-02 2.54093888775164e-01 -5.15148443469412e-01
-4.20987270085270e-02 2.54076212248054e-01 -5.15055306548304e-01
-1.81122344299343e-01 1.92654255829903e-01 2.77226823194288e-01
-2.31013135989429e-01 6.19751781715467e-02 8.62197777616278e-01
-1.92701958496349e-01 -3.83635165849371e-02 -1.31098500747960e+00
1.57020482611203e-01 -1.83026332866546e-01 -8.32936319185153e-01
-2.54093017411134e-01 -7.11054067624404e-02 3.04423916881054e-01
1.82986457169868e-01 -1.15016513118899e-01 -1.13738150410260e+00
-2.54095175128847e-01 -7.11132896831847e-02 -3.04232892664623e-01
-1.39096549503170e-01 3.14703004289746e-06 1.65177469761794e+00
2.28126975805192e-01 -1.39086034633485e-01 -2.87110183087216e-04
-2.54113456889748e-01 7.10421064337969e-02 3.04304241423873e-01
-2.54115613906684e-01 7.10295377535840e-02 -3.04363624142349e-01
1.81077935520542e-01 -1.92684398807386e-01 -2.77649148583209e-01
-1.92694368649921e-01 3.83081838306858e-02 1.31112832270234e+00
1.83028119073167e-01 1.15056564526301e-01 1.13681752256977e+00
7.10970030226367e-02 -4.20096471781316e-02 1.83989274739051e+00
1.19030623830861e-01 2.31010023215675e-01 -4.49450176505388e-01
1.39113189059511e-01 3.41225685088869e-05 1.65170120834567e+00
1.15002587405378e-01 1.57090867883948e-01 1.32496112611753e+00
-6.20148871043751e-02 1.19107575313144e-01 1.67252036896422e+00
2.30973868828499e-01 -6.19977961460548e-02 -8.62663960195951e-01
-7.11352605466101e-02 4.19811529188358e-02 -1.83984931651234e+00
1.19096371975215e-01 -2.30999351634295e-01 4.48824135099118e-01
-8.25505213759021e-02 -2.16156184077353e-01 9.67365021498768e-01
5.67974058913247e-06 2.33864880969589e-05 1.93461901979171e+00
-8.26032154295417e-02 2.16163995592842e-01 9.67037619108960e-01
-8.25753468945902e-02 -2.16166045082345e-01 -9.67138380931862e-01
2.67183157194252e-01 2.06258724342917e-05 -4.45096146704433e-04
2.16139954915584e-01 -1.33591321997850e-01 -5.98131997390855e-01
-1.33617585635402e-01 -8.26022619236126e-02 -1.56491781509882e+00
2.16174642418054e-01 -1.33579880080854e-01 5.97608514622895e-01
-1.33638786699597e-01 8.25034288068559e-02 -1.56509623736792e+00
-2.67183162178687e-01 -3.88639062423184e-05 3.97545666369911e-05
8.25397185248129e-02 -2.16161559271760e-01 -9.67350378565118e-01
1.33540109874808e-01 -8.25811117459929e-02 -1.56532301097498e+00
-5.75500835267725e-05 2.67183152016410e-01 -4.37988237367357e-04
1.33524541614843e-01 8.25417577812934e-02 -1.56550145707484e+00
1.95032194373732e-06 -2.67183165016309e-01 3.27153492440092e-05
8.25818467498179e-02 -2.16151696973232e-01 9.67277406032641e-01
-1.33607270354991e-01 8.25700126345814e-02 1.56505321398061e+00
2.16117579340310e-01 1.33605674929532e-01 -5.98387761077802e-01
-1.33586066240523e-01 -8.25636643591585e-02 1.56516566766197e+00
1.33601352802560e-01 8.26083553400642e-02 1.56497361341877e+00
2.16152265795904e-01 1.33634420457989e-01 5.97393535651495e-01
-2.16143413299482e-01 -1.33605522979179e-01 5.97900129207522e-01
1.33616923355795e-01 -8.25425064862313e-02 1.56508607862175e+00
8.25382650584427e-02 2.16196280989191e-01 9.66949976694665e-01
-2.16150109342771e-01 -1.33616960231047e-01 -5.97639156579474e-01
-6.12685632173410e-05 -4.16252218459696e-05 -1.93461895329645e+00
8.24961407997991e-02 2.16141124665660e-01 -9.67784570545062e-01
-2.16180535274901e-01 1.33563798654035e-01 5.97685197822925e-01
-2.16187228951258e-01 1.33535062865599e-01 -5.97894863785828e-01
-8.26280368093227e-02 2.16108846212629e-01 -9.67572539640037e-01
-1.40457231028277e-01 -2.27285304509775e-01 1.25020260740371e-04
1.40467617883261e-01 -2.27278885286252e-01 -1.29848873166635e-04
1.40425153767402e-01 2.27305113269286e-01 -5.30280912139886e-04
-1.40515992954403e-01 2.27248977930119e-01 -2.75350704765747e-04
-2.27282170539595e-01 -1.73339550667113e-05 1.01705899954547e+00
-2.27292337306796e-01 -5.15063529686424e-05 -1.01693981196683e+00
2.27241769376958e-01 -9.07841366305003e-07 -1.01753220885285e+00
2.27302005607408e-01 3.32773615594451e-05 1.01682654765281e+00
-1.49581405571034e-05 1.40500068384002e-01 1.64553500208207e+00
1.63252144972304e-05 -1.40457963402344e-01 1.64572344685983e+00
-4.06264640904819e-05 -1.40488235168645e-01 -1.64558794809194e+00
-7.19058002338652e-05 1.40419733291594e-01 -1.64589440419847e+00
3 631 67 1
3 599 6 67
3 497 1 6
3 67 6 1
3 615 294 296
3 494 73 294
3 599 296 73
3 294 73 296
3 614 232 293
3 497 231 232
3 494 293 231
3 232 231 293
3 599 73 6
3 494 231 73
3 497 6 231
3 73 231 6
3 639 43 297
3 553 473 43
3 490 297 473
3 43 473 297
3 600 430 152
3 542 47 430
3 553 152 47
3 430 47 152
3 615 74 70
3 490 340 74
3 542 70 340
3 74 340 70
3 553 47 473
3 542 340 47
3 490 473 340
3 47 340 473
3 630 374 145
3 495 353 374
3 543 145 353
3 374 353 145
3 614 284 147
3 541 350 284
3 495 147 350
3 284 350 147
3 600 262 168
3 543 373 262
3 541 168 373
3 262 373 168
3 495 350 353
3 541 373 350
3 543 353 373
3 350 373 353
3 615 70 294
3 542 339 70
3 494 294 339
3 70 339 294
3 600 168 430
3 541 372 168
3 542 430 372
3 168 372 430
3 614 293 284
3 494 336 293
3 541 284 336
3 293 336 284
3 542 372 339
3 541 336 372
3 494 339 336
3 372 336 339
3 640 236 3
3 503 286 236
3 559 3 286
3 236 286 3
3 610 467 357
3 489 135 467
3 503 357 135
3 467 135 357
3 603 5 338
3 559 246 5
3 489 338 246
3 5 246 338
3 503 135 286
3 489 246 135
3 559 286 246
3 135 246 286
3 631 1 104
3 497 458 1
3 558 104 458
3 1 458 104
3 614 436 232
3 552 453 436
3 497 232 453
3 436 453 232
3 610 320 433
3 558 337 320
3 552 433 337
3 320 337 433
3 497 453 458
3 552 337 453
3 558 458 337
3 453 337 458
3 630 290 374
3 498 241 290
3 495 374 241
3 290 241 374
3 603 319 429
3 496 258 319
3 498 429 258
3 319 258 429
3 614 147 452
3 495 237 147
3 496 452 237
3 147 237 452
3 498 258 241
3 496 237 258
3 495 241 237
3 258 237 241
3 610 433 467
3 552 242 433
3 489 467 242
3 433 242 467
3 614 452 436
3 496 25 452
3 552 436 25
3 452 25 436
3 603 338 319
3 489 17 338
3 496 319 17
3 338 17 319
3 552 25 242
3 496 17 25
3 489 242 17
3 25 17 242
3 635 349 20
3 580 363 349
3 513 20 363
3 349 363 20
3 606 272 9
3 515 44 272
3 580 9 44
3 272 44 9
3 624 364 45
3 513 129 364
3 515 45 129
3 364 129 45
3 580 44 363
3 515 129 44
3 513 363 129
3 44 129 363
3 640 3 194
3 559 140 3
3 518 194 140
3 3 140 194
3 603 87 5
3 528 399 87
3 559 5 399
3 87 399 5
3 606 199 89
3 518 254 199
3 528 89 254
3 199 254 89
3 559 399 140
3 528 254 399
3 518 140 254
3 399 254 140
3 630 85 290
3 510 470 85
3 498 290 470
3 85 470 290
3 624 217 442
3 554 86 217
3 510 442 86
3 217 86 442
3 603 429 459
3 498 475 429
3 554 459 475
3 429 475 459
3 510 86 470
3 554 475 86
3 498 470 475
3 86 475 470
3 606 89 272
3 528 213 89
3 515 272 213
3 89 213 272
3 603 459 87
3 554 394 459
3 528 87 394
3 459 394 87
3 624 45 217
3 515 100 45
3 554 217 100
3 45 100 217
3 528 394 213
3 554 100 394
3 515 213 100
3 394 100 213
3 634 279 111
3 521 411 279
3 550 111 411
3 279 411 111
3 609 151 405
3 582 163 151
3 521 405 163
3 151 163 405
3 621 461 376
3 550 464 461
3 582 376 464
3 461 464 376
3 521 163 411
3 582 464 163
3 550 411 464
3 163 464 411
3 635 20 205
3 513 235 20
3 524 205 235
3 20 235 205
3 624 2 364
3 584 365 2
3 513 364 365
3 2 365 364
3 609 314 234
3 524 90 314
3 584 234 90
3 314 90 234
3 513 365 235
3 584 90 365
3 524 235 90
3 365 90 235
3 630 450 85
3 544 441 450
3 510 85 441
3 450 441 85
3 621 36 316
3 491 356 36
3 544 316 356
3 36 356 316
3 624 442 38
3 510 8 442
3 491 38 8
3 442 8 38
3 544 356 441
3 491 8 356
3 510 441 8
3 356 8 441
3 609 234 151
3 584 380 234
3 582 151 380
3 234 380 151
3 624 38 2
3 491 40 38
3 584 2 40
3 38 40 2
3 621 376 36
3 582 37 376
3 491 36 37
3 376 37 36
3 584 40 380
3 491 37 40
3 582 380 37
3 40 37 380
3 639 132 43
3 555 348 132
3 553 43 348
3 132 348 43
3 618 58 359
3 545 34 58
3 555 359 34
3 58 34 359
3 600 152 412
3 553 33 152
3 545 412 33
3 152 33 412
3 555 34 348
3 545 33 34
3 553 348 33
3 34 33 348
3 634 111 420
3 550 302 111
3 551 420 302
3 111 302 420
3 621 177 461
3 486 255 177
3 550 461 255
3 177 255 461
3 618 174 62
3 551 257 174
3 486 62 257
3 174 257 62
3 550 255 302
3 486 257 255
3 551 302 257
3 255 257 302
3 630 145 450
3 543 414 145
3 544 450 414
3 145 414 450
3 600 310 262
3 484 122 310
3 543 262 122
3 310 122 262
3 621 316 92
3 544 123 316
3 484 92 123
3 316 123 92
3 543 122 414
3 484 123 122
3 544 414 123
3 122 123 414
3 618 62 58
3 486 142 62
3 545 58 142
3 62 142 58
3 621 92 177
3 484 141 92
3 486 177 141
3 92 141 177
3 600 412 310
3 545 124 412
3 484 310 124
3 412 124 310
3 486 141 142
3 484 124 141
3 545 142 124
3 141 124 142
3 638 371 229
3 523 225 371
3 512 229 225
3 371 225 229
3 623 230 253
3 570 144 230
3 523 253 144
3 230 144 253
3 602 333 476
3 512 331 333
3 570 476 331
3 333 331 476
3 523 144 225
3 570 331 144
3 512 225 331
3 144 331 225
3 632 303 445
3 514 200 303
3 520 445 200
3 303 200 445
3 612 139 84
3 575 305 139
3 514 84 305
3 139 305 84
3 623 309 248
3 520 159 309
3 575 248 159
3 309 159 248
3 514 305 200
3 575 159 305
3 520 200 159
3 305 159 200
3 633 39 244
3 509 298 39
3 517 244 298
3 39 298 244
3 602 383 150
3 505 195 383
3 509 150 195
3 383 195 150
3 612 16 42
3 517 299 16
3 505 42 299
3 16 299 42
3 509 195 298
3 505 299 195
3 517 298 299
3 195 299 298
3 623 248 230
3 575 220 248
3 570 230 220
3 248 220 230
3 612 42 139
3 505 76 42
3 575 139 76
3 42 76 139
3 602 476 383
3 570 71 476
3 505 383 71
3 476 71 383
3 575 76 220
3 505 71 76
3 570 220 71
3 76 71 220
3 634 238 138
3 590 137 238
3 579 138 137
3 238 137 138
3 616 344 13
3 522 120 344
3 590 13 120
3 344 120 13
3 627 22 0
3 579 179 22
3 522 0 179
3 22 179 0
3 590 120 137
3 522 179 120
3 579 137 179
3 120 179 137
3 638 229 153
3 512 226 229
3 596 153 226
3 229 226 153
3 602 10 333
3 507 283 10
3 512 333 283
3 10 283 333
3 616 384 131
3 596 358 384
3 507 131 358
3 384 358 131
3 512 283 226
3 507 358 283
3 596 226 358
3 283 358 226
3 633 334 39
3 578 79 334
3 509 39 79
3 334 79 39
3 627 162 227
3 573 208 162
3 578 227 208
3 162 208 227
3 602 150 397
3 509 72 150
3 573 397 72
3 150 72 397
3 578 208 79
3 573 72 208
3 509 79 72
3 208 72 79
3 616 131 344
3 507 416 131
3 522 344 416
3 131 416 344
3 602 397 10
3 573 55 397
3 507 10 55
3 397 55 10
3 627 0 162
3 522 175 0
3 573 162 175
3 0 175 162
3 507 55 416
3 573 175 55
3 522 416 175
3 55 175 416
3 635 205 118
3 524 158 205
3 574 118 158
3 205 158 118
3 609 4 314
3 588 93 4
3 524 314 93
3 4 93 314
3 628 477 233
3 574 478 477
3 588 233 478
3 477 478 233
3 524 93 158
3 588 478 93
3 574 158 478
3 93 478 158
3 634 138 279
3 579 172 138
3 521 279 172
3 138 172 279
3 627 451 22
3 587 23 451
3 579 22 23
3 451 23 22
3 609 405 211
3 521 165 405
3 587 211 165
3 405 165 211
3 579 23 172
3 587 165 23
3 521 172 165
3 23 165 172
3 633 444 334
3 572 201 444
3 578 334 201
3 444 201 334
3 628 268 311
3 519 381 268
3 572 311 381
3 268 381 311
3 627 227 267
3 578 385 227
3 519 267 385
3 227 385 267
3 572 381 201
3 519 385 381
3 578 201 385
3 381 385 201
3 609 211 4
3 587 454 211
3 588 4 454
3 211 454 4
3 627 267 451
3 519 269 267
3 587 451 269
3 267 269 451
3 628 233 268
3 588 271 233
3 519 268 271
3 233 271 268
3 587 269 454
3 519 271 269
3 588 454 271
3 269 271 454
3 641 181 155
3 482 91 181
3 501 155 91
3 181 91 155
3 608 31 186
3 483 59 31
3 482 186 59
3 31 59 186
3 629 390 260
3 501 108 390
3 483 260 108
3 390 108 260
3 482 59 91
3 483 108 59
3 501 91 108
3 59 108 91
3 635 118 164
3 574 7 118
3 539 164 7
3 118 7 164
3 628 125 477
3 481 15 125
3 574 477 15
3 125 15 477
3 608 280 346
3 539 19 280
3 481 346 19
3 280 19 346
3 574 15 7
3 481 19 15
3 539 7 19
3 15 19 7
3 633 265 444
3 557 126 265
3 572 444 126
3 265 126 444
3 629 277 154
3 511 105 277
3 557 154 105
3 277 105 154
3 628 311 276
3 572 317 311
3 511 276 317
3 311 317 276
3 557 105 126
3 511 317 105
3 572 126 317
3 105 317 126
3 608 346 31
3 481 256 346
3 483 31 256
3 346 256 31
3 628 276 125
3 511 243 276
3 481 125 243
3 276 243 125
3 629 260 277
3 483 216 260
3 511 277 216
3 260 216 277
3 481 243 256
3 511 216 243
3 483 256 216
3 243 216 256
3 632 215 303
3 593 304 215
3 514 303 304
3 215 304 303
3 626 88 110
3 576 203 88
3 593 110 203
3 88 203 110
3 612 84 440
3 514 307 84
3 576 440 307
3 84 307 440
3 593 203 304
3 576 307 203
3 514 304 307
3 203 307 304
3 641 155 247
3 501 382 155
3 527 247 382
3 155 382 247
3 629 209 390
3 530 35 209
3 501 390 35
3 209 35 390
3 626 24 207
3 527 191 24
3 530 207 191
3 24 191 207
3 501 35 382
3 530 191 35
3 527 382 191
3 35 191 382
3 633 244 265
3 517 130 244
3 557 265 130
3 244 130 265
3 612 273 16
3 577 355 273
3 517 16 355
3 273 355 16
3 629 154 400
3 557 127 154
3 577 400 127
3 154 127 400
3 517 355 130
3 577 127 355
3 557 130 127
3 355 127 130
3 626 207 88
3 530 471 207
3 576 88 471
3 207 471 88
3 629 400 209
3 577 472 400
3 530 209 472
3 400 472 209
3 612 440 273
3 576 250 440
3 577 273 250
3 440 250 273
3 530 472 471
3 577 250 472
3 576 471 250
3 472 250 471
3 641 247 249
3 527 190 247
3 571 249 190
3 247 190 249
3 626 134 24
3 569 78 134
3 527 24 78
3 134 78 24
3 613 368 12
3 571 408 368
3 569 12 408
3 368 408 12
3 527 78 190
3 569 408 78
3 571 190 408
3 78 408 190
3 632 387 215
3 563 389 387
3 593 215 389
3 387 389 215
3 617 196 157
3 504 425 196
3 563 157 425
3 196 425 157
3 626 110 300
3 593 437 110
3 504 300 437
3 110 437 300
3 563 425 389
3 504 437 425
3 593 389 437
3 425 437 389
3 636 193 156
3 508 426 193
3 567 156 426
3 193 426 156
3 613 324 432
3 506 161 324
3 508 432 161
3 324 161 432
3 617 388 327
3 567 398 388
3 506 327 398
3 388 398 327
3 508 161 426
3 506 398 161
3 567 426 398
3 161 398 426
3 626 300 134
3 504 427 300
3 569 134 427
3 300 427 134
3 617 327 196
3 506 180 327
3 504 196 180
3 327 180 196
3 613 12 324
3 569 402 12
3 506 324 402
3 12 402 324
3 504 180 427
3 506 402 180
3 569 427 402
3 180 402 427
3 640 197 252
3 562 323 197
3 487 252 323
3 197 323 252
3 625 342 439
3 485 360 342
3 562 439 360
3 342 360 439
3 611 369 228
3 487 421 369
3 485 228 421
3 369 421 228
3 562 360 323
3 485 421 360
3 487 323 421
3 360 421 323
3 641 249 133
3 571 409 249
3 565 133 409
3 249 409 133
3 613 83 368
3 566 422 83
3 571 368 422
3 83 422 368
3 625 361 198
3 565 282 361
3 566 198 282
3 361 282 198
3 571 422 409
3 566 282 422
3 565 409 282
3 422 282 409
3 636 375 193
3 547 182 375
3 508 193 182
3 375 182 193
3 611 28 143
3 533 101 28
3 547 143 101
3 28 101 143
3 613 432 30
3 508 61 432
3 533 30 61
3 432 61 30
3 547 101 182
3 533 61 101
3 508 182 61
3 101 61 182
3 625 198 342
3 566 362 198
3 485 342 362
3 198 362 342
3 613 30 83
3 533 318 30
3 566 83 318
3 30 318 83
3 611 228 28
3 485 14 228
3 533 28 14
3 228 14 28
3 566 318 362
3 533 14 318
3 485 362 14
3 318 14 362
3 631 104 185
3 558 462 104
3 589 185 462
3 104 462 185
3 610 431 320
3 581 456 431
3 558 320 456
3 431 456 320
3 605 291 295
3 589 75 291
3 581 295 75
3 291 75 295
3 558 456 462
3 581 75 456
3 589 462 75
3 456 75 462
3 640 252 236
3 487 109 252
3 503 236 109
3 252 109 236
3 611 449 369
3 548 112 449
3 487 369 112
3 449 112 369
3 610 357 448
3 503 173 357
3 548 448 173
3 357 173 448
3 487 112 109
3 548 173 112
3 503 109 173
3 112 173 109
3 636 417 375
3 597 378 417
3 547 375 378
3 417 378 375
3 605 455 56
3 583 322 455
3 597 56 322
3 455 322 56
3 611 143 99
3 547 261 143
3 583 99 261
3 143 261 99
3 597 322 378
3 583 261 322
3 547 378 261
3 322 261 378
3 610 448 431
3 548 97 448
3 581 431 97
3 448 97 431
3 611 99 449
3 583 98 99
3 548 449 98
3 99 98 449
3 605 295 455
3 581 69 295
3 583 455 69
3 295 69 455
3 548 98 97
3 583 69 98
3 581 97 69
3 98 69 97
3 637 435 285
3 556 457 435
3 493 285 457
3 435 457 285
3 607 332 77
3 564 466 332
3 556 77 466
3 332 466 77
3 604 418 329
3 493 103 418
3 564 329 103
3 418 103 329
3 556 466 457
3 564 103 466
3 493 457 103
3 466 103 457
3 631 185 53
3 589 415 185
3 549 53 415
3 185 415 53
3 605 377 291
3 586 149 377
3 589 291 149
3 377 149 291
3 607 167 379
3 549 413 167
3 586 379 413
3 167 413 379
3 589 149 415
3 586 413 149
3 549 415 413
3 149 413 415
3 636 396 417
3 488 401 396
3 597 417 401
3 396 401 417
3 604 116 48
3 560 343 116
3 488 48 343
3 116 343 48
3 605 56 117
3 597 474 56
3 560 117 474
3 56 474 117
3 488 343 401
3 560 474 343
3 597 401 474
3 343 474 401
3 607 379 332
3 586 115 379
3 564 332 115
3 379 115 332
3 605 117 377
3 560 341 117
3 586 377 341
3 117 341 377
3 604 329 116
3 564 270 329
3 560 116 270
3 329 270 116
3 586 341 115
3 560 270 341
3 564 115 270
3 341 270 115
3 632 245 387
3 561 281 245
3 563 387 281
3 245 281 387
3 620 80 136
3 500 366 80
3 561 136 366
3 80 366 136
3 617 157 438
3 563 367 157
3 500 438 367
3 157 367 438
3 561 366 281
3 500 367 366
3 563 281 367
3 366 367 281
3 637 285 465
3 493 106 285
3 568 465 106
3 285 106 465
3 604 63 418
3 532 210 63
3 493 418 210
3 63 210 418
3 620 325 289
3 568 306 325
3 532 289 306
3 325 306 289
3 493 210 106
3 532 306 210
3 568 106 306
3 210 306 106
3 636 156 396
3 567 347 156
3 488 396 347
3 156 347 396
3 617 206 388
3 480 345 206
3 567 388 345
3 206 345 388
3 604 48 95
3 488 460 48
3 480 95 460
3 48 460 95
3 567 345 347
3 480 460 345
3 488 347 460
3 345 460 347
3 620 289 80
3 532 21 289
3 500 80 21
3 289 21 80
3 604 95 63
3 480 479 95
3 532 63 479
3 95 479 63
3 617 438 206
3 500 121 438
3 480 206 121
3 438 121 206
3 532 479 21
3 480 121 479
3 500 21 121
3 479 121 21
3 641 133 181
3 565 313 133
3 482 181 313
3 133 313 181
3 625 128 361
3 598 18 128
3 565 361 18
3 128 18 361
3 608 186 354
3 482 64 186
3 598 354 64
3 186 64 354
3 565 18 313
3 598 64 18
3 482 313 64
3 18 64 313
3 640 194 197
3 518 251 194
3 562 197 251
3 194 251 197
3 606 114 199
3 516 119 114
3 518 199 119
3 114 119 199
3 625 439 330
3 562 221 439
3 516 330 221
3 439 221 330
3 518 119 251
3 516 221 119
3 562 251 221
3 119 221 251
3 635 164 349
3 539 51 164
3 580 349 51
3 164 51 349
3 608 264 280
3 499 240 264
3 539 280 240
3 264 240 280
3 606 9 263
3 580 32 9
3 499 263 32
3 9 32 263
3 539 240 51
3 499 32 240
3 580 51 32
3 240 32 51
3 625 330 128
3 516 468 330
3 598 128 468
3 330 468 128
3 606 263 114
3 499 11 263
3 516 114 11
3 263 11 114
3 608 354 264
3 598 146 354
3 499 264 146
3 354 146 264
3 516 11 468
3 499 146 11
3 598 468 146
3 11 146 468
3 639 315 132
3 538 222 315
3 555 132 222
3 315 222 132
3 601 423 446
3 526 178 423
3 538 446 178
3 423 178 446
3 618 359 60
3 555 424 359
3 526 60 424
3 359 424 60
3 538 178 222
3 526 424 178
3 555 222 424
3 178 424 222
3 638 153 184
3 596 183 153
3 536 184 183
3 153 183 184
3 616 278 384
3 525 50 278
3 596 384 50
3 278 50 384
3 601 288 160
3 536 170 288
3 525 160 170
3 288 170 160
3 596 50 183
3 525 170 50
3 536 183 170
3 50 170 183
3 634 420 238
3 551 419 420
3 590 238 419
3 420 419 238
3 618 189 174
3 585 287 189
3 551 174 287
3 189 287 174
3 616 13 188
3 590 428 13
3 585 188 428
3 13 428 188
3 551 287 419
3 585 428 287
3 590 419 428
3 287 428 419
3 601 160 423
3 525 57 160
3 526 423 57
3 160 57 423
3 616 188 278
3 585 403 188
3 525 278 403
3 188 403 278
3 618 60 189
3 526 176 60
3 585 189 176
3 60 176 189
3 525 403 57
3 585 176 403
3 526 57 176
3 403 176 57
3 637 465 407
3 568 352 465
3 535 407 352
3 465 352 407
3 620 434 325
3 591 463 434
3 568 325 463
3 434 463 325
3 619 166 301
3 535 404 166
3 591 301 404
3 166 404 301
3 568 463 352
3 591 404 463
3 535 352 404
3 463 404 352
3 632 445 245
3 520 46 445
3 561 245 46
3 445 46 245
3 623 219 309
3 502 393 219
3 520 309 393
3 219 393 309
3 620 136 218
3 561 392 136
3 502 218 392
3 136 392 218
3 520 393 46
3 502 392 393
3 561 46 392
3 393 392 46
3 638 29 371
3 537 148 29
3 523 371 148
3 29 148 371
3 619 81 259
3 595 27 81
3 537 259 27
3 81 27 259
3 623 253 192
3 523 370 253
3 595 192 370
3 253 370 192
3 537 27 148
3 595 370 27
3 523 148 370
3 27 370 148
3 620 218 434
3 502 326 218
3 591 434 326
3 218 326 434
3 623 192 219
3 595 328 192
3 502 219 328
3 192 328 219
3 619 301 81
3 591 82 301
3 595 81 82
3 301 82 81
3 502 328 326
3 595 82 328
3 591 326 82
3 328 82 326
3 639 214 315
3 540 113 214
3 538 315 113
3 214 113 315
3 622 266 102
3 592 212 266
3 540 102 212
3 266 212 102
3 601 446 41
3 538 312 446
3 592 41 312
3 446 312 41
3 540 212 113
3 592 312 212
3 538 113 312
3 212 312 113
3 637 407 96
3 535 469 407
3 534 96 469
3 407 469 96
3 619 239 166
3 594 406 239
3 535 166 406
3 239 406 166
3 622 447 351
3 534 94 447
3 594 351 94
3 447 94 351
3 535 406 469
3 594 94 406
3 534 469 94
3 406 94 469
3 638 184 29
3 536 26 184
3 537 29 26
3 184 26 29
3 601 391 288
3 529 169 391
3 536 288 169
3 391 169 288
3 619 259 49
3 537 171 259
3 529 49 171
3 259 171 49
3 536 169 26
3 529 171 169
3 537 26 171
3 169 171 26
3 622 351 266
3 594 386 351
3 592 266 386
3 351 386 266
3 619 49 239
3 529 275 49
3 594 239 275
3 49 275 239
3 601 41 391
3 592 274 41
3 529 391 274
3 41 274 391
3 594 275 386
3 529 274 275
3 592 386 274
3 275 274 386
3 631 53 67
3 549 54 53
3 599 67 54
3 53 54 67
3 607 187 167
3 546 395 187
3 549 167 395
3 187 395 167
3 615 296 292
3 599 68 296
3 546 292 68
3 296 68 292
3 549 395 54
3 546 68 395
3 599 54 68
3 395 68 54
3 637 96 435
3 534 224 96
3 556 435 224
3 96 224 435
3 622 321 447
3 492 204 321
3 534 447 204
3 321 204 447
3 607 77 107
3 556 443 77
3 492 107 443
3 77 443 107
3 534 204 224
3 492 443 204
3 556 224 443
3 204 443 224
3 639 297 214
3 490 335 297
3 540 214 335
3 297 335 214
3 615 410 74
3 531 223 410
3 490 74 223
3 410 223 74
3 622 102 52
3 540 65 102
3 531 52 65
3 102 65 52
3 490 223 335
3 531 65 223
3 540 335 65
3 223 65 335
3 607 107 187
3 492 308 107
3 546 187 308
3 107 308 187
3 622 52 321
3 531 202 52
3 492 321 202
3 52 202 321
3 615 292 410
3 546 66 292
3 531 410 66
3 292 66 410
3 492 202 308
3 531 66 202
3 546 308 66
3 202 66 308
