OFF
642 1280 0
-4.64010813053263e-01 2.89776657544722e-01 5.79358148000145e-01
2.64294433565724e-01 -5.54175677631686e-01 -6.23304472726323e-05
-5.47048783495610e-01 -2.38524234770559e-01 -2.99827470200895e-01
-3.91836831470747e-02 -3.66711564574592e-01 -1.02032759851757e+00
-6.06417014410550e-01 8.30050927582105e-02 -1.00352486706380e-01
-1.39665896973806e-01 -4.61150168762495e-01 -7.90961213632809e-01
2.28697343204542e-01 -5.64908431799477e-01 1.54689803332593e-01
-4.90523046588205e-01 1.20315220410983e-01 -7.25657143043176e-01
-4.75013018213552e-01 -3.86197004545717e-01 -9.69794107834754e-02
-3.80622352809332e-01 -1.39719983587018e-01 -9.58351281332772e-01
-2.30559283415636e-01 4.34133708300015e-01 7.64676575495001e-01
-2.44493099375833e-01 -4.87584371652417e-02 -1.16627100964350e+00
2.89662422081317e-01 2.78717904063695e-01 -9.64658291967306e-01
-3.80603696590150e-01 1.39617461465745e-01 9.58447847447406e-01
2.44255832842090e-01 -4.87080627242944e-02 -1.16649488871112e+00
-4.82622862483851e-01 2.05527079384300e-01 -6.63196194890478e-01
-9.57189307358161e-02 6.06465250932577e-01 -2.62118316981332e-04
-4.86768861996538e-02 -5.61138800697773e-01 -5.07951341544644e-01
-8.05511522785985e-02 1.42146472386905e-01 -1.23020341587240e+00
-4.35929238400317e-01 1.76661585201776e-01 -8.20251221152176e-01
-5.30027073343211e-01 -6.33784474710519e-02 -6.30536102752770e-01
5.61108840290867e-01 2.44474548452406e-01 1.00792949389710e-01
-5.20236436941278e-01 2.25854280213501e-01 4.88836057487077e-01
-5.62989101415681e-01 1.55903514891695e-01 3.92742835781848e-01
1.39456549158315e-01 4.61061085034392e-01 -7.91345106442618e-01
-1.88070280552901e-05 -5.91199816670340e-01 -3.44356504886864e-01
7.44324454647882e-02 2.28768306599947e-01 1.17417072194710e+00
2.05655000834607e-01 3.19169545018724e-01 1.00292215560357e+00
3.16452019153727e-01 -9.60549588619418e-02 -1.07526284785972e+00
6.32469492376432e-02 3.03482758692578e-01 1.10159454062940e+00
3.16434019320263e-01 9.59587003847343e-02 -1.07532286859133e+00
-2.89940037998617e-01 2.78626010566237e-01 -9.64412609359457e-01
-3.86220541799376e-01 -4.68176013154964e-02 -9.87302083011225e-01
-1.76771566608555e-01 -3.94629094457312e-01 9.06009515647045e-01
-2.05640210621977e-01 -3.19060478942375e-01 1.00308518763201e+00
-4.68657542483567e-02 4.74942836039307e-01 -8.02886120751364e-01
-5.17193703925829e-01 -3.16621380915567e-01 1.99632687485329e-01
-5.61102468679851e-01 -2.44451508092101e-01 1.01186884467412e-01
-5.17200821833740e-01 -3.16634364669067e-01 -1.99463964085246e-01
-3.03507936304520e-01 5.29956169411121e-01 1.31326172461930e-01
-5.61105345384270e-01 -2.44459285464697e-01 -1.01036667090450e-01
8.31352948055624e-02 -4.82284320795758e-02 1.26048611097325e+00
-4.84078604574152e-02 6.06410179262481e-01 1.72483530819210e-01
-3.90672178661216e-02 -3.66653515867385e-01 1.02043702435322e+00
-4.35881307413578e-01 -1.76893075599290e-01 -8.20145711776122e-01
-4.63957057331831e-01 -2.89884976887031e-01 -5.79310025114904e-01
3.49067935126871e-01 4.90553751588572e-01 2.50047920440067e-01
-4.66668968605859e-02 -4.75032661532158e-01 8.02706542250084e-01
6.06462816068345e-01 3.49350789977462e-05 -1.98996203857150e-01
2.38478358119449e-01 1.44387726041998e-01 1.13707274397889e+00
-1.55999510282258e-01 1.89011714940163e-01 1.17014153467051e+00
-4.44512399816699e-01 -1.21955294198417e-04 -8.80344520702060e-01
2.89877666708560e-01 -2.78730781790099e-01 9.64362809273660e-01
3.66678027263471e-01 -4.90901411117730e-01 8.11798847445880e-02
3.49158138827122e-01 -4.90461877392544e-01 2.50282357057855e-01
-3.16802837548935e-01 3.95441959885579e-01 7.20728896467963e-01
5.20145580636183e-01 -2.25912209804733e-01 -4.89138048310860e-01
-1.65684940952438e-01 3.25234901442486e-05 1.22887264725524e+00
-2.89798607526212e-01 -2.78767940461000e-01 9.64419064855765e-01
-2.05805616886230e-01 3.18931559891935e-01 -1.00311575596092e+00
-2.38445921534532e-01 -1.44282535817413e-01 1.13715982357486e+00
3.86026311271005e-01 4.66664618489029e-02 -9.87661140341800e-01
-3.67929804770297e-01 -2.30491004088006e-01 9.02382318426647e-01
6.06405358557599e-01 8.31703022110025e-02 1.00065387565453e-01
-1.56110627067314e-01 1.88838425518298e-01 -1.17019839106193e+00
2.05718771569008e-01 -3.19036919084761e-01 1.00304796394940e+00
3.16782071816714e-01 -3.95424557022162e-01 7.20809583776520e-01
3.03409395799609e-01 -5.30005949793669e-01 1.31441941258577e-01
3.19101363397865e-01 -4.82546825592568e-01 4.27435274418324e-01
3.95377684957259e-01 -3.46809586725114e-01 -6.58507765355616e-01
9.60475261680244e-02 -5.17216292122528e-01 6.58056791596029e-01
-4.87477002230494e-02 5.61167834671304e-01 5.07783385896232e-01
-3.19160172736497e-01 4.82528657851258e-01 4.27334165731062e-01
1.88989927623547e-01 -5.62958544070851e-01 3.24177335111177e-01
1.39665577909532e-01 -4.61108163537922e-01 7.91067259277940e-01
3.94600042442609e-01 -4.35857472001681e-01 -3.67636839219707e-01
-1.08948707633998e-04 5.91230162418675e-01 3.44131252361989e-01
5.20246279263603e-01 -2.25873097911911e-01 4.88753226080496e-01
1.76635880531356e-01 3.94569434806392e-01 -9.06236096561072e-01
-3.49233410649305e-01 4.90417980376806e-01 2.50200243750723e-01
5.17198852772210e-01 3.16669468336232e-01 1.99245122421881e-01
2.89824558868294e-01 2.78874944799357e-01 9.64251691349856e-01
3.46796589978341e-01 3.16841008329796e-01 8.21797144235725e-01
2.38296764397727e-01 1.44227655604220e-01 -1.13732498369798e+00
9.54592158105894e-02 6.06506179514939e-01 -3.11922703349620e-04
-3.66646023745002e-01 -4.90925012274463e-01 -8.11877803715903e-02
-3.94622266320553e-01 -4.35887046885665e-01 -3.67382181774001e-01
-2.30514761835811e-01 -4.34151496791075e-01 -7.64690933641281e-01
1.44142485861943e-01 5.47038637034833e-01 -4.95977644867087e-01
-2.89868990675201e-01 -2.78836694654699e-01 -9.64241778973802e-01
-5.91822543106497e-01 -8.04996535737530e-02 -2.95633953758632e-01
-1.20603594503585e-01 3.49010401275191e-01 -1.01960586154614e+00
-4.34085082570884e-01 -3.67967514522267e-01 4.79132737596812e-01
-5.91845732782686e-01 8.02920843377304e-02 -2.95677258746454e-01
3.86216364124115e-01 -4.66297081082819e-02 9.87347562483707e-01
6.06383265202182e-01 8.31571805418777e-02 -1.00689039818226e-01
4.90962558619778e-01 -3.90307543681086e-02 7.62022026843175e-01
3.16657682958938e-01 -3.95462148260793e-01 -7.20956614304629e-01
3.46709023674910e-01 -3.16751811549778e-01 -8.22105293420496e-01
3.67844752787072e-01 -2.30509310206112e-01 -9.02511922725548e-01
-3.95454583937913e-01 -3.46851158903711e-01 -6.58213583831358e-01
3.86034704587280e-01 -4.67377464645355e-02 -9.87632401765591e-01
2.25965774863575e-01 -2.35166804086591e-01 1.08128239409363e+00
5.91860115948162e-01 -8.03532818584573e-02 2.95480968152889e-01
3.03386982120176e-01 -5.30009907293752e-01 -1.31596437259557e-01
-3.19189312001806e-01 4.82444752282052e-01 -4.27649332683614e-01
5.64945600693283e-01 7.45220401124887e-02 4.75116015048591e-01
4.64010933370084e-01 -2.89786966598681e-01 5.79335452184816e-01
-1.76950124245719e-01 3.94506439737505e-01 -9.06089705119879e-01
1.20353210473578e-01 -3.49172349981716e-01 -1.01949411377915e+00
2.35064484278035e-01 5.20188780520007e-01 -4.69928628024410e-01
-5.30005903218725e-01 -6.33111826658315e-02 6.30642178659747e-01
2.05564000245980e-01 -3.19101806257409e-01 -1.00309587961061e+00
7.44814839952593e-02 -2.28650362387260e-01 1.17425654485798e+00
-2.38538495393073e-01 -1.44388698612828e-01 -1.13701770704219e+00
5.61148028405365e-01 -2.44373041088603e-01 1.00913815432769e-01
6.06396173111092e-01 -8.30750527343508e-02 -1.00646073118891e-01
5.47039386034287e-01 -2.38446632053804e-01 -3.00168057617269e-01
-5.30044885359799e-01 6.31451664988885e-02 -6.30572534357351e-01
-1.56065274631680e-01 -1.89048065676420e-01 -1.17007827112534e+00
-4.35889053552261e-01 1.76781381698048e-01 8.20231975130178e-01
5.61087332989146e-01 2.44458650115427e-01 -1.01474558466200e-01
-3.19035606500530e-01 -4.82565696674004e-01 4.27555290854442e-01
-3.94601762894336e-01 -4.35870330610102e-01 3.67562984352667e-01
-3.16700856578015e-01 -3.95452640123129e-01 7.20897208503764e-01
-4.64036530390413e-01 2.89681275381718e-01 -5.79475233739168e-01
-3.49249245680401e-01 4.90368513013682e-01 -2.50523451263440e-01
-1.89107318554524e-01 5.62885842290595e-01 -3.24426913711467e-01
-8.32439363139159e-02 4.81754245710779e-02 -1.26046388911517e+00
-4.82566040644372e-01 -2.05749356841104e-01 -6.63077046331680e-01
-2.28815893231247e-01 5.64843861854043e-01 -1.54950878307429e-01
-2.89869665033749e-01 2.78783019133140e-01 9.64307958960347e-01
-6.32383919256776e-02 -3.03378950155906e-01 1.10172020086032e+00
-1.62707233085102e-04 2.64183409443526e-01 -1.15203466290719e+00
2.30323925804591e-01 4.34074892765961e-01 -7.65127161449218e-01
4.66395368691431e-02 -4.75061155893188e-01 -8.02640549675068e-01
4.61088020135922e-01 3.80667928057574e-01 2.89907006760296e-01
-4.90493992077878e-01 1.20414482741836e-01 7.25670860082585e-01
-5.30023716625670e-01 6.32255206668768e-02 6.30614624523697e-01
4.81666754614391e-02 6.06430854270797e-01 1.72461195285441e-01
-1.20521186468585e-01 -3.49184921578788e-01 -1.01938976582601e+00
-3.95417954623892e-01 -3.46811577184732e-01 6.58398753820171e-01
-3.46772286532583e-01 -3.16738323101618e-01 8.22012455638798e-01
3.80459235863394e-01 -1.39653262161269e-01 -9.58673098842268e-01
4.66391265078480e-02 4.75117299847690e-01 8.02497054459840e-01
-3.03372047129296e-01 -5.30019028674165e-01 1.31586472320065e-01
-2.44505254104782e-01 4.85258535059038e-02 -1.16630191221405e+00
-9.55774224372362e-02 -6.06487581118853e-01 4.46011448910178e-05
1.20423159681816e-01 3.49229231029369e-01 1.01937423719879e+00
4.75036010969309e-01 -3.86153411258058e-01 -9.72424727208819e-02
-2.35307461211877e-01 5.20190022696876e-01 4.69396976835486e-01
-6.06390801073240e-01 -8.31826199616593e-02 1.00401749091403e-01
-1.39588661207073e-01 -4.61117442513231e-01 7.91102547526889e-01
-6.33080906312353e-02 3.03462152682155e-01 1.10160389303773e+00
-2.35345927495376e-01 5.20094955073822e-01 -4.69768670788717e-01
-3.92669191620562e-02 3.66556436065968e-01 -1.02055459262124e+00
5.29922214624784e-01 6.32744971484975e-02 -6.30961872335952e-01
4.61031066239662e-01 3.80615807809673e-01 -2.90593230303885e-01
-5.64937709765801e-01 7.43205769649787e-02 -4.75292869554467e-01
1.88876380867722e-01 5.63031878035807e-01 3.23912877282368e-01
-8.31091820331348e-02 4.83329732911774e-02 1.26047624994556e+00
4.35727618488829e-01 1.76784713569450e-01 -8.20599393967537e-01
-4.34184767850818e-01 3.67900063458190e-01 4.78966247298023e-01
-5.91815621993830e-01 -8.04689481078557e-02 2.95729920093426e-01
-4.90949330134504e-01 3.89776691208206e-02 -7.62070590003209e-01
-5.91838812891781e-01 8.03305961171822e-02 2.95691908529135e-01
3.80609503987210e-01 1.39720217973640e-01 9.58373181923927e-01
4.61153275455304e-01 -3.80557089270905e-01 2.90087226875044e-01
-1.44266147628446e-01 -5.47065064756138e-01 4.95696272805718e-01
8.04101643920922e-02 1.42341015985638e-01 1.23014607540537e+00
-8.04190891567083e-02 1.42319225959841e-01 1.23015444772570e+00
1.55978997092186e-01 1.89056449420748e-01 1.17012212512031e+00
-5.64924483136252e-01 7.43820174855981e-02 4.75319267449987e-01
1.76716011110464e-01 -3.94660735534704e-01 -9.05996792537837e-01
-3.80566699155197e-01 -1.39629751361884e-01 9.58503586077532e-01
-3.95510423490035e-01 3.46772039276751e-01 6.58248741372277e-01
-2.44399296674199e-01 -4.86312310803549e-02 1.16637890048799e+00
-4.63931334700798e-01 -2.89844717633138e-01 5.79486042115666e-01
-8.03861327259253e-02 -1.42232783570817e-01 1.23020695032583e+00
-4.82595454650731e-01 2.05627076166554e-01 6.63148440039187e-01
3.95315694795210e-01 3.46792010361138e-01 -6.58708532017888e-01
-6.34294784553120e-02 3.03278324282402e-01 -1.10179243921764e+00
4.44345468342689e-01 -2.30109361197894e-05 -8.80708597763476e-01
-7.44676712859558e-02 2.28745948583645e-01 1.17417989189345e+00
-2.38538761319552e-05 2.64368256398958e-01 1.15185148343114e+00
3.66663347458216e-01 -4.90904368658889e-01 -8.13888268576436e-02
-2.26042036613355e-01 2.35071284786457e-01 -1.08130326426713e+00
4.34160893075907e-01 -3.67924983774566e-01 4.78977047700272e-01
-3.16605059003515e-01 9.60207051768476e-02 1.07508140051893e+00
-3.16580301146117e-01 -9.60062376016585e-02 1.07511848362920e+00
1.20280127082422e-01 3.49051457154555e-01 -1.01971022533000e+00
4.65362150511616e-02 4.74960745901442e-01 -8.02923163019787e-01
2.30445060832517e-01 4.34218942610291e-01 7.64616237723798e-01
4.90802666647714e-01 3.90934561473456e-02 -7.62453048291075e-01
-6.33597862471202e-02 -3.03453048041359e-01 -1.10160188795939e+00
-1.89078307463680e-01 5.62953751018383e-01 3.23990573256986e-01
4.34004799654226e-01 3.67965829506545e-01 -4.79452457679225e-01
-1.03855590005255e-04 -2.64352397754201e-01 -1.15186719019198e+00
8.29558481229623e-02 4.81952870167974e-02 -1.26054266917958e+00
-2.25983760217023e-01 -2.35283912222567e-01 -1.08115607230835e+00
2.28585897536792e-01 5.64971012455335e-01 1.54413786062021e-01
-4.23669362453728e-01 4.44372025725597e-01 -1.35703117125189e-04
3.46854921287690e-01 -3.16698320976484e-01 8.21928407014811e-01
1.88827230523972e-01 5.62963959873940e-01 -3.24546128985872e-01
4.35916024250569e-01 -1.76749897264091e-01 8.20199361277635e-01
-5.54196365884666e-01 -1.14792351693586e-04 -5.49279390985281e-01
5.47000779572678e-01 2.38497730403769e-01 -3.00296613480663e-01
9.58481562464866e-02 5.17169605966999e-01 -6.58340865833534e-01
-3.94717931738087e-01 4.35804676543172e-01 3.67360358966172e-01
-9.61672836546292e-02 5.17131406990567e-01 -6.58269429770769e-01
5.91847497039611e-01 8.04784912080613e-02 2.95442943048114e-01
-6.06414906617986e-01 8.30182073409715e-02 1.00360646871057e-01
1.56017807741532e-01 -1.88922669102789e-01 1.17019312513507e+00
-3.46824581311595e-01 -3.16791800845126e-01 -8.21828069184234e-01
6.33123867297378e-02 -3.03371375066800e-01 1.10171085149704e+00
3.03286817175431e-01 5.30051367570233e-01 -1.31872223862333e-01
-3.16852248974911e-01 3.95310790582942e-01 -7.20945916880745e-01
-4.34108702147332e-01 -3.67994649184764e-01 -4.78950199886085e-01
4.34096700620543e-01 3.68050868110963e-01 4.78810532263772e-01
2.78722018069949e-01 4.64058700093077e-01 6.02177243867723e-01
4.85570291084053e-02 5.61187919866967e-01 5.07766412288549e-01
-8.05182042363480e-02 -1.42348032452208e-01 -1.23011203300592e+00
-7.44148491421293e-02 -2.28661162694569e-01 1.17426571155480e+00
1.76851514529545e-01 -3.94613364705501e-01 9.05971704813337e-01
4.90528705976645e-01 -1.20389826492719e-01 7.25587147677164e-01
-5.53422604816571e-05 4.23651136049182e-01 9.23719934531680e-01
-1.20500840391682e-01 3.49188158951675e-01 1.01939536691081e+00
-4.61193483762059e-01 3.80505767377381e-01 2.90101921264594e-01
2.38325071071073e-01 -1.44347279741041e-01 -1.13723378117790e+00
-3.91504661526735e-02 3.66737288526429e-01 1.02029315957864e+00
9.59378539106448e-02 5.17302520070825e-01 6.57833026173153e-01
1.42276370102121e-01 -5.91824403482877e-01 1.67113619873326e-01
9.55878300113927e-02 -6.06485941254223e-01 -5.19188284775251e-06
-5.47116373213988e-01 2.38331732127464e-01 -2.99955997520916e-01
-6.06392909436799e-01 -8.31929972948313e-02 -1.00309538104383e-01
-5.64916463417812e-01 -7.45432800319497e-02 -4.75251291195691e-01
3.90151270398350e-02 -3.66707701993384e-01 -1.02036150402238e+00
-1.42261552410839e-01 -5.91830881786989e-01 -1.67068990009159e-01
-4.90918877194478e-01 3.90717411079650e-02 7.62134537013600e-01
3.16619512066797e-01 9.61015108590154e-02 1.07503181244239e+00
-3.86232945612230e-01 4.65743881530536e-02 -9.87330818855384e-01
-2.28675736370229e-01 -5.64919352219371e-01 -1.54655502522233e-01
4.86136559767244e-02 -5.61137217467854e-01 -5.07985060883149e-01
-3.95547041854759e-01 3.46657503690692e-01 -6.58414312233790e-01
-2.64414781676319e-01 5.54118257868861e-01 -2.04921330471527e-04
3.66588696905644e-01 4.90977441688759e-01 8.09360246832268e-02
-4.67575113332485e-02 -4.75064039342908e-01 -8.02603518219168e-01
3.89350617646252e-02 3.66569983545249e-01 -1.02058850352342e+00
1.44213978073531e-01 5.47141182561879e-01 4.95398785341918e-01
6.31027284391693e-02 3.03298921936621e-01 -1.10184900621548e+00
-1.50460204220190e-04 5.91156420579785e-01 -3.44678109666609e-01
-7.45420761245892e-02 -2.28754513072995e-01 -1.17415228366666e+00
6.31681585484349e-02 -3.03445475959439e-01 -1.10165844790038e+00
1.39570032681640e-01 4.61213576139608e-01 7.90874583489136e-01
-2.05727285892236e-01 -3.19125356775084e-01 -1.00291885632049e+00
-4.82538625351319e-01 -2.05694108838646e-01 6.63237291189768e-01
-3.46907310932006e-01 3.16587608609881e-01 -8.22017153977131e-01
-4.35841119656871e-01 -1.76820853714420e-01 8.20305265954693e-01
-1.88970133550132e-01 -5.62972568177796e-01 -3.24121959762205e-01
2.25919293970537e-01 2.35307933037009e-01 1.08119169628246e+00
-2.30622542262931e-01 4.33989680234765e-01 -7.64947349747034e-01
4.35758422420684e-01 -1.76822142520833e-01 -8.20493869960720e-01
-2.35178022597357e-01 -5.20199271007464e-01 4.69632914713704e-01
-3.16654019601054e-01 -9.61151344494434e-02 -1.07498263448524e+00
-3.16678775730642e-01 9.58779245417423e-02 -1.07504264875911e+00
-3.03517233150765e-01 5.29929336240500e-01 -1.31700648987233e-01
2.38506668594199e-01 -1.44241102070071e-01 1.13712749115768e+00
-5.17282393532888e-01 3.16498801687393e-01 1.99479612465844e-01
-5.17289507494819e-01 3.16465071123065e-01 -1.99631068872574e-01
-5.61172127609013e-01 2.44303131281954e-01 1.01066043748504e-01
5.91203182352786e-01 -1.65653292713904e-01 -2.45775383969438e-04
-5.61175003329880e-01 2.44287237505723e-01 -1.01162999404127e-01
-3.67984078098357e-01 -2.30562491634048e-01 -9.02207775332583e-01
-4.84273135266124e-02 6.06372759366772e-01 -1.73027488756886e-01
1.65714648027215e-01 6.94204461801694e-05 1.22885533326446e+00
2.44433726809243e-01 4.87301539985937e-02 1.16632988728616e+00
-4.34208379171351e-01 3.67815049088206e-01 -4.79155839462663e-01
-2.78899176502009e-01 4.63836387537038e-01 -6.02562766535783e-01
-2.38481883246409e-01 1.44322953452606e-01 1.13710507860051e+00
-5.54180113780692e-01 -5.04963910767199e-05 5.49350276085702e-01
-3.80659347836549e-01 1.39483318416032e-01 -9.58436744591356e-01
4.23503418360179e-01 4.44530151320573e-01 -3.56384256740935e-04
8.02456429144756e-02 1.42168251787516e-01 -1.23027880720836e+00
-1.76867201256753e-01 3.94671172420004e-01 9.05849665623452e-01
-4.82695604336742e-02 -6.06401763857544e-01 1.72778576363557e-01
5.54222656530528e-01 7.29075122913240e-05 5.49164796612491e-01
-7.23873079713677e-05 -4.23608891206782e-01 -9.23803634876868e-01
-3.86164122790445e-01 -4.67095935096480e-02 9.87419532334949e-01
1.47502250512165e-06 9.56490931855841e-02 1.26063814155392e+00
5.47063878836347e-01 2.38544592101804e-01 2.99638431172986e-01
-3.03381343994380e-01 -5.30022985707880e-01 -1.31424896514481e-01
4.61096318440422e-01 -3.80572929031319e-01 -2.90388478133351e-01
2.78810971208504e-01 -4.63944092755986e-01 6.02380845039749e-01
4.82984637184839e-02 -6.06400934876152e-01 1.72756246802255e-01
1.44327038297138e-01 -5.47059683827411e-01 4.95645343591496e-01
4.34068988628657e-01 -3.67952127791181e-01 -4.79246777699502e-01
2.35241479554268e-01 -5.20188359668456e-01 4.69547808560090e-01
3.91446843881415e-02 -3.66649654362257e-01 1.02043019219904e+00
-2.28803062824659e-01 5.64876317643150e-01 1.54520940525596e-01
-1.42386475129591e-01 5.91812440523974e-01 1.66891340273374e-01
2.78621822587197e-01 4.63942278484184e-01 -6.02764895796535e-01
3.67966149989969e-01 2.30589368734819e-01 9.02209690388972e-01
-4.90460607262318e-01 -1.20479046804403e-01 7.25722051098505e-01
2.64187298490094e-01 5.54226735496285e-01 -3.42621741491882e-04
2.28561423780797e-01 5.64938551142188e-01 -1.55082021930584e-01
1.42153931115373e-01 5.91872651457475e-01 1.66825275750113e-01
5.62981372003316e-01 1.56058608147501e-01 3.92524508099020e-01
1.42129875245030e-01 5.91836847147131e-01 -1.67461457162167e-01
3.95499798687061e-01 -3.46769997925578e-01 6.58280969722416e-01
2.35139228610928e-01 5.20283864564402e-01 4.69311845505863e-01
-2.78736439885900e-01 -4.63962336509585e-01 6.02469156799511e-01
-4.61206504082472e-01 3.80453662413224e-01 -2.90307677911285e-01
8.04405750172860e-02 -1.42218762036638e-01 1.23019857847410e+00
-7.45948897419063e-02 2.28564391012520e-01 -1.17429775699640e+00
-6.06489880893784e-01 -1.00098896183448e-04 -1.98639396771424e-01
3.50064586824647e-05 -2.64267556034934e-01 1.15195132012861e+00
-4.61089239682534e-01 -3.80600286694606e-01 2.90282103586608e-01
-3.94738429072151e-01 4.35735359412056e-01 -3.67620376780968e-01
2.44246317171378e-01 4.85842882591290e-02 -1.16652579950056e+00
-1.44314155445857e-01 -5.47078573849433e-01 -4.95571459913944e-01
2.35166732255853e-01 -5.20203228091830e-01 -4.69638404373933e-01
3.68008054317990e-01 -2.30437806180460e-01 9.02303152543165e-01
4.82483048778005e-01 -2.05675535235204e-01 -6.63436844825502e-01
7.43255966157970e-02 -2.28743719118733e-01 -1.17422066231227e+00
3.67802851954830e-01 2.30449584744659e-01 -9.02651597016851e-01
5.20209028005941e-01 2.26009926286944e-01 4.88651233867542e-01
3.95437806795418e-01 3.46906578174196e-01 6.58130938975669e-01
4.63847335467876e-01 2.89830121745996e-01 -5.79808031106787e-01
3.16707919750338e-01 3.95554943656070e-01 7.20641250726367e-01
6.06418266576137e-01 -8.30646728410075e-02 1.00106488376682e-01
-8.32327399418477e-02 -4.83831254321618e-02 -1.26043271003067e+00
-4.67751538379426e-02 4.75099384827561e-01 8.02508673863502e-01
5.47102486647343e-01 -2.38423258984656e-01 2.99751089928199e-01
-1.39698504352060e-01 4.61160668039002e-01 7.90909882976811e-01
-3.66770414235758e-01 4.90834795428197e-01 8.11170019988540e-02
1.20496246658309e-01 -3.49111426865264e-01 1.01951125968750e+00
2.27086750733390e-05 -5.91192924741249e-01 3.44407623215439e-01
1.88940774051181e-01 -5.62966538550524e-01 -3.24241140514576e-01
-9.60465929351937e-02 -5.17242006270941e-01 -6.57970048113449e-01
4.86789572377887e-02 -5.61124544896381e-01 5.08018523209998e-01
4.67424525207069e-02 -4.75029778472242e-01 8.02694919622174e-01
5.61126519500820e-01 -2.44380824438645e-01 -1.01348203434953e-01
8.29661522856749e-02 -4.83659866457765e-02 -1.26051148981277e+00
5.91795730236925e-01 -8.03840011363733e-02 -2.96001605178748e-01
-3.67990559139300e-01 2.30478689688364e-01 9.02288864806664e-01
5.62897713266822e-01 1.56002561090673e-01 -3.93138681776279e-01
-3.68044822565932e-01 2.30338939851402e-01 -9.02347425892219e-01
5.64844208853266e-01 7.44605745156035e-02 -4.75678184469325e-01
-1.20418424306755e-01 -3.49124001766317e-01 1.01953238231937e+00
-4.90938487312489e-01 -3.92179065873658e-02 -7.62047516713505e-01
-1.42245314654507e-01 -5.91827551408826e-01 1.67179664570831e-01
3.16637515103443e-01 -9.59460394227288e-02 1.07506890305434e+00
4.90508447846570e-01 1.20543702548832e-01 7.25535935234109e-01
-2.28662902072375e-01 -5.64915582319244e-01 1.54796927227052e-01
-2.38574451126768e-01 1.44162906952129e-01 -1.13710889933332e+00
-1.42402711021109e-01 5.91776640039385e-01 -1.67379276922731e-01
-4.75008882101117e-01 -3.86191798065068e-01 9.71563645654450e-02
1.39552080125011e-01 -4.61140892173240e-01 -7.91071373768394e-01
-2.05718558071930e-01 3.19101502474953e-01 1.00295938514312e+00
-2.25893496679485e-01 -2.35199098641680e-01 1.08131729629816e+00
8.02760487742592e-02 -1.42334015445558e-01 -1.23018742094114e+00
-1.50491872766267e-04 9.54817172820911e-02 -1.26069292375348e+00
1.65533083018089e-01 -7.44394840770314e-05 -1.22896105971696e+00
-4.90489661355818e-01 -1.20549658372536e-01 -7.25586533382892e-01
-5.20190265042715e-01 -2.25988219597718e-01 -4.88780896129394e-01
-5.62955669668169e-01 -1.56058012806300e-01 -3.92684771427118e-01
4.74989665495482e-01 3.86240005788563e-01 9.67333772249387e-02
4.74970393821674e-01 3.86222481529727e-01 -9.74419572123976e-02
2.25748857755370e-01 2.35139586164181e-01 -1.08150371486768e+00
2.25795330987512e-01 -2.35251630799061e-01 -1.08135650715108e+00
1.76771373214501e-01 3.94734188570908e-01 9.05811848229432e-01
3.90646085276683e-02 3.66750842458417e-01 1.02028632828715e+00
-4.86197077204282e-02 -5.61126127297314e-01 5.08035486330902e-01
-1.88941118315000e-01 -5.62964575387079e-01 3.24255000760191e-01
-2.64275095266394e-01 -5.54184899560016e-01 7.53237884722504e-05
4.90809237432462e-01 -3.91151193946833e-02 -7.62429972011210e-01
-5.47039558979507e-01 -2.38500870806623e-01 2.99980454602746e-01
5.17210152635811e-01 -3.16574702202582e-01 -1.99768367752360e-01
4.90382771077968e-01 -1.20460463863997e-01 -7.25962605372756e-01
5.17251160046095e-01 -3.16561711937844e-01 1.99398220963977e-01
-5.91175600954992e-01 -1.65751736437197e-01 6.21889829707263e-05
-4.75119386155189e-01 3.86054530211080e-01 -9.71788550063643e-02
-1.66709902046835e-04 4.23478759309049e-01 -9.24061330038643e-01
-1.44396752922824e-01 5.47082297873670e-01 4.95449726823347e-01
-2.25951783230005e-01 2.35239605573388e-01 1.08122660351888e+00
-4.75115252086006e-01 3.86072048574023e-01 9.69652495207581e-02
2.44443238883358e-01 -4.85808375253926e-02 1.16634818728196e+00
3.66574018872883e-01 4.90961365559146e-01 -8.16415469238701e-02
5.20108329095661e-01 2.25934552262340e-01 -4.89264593765365e-01
3.49023405645323e-01 4.90504273641665e-01 -2.50734926839798e-01
-1.39775731060523e-01 4.61008188819036e-01 -7.91234939394620e-01
8.31249835659855e-02 4.83528430232227e-02 1.26046845526131e+00
3.94590197955909e-01 4.35950849964477e-01 3.67203862001951e-01
3.19011003129209e-01 4.82651888176492e-01 4.27214114589257e-01
-3.16750281784829e-01 -3.95490221754378e-01 -7.20714283781763e-01
3.94668151247245e-01 -4.35840753825637e-01 3.67406516404578e-01
5.54106442038705e-01 8.58577953332956e-06 -5.49671282126953e-01
-2.78854131699784e-01 4.63952788393989e-01 6.02265576926116e-01
4.82448278068198e-01 2.05668117277013e-01 -6.63556023213099e-01
-1.76854505458100e-01 -3.94676460577433e-01 -9.05850420641436e-01
-1.44444751511517e-01 5.46979761793953e-01 -4.95878239663721e-01
5.64856114366078e-01 -7.44317388495607e-02 -4.75636598506133e-01
3.46650695567345e-01 3.16702030854699e-01 -8.22294412071593e-01
-2.44411455582197e-01 4.86716938069564e-02 1.16636059977665e+00
4.35885215100384e-01 1.76904545957097e-01 8.20126048575692e-01
-6.06485710952062e-01 -7.68458468709504e-05 1.98694443672137e-01
3.86207967927497e-01 4.67896295241505e-02 9.87329063994667e-01
4.90955986703740e-01 3.91875606148409e-02 7.62005549447305e-01
2.05500232175500e-01 3.18999576010437e-01 -1.00329280560707e+00
7.42765633193297e-02 2.28586740157754e-01 -1.17436614145494e+00
2.30530622179788e-01 -4.34099057453794e-01 7.64798896967452e-01
-5.64903236048850e-01 -7.44934548210218e-02 4.75352968928413e-01
-2.30451496963900e-01 -4.34116473904089e-01 7.64859213959328e-01
4.75055281181022e-01 -3.86148205674125e-01 9.69245257278999e-02
-3.49105168722322e-01 -4.90481592234539e-01 2.50434641243398e-01
4.23581483074849e-01 -4.44455794629649e-01 -1.31591811000429e-04
-3.46855027468558e-01 3.16726552760038e-01 8.21881209369096e-01
5.29932575378602e-01 -6.32717891152768e-02 -6.30925447220204e-01
6.06506555398106e-01 5.81964479692423e-05 1.98419373579435e-01
-4.44470519278607e-01 -1.89068372819021e-05 8.80435915819951e-01
-4.90908036073396e-01 -3.91335726547682e-02 7.62151001741789e-01
1.55846790393391e-01 -1.89023340260301e-01 -1.17022134495004e+00
1.55807986138281e-01 1.88883139527457e-01 -1.17034147613814e+00
-8.30979850876378e-02 -4.82455791459886e-02 1.26049390553909e+00
-1.55954156908988e-01 -1.88947405889597e-01 1.17021252792361e+00
3.94522087590529e-01 4.35881515782695e-01 -3.67875081378425e-01
4.90362515127343e-01 1.20444403695585e-01 -7.26033233110014e-01
3.16583533462978e-01 3.95423741575906e-01 -7.21188295802708e-01
-3.86176530247691e-01 4.66975221769227e-02 9.87401033205240e-01
-2.35216496243490e-01 -5.20214138286427e-01 -4.69478483693926e-01
-9.59776366280299e-02 -5.17220847854383e-01 6.58085378391245e-01
2.78710771385521e-01 -4.63968729025162e-01 -6.02499194533251e-01
3.80434050602711e-01 1.39586040574022e-01 -9.58758578806291e-01
1.44255534127048e-01 -5.47073193692591e-01 -4.95670855301746e-01
4.63961332966384e-01 2.89925535797056e-01 5.79207523823087e-01
5.30063475597003e-01 -6.32044982111010e-02 6.30479325672581e-01
4.82762672211392e-02 -6.06403961183151e-01 -1.72737154119318e-01
3.18937071476863e-01 4.82567961563524e-01 -4.27861767592650e-01
5.17157846890826e-01 3.16635726343628e-01 -1.99935510689301e-01
-1.29208438144895e-04 -9.56701832380081e-02 -1.26063119829481e+00
4.81444795035559e-02 6.06393432615854e-01 -1.73055478766030e-01
-4.23549479625745e-01 -4.44486295249912e-01 8.90495826085203e-05
-4.61102264949639e-01 -3.80616118160087e-01 -2.90102966257614e-01
4.82615554258465e-01 -2.05620269809651e-01 6.63094355712810e-01
-3.66775335257724e-01 4.90818720987136e-01 -8.14404671518827e-02
3.03309228760573e-01 5.30078205705400e-01 1.31181601992647e-01
2.27619674864339e-05 -9.55424147656022e-02 1.26067309266378e+00
3.80634690802155e-01 -1.39563007998626e-01 9.58428932468463e-01
2.30409479494821e-01 -4.34134083847320e-01 -7.64870721931797e-01
2.89715517648757e-01 -2.78799550586607e-01 -9.64487444351718e-01
-3.66641104763288e-01 -4.90922055823972e-01 8.13608170663265e-02
-5.47107153677290e-01 2.38378573467695e-01 2.99867818610229e-01
-4.82890179781045e-02 -6.06404790090941e-01 -1.72709179868069e-01
1.42252309373096e-01 -5.91827733921677e-01 -1.67151155378072e-01
-5.91223377614538e-01 1.65581242433137e-01 -2.15919334324770e-05
4.63896931049006e-01 -2.89827239979059e-01 -5.79642792296299e-01
3.19027427588025e-01 -4.82563003241163e-01 -4.27594792580154e-01
5.64957508292268e-01 -7.43818936458843e-02 4.75149724872219e-01
2.28672864979358e-01 -5.64912203495172e-01 -1.54786614735095e-01
-2.78781495464471e-01 -4.63986966966655e-01 -6.02297102149930e-01
5.91783110960658e-01 8.04399629361404e-02 -2.96044924805238e-01
-5.20173074342542e-01 -2.25949123836162e-01 4.88938012151762e-01
3.49113605013721e-01 -4.90471026254558e-01 -2.50473235724653e-01
4.82580782326103e-01 2.05768151110440e-01 6.63005488738474e-01
-5.62944616085219e-01 -1.56022096972897e-01 3.92814880946793e-01
5.30053110188972e-01 6.33548805663635e-02 6.30451763033083e-01
5.63006350221849e-01 -1.55926479877160e-01 3.92596583079783e-01
9.59578151098413e-02 -5.17237454748336e-01 -6.58041470848752e-01
-1.65799660200722e-01 -1.11321347492925e-04 -1.22880577326066e+00
4.44515878609472e-01 8.00700982444416e-05 8.80336951907667e-01
-3.49121008221419e-01 -4.90490735755878e-01 -2.50261802919063e-01
4.84917320578591e-02 5.61081648779938e-01 -5.08300517488752e-01
-4.88048811314844e-02 5.61061566740544e-01 -5.08266798266524e-01
3.89864539634319e-05 -4.23564967714378e-01 9.23890658257422e-01
5.62922688866164e-01 -1.55962410633340e-01 -3.93052989704985e-01
-3.19064755809876e-01 -4.82581867489681e-01 -4.27382413167737e-01
-9.60983395234868e-02 5.17264312295399e-01 6.57861627679925e-01
-5.20253625107645e-01 2.25778932318311e-01 -4.88907405142213e-01
-5.63000154627660e-01 1.55847487419815e-01 -3.92770452659868e-01
5.91177170123538e-01 1.65746066547649e-01 -3.29580457181309e-04
5.83871179359502e-01 1.63384365606278e-01 -2.01125048884967e-01
-4.20663595608760e-01 2.64142122605809e-01 -7.50131941057753e-01
-1.42614090910382e-01 2.73524051124718e-01 -1.10345166602385e+00
-2.64416265134164e-01 3.60741041220525e-01 -8.74289930090448e-01
-3.60847110529343e-01 -4.20587181069010e-01 5.49395054182650e-01
1.63198219817220e-01 -9.66587285109566e-02 -1.21379314363025e+00
-4.20553763748342e-01 -2.64302453375322e-01 7.50154020023276e-01
1.42355874820883e-01 -2.73700018049278e-01 -1.10340720429198e+00
5.85199102298442e-01 2.16163053419880e-05 -3.86111606622549e-01
-4.55547175530422e-05 -5.24230515313351e-01 -6.64330691044231e-01
8.80935674410713e-02 -4.16105384534534e-01 9.20383818586372e-01
-5.24186949779852e-01 -3.19672129300707e-01 8.36732852798071e-05
4.20635246804092e-01 -2.64246463357932e-01 7.50041843057872e-01
5.85282687526049e-01 6.67870870099079e-05 3.85563795933265e-01
9.66151276797623e-02 -5.83909119438924e-01 3.39509819752063e-01
-1.85589813544210e-01 -5.85250929423571e-01 6.26704418363967e-05
-9.66043017201427e-02 -5.83918712770090e-01 -3.39451836659889e-01
1.85604064597415e-01 -5.85246410607372e-01 -3.40065274586906e-05
-2.73647879266446e-01 -5.30844620661072e-01 -2.96035182261163e-01
-3.19710527409568e-01 -1.20306948436859e-04 -1.08954058595734e+00
5.24170922808911e-01 3.19698366196900e-01 -3.51061837996522e-04
-8.82094440355712e-02 4.16007443245171e-01 -9.20527149516658e-01
3.60846579380020e-01 4.20680678773817e-01 5.49087179642004e-01
8.79693180844135e-02 -4.16150263728610e-01 -9.20347493984153e-01
3.60747803583508e-01 4.20578419712361e-01 -5.49705726799865e-01
-9.67050680888154e-02 5.83925720128629e-01 3.39275740228754e-01
4.20446507302579e-01 2.64273410156628e-01 -7.50457940904693e-01
-2.64348810985881e-01 3.60895158636844e-01 8.74103229952321e-01
4.42657464155191e-01 8.80281967095490e-02 -8.65237525646385e-01
-2.73759841551052e-01 5.30798889389274e-01 2.95942205671194e-01
-4.16099880412786e-01 -4.42808553733551e-01 -1.82915709525515e-01
-3.60991306731386e-01 4.20446638805373e-01 -5.49450552545861e-01
-8.81117991769390e-02 4.16178042111155e-01 9.20234325391804e-01
-5.30834605615727e-01 -1.42560171383284e-01 -5.68699085627580e-01
1.85485810758942e-01 5.85283878979929e-01 -3.30003616492888e-04
-4.20592396783008e-01 -2.64357717058093e-01 -7.49976277218430e-01
-1.63441729351528e-01 -9.66897370304667e-02 -1.21364089561035e+00
-1.85732222018494e-01 5.85205740999129e-01 -2.33300140083814e-04
-1.42548826578249e-01 -2.73718514995117e-01 -1.10327974160871e+00
-5.24276739714117e-01 3.19524848767226e-01 -7.79572172617472e-05
2.73574964515463e-01 5.30909050096486e-01 2.95827072317787e-01
-5.85247867759837e-01 -6.35308124665542e-05 3.85792098906450e-01
-4.20624970877182e-01 2.64262454963882e-01 7.50042399019394e-01
8.80049605509700e-02 4.16210058840570e-01 9.20215933440730e-01
-5.85257310502078e-01 -1.08682787268171e-04 -3.85730157411472e-01
-1.63351220932847e-01 9.66317552245852e-02 1.21371349584268e+00
-1.63327955608281e-01 -9.65669240653806e-02 1.21374931779969e+00
8.78807197038605e-02 4.16039449694929e-01 -9.20600495863077e-01
-2.64325314803383e-01 -3.60929654654975e-01 -8.74072389399933e-01
1.63357318885470e-01 9.66734840016077e-02 1.21369559185686e+00
-1.62289416895430e-04 5.24141356658455e-01 -6.64634503628024e-01
2.64339515581202e-01 -3.60852587468076e-01 8.74191309797933e-01
5.83914635635643e-01 1.63413259530378e-01 2.00477486252467e-01
3.19486049012036e-01 -4.91546831049832e-05 -1.08982507701898e+00
4.42839910088508e-01 -8.79831404929175e-02 8.64853866050499e-01
4.42824636559875e-01 8.81419487464756e-02 8.64817787936294e-01
-1.12074560297446e-05 1.85673692246669e-01 1.21646324231411e+00
1.42458058240214e-01 2.73747733138669e-01 1.10329907516269e+00
3.01280607490628e-05 -1.85569367980843e-01 1.21653201989408e+00
-4.42842644936879e-01 8.79164232506625e-02 -8.64877129788317e-01
1.42514673243556e-01 -2.73620425421161e-01 1.10340392615688e+00
-9.65687624438503e-02 -5.83911513905901e-01 3.39549018889495e-01
3.45386632331877e-05 -5.24209916272133e-01 6.64400921337913e-01
-2.73625490443654e-01 -5.30835760606178e-01 2.96193201331820e-01
-4.16090308487398e-01 -4.42800442666599e-01 1.83094539776998e-01
-2.64257847924676e-01 -3.60879115915383e-01 8.74250674351350e-01
3.60923376411436e-01 -4.20558265000564e-01 5.49274227791038e-01
4.42672735554420e-01 -8.80719234056178e-02 -8.65184540155588e-01
2.64196195821844e-01 -3.60903135293475e-01 -8.74288341592667e-01
4.16141886826960e-01 -4.42770239968517e-01 1.82903548511647e-01
-5.30815597401648e-01 -1.42506892144301e-01 5.68833424827657e-01
-4.42777322655095e-01 -8.80685368732083e-02 8.64954762441342e-01
9.65688073538806e-02 -5.83916318369164e-01 -3.39513263773010e-01
-8.80150626333835e-02 -4.16112583777481e-01 9.20402206625974e-01
-3.60880793322164e-01 -4.20613548527965e-01 -5.49212214018542e-01
-1.42441591910412e-01 -2.73638930163584e-01 1.10342487166308e+00
5.30883642149500e-01 -1.42414291137934e-01 5.68659232159155e-01
-2.73782225062976e-01 5.30738422034554e-01 -2.96321064280281e-01
2.73628021922802e-01 -5.30832910898803e-01 -2.96205163379613e-01
-8.81127187943456e-02 -4.16157461609653e-01 -9.20274158256679e-01
5.83896954686719e-01 -1.63316809806014e-01 -2.01038787943108e-01
4.16063750670364e-01 4.42864198671468e-01 1.82688599982239e-01
-1.16522094227454e-04 -1.85674673256039e-01 -1.21646257146234e+00
4.16029192117866e-01 4.42829456073027e-01 -1.83391175731756e-01
5.83940411657851e-01 -1.63298687301847e-01 2.00556452952056e-01
-1.57850909033849e-04 1.85494187961189e-01 -1.21658151561658e+00
1.63178464301009e-01 9.65121355427357e-02 -1.21385501825919e+00
5.30742168456605e-01 1.42479525851905e-01 -5.69158990287249e-01
5.30860318269880e-01 1.42559423716760e-01 5.68596184058224e-01
2.64126428623342e-01 3.60832193023775e-01 -8.74505911480515e-01
-8.22039302004764e-05 5.24276309599273e-01 6.64174514832745e-01
1.42299265463242e-01 2.73568983364106e-01 -1.10357914296247e+00
-4.16218945341348e-01 4.42674352804136e-01 -1.83148615802832e-01
-3.60957634336729e-01 4.20548871918028e-01 5.49208031618525e-01
-5.30874730117728e-01 1.42335748124803e-01 -5.68780132688733e-01
9.64913615383474e-02 5.83966344798732e-01 3.39236527480984e-01
9.64450461616207e-02 5.83894048763035e-01 -3.39830596260180e-01
-9.67406035590622e-02 5.83853429057337e-01 -3.39769156153285e-01
-4.16209376164789e-01 4.42709086748201e-01 1.82879629783884e-01
-5.30855724002356e-01 1.42415616053699e-01 5.68770397301879e-01
-4.42818704902271e-01 -8.81572915096267e-02 -8.64824153945836e-01
3.60824598232301e-01 -4.20584639177455e-01 -5.49467342052171e-01
-5.83892046415503e-01 -1.63396388805719e-01 2.00820875033258e-01
4.20493006977670e-01 -2.64301742333620e-01 -7.50302247079266e-01
-5.83897004734404e-01 -1.63414503332329e-01 -2.00694861115924e-01
-3.19636366895230e-01 7.23170526526223e-06 1.08963462375736e+00
5.24223483599108e-01 -3.19612204291940e-01 -1.89399436119410e-04
-5.83939015234707e-01 1.63250928065369e-01 2.00741928115166e-01
-5.83943971943261e-01 1.63222045916284e-01 -2.00781101415374e-01
4.16107327186831e-01 -4.42778353684329e-01 -1.83158227323200e-01
-4.42801263844630e-01 8.80301398254019e-02 8.64918695428420e-01
4.20588743783910e-01 2.64393778307171e-01 7.49930202510346e-01
1.63377077465008e-01 -9.65359029144172e-02 1.21373141533645e+00
2.73525952199858e-01 5.30848571016193e-01 -2.96491086030309e-01
3.19674603698045e-01 7.84118216179449e-05 1.08958614471500e+00
2.64269741795202e-01 3.60986339791982e-01 8.74043851278402e-01
-1.42506865039154e-01 2.73702782554831e-01 1.10332002638800e+00
5.30765490184891e-01 -1.42467590938943e-01 -5.69077926337490e-01
-1.63464991191215e-01 9.64704246437395e-02 -1.21370276506795e+00
2.73677037888658e-01 -5.30824048297884e-01 2.96078102108736e-01
-1.89696644756087e-01 -4.96715249998686e-01 6.38146608467212e-01
1.30517374679830e-05 5.37408880123235e-05 1.27621997769103e+00
-1.89817732848657e-01 4.96733200439870e-01 6.37930629265963e-01
-1.89753692458766e-01 -4.96737910056185e-01 -6.37997099330643e-01
6.13972481461314e-01 4.73971421468743e-05 -2.93618841025688e-04
4.96677956260458e-01 -3.06985651079364e-01 -3.94572779734500e-01
-3.07046003501609e-01 -1.89815541743471e-01 -1.03233730188838e+00
4.96757666269841e-01 -3.06959358171366e-01 3.94227451191975e-01
-3.07094722403393e-01 1.89588428572929e-01 -1.03245500261496e+00
-6.13972492915277e-01 -8.93071599476909e-05 2.62250973589828e-05
1.89671820387068e-01 -4.96727601905457e-01 -6.38136948888626e-01
3.06867968383361e-01 -1.89766939776292e-01 -1.03260459951481e+00
-1.32246987281272e-04 6.13972469562913e-01 -2.88929930287816e-04
3.06832193361824e-01 1.89676506488447e-01 -1.03272231596195e+00
4.48173461238902e-06 -6.13972499435979e-01 2.15815009855733e-05
1.89768628775431e-01 -4.96704938875482e-01 6.38088810726633e-01
-3.07022299543706e-01 1.89741434617034e-01 1.03242662115803e+00
4.96626538395577e-01 3.07018633342070e-01 -3.94741500667930e-01
-3.06973573632560e-01 -1.89726846622584e-01 1.03250080405050e+00
3.07008701327454e-01 1.89829544085754e-01 1.03237411065016e+00
4.96706245999296e-01 3.07084689015724e-01 3.94085634919480e-01
-4.96685903440085e-01 -3.07018284168356e-01 3.94419822069589e-01
3.07044481618801e-01 -1.89678226972004e-01 1.03244830114316e+00
1.89668480399759e-01 4.96807390538974e-01 6.37872813748348e-01
-4.96701290586331e-01 -3.07044566356141e-01 -3.94247664927465e-01
-1.40791853008800e-04 -9.56525142397615e-05 -1.27621993382577e+00
1.89571681125880e-01 4.96680644283027e-01 -6.38423374522453e-01
-4.96771207736972e-01 3.06922403920082e-01 3.94278037188923e-01
-4.96786589444136e-01 3.06856370628471e-01 -3.94416348602054e-01
-1.89874771040351e-01 4.96606470139292e-01 -6.38283503015912e-01
-3.22763139635029e-01 -5.22289368368012e-01 8.24727518652126e-05
3.22787008067440e-01 -5.22274617338655e-01 -8.56580672063121e-05
3.22689427820014e-01 5.22334887828742e-01 -3.49813108905550e-04
-3.22898171371229e-01 5.22205891847677e-01 -1.81642001189043e-04
-5.22282166673606e-01 -3.98324936257494e-05 6.70928487951151e-01
-5.22305529356166e-01 -1.18358820500756e-04 -6.70849862874376e-01
5.22189326981395e-01 -2.08617048431039e-06 -6.71240652343998e-01
5.22327746589395e-01 7.64695816446374e-05 6.70775145227733e-01
-3.43730000511031e-05 3.22861577567532e-01 1.08551845203770e+00
3.75144622157659e-05 -3.22764822591126e-01 1.08564276436359e+00
-9.33574227977899e-05 -3.22834385477009e-01 -1.08555337920157e+00
-1.65235649824103e-04 3.22676971859028e-01 -1.08575554066150e+00
3 631 67 1
3 599 6 67
3 497 1 6
3 67 6 1
3 615 294 296
3 494 73 294
3 599 296 73
3 294 73 296
3 614 232 293
3 497 231 232
3 494 293 231
3 232 231 293
3 599 73 6
3 494 231 73
3 497 6 231
3 73 231 6
3 639 43 297
3 553 473 43
3 490 297 473
3 43 473 297
3 600 430 152
3 542 47 430
3 553 152 47
3 430 47 152
3 615 74 70
3 490 340 74
3 542 70 340
3 74 340 70
3 553 47 473
3 542 340 47
3 490 473 340
3 47 340 473
3 630 374 145
3 495 353 374
3 543 145 353
3 374 353 145
3 614 284 147
3 541 350 284
3 495 147 350
3 284 350 147
3 600 262 168
3 543 373 262
3 541 168 373
3 262 373 168
3 495 350 353
3 541 373 350
3 543 353 373
3 350 373 353
3 615 70 294
3 542 339 70
3 494 294 339
3 70 339 294
3 600 168 430
3 541 372 168
3 542 430 372
3 168 372 430
3 614 293 284
3 494 336 293
3 541 284 336
3 293 336 284
3 542 372 339
3 541 336 372
3 494 339 336
3 372 336 339
3 640 236 3
3 503 286 236
3 559 3 286
3 236 286 3
3 610 467 357
3 489 135 467
3 503 357 135
3 467 135 357
3 603 5 338
3 559 246 5
3 489 338 246
3 5 246 338
3 503 135 286
3 489 246 135
3 559 286 246
3 135 246 286
3 631 1 104
3 497 458 1
3 558 104 458
3 1 458 104
3 614 436 232
3 552 453 436
3 497 232 453
3 436 453 232
3 610 320 433
3 558 337 320
3 552 433 337
3 320 337 433
3 497 453 458
3 552 337 453
3 558 458 337
3 453 337 458
3 630 290 374
3 498 241 290
3 495 374 241
3 290 241 374
3 603 319 429
3 496 258 319
3 498 429 258
3 319 258 429
3 614 147 452
3 495 237 147
3 496 452 237
3 147 237 452
3 498 258 241
3 496 237 258
3 495 241 237
3 258 237 241
3 610 433 467
3 552 242 433
3 489 467 242
3 433 242 467
3 614 452 436
3 496 25 452
3 552 436 25
3 452 25 436
3 603 338 319
3 489 17 338
3 496 319 17
3 338 17 319
3 552 25 242
3 496 17 25
3 489 242 17
3 25 17 242
3 635 349 20
3 580 363 349
3 513 20 363
3 349 363 20
3 606 272 9
3 515 44 272
3 580 9 44
3 272 44 9
3 624 364 45
3 513 129 364
3 515 45 129
3 364 129 45
3 580 44 363
3 515 129 44
3 513 363 129
3 44 129 363
3 640 3 194
3 559 140 3
3 518 194 140
3 3 140 194
3 603 87 5
3 528 399 87
3 559 5 399
3 87 399 5
3 606 199 89
3 518 254 199
3 528 89 254
3 199 254 89
3 559 399 140
3 528 254 399
3 518 140 254
3 399 254 140
3 630 85 290
3 510 470 85
3 498 290 470
3 85 470 290
3 624 217 442
3 554 86 217
3 510 442 86
3 217 86 442
3 603 429 459
3 498 475 429
3 554 459 475
3 429 475 459
3 510 86 470
3 554 475 86
3 498 470 475
3 86 475 470
3 606 89 272
3 528 213 89
3 515 272 213
3 89 213 272
3 603 459 87
3 554 394 459
3 528 87 394
3 459 394 87
3 624 45 217
3 515 100 45
3 554 217 100
3 45 100 217
3 528 394 213
3 554 100 394
3 515 213 100
3 394 100 213
3 634 279 111
3 521 411 279
3 550 111 411
3 279 411 111
3 609 151 405
3 582 163 151
3 521 405 163
3 151 163 405
3 621 461 376
3 550 464 461
3 582 376 464
3 461 464 376
3 521 163 411
3 582 464 163
3 550 411 464
3 163 464 411
3 635 20 205
3 513 235 20
3 524 205 235
3 20 235 205
3 624 2 364
3 584 365 2
3 513 364 365
3 2 365 364
3 609 314 234
3 524 90 314
3 584 234 90
3 314 90 234
3 513 365 235
3 584 90 365
3 524 235 90
3 365 90 235
3 630 450 85
3 544 441 450
3 510 85 441
3 450 441 85
3 621 36 316
3 491 356 36
3 544 316 356
3 36 356 316
3 624 442 38
3 510 8 442
3 491 38 8
3 442 8 38
3 544 356 441
3 491 8 356
3 510 441 8
3 356 8 441
3 609 234 151
3 584 380 234
3 582 151 380
3 234 380 151
3 624 38 2
3 491 40 38
3 584 2 40
3 38 40 2
3 621 376 36
3 582 37 376
3 491 36 37
3 376 37 36
3 584 40 380
3 491 37 40
3 582 380 37
3 40 37 380
3 639 132 43
3 555 348 132
3 553 43 348
3 132 348 43
3 618 58 359
3 545 34 58
3 555 359 34
3 58 34 359
3 600 152 412
3 553 33 152
3 545 412 33
3 152 33 412
3 555 34 348
3 545 33 34
3 553 348 33
3 34 33 348
3 634 111 420
3 550 302 111
3 551 420 302
3 111 302 420
3 621 177 461
3 486 255 177
3 550 461 255
3 177 255 461
3 618 174 62
3 551 257 174
3 486 62 257
3 174 257 62
3 550 255 302
3 486 257 255
3 551 302 257
3 255 257 302
3 630 145 450
3 543 414 145
3 544 450 414
3 145 414 450
3 600 310 262
3 484 122 310
3 543 262 122
3 310 122 262
3 621 316 92
3 544 123 316
3 484 92 123
3 316 123 92
3 543 122 414
3 484 123 122
3 544 414 123
3 122 123 414
3 618 62 58
3 486 142 62
3 545 58 142
3 62 142 58
3 621 92 177
3 484 141 92
3 486 177 141
3 92 141 177
3 600 412 310
3 545 124 412
3 484 310 124
3 412 124 310
3 486 141 142
3 484 124 141
3 545 142 124
3 141 124 142
3 638 371 229
3 523 225 371
3 512 229 225
3 371 225 229
3 623 230 253
3 570 144 230
3 523 253 144
3 230 144 253
3 602 333 476
3 512 331 333
3 570 476 331
3 333 331 476
3 523 144 225
3 570 331 144
3 512 225 331
3 144 331 225
3 632 303 445
3 514 200 303
3 520 445 200
3 303 200 445
3 612 139 84
3 575 305 139
3 514 84 305
3 139 305 84
3 623 309 248
3 520 159 309
3 575 248 159
3 309 159 248
3 514 305 200
3 575 159 305
3 520 200 159
3 305 159 200
3 633 39 244
3 509 298 39
3 517 244 298
3 39 298 244
3 602 383 150
3 505 195 383
3 509 150 195
3 383 195 150
3 612 16 42
3 517 299 16
3 505 42 299
3 16 299 42
3 509 195 298
3 505 299 195
3 517 298 299
3 195 299 298
3 623 248 230
3 575 220 248
3 570 230 220
3 248 220 230
3 612 42 139
3 505 76 42
3 575 139 76
3 42 76 139
3 602 476 383
3 570 71 476
3 505 383 71
3 476 71 383
3 575 76 220
3 505 71 76
3 570 220 71
3 76 71 220
3 634 238 138
3 590 137 238
3 579 138 137
3 238 137 138
3 616 344 13
3 522 120 344
3 590 13 120
3 344 120 13
3 627 22 0
3 579 179 22
3 522 0 179
3 22 179 0
3 590 120 137
3 522 179 120
3 579 137 179
3 120 179 137
3 638 229 153
3 512 226 229
3 596 153 226
3 229 226 153
3 602 10 333
3 507 283 10
3 512 333 283
3 10 283 333
3 616 384 131
3 596 358 384
3 507 131 358
3 384 358 131
3 512 283 226
3 507 358 283
3 596 226 358
3 283 358 226
3 633 334 39
3 578 79 334
3 509 39 79
3 334 79 39
3 627 162 227
3 573 208 162
3 578 227 208
3 162 208 227
3 602 150 397
3 509 72 150
3 573 397 72
3 150 72 397
3 578 208 79
3 573 72 208
3 509 79 72
3 208 72 79
3 616 131 344
3 507 416 131
3 522 344 416
3 131 416 344
3 602 397 10
3 573 55 397
3 507 10 55
3 397 55 10
3 627 0 162
3 522 175 0
3 573 162 175
3 0 175 162
3 507 55 416
3 573 175 55
3 522 416 175
3 55 175 416
3 635 205 118
3 524 158 205
3 574 118 158
3 205 158 118
3 609 4 314
3 588 93 4
3 524 314 93
3 4 93 314
3 628 477 233
3 574 478 477
3 588 233 478
3 477 478 233
3 524 93 158
3 588 478 93
3 574 158 478
3 93 478 158
3 634 138 279
3 579 172 138
3 521 279 172
3 138 172 279
3 627 451 22
3 587 23 451
3 579 22 23
3 451 23 22
3 609 405 211
3 521 165 405
3 587 211 165
3 405 165 211
3 579 23 172
3 587 165 23
3 521 172 165
3 23 165 172
3 633 444 334
3 572 201 444
3 578 334 201
3 444 201 334
3 628 268 311
3 519 381 268
3 572 311 381
3 268 381 311
3 627 227 267
3 578 385 227
3 519 267 385
3 227 385 267
3 572 381 201
3 519 385 381
3 578 201 385
3 381 385 201
3 609 211 4
3 587 454 211
3 588 4 454
3 211 454 4
3 627 267 451
3 519 269 267
3 587 451 269
3 267 269 451
3 628 233 268
3 588 271 233
3 519 268 271
3 233 271 268
3 587 269 454
3 519 271 269
3 588 454 271
3 269 271 454
3 641 181 155
3 482 91 181
3 501 155 91
3 181 91 155
3 608 31 186
3 483 59 31
3 482 186 59
3 31 59 186
3 629 390 260
3 501 108 390
3 483 260 108
3 390 108 260
3 482 59 91
3 483 108 59
3 501 91 108
3 59 108 91
3 635 118 164
3 574 7 118
3 539 164 7
3 118 7 164
3 628 125 477
3 481 15 125
3 574 477 15
3 125 15 477
3 608 280 346
3 539 19 280
3 481 346 19
3 280 19 346
3 574 15 7
3 481 19 15
3 539 7 19
3 15 19 7
3 633 265 444
3 557 126 265
3 572 444 126
3 265 126 444
3 629 277 154
3 511 105 277
3 557 154 105
3 277 105 154
3 628 311 276
3 572 317 311
3 511 276 317
3 311 317 276
3 557 105 126
3 511 317 105
3 572 126 317
3 105 317 126
3 608 346 31
3 481 256 346
3 483 31 256
3 346 256 31
3 628 276 125
3 511 243 276
3 481 125 243
3 276 243 125
3 629 260 277
3 483 216 260
3 511 277 216
3 260 216 277
3 481 243 256
3 511 216 243
3 483 256 216
3 243 216 256
3 632 215 303
3 593 304 215
3 514 303 304
3 215 304 303
3 626 88 110
3 576 203 88
3 593 110 203
3 88 203 110
3 612 84 440
3 514 307 84
3 576 440 307
3 84 307 440
3 593 203 304
3 576 307 203
3 514 304 307
3 203 307 304
3 641 155 247
3 501 382 155
3 527 247 382
3 155 382 247
3 629 209 390
3 530 35 209
3 501 390 35
3 209 35 390
3 626 24 207
3 527 191 24
3 530 207 191
3 24 191 207
3 501 35 382
3 530 191 35
3 527 382 191
3 35 191 382
3 633 244 265
3 517 130 244
3 557 265 130
3 244 130 265
3 612 273 16
3 577 355 273
3 517 16 355
3 273 355 16
3 629 154 400
3 557 127 154
3 577 400 127
3 154 127 400
3 517 355 130
3 577 127 355
3 557 130 127
3 355 127 130
3 626 207 88
3 530 471 207
3 576 88 471
3 207 471 88
3 629 400 209
3 577 472 400
3 530 209 472
3 400 472 209
3 612 440 273
3 576 250 440
3 577 273 250
3 440 250 273
3 530 472 471
3 577 250 472
3 576 471 250
3 472 250 471
3 641 247 249
3 527 190 247
3 571 249 190
3 247 190 249
3 626 134 24
3 569 78 134
3 527 24 78
3 134 78 24
3 613 368 12
3 571 408 368
3 569 12 408
3 368 408 12
3 527 78 190
3 569 408 78
3 571 190 408
3 78 408 190
3 632 387 215
3 563 389 387
3 593 215 389
3 387 389 215
3 617 196 157
3 504 425 196
3 563 157 425
3 196 425 157
3 626 110 300
3 593 437 110
3 504 300 437
3 110 437 300
3 563 425 389
3 504 437 425
3 593 389 437
3 425 437 389
3 636 193 156
3 508 426 193
3 567 156 426
3 193 426 156
3 613 324 432
3 506 161 324
3 508 432 161
3 324 161 432
3 617 388 327
3 567 398 388
3 506 327 398
3 388 398 327
3 508 161 426
3 506 398 161
3 567 426 398
3 161 398 426
3 626 300 134
3 504 427 300
3 569 134 427
3 300 427 134
3 617 327 196
3 506 180 327
3 504 196 180
3 327 180 196
3 613 12 324
3 569 402 12
3 506 324 402
3 12 402 324
3 504 180 427
3 506 402 180
3 569 427 402
3 180 402 427
3 640 197 252
3 562 323 197
3 487 252 323
3 197 323 252
3 625 342 439
3 485 360 342
3 562 439 360
3 342 360 439
3 611 369 228
3 487 421 369
3 485 228 421
3 369 421 228
3 562 360 323
3 485 421 360
3 487 323 421
3 360 421 323
3 641 249 133
3 571 409 249
3 565 133 409
3 249 409 133
3 613 83 368
3 566 422 83
3 571 368 422
3 83 422 368
3 625 361 198
3 565 282 361
3 566 198 282
3 361 282 198
3 571 422 409
3 566 282 422
3 565 409 282
3 422 282 409
3 636 375 193
3 547 182 375
3 508 193 182
3 375 182 193
3 611 28 143
3 533 101 28
3 547 143 101
3 28 101 143
3 613 432 30
3 508 61 432
3 533 30 61
3 432 61 30
3 547 101 182
3 533 61 101
3 508 182 61
3 101 61 182
3 625 198 342
3 566 362 198
3 485 342 362
3 198 362 342
3 613 30 83
3 533 318 30
3 566 83 318
3 30 318 83
3 611 228 28
3 485 14 228
3 533 28 14
3 228 14 28
3 566 318 362
3 533 14 318
3 485 362 14
3 318 14 362
3 631 104 185
3 558 462 104
3 589 185 462
3 104 462 185
3 610 431 320
3 581 456 431
3 558 320 456
3 431 456 320
3 605 291 295
3 589 75 291
3 581 295 75
3 291 75 295
3 558 456 462
3 581 75 456
3 589 462 75
3 456 75 462
3 640 252 236
3 487 109 252
3 503 236 109
3 252 109 236
3 611 449 369
3 548 112 449
3 487 369 112
3 449 112 369
3 610 357 448
3 503 173 357
3 548 448 173
3 357 173 448
3 487 112 109
3 548 173 112
3 503 109 173
3 112 173 109
3 636 417 375
3 597 378 417
3 547 375 378
3 417 378 375
3 605 455 56
3 583 322 455
3 597 56 322
3 455 322 56
3 611 143 99
3 547 261 143
3 583 99 261
3 143 261 99
3 597 322 378
3 583 261 322
3 547 378 261
3 322 261 378
3 610 448 431
3 548 97 448
3 581 431 97
3 448 97 431
3 611 99 449
3 583 98 99
3 548 449 98
3 99 98 449
3 605 295 455
3 581 69 295
3 583 455 69
3 295 69 455
3 548 98 97
3 583 69 98
3 581 97 69
3 98 69 97
3 637 435 285
3 556 457 435
3 493 285 457
3 435 457 285
3 607 332 77
3 564 466 332
3 556 77 466
3 332 466 77
3 604 418 329
3 493 103 418
3 564 329 103
3 418 103 329
3 556 466 457
3 564 103 466
3 493 457 103
3 466 103 457
3 631 185 53
3 589 415 185
3 549 53 415
3 185 415 53
3 605 377 291
3 586 149 377
3 589 291 149
3 377 149 291
3 607 167 379
3 549 413 167
3 586 379 413
3 167 413 379
3 589 149 415
3 586 413 149
3 549 415 413
3 149 413 415
3 636 396 417
3 488 401 396
3 597 417 401
3 396 401 417
3 604 116 48
3 560 343 116
3 488 48 343
3 116 343 48
3 605 56 117
3 597 474 56
3 560 117 474
3 56 474 117
3 488 343 401
3 560 474 343
3 597 401 474
3 343 474 401
3 607 379 332
3 586 115 379
3 564 332 115
3 379 115 332
3 605 117 377
3 560 341 117
3 586 377 341
3 117 341 377
3 604 329 116
3 564 270 329
3 560 116 270
3 329 270 116
3 586 341 115
3 560 270 341
3 564 115 270
3 341 270 115
3 632 245 387
3 561 281 245
3 563 387 281
3 245 281 387
3 620 80 136
3 500 366 80
3 561 136 366
3 80 366 136
3 617 157 438
3 563 367 157
3 500 438 367
3 157 367 438
3 561 366 281
3 500 367 366
3 563 281 367
3 366 367 281
3 637 285 465
3 493 106 285
3 568 465 106
3 285 106 465
3 604 63 418
3 532 210 63
3 493 418 210
3 63 210 418
3 620 325 289
3 568 306 325
3 532 289 306
3 325 306 289
3 493 210 106
3 532 306 210
3 568 106 306
3 210 306 106
3 636 156 396
3 567 347 156
3 488 396 347
3 156 347 396
3 617 206 388
3 480 345 206
3 567 388 345
3 206 345 388
3 604 48 95
3 488 460 48
3 480 95 460
3 48 460 95
3 567 345 347
3 480 460 345
3 488 347 460
3 345 460 347
3 620 289 80
3 532 21 289
3 500 80 21
3 289 21 80
3 604 95 63
3 480 479 95
3 532 63 479
3 95 479 63
3 617 438 206
3 500 121 438
3 480 206 121
3 438 121 206
3 532 479 21
3 480 121 479
3 500 21 121
3 479 121 21
3 641 133 181
3 565 313 133
3 482 181 313
3 133 313 181
3 625 128 361
3 598 18 128
3 565 361 18
3 128 18 361
3 608 186 354
3 482 64 186
3 598 354 64
3 186 64 354
3 565 18 313
3 598 64 18
3 482 313 64
3 18 64 313
3 640 194 197
3 518 251 194
3 562 197 251
3 194 251 197
3 606 114 199
3 516 119 114
3 518 199 119
3 114 119 199
3 625 439 330
3 562 221 439
3 516 330 221
3 439 221 330
3 518 119 251
3 516 221 119
3 562 251 221
3 119 221 251
3 635 164 349
3 539 51 164
3 580 349 51
3 164 51 349
3 608 264 280
3 499 240 264
3 539 280 240
3 264 240 280
3 606 9 263
3 580 32 9
3 499 263 32
3 9 32 263
3 539 240 51
3 499 32 240
3 580 51 32
3 240 32 51
3 625 330 128
3 516 468 330
3 598 128 468
3 330 468 128
3 606 263 114
3 499 11 263
3 516 114 11
3 263 11 114
3 608 354 264
3 598 146 354
3 499 264 146
3 354 146 264
3 516 11 468
3 499 146 11
3 598 468 146
3 11 146 468
3 639 315 132
3 538 222 315
3 555 132 222
3 315 222 132
3 601 423 446
3 526 178 423
3 538 446 178
3 423 178 446
3 618 359 60
3 555 424 359
3 526 60 424
3 359 424 60
3 538 178 222
3 526 424 178
3 555 222 424
3 178 424 222
3 638 153 184
3 596 183 153
3 536 184 183
3 153 183 184
3 616 278 384
3 525 50 278
3 596 384 50
3 278 50 384
3 601 288 160
3 536 170 288
3 525 160 170
3 288 170 160
3 596 50 183
3 525 170 50
3 536 183 170
3 50 170 183
3 634 420 238
3 551 419 420
3 590 238 419
3 420 419 238
3 618 189 174
3 585 287 189
3 551 174 287
3 189 287 174
3 616 13 188
3 590 428 13
3 585 188 428
3 13 428 188
3 551 287 419
3 585 428 287
3 590 419 428
3 287 428 419
3 601 160 423
3 525 57 160
3 526 423 57
3 160 57 423
3 616 188 278
3 585 403 188
3 525 278 403
3 188 403 278
3 618 60 189
3 526 176 60
3 585 189 176
3 60 176 189
3 525 403 57
3 585 176 403
3 526 57 176
3 403 176 57
3 637 465 407
3 568 352 465
3 535 407 352
3 465 352 407
3 620 434 325
3 591 463 434
3 568 325 463
3 434 463 325
3 619 166 301
3 535 404 166
3 591 301 404
3 166 404 301
3 568 463 352
3 591 404 463
3 535 352 404
3 463 404 352
3 632 445 245
3 520 46 445
3 561 245 46
3 445 46 245
3 623 219 309
3 502 393 219
3 520 309 393
3 219 393 309
3 620 136 218
3 561 392 136
3 502 218 392
3 136 392 218
3 520 393 46
3 502 392 393
3 561 46 392
3 393 392 46
3 638 29 371
3 537 148 29
3 523 371 148
3 29 148 371
3 619 81 259
3 595 27 81
3 537 259 27
3 81 27 259
3 623 253 192
3 523 370 253
3 595 192 370
3 253 370 192
3 537 27 148
3 595 370 27
3 523 148 370
3 27 370 148
3 620 218 434
3 502 326 218
3 591 434 326
3 218 326 434
3 623 192 219
3 595 328 192
3 502 219 328
3 192 328 219
3 619 301 81
3 591 82 301
3 595 81 82
3 301 82 81
3 502 328 326
3 595 82 328
3 591 326 82
3 328 82 326
3 639 214 315
3 540 113 214
3 538 315 113
3 214 113 315
3 622 266 102
3 592 212 266
3 540 102 212
3 266 212 102
3 601 446 41
3 538 312 446
3 592 41 312
3 446 312 41
3 540 212 113
3 592 312 212
3 538 113 312
3 212 312 113
3 637 407 96
3 535 469 407
3 534 96 469
3 407 469 96
3 619 239 166
3 594 406 239
3 535 166 406
3 239 406 166
3 622 447 351
3 534 94 447
3 594 351 94
3 447 94 351
3 535 406 469
3 594 94 406
3 534 469 94
3 406 94 469
3 638 184 29
3 536 26 184
3 537 29 26
3 184 26 29
3 601 391 288
3 529 169 391
3 536 288 169
3 391 169 288
3 619 259 49
3 537 171 259
3 529 49 171
3 259 171 49
3 536 169 26
3 529 171 169
3 537 26 171
3 169 171 26
3 622 351 266
3 594 386 351
3 592 266 386
3 351 386 266
3 619 49 239
3 529 275 49
3 594 239 275
3 49 275 239
3 601 41 391
3 592 274 41
3 529 391 274
3 41 274 391
3 594 275 386
3 529 274 275
3 592 386 274
3 275 274 386
3 631 53 67
3 549 54 53
3 599 67 54
3 53 54 67
3 607 187 167
3 546 395 187
3 549 167 395
3 187 395 167
3 615 296 292
3 599 68 296
3 546 292 68
3 296 68 292
3 549 395 54
3 546 68 395
3 599 54 68
3 395 68 54
3 637 96 435
3 534 224 96
3 556 435 224
3 96 224 435
3 622 321 447
3 492 204 321
3 534 447 204
3 321 204 447
3 607 77 107
3 556 443 77
3 492 107 443
3 77 443 107
3 534 204 224
3 492 443 204
3 556 224 443
3 204 443 224
3 639 297 214
3 490 335 297
3 540 214 335
3 297 335 214
3 615 410 74
3 531 223 410
3 490 74 223
3 410 223 74
3 622 102 52
3 540 65 102
3 531 52 65
3 102 65 52
3 490 223 335
3 531 65 223
3 540 335 65
3 223 65 335
3 607 107 187
3 492 308 107
3 546 187 308
3 107 308 187
3 622 52 321
3 531 202 52
3 492 321 202
3 52 202 321
3 615 292 410
3 546 66 292
3 531 410 66
3 292 66 410
3 492 202 308
3 531 66 202
3 546 308 66
3 202 66 308
