OFF
642 1280 0
-3.08609304669313e-01 1.92727777626184e-01 7.10406067073730e-01
1.75779785893320e-01 -3.68577123048484e-01 -7.64292830932726e-05
-3.63837091605437e-01 -1.58640264770882e-01 -3.67646946265146e-01
-2.60607056349209e-02 -2.43896473474143e-01 -1.25112060457199e+00
-4.03322353471531e-01 5.52059202921694e-02 -1.23051717919621e-01
-9.28904976750071e-02 -3.06706716581611e-01 -9.69872689154979e-01
1.52104489983020e-01 -3.75715378683334e-01 1.89679864141461e-01
-3.26242346241363e-01 8.00205414779991e-02 -8.89797164004212e-01
-3.15926769669759e-01 -2.56856059568905e-01 -1.18915669072111e-01
-2.53148410204403e-01 -9.29264701817366e-02 -1.17512555402347e+00
-1.53342849214565e-01 2.88738318338712e-01 9.37642597167160e-01
-1.62610101472269e-01 -3.24287860692599e-02 -1.43007568627953e+00
1.92651800674919e-01 1.85372702860077e-01 -1.18285917895882e+00
-2.53136002125394e-01 9.28582836661009e-02 1.17524396291087e+00
1.62452297692831e-01 -3.23952824940058e-02 -1.43035020567393e+00
-3.20988006785001e-01 1.36694161591064e-01 -8.13207861383680e-01
-6.36617764652814e-02 4.03354435136664e-01 -3.21408170951704e-04
-3.23745472755137e-02 -3.73208231865997e-01 -6.22847397688563e-01
-5.35738271516460e-02 9.45403054637068e-02 -1.50846928344289e+00
-2.89932508819147e-01 1.17495988104571e-01 -1.00578795006607e+00
-3.52516109450198e-01 -4.21524198463382e-02 -7.73160219547790e-01
3.73188305476174e-01 1.62597763424493e-01 1.23591811061726e-01
-3.46004447636998e-01 1.50213595055329e-01 5.99408331861651e-01
-3.74438849778164e-01 1.03689987329466e-01 4.81579303410603e-01
9.27512623771314e-02 3.06647467817112e-01 -9.70343416600748e-01
-1.25083805975295e-05 -3.93201535849372e-01 -4.22248226166091e-01
4.95043317817856e-02 1.52151687081658e-01 1.43976227404564e+00
1.36779240965770e-01 2.12276715518142e-01 1.22977813741434e+00
2.10469314173119e-01 -6.38852656673339e-02 -1.31848193290332e+00
4.20649615862376e-02 2.01843578866104e-01 1.35076972304569e+00
2.10457342650186e-01 6.38212450434953e-02 -1.31855553002462e+00
-1.92836440456563e-01 1.85311585343940e-01 -1.18255792417231e+00
-2.56871713978849e-01 -3.11379540773804e-02 -1.21062488242684e+00
-1.17569135722079e-01 -2.62464164663275e-01 1.11094434239670e+00
-1.36769404131999e-01 -2.12204176678447e-01 1.22997804647324e+00
-3.11699801481308e-02 3.15880092154096e-01 -9.84494950696572e-01
-3.43980754020866e-01 -2.10581955116150e-01 2.44788604191299e-01
-3.73184067776556e-01 -1.62582439493729e-01 1.24074852286224e-01
-3.43985488075654e-01 -2.10590590490644e-01 -2.44581716400923e-01
-2.01860324263185e-01 3.52468951900061e-01 1.61031496673630e-01
-3.73185981046086e-01 -1.62587612152386e-01 -1.23890656488958e-01
5.52925164708994e-02 -3.20762845836108e-02 1.54560177290774e+00
-3.21956207399356e-02 4.03317807477702e-01 2.11498443902500e-01
-2.59832456526059e-02 -2.43857865815304e-01 1.25125478198506e+00
-2.89900630362711e-01 -1.17649950229170e-01 -1.00565857499619e+00
-3.08573552235649e-01 -1.92799819819969e-01 -7.10347059032231e-01
2.32161858541626e-01 3.26262767853417e-01 3.06607511006730e-01
-3.10377219368092e-02 -3.15939834259475e-01 9.84274752435332e-01
4.03352815730959e-01 2.32349982689399e-05 -2.44008151145782e-01
1.58609752634093e-01 9.60309425623007e-02 1.39427291877247e+00
-1.03753832976807e-01 1.25709945288155e-01 1.43482170473365e+00
-2.95641090175570e-01 -8.11113394010385e-05 -1.07947405379669e+00
1.92794957887808e-01 -1.85381267716928e-01 1.18249685955587e+00
2.43874168118374e-01 -3.26493992994161e-01 9.95423691648625e-02
2.32221852189252e-01 -3.26201663174484e-01 3.06894976016406e-01
-2.10702640246488e-01 2.63004793949382e-01 8.83754172671215e-01
3.45944019947919e-01 -1.50252123491234e-01 -5.99778631501272e-01
-1.10195523429836e-01 2.16310728036497e-05 1.50683750161197e+00
-1.92742376356073e-01 -1.85405981605628e-01 1.18256583986964e+00
-1.36879414310131e-01 2.12118433809109e-01 -1.23001552920545e+00
-1.58588179361153e-01 -9.59609815158036e-02 1.39437969533807e+00
2.56742533048965e-01 3.10374326145580e-02 -1.21106515673203e+00
-2.44706713772732e-01 -1.53297437264606e-01 1.10649669128359e+00
4.03314601271424e-01 5.53157995728168e-02 1.22699678387131e-01
-1.03827735723917e-01 1.25594692094730e-01 -1.43489142175679e+00
1.36821654292028e-01 -2.12188507234822e-01 1.22993240297956e+00
2.10688829149847e-01 -2.62993219465712e-01 8.83853111045919e-01
2.01794785883805e-01 -3.52502060372562e-01 1.61173451793791e-01
2.12231368552053e-01 -3.20937435351129e-01 5.24118998371326e-01
2.62962045288406e-01 -2.30659851884968e-01 -8.07458932507628e-01
6.38803222512817e-02 -3.43995777221794e-01 8.06905950736323e-01
-3.24216450282086e-02 3.73227542093541e-01 6.22641451311451e-01
-2.12270482099825e-01 3.20925352154240e-01 5.23995019404062e-01
1.25695454745171e-01 -3.74418526370443e-01 3.97504628985932e-01
9.28902854683061e-02 -3.06678779294842e-01 9.70002721795319e-01
2.62444842436714e-01 -2.89884777650479e-01 -4.50794455835329e-01
-7.24607788476016e-05 3.93221718526219e-01 4.21972022645269e-01
3.46010993674641e-01 -1.50226110532680e-01 5.99306764404660e-01
1.17478892165766e-01 2.62424485580655e-01 -1.11122217478167e+00
-2.32271914782734e-01 3.26172467674890e-01 3.06794289089372e-01
3.43984178471023e-01 2.10613937615345e-01 2.44313373846461e-01
1.92759636353922e-01 1.85477149202433e-01 1.18236060731275e+00
2.30651207868769e-01 2.10728027280171e-01 1.00768355322894e+00
1.58488976327558e-01 9.59244811930582e-02 -1.39458221385604e+00
6.34890424680733e-02 4.03381656358645e-01 -3.82478060734125e-04
-2.43852882873928e-01 -3.26509689905448e-01 -9.95520507432525e-02
-2.62459623332603e-01 -2.89904447632569e-01 -4.50482196147467e-01
-1.53313238323168e-01 -2.88750149299765e-01 -9.37660203054407e-01
9.58678355843706e-02 3.63830343288120e-01 -6.08165310633433e-01
-1.92789187538181e-01 -1.85451709384623e-01 -1.18234845280675e+00
-3.93615705448561e-01 -5.35395758388605e-02 -3.62504877351054e-01
-8.02123364226404e-02 2.32123593308441e-01 -1.25023561430284e+00
-2.88705977815531e-01 -2.44731794180358e-01 5.87510169482135e-01
-3.93631128687940e-01 5.34015234577572e-02 -3.62557977710805e-01
2.56868935445631e-01 -3.10129880412465e-02 1.21068064912882e+00
4.03299907184861e-01 5.53070724719158e-02 -1.23464397664221e-01
3.26534661632819e-01 -2.59589941169713e-02 9.34387602870266e-01
2.10606099269794e-01 -2.63018221051212e-01 -8.84033399145041e-01
2.30592968329400e-01 -2.10668703325889e-01 -1.00806140422004e+00
2.44650146484502e-01 -1.53309612494624e-01 -1.10665561142750e+00
-2.63013190089953e-01 -2.30687501156859e-01 -8.07098208592076e-01
2.56748115366072e-01 -3.10848433538019e-02 -1.21102991763344e+00
1.50287749116971e-01 -1.56407268642976e-01 1.32586307042657e+00
3.93640694798409e-01 -5.34422253633760e-02 3.62317287165485e-01
2.01779878752699e-01 -3.52504692469303e-01 -1.61362894018457e-01
-2.12289862355958e-01 3.20869547335382e-01 -5.24381475546963e-01
3.75740099371193e-01 4.95639203541876e-02 5.82584884357798e-01
3.08609384690919e-01 -1.92734634082725e-01 7.10378237578344e-01
-1.17687892756825e-01 2.62382588142363e-01 -1.11104267032773e+00
8.00458083176326e-02 -2.32231303896873e-01 -1.25009858974916e+00
1.56339216683659e-01 3.45972751791518e-01 -5.76224136300732e-01
-3.52502029395997e-01 -4.21076826458597e-02 7.73290289295056e-01
1.36718717315047e-01 -2.12231663093844e-01 -1.22999115692399e+00
4.95369468553248e-02 -1.52073243475511e-01 1.43986750967027e+00
-1.58649749379160e-01 -9.60315894101734e-02 -1.39420543275561e+00
3.73214369129059e-01 -1.62530251814675e-01 1.23740016399976e-01
4.03308492115818e-01 -5.52524500259255e-02 -1.23411712112122e-01
3.63830841440737e-01 -1.58588651920957e-01 -3.68064572853805e-01
-3.52527956057861e-01 4.19972668270838e-02 -7.73204891799343e-01
-1.03797572237998e-01 -1.25734121826987e-01 -1.43474413129057e+00
-2.89905782247981e-01 1.17575663647417e-01 1.00576435069004e+00
3.73174001168510e-01 1.62587189587456e-01 -1.24427596706551e-01
-2.12187634247177e-01 -3.20949986333038e-01 5.24266161925788e-01
-2.62445986693261e-01 -2.89893329792137e-01 4.50703895366284e-01
-2.10634813644953e-01 -2.63011897276700e-01 8.83960556048764e-01
-3.08626409032644e-01 1.92664339830826e-01 -7.10549637022054e-01
-2.32282446515613e-01 3.26139567388715e-01 -3.07190604526983e-01
-1.25773530368765e-01 3.74370173088102e-01 -3.97810661018914e-01
-5.53647729343438e-02 3.20410297794562e-02 -1.54557452457637e+00
-3.20950215104552e-01 -1.36841996273916e-01 -8.13061762016052e-01
-1.52183336510473e-01 3.75672433809201e-01 -1.89999992971486e-01
-1.92789636047821e-01 1.85416010291153e-01 1.18242960237567e+00
-4.20592701971121e-02 -2.01774536767472e-01 1.35092380699315e+00
-1.08215077438933e-04 1.75705944775422e-01 -1.41261914902472e+00
1.53186315041977e-01 2.88699200670422e-01 -9.38195103413459e-01
3.10195250592853e-02 -3.15958785595731e-01 -9.84193832669493e-01
3.06665382104281e-01 2.53178721880929e-01 3.55482523548883e-01
-3.26223022354985e-01 8.00865599371438e-02 8.89813983769417e-01
-3.52513876928375e-01 4.20507096418039e-02 7.73256502551069e-01
3.20352108274703e-02 4.03331558234712e-01 2.11471056182564e-01
-8.01575275999466e-02 -2.32239665149934e-01 -1.24997063881026e+00
-2.62988828271624e-01 -2.30661175721269e-01 8.07325263107399e-01
-2.30635043871540e-01 -2.10659732283640e-01 1.00794756699587e+00
2.53039922630731e-01 -9.28820943779241e-02 -1.17552016504608e+00
3.10192521317793e-02 3.15996126421145e-01 9.84017879553367e-01
-2.01769945628252e-01 -3.52510759015141e-01 1.61350675059428e-01
-1.62618185470193e-01 3.22740968263231e-02 -1.43011357885718e+00
-6.35676606033205e-02 -4.03369286737242e-01 5.46897010741716e-05
8.00923308897562e-02 2.32269134956131e-01 1.24995159768512e+00
3.15942061939178e-01 -2.56827066076051e-01 -1.19238234305715e-01
-1.56500818397443e-01 3.45973577951877e-01 5.75572228268572e-01
-4.03304919223076e-01 -5.53239919949725e-02 1.23112123210061e-01
-9.28391288801503e-02 -3.06684950655590e-01 9.70045992069910e-01
-4.21056261622177e-02 2.01829873998955e-01 1.35078119092207e+00
-1.56526401967200e-01 3.45910349354134e-01 -5.76027997537342e-01
-2.61160651394503e-02 2.43793298936322e-01 -1.25139894360803e+00
3.52446368885383e-01 4.20832834472259e-02 -7.73682296083887e-01
3.06627502594087e-01 2.53144057185600e-01 -3.56323967430215e-01
-3.75734851188231e-01 4.94299290761387e-02 -5.82801742469482e-01
1.25619935846954e-01 3.74467300112988e-01 3.97180352117262e-01
-5.52751491072191e-02 3.21458139775689e-02 1.54558968136485e+00
2.89798413278825e-01 1.17577879644302e-01 -1.00621487783308e+00
-2.88772277574202e-01 2.44686933100836e-01 5.87306019909411e-01
-3.93611102280472e-01 -5.35191539171864e-02 3.62622550791409e-01
-3.26525863489484e-01 2.59236876094657e-02 -9.34447150774517e-01
-3.93626526332433e-01 5.34271372864522e-02 3.62575941201151e-01
2.53139864571522e-01 9.29266260701134e-02 1.17515240841895e+00
3.06708782814294e-01 -2.53105004027978e-01 3.55703508553355e-01
-9.59500818827351e-02 -3.63847920121389e-01 6.07820293617289e-01
5.34800574109470e-02 9.46696946137955e-02 1.50839897284865e+00
-5.34859931894354e-02 9.46552022689604e-02 1.50840923894602e+00
1.03740189843616e-01 1.25739697777881e-01 1.43479790484015e+00
-3.75726054279121e-01 4.94707925987409e-02 5.82834111437106e-01
1.17532186273587e-01 -2.62485208851510e-01 -1.11092874138375e+00
-2.53111395473233e-01 -9.28664575624746e-02 1.17531230934071e+00
-2.63050328460157e-01 2.30634879423970e-01 8.07141318593132e-01
-1.62547714162074e-01 -3.23441824774852e-02 1.43020798149411e+00
-3.08556444351406e-01 -1.92773043762168e-01 7.10562890199327e-01
-5.34640741718129e-02 -9.45977102346795e-02 1.50847361737203e+00
-3.20969778088419e-01 1.36760668527050e-01 8.13149304623572e-01
2.62920816204367e-01 2.30648162007679e-01 -8.07705111586039e-01
-4.21863600824837e-02 2.01707611428708e-01 -1.35101238530606e+00
2.95530065594520e-01 -1.53043610104470e-05 -1.07992048327076e+00
-4.95277601499855e-02 1.52136816971586e-01 1.43977351818805e+00
-1.58649926244404e-05 1.75828884777640e-01 1.41239453526621e+00
2.43864404715529e-01 -3.26495960027461e-01 -9.97985729401857e-02
-1.50338470102151e-01 1.56343739638980e-01 -1.32588866132907e+00
2.88756398681993e-01 -2.44703507373013e-01 5.87319263308698e-01
-2.10571099563246e-01 6.38624838578546e-02 1.31825944308042e+00
-2.10554633341034e-01 -6.38528616072653e-02 1.31830491420498e+00
7.99972012294071e-02 2.32150899194482e-01 -1.25036358465328e+00
3.09508066727576e-02 3.15892003837930e-01 -9.84540371741080e-01
1.53266880829859e-01 2.88795006890980e-01 9.37568611293510e-01
3.26428318959474e-01 2.60006964910271e-02 -9.34916119216647e-01
-4.21400084387161e-02 -2.01823818586481e-01 -1.35077873230503e+00
-1.25754235360284e-01 3.74415338555531e-01 3.97275622533233e-01
2.88652582389412e-01 2.44730673491970e-01 -5.87902208650127e-01
-6.90733933690977e-05 -1.75818337339533e-01 -1.41241379481790e+00
5.51731681402472e-02 3.20542401085910e-02 -1.54567112429782e+00
-1.50299711009379e-01 -1.56485156182227e-01 -1.32570817528446e+00
1.52030368499069e-01 3.75757000499350e-01 1.89341413143045e-01
-2.81778578598615e-01 2.95547728664523e-01 -1.66398484356049e-04
2.30690003483682e-01 -2.10633127239801e-01 1.00784450699297e+00
1.25587246407436e-01 3.74422128371040e-01 -3.97956842192887e-01
2.89923720210238e-01 -1.17554723641283e-01 1.00572435974696e+00
-3.68590882614399e-01 -7.63473325209909e-05 -6.73523645471212e-01
3.63805164639813e-01 1.58622636961410e-01 -3.68222207411338e-01
6.37477231584870e-02 3.43964726691094e-01 -8.07254281147347e-01
-2.62523249517932e-01 2.89849663878813e-01 4.50455437129516e-01
-6.39599718491582e-02 3.43939320904798e-01 -8.07166686604020e-01
3.93632302078921e-01 5.35255009449624e-02 3.62270660971953e-01
-4.03320951598170e-01 5.52146426799954e-02 1.23061723872788e-01
1.03766002447916e-01 -1.25650721724431e-01 1.43488496470358e+00
-2.30669824645899e-01 -2.10695299836755e-01 -1.00772147324633e+00
4.21084834576391e-02 -2.01769498645695e-01 1.35091234285060e+00
2.01713259973394e-01 3.52532267316131e-01 -1.61701062173174e-01
-2.10735503329382e-01 2.62917554458099e-01 -8.84020282017310e-01
-2.88721686977600e-01 -2.44749841193683e-01 -5.87286342653052e-01
2.88713704873017e-01 2.44787231882079e-01 5.87115082912237e-01
1.85375439047626e-01 3.08641153897054e-01 7.38386728440834e-01
3.22948314315089e-02 3.73240900571605e-01 6.22620638358496e-01
-5.35519137131590e-02 -9.46743612008842e-02 -1.50835723022849e+00
-4.94926286301613e-02 -1.52080426660116e-01 1.43987874982812e+00
1.17622308345674e-01 -2.62453702950676e-01 1.11089797894128e+00
3.26246110248326e-01 -8.00701612936603e-02 8.89711336036049e-01
-3.68076261276948e-05 2.81766456385349e-01 1.13266076956613e+00
-8.01439956121801e-02 2.32241818296730e-01 1.24997750683246e+00
-3.06735524987625e-01 2.53070870310769e-01 3.55721526740419e-01
1.58507802834469e-01 -9.60040421012256e-02 -1.39447038178149e+00
-2.60386133188433e-02 2.43913582236841e-01 1.25107837571710e+00
6.38073802461832e-02 3.44053126633528e-01 8.06631570692544e-01
9.46266992339447e-02 -3.93616942767703e-01 2.04913885924383e-01
6.35745825847343e-02 -4.03368196078428e-01 -6.36626081347267e-06
-3.63882044902656e-01 1.58512233041532e-01 -3.67804545822937e-01
-4.03306321476200e-01 -5.53308938633868e-02 -1.22999054558389e-01
-3.75720720438483e-01 -4.95780468283811e-02 -5.82750759293643e-01
2.59486005253207e-02 -2.43893904507069e-01 -1.25116217933262e+00
-9.46168441243770e-02 -3.93621251427913e-01 -2.04859161007877e-01
-3.26505609520434e-01 2.59862540189648e-02 9.34525562279232e-01
2.10580712162101e-01 6.39162269704839e-02 1.31819863842866e+00
-2.56879963640176e-01 3.09761952501367e-02 -1.21066011817540e+00
-1.52090119477148e-01 -3.75722641753710e-01 -1.89637804659137e-01
3.23324934384406e-02 -3.73207178874406e-01 -6.22888744173003e-01
-2.63074682996210e-01 2.30558702863901e-01 -8.07344340756462e-01
-1.75859828309756e-01 3.68538933694743e-01 -2.51273511803198e-04
2.43814755322725e-01 3.26544560224490e-01 9.92433491757488e-02
-3.10979887853711e-02 -3.15960703351499e-01 -9.84148424883248e-01
2.58953498505184e-02 2.43802309239623e-01 -1.25144052498689e+00
9.59153843937669e-02 3.63898545370719e-01 6.07455515975184e-01
4.19690416656585e-02 2.01721310738223e-01 -1.35108174747625e+00
-1.00069691693727e-04 3.93172673510489e-01 -4.22642576340537e-01
-4.95772461207188e-02 -1.52142513134324e-01 -1.43973966511827e+00
4.20125586268088e-02 -2.01818782464756e-01 -1.35084808582215e+00
9.28267392199971e-02 3.06748888242294e-01 9.69766463705540e-01
-1.36827317089742e-01 -2.12247326325561e-01 -1.22977409184991e+00
-3.20931981446438e-01 -1.36805251337929e-01 8.13258253460586e-01
-2.30724847352077e-01 2.10559493467668e-01 -1.00795332807486e+00
-2.89873901857029e-01 -1.17601916120816e-01 1.00585421953295e+00
-1.25682289889825e-01 -3.74427853674401e-01 -3.97436728009633e-01
1.50256835104458e-01 1.56501132203979e-01 1.32575185722356e+00
-1.53384922089440e-01 2.88642526603220e-01 -9.37974619202434e-01
2.89818900689297e-01 -1.17602773294054e-01 -1.00608548482303e+00
-1.56414729970836e-01 -3.45979728917802e-01 5.75861534116288e-01
-2.10603662804312e-01 -6.39252878946064e-02 -1.31813833666326e+00
-2.10620127877374e-01 6.37675217766261e-02 -1.31821192586610e+00
-2.01866507509727e-01 3.52451105406198e-01 -1.61490677918376e-01
1.58628581669283e-01 -9.59334243132614e-02 1.39434004948964e+00
-3.44039740659100e-01 2.10500428804027e-01 2.44600904367046e-01
-3.44044472089452e-01 2.10477994917336e-01 -2.44786619456424e-01
-3.73230397286748e-01 1.62483755448185e-01 1.23926678000322e-01
3.93203774333670e-01 -1.10174474478791e-01 -3.01368548128576e-04
-3.73232309902128e-01 1.62473184644459e-01 -1.24045564540934e-01
-2.44742810461782e-01 -1.53344982970990e-01 -1.10628266741352e+00
-3.22085587965277e-02 4.03292919850795e-01 -2.12165442408506e-01
1.10215281330800e-01 4.61708973644895e-05 1.50681627128297e+00
1.62570613326785e-01 3.24099751964364e-02 1.43014788175086e+00
-2.88787981245338e-01 2.44630390828824e-01 -5.87538496874643e-01
-1.85493265483985e-01 3.08493295870025e-01 -7.38859454410651e-01
-1.58612097163465e-01 9.59878629115431e-02 1.39431256732399e+00
-3.68580073490202e-01 -3.35846831584664e-05 6.73610564427263e-01
-2.53173015255200e-01 9.27690663631128e-02 -1.17523034864424e+00
2.81668210715187e-01 2.95652896536786e-01 -4.36996595408647e-04
5.33706356962324e-02 9.45547907418285e-02 -1.50856172792245e+00
-1.17632741443007e-01 2.62492150327494e-01 1.11074833509625e+00
-3.21036386719281e-02 -4.03312210469630e-01 2.11860227275171e-01
3.68608368280057e-01 4.84901128172893e-05 6.73383130423717e-01
-4.81441297303623e-05 -2.81738359730978e-01 -1.13276340251130e+00
-2.56834190217275e-01 -3.10661190836172e-02 1.21076889820091e+00
9.81023840116690e-07 6.36153281558658e-02 1.54578819204633e+00
3.63847131377093e-01 1.58653804243808e-01 3.67415147553410e-01
-2.01776128887324e-01 -3.52513390801705e-01 -1.61152551613723e-01
3.06670901229934e-01 -2.53115538906283e-01 -3.56072901341483e-01
1.85434600958222e-01 -3.08564929616036e-01 7.38636383180945e-01
3.21228619796117e-02 -4.03311659121765e-01 2.11832846878642e-01
9.59905797039007e-02 -3.63844341315408e-01 6.07757844469211e-01
2.88695273883251e-01 -2.44721560607675e-01 -5.87650004886401e-01
1.56456934606585e-01 -3.45972471887040e-01 5.75757177375848e-01
2.60347679206721e-02 -2.43855297563920e-01 1.25124640443173e+00
-1.52174803125594e-01 3.75694019854670e-01 1.89472805411024e-01
-9.46999290704321e-02 3.93608986314265e-01 2.04641327789252e-01
1.85308799957775e-01 3.08563722960624e-01 -7.39107304300511e-01
2.44730886642534e-01 1.53362858682390e-01 1.10628501564610e+00
-3.26200818422605e-01 -8.01295008986363e-02 8.89876753937428e-01
1.75708531344362e-01 3.68611081162495e-01 -4.20121067956637e-04
1.52014091230075e-01 3.75735410779892e-01 -1.90160800627112e-01
9.45452661950983e-02 3.93649032049835e-01 2.04560319800833e-01
3.74433709017414e-01 1.03793138420963e-01 4.81311591096507e-01
9.45292668579899e-02 3.93625218933828e-01 -2.05340402270447e-01
2.63043262001863e-01 -2.30633521740165e-01 8.07180836835086e-01
1.56388928448888e-01 3.46035991310944e-01 5.75467840657435e-01
-1.85385030864169e-01 -3.08577063367998e-01 7.38744670619631e-01
-3.06744184682433e-01 2.53036215780517e-01 -3.55973824512797e-01
5.35002832367933e-02 -9.45883846418449e-02 1.50846335184926e+00
-4.96123719696404e-02 1.52016064708479e-01 -1.43991804378854e+00
-4.03370816296301e-01 -6.65748510170894e-05 -2.43570636079585e-01
2.32824722377544e-05 -1.75761909895919e-01 1.41251695452595e+00
-3.06666193213465e-01 -2.53133734235372e-01 3.55942465403628e-01
-2.62536882105439e-01 2.89803561695343e-01 -4.50774269675181e-01
1.62445968908158e-01 3.23129612408023e-02 -1.43038810832953e+00
-9.59820114385408e-02 -3.63856904894526e-01 -6.07667248672860e-01
1.56407220869016e-01 -3.45982360738053e-01 -5.75868265510240e-01
2.44758756823938e-01 -1.53262055827804e-01 1.10639961847271e+00
3.20895017981011e-01 -1.36792898205885e-01 -8.13502945131914e-01
4.94332675995203e-02 -1.52135334175071e-01 -1.43982351067196e+00
2.44622278628108e-01 1.53269889642027e-01 -1.10682687934580e+00
3.45986218207342e-01 1.50317113820729e-01 5.99181702062606e-01
2.63002031767488e-01 2.30724360001628e-01 8.06996869882857e-01
3.08500577237675e-01 1.92763336172485e-01 -7.10957711491843e-01
2.10639511295607e-01 2.63079938411255e-01 8.83646701900677e-01
4.03323186275294e-01 -5.52455464547649e-02 1.22750075996554e-01
-5.53573263307268e-02 -3.21791697031717e-02 -1.54553629293869e+00
-3.11097226522404e-02 3.15984211306777e-01 9.84032127208095e-01
3.63872809075480e-01 -1.58573106708615e-01 3.67553289156301e-01
-9.29121845410171e-02 3.06713699553410e-01 9.69809747760999e-01
-2.43935613840060e-01 3.26449687514529e-01 9.94652626561547e-02
8.01409403625559e-02 -2.32190784495002e-01 1.25011961397633e+00
1.51033299811055e-05 -3.93196952091009e-01 4.22310907205244e-01
1.25662763158331e-01 -3.74423843425011e-01 -3.97582866852859e-01
-6.38797015667483e-02 -3.44012879464324e-01 -8.06799586311284e-01
3.23759247038425e-02 -3.73198750464203e-01 6.22929775511034e-01
3.10879733082812e-02 -3.15937916762962e-01 9.84260500827046e-01
3.73200063755372e-01 -1.62535428448877e-01 -1.24272660798404e-01
5.51800213436651e-02 -3.21677708546955e-02 -1.54563289231399e+00
3.93597872456738e-01 -5.34626564712961e-02 -3.62955689685912e-01
-2.44747120942234e-01 1.53289247071179e-01 1.10638209892159e+00
3.74378068364712e-01 1.03755862041297e-01 -4.82064687791648e-01
-2.44783211045935e-01 1.53196300745794e-01 -1.10645390623217e+00
3.75672664595178e-01 4.95230401535927e-02 -5.83274213693359e-01
-8.00891814355544e-02 -2.32199147945510e-01 1.25014551444201e+00
-3.26518652028740e-01 -2.60834673288610e-02 -9.34418858421938e-01
-9.46060445426643e-02 -3.93619036424167e-01 2.04994869602559e-01
2.10592685815440e-01 -6.38128243546426e-02 1.31824411875176e+00
3.26232636753182e-01 8.01725028368879e-02 8.89648539594191e-01
-1.52081583504224e-01 -3.75720134427966e-01 1.89811218925743e-01
-1.58673663205438e-01 9.58814174627791e-02 -1.39431725228747e+00
-9.47107274118740e-02 3.93585175742733e-01 -2.05239633271356e-01
-3.15924018779593e-01 -2.56852596786730e-01 1.19132648915645e-01
9.28147991404507e-02 -3.06700546807805e-01 -9.70007766962962e-01
-1.36821512297095e-01 2.12231461050939e-01 1.22982378808977e+00
-1.50239677564526e-01 -1.56428747453189e-01 1.32590586733542e+00
5.33908583526484e-02 -9.46650386192678e-02 -1.50844967053808e+00
-1.00090754151130e-04 6.35040079888733e-02 -1.54585536570579e+00
1.10094524120747e-01 -4.95090130977573e-05 -1.50694591253090e+00
-3.26220142031755e-01 -8.01764640002069e-02 -8.89710582791482e-01
-3.45973739133856e-01 -1.50302676902278e-01 -5.99340693280401e-01
-3.74416614631777e-01 -1.03792742465031e-01 -4.81508105188875e-01
3.15911237992732e-01 2.56884659298225e-01 1.18613983951618e-01
3.15898420580536e-01 2.56873004075583e-01 -1.19482841192748e-01
1.50143479552446e-01 1.56389166254253e-01 -1.32613445285417e+00
1.50174388469768e-01 -1.56463686105708e-01 -1.32595394748740e+00
1.17569007097480e-01 2.62534061787241e-01 1.11070196359661e+00
2.59815102057089e-02 2.43922596831778e-01 1.25106999922160e+00
-3.23365183972646e-02 -3.73199802904444e-01 6.22950575605154e-01
-1.25662992125016e-01 -3.74422537743142e-01 3.97599862216798e-01
-1.75766924169106e-01 -3.68583256467813e-01 9.23616531680359e-05
3.26432689127701e-01 -2.60151045166802e-02 -9.34887823197547e-01
-3.63830956465005e-01 -1.58624725614333e-01 3.67834534974510e-01
3.43991693905902e-01 -2.10550909535418e-01 -2.44954974656983e-01
3.26149050295539e-01 -8.01171415566637e-02 -8.90171720386901e-01
3.44018967555606e-01 -2.10542269830361e-01 2.44501102514022e-01
-3.93185430200828e-01 -1.10239948489612e-01 7.62558202729165e-05
-3.15997514004986e-01 2.56761301205288e-01 -1.19160226581956e-01
-1.10877215583890e-04 2.81651810208111e-01 -1.13307938703144e+00
-9.60369462573365e-02 3.63859381708639e-01 6.07517980165249e-01
-1.50278443410755e-01 1.56455688239216e-01 1.32579466030250e+00
-3.15994764473768e-01 2.56772952506626e-01 1.18898304602505e-01
1.62576939719395e-01 -3.23106661896762e-02 1.43017032111429e+00
2.43804993098750e-01 3.26533868139215e-01 -1.00108457023008e-01
3.45919244292493e-01 1.50266983253361e-01 -5.99933800905467e-01
2.32132242394865e-01 3.26229860528066e-01 -3.07449914822353e-01
-9.29635473113024e-02 3.06612287032998e-01 -9.70208330316798e-01
5.52856585607244e-02 3.21590291527717e-02 1.54558012356196e+00
2.62438294959564e-01 2.89946882470797e-01 4.50263541333720e-01
2.12171270772227e-01 3.21007311505002e-01 5.23847813293658e-01
-2.10667685893355e-01 -2.63036892472419e-01 -8.83736254668389e-01
2.62490140973405e-01 -2.89873658546055e-01 4.50512035149925e-01
3.68531075095275e-01 5.71032264181461e-06 -6.74004180431559e-01
-1.85463306602204e-01 3.08570713004531e-01 7.38495041995796e-01
3.20871892303172e-01 1.36787964590428e-01 -8.13649081075467e-01
-1.17624297584622e-01 -2.62495667432142e-01 -1.11074926089553e+00
-9.60688696752073e-02 3.63791185909372e-01 -6.08043420469614e-01
3.75680582841752e-01 -4.95038618185264e-02 -5.83223221193023e-01
2.30554174843964e-01 2.10635594645526e-01 -1.00829330056533e+00
-1.62555800939445e-01 3.23710938631043e-02 1.43018554125329e+00
2.89903229329102e-01 1.17657579058170e-01 1.00563446407805e+00
-4.03368042906589e-01 -5.11094627591065e-05 2.43638134314269e-01
2.56863351212834e-01 3.11193502973935e-02 1.21065796637396e+00
3.26530290712182e-01 2.60632845029075e-02 9.34367398369758e-01
1.36676305760538e-01 2.12163670701109e-01 -1.23023262659716e+00
4.94006560070688e-02 1.52030928918486e-01 -1.44000189647000e+00
1.53323786891410e-01 -2.88715272381037e-01 9.37792587145660e-01
-3.75711923037597e-01 -4.95449085409384e-02 5.82875436021606e-01
-1.53271161441377e-01 -2.88726855901215e-01 9.37866547539805e-01
3.15954878378947e-01 -2.56823603890273e-01 1.18848369291126e-01
-2.32186622261952e-01 -3.26214775333745e-01 3.07081706124031e-01
2.81720130835658e-01 -2.95603442588649e-01 -1.61357221322623e-04
-2.30690074103596e-01 2.10651903938204e-01 1.00778663347556e+00
3.52453259727023e-01 -4.20814823593509e-02 -7.73637631788907e-01
4.03381906355066e-01 3.87059198552559e-05 2.43300844740626e-01
-2.95613235816627e-01 -1.25747627919910e-05 1.07958612203371e+00
-3.26498399190966e-01 -2.60273776094691e-02 9.34545751246692e-01
1.03652260389733e-01 -1.25717677181170e-01 -1.43491956769973e+00
1.03626452038180e-01 1.25624430969099e-01 -1.43506687196250e+00
-5.52677021222199e-02 -3.20876889390566e-02 1.54561133056543e+00
-1.03723668867275e-01 -1.25667173932788e-01 1.43490875630597e+00
2.62392995384836e-01 2.89900768947086e-01 -4.51086587180284e-01
3.26135578249927e-01 8.01064600870362e-02 -8.90258323765528e-01
2.10556783125114e-01 2.62992677119942e-01 -8.84317485840692e-01
-2.56842442302455e-01 3.10580905517512e-02 1.21074621466046e+00
-1.56440318437413e-01 -3.45989617007679e-01 -5.75672171571248e-01
-6.38338393639553e-02 -3.43998807196959e-01 8.06941003721820e-01
1.85367958981723e-01 -3.08581314971046e-01 -7.38781502738700e-01
2.53023172146542e-01 9.28373859213202e-02 -1.17562498015097e+00
9.59430229410156e-02 -3.63853326601919e-01 -6.07789126800884e-01
3.08576395920686e-01 1.92826795176295e-01 7.10221372460218e-01
3.52540320252867e-01 -4.20367278006983e-02 7.73090599775674e-01
3.21080992943057e-02 -4.03313671890589e-01 -2.11809435526197e-01
2.12122099513322e-01 3.20951492690133e-01 -5.24641962171270e-01
3.43956905838176e-01 2.10591496127813e-01 -2.45159924491351e-01
-8.59353384265354e-05 -6.36293549548776e-02 -1.54577967825669e+00
3.20204485009552e-02 4.03306669437756e-01 -2.12199763617903e-01
-2.81698845637346e-01 -2.95623728269385e-01 1.09192153374980e-04
-3.06674856198274e-01 -2.53144263596793e-01 -3.55722808105640e-01
3.20983146151819e-01 -1.36756141681959e-01 8.13082986692729e-01
-2.43938886766303e-01 3.26438996552295e-01 -9.98618940110286e-02
2.01728165711606e-01 3.52550117111867e-01 1.60854225086353e-01
1.51387742726752e-05 -6.35443773243599e-02 1.54583104892265e+00
2.53156616089436e-01 -9.28220671682269e-02 1.17522076945818e+00
1.53243216010901e-01 -2.88738568111755e-01 -9.37880658558161e-01
1.92687114046262e-01 -1.85427005208116e-01 -1.18264968646601e+00
-2.43849611304637e-01 -3.26507723597542e-01 9.97642274739869e-02
-3.63875913073979e-01 1.58543386784143e-01 3.67696421283124e-01
-3.21165797049565e-02 -4.03314223189501e-01 -2.11775133639052e-01
9.46106966653727e-02 -3.93619157811778e-01 -2.04959911772806e-01
-3.93217206015674e-01 1.10126554502741e-01 -2.64759209190925e-05
3.08533562800461e-01 -1.92761419535920e-01 -7.10755096487822e-01
2.12182194528036e-01 -3.20948194955741e-01 -5.24314598744538e-01
3.75748019005262e-01 -4.94707102340914e-02 5.82626219175144e-01
1.52088209741609e-01 -3.75717887203293e-01 -1.89798573799617e-01
-1.85414996913198e-01 -3.08593444857428e-01 -7.38533698067761e-01
3.93589479492685e-01 5.34998761472785e-02 -3.63008807995525e-01
-3.45962305757999e-01 -1.50276674672481e-01 5.99533348162204e-01
2.32192233161416e-01 -3.26207747998081e-01 -3.07129030484159e-01
3.20960019660870e-01 1.36854496168807e-01 8.12974018452706e-01
-3.74409262995883e-01 -1.03768855176069e-01 4.81667644831978e-01
3.52533426315753e-01 4.21367457157695e-02 7.73056802604802e-01
3.74450321799781e-01 -1.03705261129120e-01 4.81399969077890e-01
6.38206562553432e-02 -3.44009852288693e-01 -8.06887164512541e-01
-1.10271822141954e-01 -7.40387996964607e-05 -1.50675550105387e+00
2.95643403888502e-01 5.32538825580865e-05 1.07946477297881e+00
-2.32197156966457e-01 -3.26220856605309e-01 -3.06869772634091e-01
3.22514029664837e-02 3.73170220653483e-01 -6.23275555487028e-01
-3.24596755221025e-02 3.73156864274624e-01 -6.23234209145166e-01
2.59295303271215e-05 -2.81709146621998e-01 1.13287011014584e+00
3.74394679405080e-01 -1.03729158343084e-01 -4.81959612601875e-01
-2.12207021183506e-01 -3.20960741393140e-01 -5.24054180169907e-01
-6.39141177445245e-02 3.44027714995102e-01 8.06666641717277e-01
-3.46015879327644e-01 1.50163481866392e-01 -5.99495817999983e-01
-3.74446201167328e-01 1.03652723975568e-01 -4.81613167088480e-01
3.93186473840330e-01 1.10236177498458e-01 -4.04129910278705e-04
3.88327326884738e-01 1.08665432022599e-01 -2.46618530284906e-01
-2.79779470840932e-01 1.75678485281113e-01 -9.19808039073420e-01
-9.48513142232468e-02 1.81918319257451e-01 -1.35304692092768e+00
-1.75860814943863e-01 2.39925533554260e-01 -1.07204994503256e+00
-2.39996079271558e-01 -2.79728648236554e-01 6.73665471106065e-01
1.08541628178136e-01 -6.42868272825403e-02 -1.48834708959200e+00
-2.79706422685327e-01 -1.75785119794587e-01 9.19835112190655e-01
9.46795770878331e-02 -1.82035353233180e-01 -1.35299240217415e+00
3.89210516162471e-01 1.43768049654151e-05 -4.73448123339720e-01
-3.02980217550179e-05 -3.48660872260143e-01 -8.14598974900389e-01
5.85902177902642e-02 -2.76747846769724e-01 1.12857004085853e+00
-3.48631897226324e-01 -2.12610979680608e-01 1.02599764446139e-04
2.79760616312867e-01 -1.75747881351324e-01 9.19697561356023e-01
3.89266107925091e-01 4.44194745105016e-05 4.72776400608939e-01
6.42578287725501e-02 -3.88352560481026e-01 4.16305245063911e-01
-1.23434070285366e-01 -3.89244985904552e-01 7.68461827290231e-05
-6.42506285268304e-02 -3.88358940916949e-01 -4.16234146485925e-01
1.23443548529183e-01 -3.89241980481649e-01 -4.16986341007794e-05
-1.82000676210440e-01 -3.53059852617817e-01 -3.62996861736646e-01
-2.12636517908044e-01 -8.00150398644354e-05 -1.33598922403862e+00
3.48621237836027e-01 2.12628429597858e-01 -4.30470272130741e-04
-5.86672862426581e-02 2.76682706923069e-01 -1.12874579252928e+00
2.39995726009051e-01 2.79790832696176e-01 6.73287956882218e-01
5.85075806911167e-02 -2.76777695507056e-01 -1.12852549981274e+00
2.39930031139401e-01 2.79722821139194e-01 -6.74046416317426e-01
-6.43176473076332e-02 3.88363601446371e-01 4.16018217921702e-01
2.79635087414215e-01 1.75765803418170e-01 -9.20207778457307e-01
-1.75815951813063e-01 2.40028035623931e-01 1.07182101425579e+00
2.94407389605237e-01 5.85467403207025e-02 -1.06094993192173e+00
-1.82075141291489e-01 3.53029437171465e-01 3.62882854306461e-01
-2.76744186029204e-01 -2.94507877887856e-01 -2.24290329321457e-01
-2.40091982833278e-01 2.79635174875508e-01 -6.73733522921810e-01
-5.86023435493429e-02 2.76796170652636e-01 1.12838673305010e+00
-3.53053191703689e-01 -9.48154528439471e-02 -6.97335978036533e-01
1.23364898993787e-01 3.89266900350058e-01 -4.04648786112802e-04
-2.79732117159745e-01 -1.75821875159405e-01 -9.19617164851213e-01
-1.08703584119569e-01 -6.43074507623723e-02 -1.48816040383051e+00
-1.23528784845870e-01 3.89214931500962e-01 -2.86071466392237e-04
-9.48079075189357e-02 -1.82047655380961e-01 -1.35283610806863e+00
-3.48691615682015e-01 2.12513024758546e-01 -9.55907503952395e-05
1.81952181283236e-01 3.53102704040034e-01 3.62741678363627e-01
-3.89242949620291e-01 -4.22537563971149e-05 4.73056344574241e-01
-2.79753781888821e-01 1.75758517220692e-01 9.19698243073264e-01
5.85312861663153e-02 2.76817464683561e-01 1.12836418093156e+00
-3.89249229900911e-01 -7.22839176691838e-05 -4.72980392222508e-01
-1.08643387806531e-01 6.42688875989864e-02 1.48824942587273e+00
-1.08627914254115e-01 -6.42257689939880e-02 1.48829335057748e+00
5.84486547267898e-02 2.76703994117088e-01 -1.12883572945288e+00
-1.75800324719169e-01 -2.40050978606874e-01 -1.07178319772451e+00
1.08647443498480e-01 6.42966410230433e-02 1.48822747209475e+00
-1.07937191751473e-04 3.48601573662527e-01 -8.14971508373034e-01
1.75809769525293e-01 -2.39999721932907e-01 1.07192901732251e+00
3.88356229252498e-01 1.08684649104561e-01 2.45824492219634e-01
2.12487219399848e-01 -3.26923255827833e-05 -1.33633806555731e+00
2.94528732709830e-01 -5.85167738473046e-02 1.06047949044171e+00
2.94518574427051e-01 5.86223957494836e-02 1.06043525163829e+00
-7.45397545736583e-06 1.23489857235398e-01 1.49162115126049e+00
9.47475383359359e-02 1.82067088098285e-01 1.35285981477594e+00
2.00378948447820e-05 -1.23420472130071e-01 1.49170548598550e+00
-2.94530551632214e-01 5.84724008258953e-02 -1.06050801632081e+00
9.47851924515807e-02 -1.81982416911593e-01 1.35298838254127e+00
-6.42269916825230e-02 -3.88354153018889e-01 4.16353310850424e-01
2.29713458064998e-05 -3.48647172028148e-01 8.14685090935687e-01
-1.81985785611256e-01 -3.53053959877167e-01 3.63190623931750e-01
-2.76737819830065e-01 -2.94502483292166e-01 2.24509610082534e-01
-1.75755453121481e-01 -2.40017365758110e-01 1.07200180984137e+00
2.40046803005102e-01 -2.79709416426592e-01 6.73517314388222e-01
2.94417546471769e-01 -5.85758225422578e-02 -1.06088496137759e+00
1.75714448877504e-01 -2.40033340824558e-01 -1.07204799722452e+00
2.76772124107164e-01 -2.94482395756721e-01 2.24275417546999e-01
-3.53040549516126e-01 -9.47800173143575e-02 6.97500704092618e-01
-2.94487106386126e-01 -5.85735701908411e-02 1.06060320909216e+00
6.42270215517693e-02 -3.88357348423016e-01 -4.16309468105193e-01
-5.85380049679932e-02 -2.76752634919693e-01 1.12859258818084e+00
-2.40018481385861e-01 -2.79746184989890e-01 -6.73441273410158e-01
-9.47365867321204e-02 -1.81994724244809e-01 1.35301406581635e+00
3.53085805449243e-01 -9.47184292405829e-02 6.97287109912626e-01
-1.82090028358463e-01 3.52989220892511e-01 -3.63347408840453e-01
1.81987469274649e-01 -3.53052064563121e-01 -3.63205291735001e-01
-5.86029551783836e-02 -2.76782482751235e-01 -1.12843557591003e+00
3.88344469816726e-01 -1.08620501284006e-01 -2.46512757548889e-01
2.76720156471329e-01 2.94544886821950e-01 2.24011848733947e-01
-7.74977682988154e-05 -1.23490509695666e-01 -1.49162032866540e+00
2.76697171897356e-01 2.94521779840720e-01 -2.24873343608506e-01
3.88373372646718e-01 -1.08608448173922e-01 2.45921320792216e-01
-1.04985181181033e-04 1.23370470593603e-01 -1.49176617739319e+00
1.08528488966829e-01 6.41893296537795e-02 -1.48842295995293e+00
3.52991712603203e-01 9.47618162461283e-02 -6.97899910832908e-01
3.53070292952402e-01 9.48149555778501e-02 6.97209800646201e-01
1.75668047358374e-01 2.39986157776431e-01 -1.07231478033419e+00
-5.46730744771279e-05 3.48691329616607e-01 8.14407472409994e-01
9.46419267270912e-02 1.81948203274729e-01 -1.35320323251305e+00
-2.76823375013124e-01 2.94418622089613e-01 -2.24575917835292e-01
-2.40069587634698e-01 2.79703169174182e-01 6.73436144972149e-01
-3.53079878139252e-01 9.46661910082247e-02 -6.97435357538073e-01
6.41755130553962e-02 3.88390620539116e-01 4.15970135446261e-01
6.41447091262526e-02 3.88342537113733e-01 -4.16698579615825e-01
-6.43412816205747e-02 3.88315521322767e-01 -4.16623242063655e-01
-2.76817010642206e-01 2.94441723314896e-01 2.24246088522495e-01
-3.53067237347519e-01 9.47193104298168e-02 6.97423420055344e-01
-2.94514629336383e-01 -5.86326000795004e-02 -1.06044305760739e+00
2.39981106550792e-01 -2.79726957647965e-01 -6.73754110130580e-01
-3.88341205370889e-01 -1.08673428541463e-01 2.46245553827348e-01
2.79666013918497e-01 -1.75784646887321e-01 -9.20016867466288e-01
-3.88344503102980e-01 -1.08685476345747e-01 -2.46091036191376e-01
-2.12587194435142e-01 4.80974035669683e-06 1.33610453271926e+00
3.48656195531968e-01 -2.12571124110937e-01 -2.32240642483444e-04
-3.88372443898587e-01 1.08576683946998e-01 2.46148749510738e-01
-3.88375740559650e-01 1.08557474696490e-01 -2.46196783615774e-01
2.76749138809819e-01 -2.94487792114143e-01 -2.24587703433556e-01
-2.94503029450087e-01 5.85480326691034e-02 1.06055898390108e+00
2.79729687583796e-01 1.75845859162990e-01 9.19560668274312e-01
1.08660584747177e-01 -6.42051371130931e-02 1.48827139866649e+00
1.81919583644962e-01 3.53062479962510e-01 -3.63555888661047e-01
2.12612625379416e-01 5.21509780949661e-05 1.33604508795968e+00
1.75763363624878e-01 2.40088679367772e-01 1.07174820442244e+00
-9.47799992869751e-02 1.82037191880282e-01 1.35288550506377e+00
3.53007223669212e-01 -9.47538784457861e-02 -6.97800510622643e-01
-1.08719055354224e-01 6.41615881202328e-02 -1.48823626785036e+00
1.82020069340671e-01 -3.53046170129133e-01 3.63049489839347e-01
-1.26165485780517e-01 -3.30360723518618e-01 7.82492183638916e-01
8.68059000223837e-06 3.57425680937543e-05 1.56489456168342e+00
-1.26246020352127e-01 3.30372662191202e-01 7.82227351021201e-01
-1.26203427680494e-01 -3.30375794513500e-01 -7.82308856282481e-01
4.08347424800462e-01 3.15234013298315e-05 -3.60033956183790e-04
3.30335919797888e-01 -2.04173320228604e-01 -4.83823171544427e-01
-2.04213460067030e-01 -1.26244563068312e-01 -1.26584684285453e+00
3.30388934188671e-01 -2.04155833058420e-01 4.83399731410564e-01
-2.04245862558483e-01 1.26093512196931e-01 -1.26599116689753e+00
-4.08347432418387e-01 -5.93973669537833e-05 3.21570833822397e-05
1.26148975322040e-01 -3.30368938657690e-01 -7.82480339111905e-01
2.04095050554787e-01 -1.26212238348985e-01 -1.26617460186885e+00
-8.79562493833524e-05 4.08347416886945e-01 -3.54284437259012e-04
2.04071256918496e-01 1.26152092004772e-01 -1.26631894518832e+00
2.98076028302169e-06 -4.08347436755245e-01 2.64631287048113e-05
1.26213361686708e-01 -3.30353865685842e-01 7.82421312338128e-01
-2.04197694783635e-01 1.26195275103210e-01 1.26595636569681e+00
3.30301722251016e-01 2.04195256426800e-01 -4.84030056310205e-01
-2.04165287630321e-01 -1.26185572762883e-01 1.26604732838899e+00
2.04188650735643e-01 1.26253875896794e-01 1.26589197757436e+00
3.30354735041814e-01 2.04239189445045e-01 4.83225837005630e-01
-3.30341205393632e-01 -2.04195024194589e-01 4.83635615619765e-01
2.04212447876836e-01 -1.26153236282489e-01 1.26598294958628e+00
1.26146753927340e-01 3.30422005340658e-01 7.82156457922302e-01
-3.30351439242435e-01 -2.04212504234858e-01 -4.83424517392051e-01
-9.36393606309394e-05 -6.36176034673913e-05 -1.56489450789606e+00
1.26082373624631e-01 3.30337707576863e-01 -7.82831552793353e-01
-3.30397940493347e-01 2.04131255127319e-01 4.83461759707335e-01
-3.30408170724667e-01 2.04087336995164e-01 -4.83631356471225e-01
-1.26283955926435e-01 3.30288375039175e-01 -7.82660043050718e-01
-2.14666782095479e-01 -3.47369833361458e-01 1.01127676370055e-04
2.14682656769350e-01 -3.47360022588121e-01 -1.05033494130056e-04
2.14617757048351e-01 3.47400107934226e-01 -4.28939086757030e-04
-2.14756590455639e-01 3.47314313899040e-01 -2.22728514521690e-04
-3.47365043581047e-01 -2.64922234897925e-05 8.22689160510404e-01
-3.47380581885365e-01 -7.87193579732924e-05 -8.22592750834010e-01
3.47303296759523e-01 -1.38749271455183e-06 -8.23071934929593e-01
3.47395358361915e-01 5.08592122334785e-05 8.22501132428925e-01
-2.28611647546919e-05 2.14732252254898e-01 1.33105730351767e+00
2.49505222157867e-05 -2.14667901414030e-01 1.33120973467072e+00
-6.20911593541632e-05 -2.14714167046724e-01 -1.33110013103154e+00
-1.09896704051475e-04 2.14609472703782e-01 -1.33134802040387e+00
3 631 67 1
3 599 6 67
3 497 1 6
3 67 6 1
3 615 294 296
3 494 73 294
3 599 296 73
3 294 73 296
3 614 232 293
3 497 231 232
3 494 293 231
3 232 231 293
3 599 73 6
3 494 231 73
3 497 6 231
3 73 231 6
3 639 43 297
3 553 473 43
3 490 297 473
3 43 473 297
3 600 430 152
3 542 47 430
3 553 152 47
3 430 47 152
3 615 74 70
3 490 340 74
3 542 70 340
3 74 340 70
3 553 47 473
3 542 340 47
3 490 473 340
3 47 340 473
3 630 374 145
3 495 353 374
3 543 145 353
3 374 353 145
3 614 284 147
3 541 350 284
3 495 147 350
3 284 350 147
3 600 262 168
3 543 373 262
3 541 168 373
3 262 373 168
3 495 350 353
3 541 373 350
3 543 353 373
3 350 373 353
3 615 70 294
3 542 339 70
3 494 294 339
3 70 339 294
3 600 168 430
3 541 372 168
3 542 430 372
3 168 372 430
3 614 293 284
3 494 336 293
3 541 284 336
3 293 336 284
3 542 372 339
3 541 336 372
3 494 339 336
3 372 336 339
3 640 236 3
3 503 286 236
3 559 3 286
3 236 286 3
3 610 467 357
3 489 135 467
3 503 357 135
3 467 135 357
3 603 5 338
3 559 246 5
3 489 338 246
3 5 246 338
3 503 135 286
3 489 246 135
3 559 286 246
3 135 246 286
3 631 1 104
3 497 458 1
3 558 104 458
3 1 458 104
3 614 436 232
3 552 453 436
3 497 232 453
3 436 453 232
3 610 320 433
3 558 337 320
3 552 433 337
3 320 337 433
3 497 453 458
3 552 337 453
3 558 458 337
3 453 337 458
3 630 290 374
3 498 241 290
3 495 374 241
3 290 241 374
3 603 319 429
3 496 258 319
3 498 429 258
3 319 258 429
3 614 147 452
3 495 237 147
3 496 452 237
3 147 237 452
3 498 258 241
3 496 237 258
3 495 241 237
3 258 237 241
3 610 433 467
3 552 242 433
3 489 467 242
3 433 242 467
3 614 452 436
3 496 25 452
3 552 436 25
3 452 25 436
3 603 338 319
3 489 17 338
3 496 319 17
3 338 17 319
3 552 25 242
3 496 17 25
3 489 242 17
3 25 17 242
3 635 349 20
3 580 363 349
3 513 20 363
3 349 363 20
3 606 272 9
3 515 44 272
3 580 9 44
3 272 44 9
3 624 364 45
3 513 129 364
3 515 45 129
3 364 129 45
3 580 44 363
3 515 129 44
3 513 363 129
3 44 129 363
3 640 3 194
3 559 140 3
3 518 194 140
3 3 140 194
3 603 87 5
3 528 399 87
3 559 5 399
3 87 399 5
3 606 199 89
3 518 254 199
3 528 89 254
3 199 254 89
3 559 399 140
3 528 254 399
3 518 140 254
3 399 254 140
3 630 85 290
3 510 470 85
3 498 290 470
3 85 470 290
3 624 217 442
3 554 86 217
3 510 442 86
3 217 86 442
3 603 429 459
3 498 475 429
3 554 459 475
3 429 475 459
3 510 86 470
3 554 475 86
3 498 470 475
3 86 475 470
3 606 89 272
3 528 213 89
3 515 272 213
3 89 213 272
3 603 459 87
3 554 394 459
3 528 87 394
3 459 394 87
3 624 45 217
3 515 100 45
3 554 217 100
3 45 100 217
3 528 394 213
3 554 100 394
3 515 213 100
3 394 100 213
3 634 279 111
3 521 411 279
3 550 111 411
3 279 411 111
3 609 151 405
3 582 163 151
3 521 405 163
3 151 163 405
3 621 461 376
3 550 464 461
3 582 376 464
3 461 464 376
3 521 163 411
3 582 464 163
3 550 411 464
3 163 464 411
3 635 20 205
3 513 235 20
3 524 205 235
3 20 235 205
3 624 2 364
3 584 365 2
3 513 364 365
3 2 365 364
3 609 314 234
3 524 90 314
3 584 234 90
3 314 90 234
3 513 365 235
3 584 90 365
3 524 235 90
3 365 90 235
3 630 450 85
3 544 441 450
3 510 85 441
3 450 441 85
3 621 36 316
3 491 356 36
3 544 316 356
3 36 356 316
3 624 442 38
3 510 8 442
3 491 38 8
3 442 8 38
3 544 356 441
3 491 8 356
3 510 441 8
3 356 8 441
3 609 234 151
3 584 380 234
3 582 151 380
3 234 380 151
3 624 38 2
3 491 40 38
3 584 2 40
3 38 40 2
3 621 376 36
3 582 37 376
3 491 36 37
3 376 37 36
3 584 40 380
3 491 37 40
3 582 380 37
3 40 37 380
3 639 132 43
3 555 348 132
3 553 43 348
3 132 348 43
3 618 58 359
3 545 34 58
3 555 359 34
3 58 34 359
3 600 152 412
3 553 33 152
3 545 412 33
3 152 33 412
3 555 34 348
3 545 33 34
3 553 348 33
3 34 33 348
3 634 111 420
3 550 302 111
3 551 420 302
3 111 302 420
3 621 177 461
3 486 255 177
3 550 461 255
3 177 255 461
3 618 174 62
3 551 257 174
3 486 62 257
3 174 257 62
3 550 255 302
3 486 257 255
3 551 302 257
3 255 257 302
3 630 145 450
3 543 414 145
3 544 450 414
3 145 414 450
3 600 310 262
3 484 122 310
3 543 262 122
3 310 122 262
3 621 316 92
3 544 123 316
3 484 92 123
3 316 123 92
3 543 122 414
3 484 123 122
3 544 414 123
3 122 123 414
3 618 62 58
3 486 142 62
3 545 58 142
3 62 142 58
3 621 92 177
3 484 141 92
3 486 177 141
3 92 141 177
3 600 412 310
3 545 124 412
3 484 310 124
3 412 124 310
3 486 141 142
3 484 124 141
3 545 142 124
3 141 124 142
3 638 371 229
3 523 225 371
3 512 229 225
3 371 225 229
3 623 230 253
3 570 144 230
3 523 253 144
3 230 144 253
3 602 333 476
3 512 331 333
3 570 476 331
3 333 331 476
3 523 144 225
3 570 331 144
3 512 225 331
3 144 331 225
3 632 303 445
3 514 200 303
3 520 445 200
3 303 200 445
3 612 139 84
3 575 305 139
3 514 84 305
3 139 305 84
3 623 309 248
3 520 159 309
3 575 248 159
3 309 159 248
3 514 305 200
3 575 159 305
3 520 200 159
3 305 159 200
3 633 39 244
3 509 298 39
3 517 244 298
3 39 298 244
3 602 383 150
3 505 195 383
3 509 150 195
3 383 195 150
3 612 16 42
3 517 299 16
3 505 42 299
3 16 299 42
3 509 195 298
3 505 299 195
3 517 298 299
3 195 299 298
3 623 248 230
3 575 220 248
3 570 230 220
3 248 220 230
3 612 42 139
3 505 76 42
3 575 139 76
3 42 76 139
3 602 476 383
3 570 71 476
3 505 383 71
3 476 71 383
3 575 76 220
3 505 71 76
3 570 220 71
3 76 71 220
3 634 238 138
3 590 137 238
3 579 138 137
3 238 137 138
3 616 344 13
3 522 120 344
3 590 13 120
3 344 120 13
3 627 22 0
3 579 179 22
3 522 0 179
3 22 179 0
3 590 120 137
3 522 179 120
3 579 137 179
3 120 179 137
3 638 229 153
3 512 226 229
3 596 153 226
3 229 226 153
3 602 10 333
3 507 283 10
3 512 333 283
3 10 283 333
3 616 384 131
3 596 358 384
3 507 131 358
3 384 358 131
3 512 283 226
3 507 358 283
3 596 226 358
3 283 358 226
3 633 334 39
3 578 79 334
3 509 39 79
3 334 79 39
3 627 162 227
3 573 208 162
3 578 227 208
3 162 208 227
3 602 150 397
3 509 72 150
3 573 397 72
3 150 72 397
3 578 208 79
3 573 72 208
3 509 79 72
3 208 72 79
3 616 131 344
3 507 416 131
3 522 344 416
3 131 416 344
3 602 397 10
3 573 55 397
3 507 10 55
3 397 55 10
3 627 0 162
3 522 175 0
3 573 162 175
3 0 175 162
3 507 55 416
3 573 175 55
3 522 416 175
3 55 175 416
3 635 205 118
3 524 158 205
3 574 118 158
3 205 158 118
3 609 4 314
3 588 93 4
3 524 314 93
3 4 93 314
3 628 477 233
3 574 478 477
3 588 233 478
3 477 478 233
3 524 93 158
3 588 478 93
3 574 158 478
3 93 478 158
3 634 138 279
3 579 172 138
3 521 279 172
3 138 172 279
3 627 451 22
3 587 23 451
3 579 22 23
3 451 23 22
3 609 405 211
3 521 165 405
3 587 211 165
3 405 165 211
3 579 23 172
3 587 165 23
3 521 172 165
3 23 165 172
3 633 444 334
3 572 201 444
3 578 334 201
3 444 201 334
3 628 268 311
3 519 381 268
3 572 311 381
3 268 381 311
3 627 227 267
3 578 385 227
3 519 267 385
3 227 385 267
3 572 381 201
3 519 385 381
3 578 201 385
3 381 385 201
3 609 211 4
3 587 454 211
3 588 4 454
3 211 454 4
3 627 267 451
3 519 269 267
3 587 451 269
3 267 269 451
3 628 233 268
3 588 271 233
3 519 268 271
3 233 271 268
3 587 269 454
3 519 271 269
3 588 454 271
3 269 271 454
3 641 181 155
3 482 91 181
3 501 155 91
3 181 91 155
3 608 31 186
3 483 59 31
3 482 186 59
3 31 59 186
3 629 390 260
3 501 108 390
3 483 260 108
3 390 108 260
3 482 59 91
3 483 108 59
3 501 91 108
3 59 108 91
3 635 118 164
3 574 7 118
3 539 164 7
3 118 7 164
3 628 125 477
3 481 15 125
3 574 477 15
3 125 15 477
3 608 280 346
3 539 19 280
3 481 346 19
3 280 19 346
3 574 15 7
3 481 19 15
3 539 7 19
3 15 19 7
3 633 265 444
3 557 126 265
3 572 444 126
3 265 126 444
3 629 277 154
3 511 105 277
3 557 154 105
3 277 105 154
3 628 311 276
3 572 317 311
3 511 276 317
3 311 317 276
3 557 105 126
3 511 317 105
3 572 126 317
3 105 317 126
3 608 346 31
3 481 256 346
3 483 31 256
3 346 256 31
3 628 276 125
3 511 243 276
3 481 125 243
3 276 243 125
3 629 260 277
3 483 216 260
3 511 277 216
3 260 216 277
3 481 243 256
3 511 216 243
3 483 256 216
3 243 216 256
3 632 215 303
3 593 304 215
3 514 303 304
3 215 304 303
3 626 88 110
3 576 203 88
3 593 110 203
3 88 203 110
3 612 84 440
3 514 307 84
3 576 440 307
3 84 307 440
3 593 203 304
3 576 307 203
3 514 304 307
3 203 307 304
3 641 155 247
3 501 382 155
3 527 247 382
3 155 382 247
3 629 209 390
3 530 35 209
3 501 390 35
3 209 35 390
3 626 24 207
3 527 191 24
3 530 207 191
3 24 191 207
3 501 35 382
3 530 191 35
3 527 382 191
3 35 191 382
3 633 244 265
3 517 130 244
3 557 265 130
3 244 130 265
3 612 273 16
3 577 355 273
3 517 16 355
3 273 355 16
3 629 154 400
3 557 127 154
3 577 400 127
3 154 127 400
3 517 355 130
3 577 127 355
3 557 130 127
3 355 127 130
3 626 207 88
3 530 471 207
3 576 88 471
3 207 471 88
3 629 400 209
3 577 472 400
3 530 209 472
3 400 472 209
3 612 440 273
3 576 250 440
3 577 273 250
3 440 250 273
3 530 472 471
3 577 250 472
3 576 471 250
3 472 250 471
3 641 247 249
3 527 190 247
3 571 249 190
3 247 190 249
3 626 134 24
3 569 78 134
3 527 24 78
3 134 78 24
3 613 368 12
3 571 408 368
3 569 12 408
3 368 408 12
3 527 78 190
3 569 408 78
3 571 190 408
3 78 408 190
3 632 387 215
3 563 389 387
3 593 215 389
3 387 389 215
3 617 196 157
3 504 425 196
3 563 157 425
3 196 425 157
3 626 110 300
3 593 437 110
3 504 300 437
3 110 437 300
3 563 425 389
3 504 437 425
3 593 389 437
3 425 437 389
3 636 193 156
3 508 426 193
3 567 156 426
3 193 426 156
3 613 324 432
3 506 161 324
3 508 432 161
3 324 161 432
3 617 388 327
3 567 398 388
3 506 327 398
3 388 398 327
3 508 161 426
3 506 398 161
3 567 426 398
3 161 398 426
3 626 300 134
3 504 427 300
3 569 134 427
3 300 427 134
3 617 327 196
3 506 180 327
3 504 196 180
3 327 180 196
3 613 12 324
3 569 402 12
3 506 324 402
3 12 402 324
3 504 180 427
3 506 402 180
3 569 427 402
3 180 402 427
3 640 197 252
3 562 323 197
3 487 252 323
3 197 323 252
3 625 342 439
3 485 360 342
3 562 439 360
3 342 360 439
3 611 369 228
3 487 421 369
3 485 228 421
3 369 421 228
3 562 360 323
3 485 421 360
3 487 323 421
3 360 421 323
3 641 249 133
3 571 409 249
3 565 133 409
3 249 409 133
3 613 83 368
3 566 422 83
3 571 368 422
3 83 422 368
3 625 361 198
3 565 282 361
3 566 198 282
3 361 282 198
3 571 422 409
3 566 282 422
3 565 409 282
3 422 282 409
3 636 375 193
3 547 182 375
3 508 193 182
3 375 182 193
3 611 28 143
3 533 101 28
3 547 143 101
3 28 101 143
3 613 432 30
3 508 61 432
3 533 30 61
3 432 61 30
3 547 101 182
3 533 61 101
3 508 182 61
3 101 61 182
3 625 198 342
3 566 362 198
3 485 342 362
3 198 362 342
3 613 30 83
3 533 318 30
3 566 83 318
3 30 318 83
3 611 228 28
3 485 14 228
3 533 28 14
3 228 14 28
3 566 318 362
3 533 14 318
3 485 362 14
3 318 14 362
3 631 104 185
3 558 462 104
3 589 185 462
3 104 462 185
3 610 431 320
3 581 456 431
3 558 320 456
3 431 456 320
3 605 291 295
3 589 75 291
3 581 295 75
3 291 75 295
3 558 456 462
3 581 75 456
3 589 462 75
3 456 75 462
3 640 252 236
3 487 109 252
3 503 236 109
3 252 109 236
3 611 449 369
3 548 112 449
3 487 369 112
3 449 112 369
3 610 357 448
3 503 173 357
3 548 448 173
3 357 173 448
3 487 112 109
3 548 173 112
3 503 109 173
3 112 173 109
3 636 417 375
3 597 378 417
3 547 375 378
3 417 378 375
3 605 455 56
3 583 322 455
3 597 56 322
3 455 322 56
3 611 143 99
3 547 261 143
3 583 99 261
3 143 261 99
3 597 322 378
3 583 261 322
3 547 378 261
3 322 261 378
3 610 448 431
3 548 97 448
3 581 431 97
3 448 97 431
3 611 99 449
3 583 98 99
3 548 449 98
3 99 98 449
3 605 295 455
3 581 69 295
3 583 455 69
3 295 69 455
3 548 98 97
3 583 69 98
3 581 97 69
3 98 69 97
3 637 435 285
3 556 457 435
3 493 285 457
3 435 457 285
3 607 332 77
3 564 466 332
3 556 77 466
3 332 466 77
3 604 418 329
3 493 103 418
3 564 329 103
3 418 103 329
3 556 466 457
3 564 103 466
3 493 457 103
3 466 103 457
3 631 185 53
3 589 415 185
3 549 53 415
3 185 415 53
3 605 377 291
3 586 149 377
3 589 291 149
3 377 149 291
3 607 167 379
3 549 413 167
3 586 379 413
3 167 413 379
3 589 149 415
3 586 413 149
3 549 415 413
3 149 413 415
3 636 396 417
3 488 401 396
3 597 417 401
3 396 401 417
3 604 116 48
3 560 343 116
3 488 48 343
3 116 343 48
3 605 56 117
3 597 474 56
3 560 117 474
3 56 474 117
3 488 343 401
3 560 474 343
3 597 401 474
3 343 474 401
3 607 379 332
3 586 115 379
3 564 332 115
3 379 115 332
3 605 117 377
3 560 341 117
3 586 377 341
3 117 341 377
3 604 329 116
3 564 270 329
3 560 116 270
3 329 270 116
3 586 341 115
3 560 270 341
3 564 115 270
3 341 270 115
3 632 245 387
3 561 281 245
3 563 387 281
3 245 281 387
3 620 80 136
3 500 366 80
3 561 136 366
3 80 366 136
3 617 157 438
3 563 367 157
3 500 438 367
3 157 367 438
3 561 366 281
3 500 367 366
3 563 281 367
3 366 367 281
3 637 285 465
3 493 106 285
3 568 465 106
3 285 106 465
3 604 63 418
3 532 210 63
3 493 418 210
3 63 210 418
3 620 325 289
3 568 306 325
3 532 289 306
3 325 306 289
3 493 210 106
3 532 306 210
3 568 106 306
3 210 306 106
3 636 156 396
3 567 347 156
3 488 396 347
3 156 347 396
3 617 206 388
3 480 345 206
3 567 388 345
3 206 345 388
3 604 48 95
3 488 460 48
3 480 95 460
3 48 460 95
3 567 345 347
3 480 460 345
3 488 347 460
3 345 460 347
3 620 289 80
3 532 21 289
3 500 80 21
3 289 21 80
3 604 95 63
3 480 479 95
3 532 63 479
3 95 479 63
3 617 438 206
3 500 121 438
3 480 206 121
3 438 121 206
3 532 479 21
3 480 121 479
3 500 21 121
3 479 121 21
3 641 133 181
3 565 313 133
3 482 181 313
3 133 313 181
3 625 128 361
3 598 18 128
3 565 361 18
3 128 18 361
3 608 186 354
3 482 64 186
3 598 354 64
3 186 64 354
3 565 18 313
3 598 64 18
3 482 313 64
3 18 64 313
3 640 194 197
3 518 251 194
3 562 197 251
3 194 251 197
3 606 114 199
3 516 119 114
3 518 199 119
3 114 119 199
3 625 439 330
3 562 221 439
3 516 330 221
3 439 221 330
3 518 119 251
3 516 221 119
3 562 251 221
3 119 221 251
3 635 164 349
3 539 51 164
3 580 349 51
3 164 51 349
3 608 264 280
3 499 240 264
3 539 280 240
3 264 240 280
3 606 9 263
3 580 32 9
3 499 263 32
3 9 32 263
3 539 240 51
3 499 32 240
3 580 51 32
3 240 32 51
3 625 330 128
3 516 468 330
3 598 128 468
3 330 468 128
3 606 263 114
3 499 11 263
3 516 114 11
3 263 11 114
3 608 354 264
3 598 146 354
3 499 264 146
3 354 146 264
3 516 11 468
3 499 146 11
3 598 468 146
3 11 146 468
3 639 315 132
3 538 222 315
3 555 132 222
3 315 222 132
3 601 423 446
3 526 178 423
3 538 446 178
3 423 178 446
3 618 359 60
3 555 424 359
3 526 60 424
3 359 424 60
3 538 178 222
3 526 424 178
3 555 222 424
3 178 424 222
3 638 153 184
3 596 183 153
3 536 184 183
3 153 183 184
3 616 278 384
3 525 50 278
3 596 384 50
3 278 50 384
3 601 288 160
3 536 170 288
3 525 160 170
3 288 170 160
3 596 50 183
3 525 170 50
3 536 183 170
3 50 170 183
3 634 420 238
3 551 419 420
3 590 238 419
3 420 419 238
3 618 189 174
3 585 287 189
3 551 174 287
3 189 287 174
3 616 13 188
3 590 428 13
3 585 188 428
3 13 428 188
3 551 287 419
3 585 428 287
3 590 419 428
3 287 428 419
3 601 160 423
3 525 57 160
3 526 423 57
3 160 57 423
3 616 188 278
3 585 403 188
3 525 278 403
3 188 403 278
3 618 60 189
3 526 176 60
3 585 189 176
3 60 176 189
3 525 403 57
3 585 176 403
3 526 57 176
3 403 176 57
3 637 465 407
3 568 352 465
3 535 407 352
3 465 352 407
3 620 434 325
3 591 463 434
3 568 325 463
3 434 463 325
3 619 166 301
3 535 404 166
3 591 301 404
3 166 404 301
3 568 463 352
3 591 404 463
3 535 352 404
3 463 404 352
3 632 445 245
3 520 46 445
3 561 245 46
3 445 46 245
3 623 219 309
3 502 393 219
3 520 309 393
3 219 393 309
3 620 136 218
3 561 392 136
3 502 218 392
3 136 392 218
3 520 393 46
3 502 392 393
3 561 46 392
3 393 392 46
3 638 29 371
3 537 148 29
3 523 371 148
3 29 148 371
3 619 81 259
3 595 27 81
3 537 259 27
3 81 27 259
3 623 253 192
3 523 370 253
3 595 192 370
3 253 370 192
3 537 27 148
3 595 370 27
3 523 148 370
3 27 370 148
3 620 218 434
3 502 326 218
3 591 434 326
3 218 326 434
3 623 192 219
3 595 328 192
3 502 219 328
3 192 328 219
3 619 301 81
3 591 82 301
3 595 81 82
3 301 82 81
3 502 328 326
3 595 82 328
3 591 326 82
3 328 82 326
3 639 214 315
3 540 113 214
3 538 315 113
3 214 113 315
3 622 266 102
3 592 212 266
3 540 102 212
3 266 212 102
3 601 446 41
3 538 312 446
3 592 41 312
3 446 312 41
3 540 212 113
3 592 312 212
3 538 113 312
3 212 312 113
3 637 407 96
3 535 469 407
3 534 96 469
3 407 469 96
3 619 239 166
3 594 406 239
3 535 166 406
3 239 406 166
3 622 447 351
3 534 94 447
3 594 351 94
3 447 94 351
3 535 406 469
3 594 94 406
3 534 469 94
3 406 94 469
3 638 184 29
3 536 26 184
3 537 29 26
3 184 26 29
3 601 391 288
3 529 169 391
3 536 288 169
3 391 169 288
3 619 259 49
3 537 171 259
3 529 49 171
3 259 171 49
3 536 169 26
3 529 171 169
3 537 26 171
3 169 171 26
3 622 351 266
3 594 386 351
3 592 266 386
3 351 386 266
3 619 49 239
3 529 275 49
3 594 239 275
3 49 275 239
3 601 41 391
3 592 274 41
3 529 391 274
3 41 274 391
3 594 275 386
3 529 274 275
3 592 386 274
3 275 274 386
3 631 53 67
3 549 54 53
3 599 67 54
3 53 54 67
3 607 187 167
3 546 395 187
3 549 167 395
3 187 395 167
3 615 296 292
3 599 68 296
3 546 292 68
3 296 68 292
3 549 395 54
3 546 68 395
3 599 54 68
3 395 68 54
3 637 96 435
3 534 224 96
3 556 435 224
3 96 224 435
3 622 321 447
3 492 204 321
3 534 447 204
3 321 204 447
3 607 77 107
3 556 443 77
3 492 107 443
3 77 443 107
3 534 204 224
3 492 443 204
3 556 224 443
3 204 443 224
3 639 297 214
3 490 335 297
3 540 214 335
3 297 335 214
3 615 410 74
3 531 223 410
3 490 74 223
3 410 223 74
3 622 102 52
3 540 65 102
3 531 52 65
3 102 65 52
3 490 223 335
3 531 65 223
3 540 335 65
3 223 65 335
3 607 107 187
3 492 308 107
3 546 187 308
3 107 308 187
3 622 52 321
3 531 202 52
3 492 321 202
3 52 202 321
3 615 292 410
3 546 66 292
3 531 410 66
3 292 66 410
3 492 202 308
3 531 66 202
3 546 308 66
3 202 66 308
