OFF
642 1280 0
-1.12246224858340e-01 7.00982282016979e-02 1.17794577306887e+00
6.39339678823831e-02 -1.34057496016432e-01 -1.26729704504425e-04
-1.32333469465249e-01 -5.77000452080979e-02 -6.09606514368015e-01
-9.47870261980214e-03 -8.87091153426813e-02 -2.07452089172823e+00
-1.46694901589796e-01 2.00792913527555e-02 -2.04035772933844e-01
-3.37857852354920e-02 -1.11554222617727e-01 -1.60817522196988e+00
5.53228775875429e-02 -1.36653795722768e-01 3.14513916135408e-01
-1.18659648949210e-01 2.91047727859345e-02 -1.47539957329594e+00
-1.14907705926492e-01 -9.34227276442366e-02 -1.97177665320547e-01
-9.20741952507958e-02 -3.37988690214245e-02 -1.94851120133171e+00
-5.57732889868634e-02 1.05018823849768e-01 1.55473353223452e+00
-5.91439394014767e-02 -1.17948770757692e-02 -2.37125172193484e+00
7.00705941484572e-02 6.74230678499027e-02 -1.96133455859922e+00
-9.20696822305936e-02 3.37740684763647e-02 1.94870753868702e+00
5.90865435995932e-02 -1.17826912803812e-02 -2.37170691084052e+00
-1.16748560206332e-01 4.97178904414882e-02 -1.34840453557650e+00
-2.31548238108386e-02 1.46706570213340e-01 -5.32936603373721e-04
-1.17751495440753e-02 -1.35741905636650e-01 -1.03276209674888e+00
-1.94856725251014e-02 3.43858471688866e-02 -2.50123851497367e+00
-1.05453170355730e-01 4.27352024102790e-02 -1.66772740168754e+00
-1.28215844074868e-01 -1.53315208738283e-02 -1.28200033013907e+00
1.35734658084490e-01 5.91394518527737e-02 2.04931317698019e-01
-1.25847446735490e-01 5.46351283394620e-02 9.93897073214910e-01
-1.36189501392170e-01 3.77137353192025e-02 7.98521199553742e-01
3.37351430924422e-02 1.11532672878164e-01 -1.60895574937626e+00
-4.54950152157096e-06 -1.43013795565516e-01 -7.00142546990036e-01
1.80055308526564e-02 5.53400439401651e-02 2.38731334590372e+00
4.97488351942212e-02 7.72084949537442e-02 2.03913230182111e+00
7.65511136800330e-02 -2.32361104695603e-02 -2.18621474634725e+00
1.52997108817755e-02 7.34137934171937e-02 2.23975210713670e+00
7.65467594423782e-02 2.32128251271217e-02 -2.18633677995867e+00
-7.01377506409371e-02 6.74008384149659e-02 -1.96083503893175e+00
-9.34284214078138e-02 -1.13253804798383e-02 -2.00737371078602e+00
-4.27618073888015e-02 -9.54624867050540e-02 1.84209039434506e+00
-4.97452573777438e-02 -7.71821113976162e-02 2.03946377707426e+00
-1.13370288828008e-02 1.14890728554652e-01 -1.63242083581518e+00
-1.25111396443928e-01 -7.65920830235635e-02 4.05891383769170e-01
-1.35733116764196e-01 -5.91338782898504e-02 2.05732262953117e-01
-1.25113118296672e-01 -7.65952238497554e-02 -4.05548336870405e-01
-7.34198839905423e-02 1.28198692106679e-01 2.67011192090467e-01
-1.35733812651451e-01 -5.91357596699577e-02 -2.05426842334032e-01
2.01107877917887e-02 -1.16666665506087e-02 2.56280901814915e+00
-1.17100710521383e-02 1.46693248137882e-01 3.50691962741554e-01
-9.45052916404140e-03 -8.86950731090553e-02 2.07474337535260e+00
-1.05441575642496e-01 -4.27912009397980e-02 -1.66751288097359e+00
-1.12233221116561e-01 -7.01244311196284e-02 -1.17784793005164e+00
8.44410449818321e-02 1.18667076621752e-01 5.08395181743375e-01
-1.12889244196406e-02 -1.14912457730319e-01 1.63205571842235e+00
1.46705981209139e-01 8.45094687949602e-06 -4.04597290983853e-01
5.76889474475472e-02 3.49280161327493e-02 2.31188607093072e+00
-3.77369570198425e-02 4.57227522704275e-02 2.37912123859024e+00
-1.07529474267700e-01 -2.95015137366835e-05 -1.78990855757340e+00
7.01226627558028e-02 -6.74261830276808e-02 1.96073378584545e+00
8.87010025219035e-02 -1.18751176967231e-01 1.65054211152791e-01
8.44628656475076e-02 -1.18644851855915e-01 5.08871836165046e-01
-7.66359781688880e-02 9.56591223718835e-02 1.46537950670682e+00
1.25825468201877e-01 -5.46491417584178e-02 -9.94511078240314e-01
-4.00799046371647e-02 7.86757309358280e-06 2.49853280819640e+00
-7.01035379972643e-02 -6.74351718710699e-02 1.96084816418876e+00
-4.97852698692807e-02 7.71509253210914e-02 -2.03952592832552e+00
-5.76811008972044e-02 -3.49025701619454e-02 2.31206312038165e+00
9.33814362019769e-02 1.12888191884309e-02 -2.00810374291951e+00
-8.90038129210389e-02 -5.57567719218583e-02 1.83471560959645e+00
1.46692081988497e-01 2.01192562347478e-02 2.03452045544018e-01
-3.77638366512867e-02 4.56808328089299e-02 -2.37923683849364e+00
4.97642616110018e-02 -7.71764121660445e-02 2.03938809421774e+00
7.66309548483475e-02 -9.56549125438679e-02 1.46554355941650e+00
7.33960466157209e-02 -1.28210734196768e-01 2.67246572166045e-01
7.71920015244300e-02 -1.16730166553089e-01 8.69057553604083e-01
9.56435739884104e-02 -8.38947407247309e-02 -1.33887206283579e+00
2.32343124687179e-02 -1.25116860626517e-01 1.33795514704596e+00
-1.17922797629616e-02 1.35748929080565e-01 1.03242061083590e+00
-7.72062277580913e-02 1.16725771697799e-01 8.68851980330985e-01
4.57174818241982e-02 -1.36182109438141e-01 6.59114440587529e-01
3.37857080524625e-02 -1.11544061372019e-01 1.60839083302129e+00
9.54554588969014e-02 -1.05435809753150e-01 -7.47475913263839e-01
-2.63551641278400e-05 1.43021136333436e-01 6.99684565583431e-01
1.25849827635879e-01 -5.46396804221884e-02 9.93728661144421e-01
4.27289843392024e-02 9.54480547771683e-02 -1.84255107662054e+00
-8.44810742272229e-02 1.18634232977732e-01 5.08704884127894e-01
1.25112641972162e-01 7.66037155788424e-02 4.05103389969733e-01
7.01098157392841e-02 6.74610566838504e-02 1.96050786188268e+00
8.38915967554100e-02 7.66452118460589e-02 1.67087055858978e+00
5.76450191399563e-02 3.48892944007409e-02 -2.31239892245776e+00
2.30919976458528e-02 1.46716471014635e-01 -6.34198433565155e-04
-8.86932607322098e-02 -1.18756886189239e-01 -1.65070264470562e-01
-9.54608349492060e-02 -1.05442964045646e-01 -7.46958146036804e-01
-5.57625190239240e-02 -1.05023126962780e-01 -1.55476272508833e+00
3.48686914712965e-02 1.32331014992453e-01 -1.00841728441125e+00
-7.01205639857660e-02 -6.74518038082335e-02 -1.96048770812889e+00
-1.43164435786847e-01 -1.94732147654083e-02 -6.01080294473621e-01
-2.91745317276034e-02 8.44271272939875e-02 -2.07305346261259e+00
-1.05007061075341e-01 -8.90129350733247e-02 9.74168370530867e-01
-1.43170045469929e-01 1.94230028684334e-02 -6.01168341785174e-01
9.34274108100786e-02 -1.12799282994299e-02 2.00746617924021e+00
1.46686737510157e-01 2.01160820461693e-02 -2.04720049692325e-01
1.18765968812747e-01 -9.44170848598402e-03 1.54933632780300e+00
7.66008646450440e-02 -9.56640060272640e-02 -1.46584250056318e+00
8.38704140874454e-02 -7.66236347587479e-02 -1.67149708473933e+00
8.89832384780192e-02 -5.57612002510943e-02 -1.83497911989071e+00
-9.56621761848056e-02 -8.39047972147422e-02 -1.33827393560791e+00
9.33834665815269e-02 -1.13060632456169e-02 -2.00804531190497e+00
5.46620993780900e-02 -5.68878681878704e-02 2.19845363358222e+00
1.43173524819937e-01 -1.94378068136844e-02 6.00769245516689e-01
7.33906246496143e-02 -1.28211691533174e-01 -2.67560692044983e-01
-7.72132766725434e-02 1.16705474577294e-01 -8.69492774942835e-01
1.36662787039122e-01 1.80272041858827e-02 9.66001606390930e-01
1.12246253963500e-01 -7.01007220064889e-02 1.17789962814138e+00
-4.28050012543914e-02 9.54328159972340e-02 -1.84225343485963e+00
2.91139627465742e-02 -8.44663033873387e-02 -2.07282625805833e+00
5.68631165831328e-02 1.25835918440831e-01 -9.55454657772880e-01
-1.28210722930087e-01 -1.53152492261869e-02 1.28221600271859e+00
4.97268217577969e-02 -7.71921086540715e-02 -2.03948551590893e+00
1.80173934855157e-02 -5.53115127244141e-02 2.38748784027384e+00
-5.77034949144330e-02 -3.49282514018441e-02 -2.31177417032629e+00
1.35744137859073e-01 -5.91148967819398e-02 2.05177061449135e-01
1.46689859989214e-01 -2.00962149739126e-02 -2.04632690185878e-01
1.32331196178664e-01 -5.76812727748929e-02 -6.10298993638158e-01
-1.28220152878807e-01 1.52750891965484e-02 -1.28207440254967e+00
-3.77528657007294e-02 -4.57315456709276e-02 -2.37899261171949e+00
-1.05443449466984e-01 4.27641817014496e-02 1.66768827084880e+00
1.35729455375076e-01 5.91356059762181e-02 -2.06317159138773e-01
-7.71760946462355e-02 -1.16734731549400e-01 8.69301569942011e-01
-9.54558750816235e-02 -1.05438920306205e-01 7.47325752212767e-01
-7.66113085304418e-02 -9.56617059675926e-02 1.46572171722343e+00
-1.12252445993553e-01 7.00751548434595e-02 -1.17818383073984e+00
-8.44849047898112e-02 1.18622266608397e-01 -5.09362026734317e-01
-4.57458791987079e-02 1.36164522562696e-01 -6.59621881551766e-01
-2.01370686430804e-02 1.16538438047789e-02 -2.56276383686727e+00
-1.16734814757322e-01 -4.97716603207571e-02 -1.34816228379893e+00
-5.53515553523281e-02 1.36638175973378e-01 -3.15044731424921e-01
-7.01207271160187e-02 6.74388194671516e-02 1.96062226468200e+00
-1.52976408309576e-02 -7.33886816826787e-02 2.24000759838744e+00
-3.93595842104917e-05 6.39071106664857e-02 -2.34230650985857e+00
5.57163549616462e-02 1.05004596117408e-01 -1.55564965954197e+00
1.12823059192410e-02 -1.14919350639634e-01 -1.63192154291267e+00
1.11539188595854e-01 9.20852201006876e-02 5.89436317371433e-01
-1.18652620537355e-01 2.91287847735766e-02 1.47542746265704e+00
-1.28215032070360e-01 1.52945272177207e-02 1.28215997989713e+00
1.16517273572734e-02 1.46698249511917e-01 3.50646550335286e-01
-2.91545968671075e-02 -8.44693445111057e-02 -2.07261409873901e+00
-9.56533153951379e-02 -8.38952222255311e-02 1.33865042156288e+00
-8.38857176466466e-02 -7.66203718447324e-02 1.67130832779699e+00
9.20347365552721e-02 -3.37827288196301e-02 -1.94916551779609e+00
1.12822066510668e-02 1.14932932105333e-01 1.63162978973233e+00
-7.33870118106514e-02 -1.28213898034592e-01 2.67540431419677e-01
-5.91468796830398e-02 1.17386140814811e-02 -2.37131455276321e+00
-2.31205923406769e-02 -1.46711971982090e-01 9.06826464420306e-05
2.91308837629291e-02 8.44800631590626e-02 2.07258252607386e+00
1.14913267973669e-01 -9.34121822391917e-02 -1.97712520484478e-01
-5.69218937555267e-02 1.25836218928795e-01 9.54373709359706e-01
-1.46688560469996e-01 -2.01222359519679e-02 2.04135932771777e-01
-3.37671015690861e-02 -1.11546305996325e-01 1.60846258077151e+00
-1.53145012496295e-02 7.34088087340479e-02 2.23977112236916e+00
-5.69311989160653e-02 1.25813221659132e-01 -9.55129434160669e-01
-9.49883777224061e-03 8.86715890847341e-02 -2.07498241409718e+00
1.28190478296839e-01 1.53063748406944e-02 -1.28286600102424e+00
1.11525411201736e-01 9.20726119870382e-02 -5.90831540905168e-01
-1.36660878189596e-01 1.79784693781586e-02 -9.66361185380825e-01
4.56900143723032e-02 1.36199849241802e-01 6.58576747309758e-01
-2.01044709990694e-02 1.16919555223617e-02 2.56278896879639e+00
1.05404397626121e-01 4.27649876955687e-02 -1.66843530352264e+00
-1.05031175376197e-01 8.89966183688595e-02 9.73829863953558e-01
-1.43162761539724e-01 -1.94657869802522e-02 6.01275412361957e-01
-1.18762768784880e-01 9.42886693480434e-03 -1.54943506598298e+00
-1.43168371518355e-01 1.94323190346400e-02 6.01198127591493e-01
9.20710870650885e-02 3.37989257205633e-02 1.94855572941657e+00
1.11554974140170e-01 -9.20584077182570e-02 5.89802739287001e-01
-3.48986057880728e-02 -1.32337407972669e-01 1.00784520126805e+00
1.94515669448738e-02 3.44329081077998e-02 2.50112193085210e+00
-1.94537258840789e-02 3.44276370062080e-02 2.50113895337846e+00
3.77319947903415e-02 4.57335737349825e-02 2.37908177526744e+00
-1.36657678610637e-01 1.79933321061357e-02 9.66414857344450e-01
4.27483682732564e-02 -9.54701408186820e-02 -1.84206452583391e+00
-9.20607323908783e-02 -3.37770414554565e-02 1.94882086596822e+00
-9.56756840142509e-02 8.38856578343901e-02 1.33834541760373e+00
-5.91212481217829e-02 -1.17641053730289e-02 2.37147108462898e+00
-1.12226998700735e-01 -7.01146922317878e-02 1.17820580623367e+00
-1.94457535807701e-02 -3.44067262180049e-02 2.50124570119258e+00
-1.16741930132823e-01 4.97420800961045e-02 1.34830744084259e+00
9.56285782997916e-02 8.38904889261787e-02 -1.33928025980689e+00
-1.53438654898866e-02 7.33643398481650e-02 -2.24015447276551e+00
1.07489092821319e-01 -5.56644508542151e-06 -1.79064879577846e+00
-1.80140521313257e-02 5.53346354392105e-02 2.38733199015613e+00
-5.77035592431997e-06 6.39518259453975e-02 2.34193407099624e+00
8.86974514134484e-02 -1.18751892409244e-01 -1.65479030376857e-01
-5.46805474255775e-02 5.68647616555667e-02 -2.19849606663118e+00
1.05025399964767e-01 -8.90026467012966e-02 9.73851823234220e-01
-7.65881346823639e-02 2.32278243548165e-02 2.18584582924675e+00
-7.65821456494569e-02 -2.32243245857332e-02 2.18592122629284e+00
2.90962835578002e-02 8.44370588889788e-02 -2.07326565411880e+00
1.12573119240847e-02 1.14895061027852e-01 -1.63249614982201e+00
5.57456580494197e-02 1.05039442398491e-01 1.55461085402107e+00
1.18727290252368e-01 9.45687631788204e-03 -1.55021267673226e+00
-1.53270066429556e-02 -7.34066062820159e-02 -2.23976704566193e+00
-4.57388612902138e-02 1.36180949977995e-01 6.58734718066193e-01
1.04987640290174e-01 8.90125274607256e-02 -9.74818422525378e-01
-2.51231169200948e-05 -6.39479896705624e-02 -2.34196600584104e+00
2.00673788622582e-02 1.16586486164034e-02 -2.56292401178532e+00
-5.46664501129663e-02 -5.69161971530449e-02 -2.19819679726511e+00
5.52959183979510e-02 1.36668934254396e-01 3.13952720304666e-01
-1.02487453278620e-01 1.07495517167238e-01 -2.75910356593184e-04
8.39057073517179e-02 -7.66106951574521e-02 1.67113744089103e+00
4.56781246913278e-02 1.36183419544359e-01 -6.59864268974910e-01
1.05449973795689e-01 -4.27565654805468e-02 1.66762196065729e+00
-1.34062500594408e-01 -2.77687669290087e-05 -1.11678991497466e+00
1.32321857108433e-01 5.76936336870067e-02 -6.10560372262782e-01
2.31860840214201e-02 1.25105567043342e-01 -1.33853272422936e+00
-9.54839768279415e-02 1.05423038303131e-01 7.46913776100302e-01
-2.32632823232811e-02 1.25096326545541e-01 -1.33838748106938e+00
1.43170472251318e-01 1.94680954975138e-02 6.00691933215836e-01
-1.46694391705648e-01 2.00824638271119e-02 2.04052364107237e-01
3.77413832544694e-02 -4.57012116967956e-02 2.37922613185853e+00
-8.38983679801276e-02 -7.66333083424474e-02 -1.67093343491681e+00
1.53155404944595e-02 -7.33868492358235e-02 2.23998858934616e+00
7.33663943157632e-02 1.28221720953579e-01 -2.68121418884037e-01
-7.66479310067844e-02 9.56273919496086e-02 -1.46582075065720e+00
-1.05012774753157e-01 -8.90194990656767e-02 -9.73797236500011e-01
1.05009871531860e-01 8.90330986673538e-02 9.73513265547144e-01
6.74240630458293e-02 1.12257808940623e-01 1.22434135344562e+00
1.17461555947175e-02 1.35753787776366e-01 1.03238610024950e+00
-1.94777022510150e-02 -3.44346054214445e-02 -2.50105271615187e+00
-1.80012742260126e-02 -5.53141253655177e-02 2.38750647791932e+00
4.27811471370659e-02 -9.54586816099807e-02 1.84201351769821e+00
1.18661017979779e-01 -2.91228203201529e-02 1.47525725934763e+00
-1.33875324441627e-05 1.02483044232439e-01 1.87809905865133e+00
-2.91496750630056e-02 8.44701276456249e-02 2.07262548681422e+00
-1.11564700703677e-01 9.20459927299882e-02 5.89832615787604e-01
5.76518666468075e-02 -3.49182319974140e-02 -2.31221349031463e+00
-9.47066728502589e-03 8.87153380780161e-02 2.07445087078751e+00
2.32077822747735e-02 1.25137719540580e-01 1.33750018920175e+00
3.44172699886583e-02 -1.43164885819948e-01 3.39773908128367e-01
2.31231099779305e-02 -1.46711575291736e-01 -1.05560894860796e-05
-1.32349819710790e-01 5.76534779851912e-02 -6.09867834958509e-01
-1.46689070492270e-01 -2.01247462737964e-02 -2.03948450222744e-01
-1.36655738606021e-01 -1.80323422143698e-02 -9.66276648635911e-01
9.43792816760785e-03 -8.87081809675620e-02 -2.07458982809552e+00
-3.44136855249762e-02 -1.43166452949764e-01 -3.39683167090152e-01
-1.18755402086825e-01 9.45162335582912e-03 1.54956508246907e+00
7.65916309409540e-02 2.32473715992239e-02 2.18574500721575e+00
-9.34314219438519e-02 1.12665461627230e-02 -2.00743213624578e+00
-5.53176508007642e-02 -1.36656437419626e-01 -3.14444176036446e-01
1.17598538793600e-02 -1.35741522646477e-01 -1.03283065460450e+00
-9.56845421552363e-02 8.38579511801800e-02 -1.33868205478945e+00
-6.39630806114470e-02 1.34043605927175e-01 -4.16644205098025e-04
8.86793931215420e-02 1.18769569091578e-01 1.64558397070444e-01
-1.13108444529411e-02 -1.14920048158607e-01 -1.63184625088977e+00
9.41856003084954e-03 8.86748662786330e-02 -2.07505136143834e+00
3.48859857468432e-02 1.32355821199471e-01 1.00724035243364e+00
1.52648232461442e-02 7.33693225099090e-02 -2.24026948427649e+00
-3.63969748980667e-05 1.43003297863304e-01 -7.00796430934203e-01
-1.80320509839663e-02 -5.53367072262690e-02 -2.38727585735785e+00
1.52806510728899e-02 -7.34047745626122e-02 -2.23988204282499e+00
3.37625952481216e-02 1.11569561136807e-01 1.60799908634132e+00
-4.97663212626580e-02 -7.71978056262714e-02 -2.03912559374844e+00
-1.16728182879223e-01 -4.97582955897371e-02 1.34848809220241e+00
-8.39183806335266e-02 7.65839133565829e-02 -1.67131788041621e+00
-1.05431854050134e-01 -4.27737301531249e-02 1.66783728509369e+00
-4.57126935521303e-02 -1.36185501930336e-01 -6.59001851926303e-01
5.46508554488004e-02 5.69220078920692e-02 2.19826922760870e+00
-5.57885915759369e-02 1.04983982837138e-01 -1.55528406800715e+00
1.05411849230619e-01 -4.27740419209768e-02 -1.66822075306156e+00
-5.68905819942011e-02 -1.25838456135171e-01 9.54853416130575e-01
-7.65999784629094e-02 -2.32506672047390e-02 -2.18564501903582e+00
-7.66059670778515e-02 2.31932851009401e-02 -2.18576703951740e+00
-7.34221329379045e-02 1.28192201046517e-01 -2.67772574391929e-01
5.76957958739744e-02 -3.48925471590540e-02 2.31199738240200e+00
-1.25132850843904e-01 7.65624305774966e-02 4.05580153017023e-01
-1.25134571742099e-01 7.65542710079313e-02 -4.05888092820282e-01
-1.35749967560786e-01 5.90979852970000e-02 2.05486570690838e-01
1.43014609738673e-01 -4.00722487912255e-02 -4.99708299038380e-04
-1.35750663210115e-01 5.90941405237091e-02 -2.05683700057379e-01
-8.90169418741017e-02 -5.57740650687891e-02 -1.83436073014825e+00
-1.17147768338094e-02 1.46684196103080e-01 -3.51797933125547e-01
4.00870909071858e-02 1.67931065235997e-05 2.49849760554615e+00
5.91295769205335e-02 1.17880352552901e-02 2.37137143142809e+00
-1.05036887056872e-01 8.89760530246455e-02 -9.74215341036628e-01
-6.74669184376459e-02 1.12204030570697e-01 -1.22512519466514e+00
-5.76898001910226e-02 3.49123473629080e-02 2.31195181339243e+00
-1.34058569140085e-01 -1.22152956523484e-05 1.11693403792296e+00
-9.20831445080691e-02 3.37416186917958e-02 -1.94868496446001e+00
1.02447310683847e-01 1.07533768433352e-01 -7.24597263826125e-04
1.94117684870554e-02 3.43911157001998e-02 -2.50139179995952e+00
-4.27849418243016e-02 9.54726655464282e-02 1.84176538871553e+00
-1.16766156775521e-02 -1.46691212414989e-01 3.51291846687308e-01
1.34068860415482e-01 1.76366429149890e-05 1.11655692272710e+00
-1.75108032374913e-05 -1.02472825022141e-01 -1.87826923743997e+00
-9.34147734052573e-02 -1.12992529239265e-02 2.00761250769413e+00
3.56814330880671e-07 2.31379298050388e-02 2.56311812535769e+00
1.32337121093537e-01 5.77049697346740e-02 6.09222161917568e-01
-7.33892607625709e-02 -1.28214855258181e-01 -2.67211916945729e-01
1.11541195991644e-01 -9.20622394248880e-02 -5.90415240634533e-01
6.74455811952154e-02 -1.12230084929527e-01 1.22475531351645e+00
1.16836075072996e-02 -1.46691011880800e-01 3.51246446424204e-01
3.49133355044878e-02 -1.32336106302711e-01 1.00774165244799e+00
1.05003167881029e-01 -8.90092129564501e-02 -9.74400235841447e-01
5.69059325068484e-02 -1.25835816635019e-01 9.54680379064889e-01
9.46926865115039e-03 -8.86941389942444e-02 2.07472948427820e+00
-5.53484516214183e-02 1.36646027169297e-01 3.14170585795760e-01
-3.44439048715615e-02 1.43161991928390e-01 3.39321971245964e-01
6.73998253247022e-02 1.12229646049323e-01 -1.22553616205921e+00
8.90126049870534e-02 5.57805667558442e-02 1.83436462382367e+00
-1.18644544605913e-01 -2.91444030998759e-02 1.47553154376995e+00
6.39080514436900e-02 1.34069847134960e-01 -6.96615441665900e-04
5.52899980904037e-02 1.36661081722187e-01 -3.15311371459404e-01
3.43876514675996e-02 1.43176557213919e-01 3.39187649451760e-01
1.36187631613850e-01 3.77512530493404e-02 7.98077297673672e-01
3.43818322484008e-02 1.43167895996213e-01 -3.40481127773971e-01
9.56731138284058e-02 -8.38851640227022e-02 1.33841094399522e+00
5.68811975609050e-02 1.25858919682887e-01 9.54200621106384e-01
-6.74275517455546e-02 -1.12234498172519e-01 1.22493486819171e+00
-1.11567850375563e-01 9.20333883135426e-02 -5.90250958350122e-01
1.94589234067870e-02 -3.44033343481733e-02 2.50122867961898e+00
-1.80448268266799e-02 5.52907158766058e-02 -2.38757163242283e+00
-1.46712528307604e-01 -2.42143564180026e-05 -4.03871834027941e-01
8.46821393430559e-06 -6.39274660913045e-02 2.34213705807114e+00
-1.11539483609460e-01 -9.20688573620966e-02 5.90198960863325e-01
-9.54889352218058e-02 1.05406270188968e-01 -7.47442441981535e-01
5.90842417176447e-02 1.17527497013105e-02 -2.37176975837945e+00
-3.49102190869797e-02 -1.32340675880832e-01 -1.00759143281964e+00
5.68878508117039e-02 -1.25839413371014e-01 -9.54864577658354e-01
8.90227418254487e-02 -5.57439031176745e-02 1.83455465023454e+00
1.16714738665490e-01 -4.97538025546400e-02 -1.34889382285887e+00
1.79796836534267e-02 -5.53340961219946e-02 -2.38741488420480e+00
8.89731024852679e-02 5.57467524033556e-02 -1.83526310440291e+00
1.25840816395351e-01 5.46727797985800e-02 9.93521291494835e-01
9.56581177213906e-02 8.39182033762396e-02 1.33810590283101e+00
1.12206678922572e-01 7.01111614234876e-02 -1.17886047135295e+00
7.66130171424105e-02 9.56864536351884e-02 1.46520130617370e+00
1.46695204494073e-01 -2.00937040327676e-02 2.03535611343557e-01
-2.01343601921965e-02 -1.17040875424261e-02 -2.56270044383322e+00
-1.13151122512191e-02 1.14928598384391e-01 1.63165341419930e+00
1.32346460490190e-01 -5.76756187282598e-02 6.09451218684891e-01
-3.37936731014825e-02 1.11556762438176e-01 1.60807085694201e+00
-8.87233513305382e-02 1.18735062343485e-01 1.64926358520024e-01
2.91485638190116e-02 -8.44515658216699e-02 2.07286111896490e+00
5.49332682948573e-06 -1.43012128378027e-01 7.00246480315699e-01
4.57055913622064e-02 -1.36184043337390e-01 -6.59244169159556e-01
-2.32340867156552e-02 -1.25123080990361e-01 -1.33777878097775e+00
1.17756505371678e-02 -1.35738457096565e-01 1.03289868990633e+00
1.13072016609821e-02 -1.14911760305642e-01 1.63203208739987e+00
1.35738934761929e-01 -5.91167796080172e-02 -2.06060255226267e-01
2.00698714838357e-02 -1.16999415957880e-02 -2.56286061817730e+00
1.43157949637597e-01 -1.94452379400277e-02 -6.01827800032631e-01
-8.90185096659691e-02 5.57537930152632e-02 1.83452560053726e+00
1.36167394203247e-01 3.77376950236083e-02 -7.99326030067537e-01
-8.90316362238336e-02 5.57199869245812e-02 -1.83464466640944e+00
1.36638259913992e-01 1.80123353918483e-02 -9.67144604198397e-01
-2.91297382551976e-02 -8.44546077446845e-02 2.07290406530994e+00
-1.18760145859285e-01 -9.48698141819707e-03 -1.54938815357798e+00
-3.44097575414094e-02 -1.43165647316866e-01 3.39908189613022e-01
7.65959859534722e-02 -2.32097623855902e-02 2.18582041951421e+00
1.18656117450395e-01 2.91600436044145e-02 1.47515313466926e+00
-5.53145461285406e-02 -1.36655525464462e-01 3.14731719473651e-01
-5.77121927621032e-02 3.48736314214366e-02 -2.31195958167199e+00
-3.44478324040216e-02 1.43153331636151e-01 -3.40314039650661e-01
-1.14906705382985e-01 -9.34214681740235e-02 1.97537446157701e-01
3.37582524469380e-02 -1.11551978570618e-01 -1.60839919856626e+00
-4.97642099651343e-02 7.71920351677798e-02 2.03920799658591e+00
-5.46446149723920e-02 -5.68956803805829e-02 2.19852459643040e+00
1.94191237961953e-02 -3.44312146468419e-02 -2.50120599422337e+00
-3.64046356564884e-05 2.30974408492411e-02 -2.56322950803288e+00
4.00431695452964e-02 -1.80072335234355e-05 -2.49871256761797e+00
-1.18651572916936e-01 -2.91614843439576e-02 -1.47525601037005e+00
-1.25836277553303e-01 -5.46675288564657e-02 -9.93784919638846e-01
-1.36181414107686e-01 -3.77511090337259e-02 -7.98403143630206e-01
1.14902056802873e-01 9.34331298310778e-02 1.96677432103302e-01
1.14897394901532e-01 9.34288906369848e-02 -1.98118110557535e-01
5.46096261903576e-02 5.68812840545850e-02 -2.19890362098842e+00
5.46208682664433e-02 -5.69083881369192e-02 -2.19860431958370e+00
4.27617606059425e-02 9.54879094261936e-02 1.84168849873031e+00
9.44989795377106e-03 8.87186168328530e-02 2.07443698146712e+00
-1.17613178223661e-02 -1.35738839886203e-01 1.03293317917111e+00
-4.57056746411150e-02 -1.36183568439652e-01 6.59272349686218e-01
-6.39292898640398e-02 -1.34059726840826e-01 1.53147648908873e-04
1.18728879753650e-01 -9.46211675121556e-03 -1.55016575824769e+00
-1.32331238014861e-01 -5.76943933640552e-02 6.09917560877206e-01
1.25115375458096e-01 -7.65807912407722e-02 -4.06167247667156e-01
1.18625715695886e-01 -2.91399078061269e-02 -1.47602063655570e+00
1.25125295328207e-01 -7.65776488394840e-02 4.05414668547840e-01
-1.43007937679118e-01 -4.00960627541545e-02 1.26442080558778e-04
-1.14933436792151e-01 9.33882624857697e-02 -1.97583173519795e-01
-4.03278471640117e-05 1.02441345552604e-01 -1.87879318092398e+00
-3.49301997743077e-02 1.32341576738420e-01 1.00734392619527e+00
-5.46587147413453e-02 5.69054791827592e-02 2.19834020068768e+00
-1.14932436742915e-01 9.33925002536209e-02 1.97148872768623e-01
5.91318779324497e-02 -1.17519149538779e-02 2.37140863881486e+00
8.86758424418608e-02 1.18765680206214e-01 -1.65992858541367e-01
1.25816456892925e-01 5.46545464956564e-02 -9.94768369319674e-01
8.44302731074316e-02 1.18655107692154e-01 -5.09791996973173e-01
-3.38123545766537e-02 1.11519877054627e-01 -1.60873175872563e+00
2.01082934582871e-02 1.16967620965800e-02 2.56277312071452e+00
9.54530774729415e-02 1.05458398286680e-01 7.46595587880911e-01
7.71701429841794e-02 1.16755581647064e-01 8.68607893429764e-01
-7.66232647019828e-02 -9.56707971269213e-02 -1.46534979632473e+00
9.54719347116559e-02 -1.05431765553975e-01 7.47007622988715e-01
1.34040747626697e-01 2.07693724579564e-06 -1.11758670451741e+00
-6.74560219049424e-02 1.12232188442013e-01 1.22452095142507e+00
1.16706327480230e-01 4.97520081184337e-02 -1.34913613528408e+00
-4.27818706556343e-02 -9.54739447746081e-02 -1.84176692381130e+00
-3.49418108407479e-02 1.32316772816752e-01 -1.00821517464628e+00
1.36641139909093e-01 -1.80053599193732e-02 -9.67060051992253e-01
8.38563042656628e-02 7.66115925930562e-02 -1.67188159907892e+00
-5.91241894142761e-02 1.17738934817986e-02 2.37143387578738e+00
1.05442520928854e-01 4.27939756690183e-02 1.66747290193142e+00
-1.46711519580646e-01 -1.85893431029076e-05 4.03983754891121e-01
9.34253797337610e-02 1.13186139823930e-02 2.00742856827876e+00
1.18764379037801e-01 9.47964059604433e-03 1.54930282610999e+00
4.97113959854303e-02 7.71673787146688e-02 -2.03988590407287e+00
1.79678222866957e-02 5.52961222316104e-02 -2.38771067108855e+00
5.57663557098080e-02 -1.05010441660028e-01 1.55498223515158e+00
-1.36652538848194e-01 -1.80202892801017e-02 9.66483378887117e-01
-5.57472149774700e-02 -1.05014654774768e-01 1.55510487111669e+00
1.14917929521323e-01 -9.34109229858980e-02 1.97066073519443e-01
-8.44500519497944e-02 -1.18649620961559e-01 5.09181459000740e-01
1.02466194876348e-01 -1.07515781227850e-01 -2.67551285976553e-04
-8.39057330373296e-02 7.66175245481384e-02 1.67104147906248e+00
1.28192984608050e-01 -1.53057197557325e-02 -1.28279194180668e+00
1.46716561942401e-01 1.40779727561271e-05 4.03424484853902e-01
-1.07519343184192e-01 -4.57364580566534e-06 1.79009438130466e+00
-1.18752779572693e-01 -9.46658067473326e-03 1.54959855840626e+00
3.77000134174440e-02 -4.57255644857067e-02 -2.37928350813238e+00
3.76906265001092e-02 4.56916493213584e-02 -2.37952775778301e+00
-2.01017624094705e-02 -1.16708145002212e-02 2.56282486599027e+00
-3.77259858424670e-02 -4.57071956326353e-02 2.37926558143360e+00
9.54366012806363e-02 1.05441626047887e-01 -7.47960305077084e-01
1.18620815693721e-01 2.91360227818471e-02 -1.47616423623553e+00
7.65829275609017e-02 9.56547152838879e-02 -1.46631355330025e+00
-9.34177748228899e-02 1.12963328162710e-02 2.00757489543007e+00
-5.68998889357928e-02 -1.25842052594328e-01 -9.54539428370833e-01
-2.32174058863694e-02 -1.25117962677779e-01 1.33801326946075e+00
6.74213424241676e-02 -1.12236044549717e-01 -1.22499594064165e+00
9.20286441316598e-02 3.37664676266035e-02 -1.94933931488974e+00
3.48960383361278e-02 -1.32339374397596e-01 -1.00779352262770e+00
1.12234255411073e-01 7.01342424955848e-02 1.17763952534749e+00
1.28224649937683e-01 -1.52894417946407e-02 1.28188489149055e+00
1.16782380784804e-02 -1.46691743957567e-01 -3.51207627353065e-01
7.71522585973507e-02 1.16735279435982e-01 -8.69924695688257e-01
1.25102722471899e-01 7.65955532447276e-02 -4.06507081182485e-01
-3.12560806636676e-05 -2.31430315800407e-02 -2.56310400838575e+00
1.16463580589523e-02 1.46689197051549e-01 -3.51854842160266e-01
-1.02458453103434e-01 -1.07523159459961e-01 1.81054810033029e-04
-1.11542634477973e-01 -9.20726870621470e-02 -5.89834740458008e-01
1.16746792314966e-01 -4.97404336088979e-02 1.34819747707688e+00
-8.87245417470597e-02 1.18731173866590e-01 -1.65584024958411e-01
7.33718157752518e-02 1.28228213214686e-01 2.66717252713262e-01
5.50621849497114e-06 -2.31121238333244e-02 2.56318918763974e+00
9.20771798646834e-02 -3.37608959468834e-02 1.94866908092204e+00
5.57370507697628e-02 -1.05018914696287e-01 -1.55512826902276e+00
7.00834381961263e-02 -6.74428184973269e-02 -1.96098719276461e+00
-8.86920708092337e-02 -1.18756171011063e-01 1.65422081121201e-01
-1.32347589464942e-01 5.76648091082173e-02 6.09688550390792e-01
-1.16813225418015e-02 -1.46691944473951e-01 -3.51150750357157e-01
3.44114495941236e-02 -1.43165691467515e-01 -3.39850224978849e-01
-1.43019495059937e-01 4.00548195163282e-02 -4.39005247565178e-05
1.12218676308397e-01 -7.01104643115874e-02 -1.17852450929040e+00
7.71741161318854e-02 -1.16734079996333e-01 -8.69381884495266e-01
1.36665667538877e-01 -1.79933021487727e-02 9.66070144900988e-01
5.53169561988794e-02 -1.36654708112288e-01 -3.14710752207802e-01
-6.74384508851030e-02 -1.12240456386735e-01 -1.22458504822644e+00
1.43154896980026e-01 1.94587753417076e-02 -6.01915877107393e-01
-1.25832119048494e-01 -5.46580714224593e-02 9.94104366521691e-01
8.44520927252131e-02 -1.18647065005251e-01 -5.09259928952729e-01
1.16738380833964e-01 4.97762067358891e-02 1.34801679354435e+00
-1.36178740198108e-01 -3.77424208381093e-02 7.98667681134797e-01
1.28222142500598e-01 1.53258199375388e-02 1.28182885137995e+00
1.36193673953070e-01 -3.77192906486255e-02 7.98223839875980e-01
2.32126109752918e-02 -1.25121979957335e-01 -1.33792399704046e+00
-4.01076557200624e-02 -2.69291159833162e-05 -2.49839684059240e+00
1.07530315802735e-01 1.93693034712604e-05 1.78989316876875e+00
-8.44538835932115e-02 -1.18651832818963e-01 -5.08830045675014e-01
1.17303599554522e-02 1.35728080340256e-01 -1.03347203813632e+00
-1.18061120723071e-02 1.35723222407971e-01 -1.03340348051712e+00
9.43099202627064e-06 -1.02462199739139e-01 1.87844617259422e+00
1.36173435908873e-01 -3.77279824541268e-02 -7.99151801719294e-01
-7.71831459903835e-02 -1.16738643339733e-01 -8.68950076585069e-01
-2.32466044394276e-02 1.25128476914263e-01 1.33755834152794e+00
-1.25851604627360e-01 5.46169013573567e-02 -9.94042136625299e-01
-1.36192175212008e-01 3.77001820311541e-02 -7.98577349941618e-01
1.43008317267784e-01 4.00946911833219e-02 -6.70100019759681e-04
1.41240966466804e-01 3.95233854993684e-02 -4.08925639537666e-01
-1.01760345263761e-01 6.38971232016685e-02 -1.52516151237888e+00
-3.44989661145180e-02 6.61666523344250e-02 -2.24352799777708e+00
-6.39634394663232e-02 8.72648198907871e-02 -1.77759841842505e+00
-8.72904785158733e-02 -1.01741860255718e-01 1.11702508034673e+00
3.94783560269783e-02 -2.33821649619976e-02 -2.46787329712134e+00
-1.01733776461151e-01 -6.39359079090508e-02 1.52520640313290e+00
3.44365025243848e-02 -6.62092194954180e-02 -2.24343759858393e+00
1.41562196775680e-01 5.22907786147819e-06 -7.85038644099209e-01
-1.10198834293760e-05 -1.26813631588174e-01 -1.35071118294737e+00
2.13102154117877e-02 -1.00657694267715e-01 1.87131609773189e+00
-1.26803092896981e-01 -7.73300722677610e-02 1.70123770683743e-04
1.01753487565161e-01 -6.39223636814057e-02 1.52497832593628e+00
1.41582416404165e-01 1.61560855377892e-05 7.83924840335318e-01
2.33716177321388e-02 -1.41250144336299e-01 6.90288310387613e-01
-4.48949795058106e-02 -1.41574733981662e-01 1.27420978391977e-04
-2.33689988856301e-02 -1.41252465004647e-01 -6.90170419686376e-01
4.48984268972882e-02 -1.41573640860457e-01 -6.91417656159470e-05
-6.61966068980885e-02 -1.28413612311063e-01 -6.01896068654450e-01
-7.73393609365595e-02 -2.91027717595759e-05 -2.21524411496688e+00
1.26799215903313e-01 7.73364190865566e-02 -7.13775769929603e-04
-2.13382464617464e-02 1.00634001845729e-01 -1.87160751688956e+00
8.72903500285523e-02 1.01764477755359e-01 1.11639911260115e+00
2.12801589544088e-02 -1.00668550739090e-01 -1.87124224287753e+00
8.72664557356738e-02 1.01739740845608e-01 -1.11765673711642e+00
-2.33933747065335e-02 1.41254160115020e-01 6.89812382007224e-01
1.01707830662497e-01 6.39288822286908e-02 -1.52582433233412e+00
-6.39471220157750e-02 8.73021015611277e-02 1.77721882138426e+00
1.07080757299254e-01 2.12944019487753e-02 -1.75919315116886e+00
-6.62236910595347e-02 1.28402549718397e-01 6.01707029488388e-01
-1.00656362796831e-01 -1.07117306522482e-01 -3.71902574611620e-01
-8.73253602015214e-02 1.01707862473592e-01 -1.11713791911940e+00
-2.13146257476381e-02 1.00675270450109e-01 1.87101214951393e+00
-1.28411189628228e-01 -3.44859227474397e-02 -1.15627386337022e+00
4.48698207817191e-02 1.41582704622018e-01 -6.70960383464117e-04
-1.01743121959519e-01 -6.39492764332066e-02 -1.52484501806153e+00
-3.95372620377312e-02 -2.33896660571350e-02 -2.46756374781731e+00
-4.49294287323727e-02 1.41563802706122e-01 -4.74343745430564e-04
-3.44831783899785e-02 -6.62136939867088e-02 -2.24317844260330e+00
-1.26824813470873e-01 7.72944444689830e-02 -1.58501912626357e-04
6.61789685041028e-02 1.28429198070471e-01 6.01472941390288e-01
-1.41573993351948e-01 -1.53683786259854e-05 7.84389023885977e-01
-1.01751001773946e-01 6.39262321201291e-02 1.52497945631225e+00
2.12887810214017e-02 1.00683015435588e-01 1.87097475516451e+00
-1.41576277592183e-01 -2.62908368399033e-05 -7.84263084995778e-01
-3.95153676593480e-02 2.33756400072293e-02 2.46771135795637e+00
-3.95097396765958e-02 -2.33599570690968e-02 2.46778419083702e+00
2.12587266225194e-02 1.00641744344515e-01 -1.87175664402108e+00
-6.39414381874895e-02 -8.73104462972824e-02 -1.77715611665067e+00
3.95168427804919e-02 2.33857343790779e-02 2.46767495573351e+00
-3.92585126650535e-05 1.26792063723495e-01 -1.35132889195884e+00
6.39448734171338e-02 -8.72918034110681e-02 1.77739790453376e+00
1.41251478728170e-01 3.95303750647198e-02 4.07609021020461e-01
7.72850586401982e-02 -1.18907306843495e-05 -2.21582253963338e+00
1.07124891760520e-01 -2.12835026548773e-02 1.75841309793092e+00
1.07121197027809e-01 2.13219190590575e-02 1.75833974423378e+00
-2.71113214221641e-06 4.49152701271327e-02 2.47330211773806e+00
3.44612211359781e-02 6.62207619821495e-02 2.24321775141127e+00
7.28810835060612e-06 -4.48900336355021e-02 2.47344195569475e+00
-1.07125553332183e-01 2.12673634650882e-02 -1.75846039755331e+00
3.44749165504311e-02 -6.61899656940380e-02 2.24343093350914e+00
-2.33604017808088e-02 -1.41250723568228e-01 6.90368009721102e-01
8.35505218955716e-06 -1.26808648590909e-01 1.35085397454851e+00
-6.61911909449109e-02 -1.28411469025420e-01 6.02217351606950e-01
-1.00654047306633e-01 -1.07115344420265e-01 3.72266170669703e-01
-6.39251176573965e-02 -8.72982207573408e-02 1.77751860400956e+00
8.73089275629853e-02 -1.01734865333554e-01 1.11677941721458e+00
1.07084451516853e-01 -2.13049796258922e-02 -1.75908542154577e+00
6.39102037467661e-02 -8.73040311489057e-02 -1.77759518870565e+00
1.00666524330309e-01 -1.07108038256820e-01 3.71877848947657e-01
-1.28406591458936e-01 -3.44730342688290e-02 1.15654700062294e+00
-1.07109751589372e-01 -2.13041604090386e-02 1.75861823956485e+00
2.33604126447396e-02 -1.41251885788695e-01 -6.90295312740011e-01
-2.12912247588799e-02 -1.00659435795757e-01 1.87135348412854e+00
-8.72986265293042e-02 -1.01748238658211e-01 -1.11665333137038e+00
-3.44572378594993e-02 -6.61944420713563e-02 2.24347351972388e+00
1.28423051778078e-01 -3.44506336844237e-02 1.15619283365684e+00
-6.62291057279904e-02 1.28387922403465e-01 -6.02477321403167e-01
6.61918033206782e-02 -1.28410779668866e-01 -6.02241672734880e-01
-2.13148482070707e-02 -1.00670291937682e-01 -1.87109313733635e+00
1.41247201630066e-01 -3.95070434587660e-02 -4.08750254566911e-01
1.00647622855697e-01 1.07130767273908e-01 3.71440817531912e-01
-2.81871991377885e-05 -4.49155074375470e-02 -2.47330075376828e+00
1.00639262992208e-01 1.07122362888909e-01 -3.72869288223593e-01
1.41257714059553e-01 -3.95026595465370e-02 4.07769575403471e-01
-3.81848183944648e-05 4.48718472632160e-02 -2.47354258995234e+00
3.94735770820649e-02 2.33467034882331e-02 -2.46799910006011e+00
1.28388828679181e-01 3.44664142442017e-02 -1.15720893738573e+00
1.28417409630605e-01 3.44857418836702e-02 1.15606464482538e+00
6.38933267593544e-02 8.72868699066832e-02 -1.77803754984379e+00
-1.98854866609817e-05 1.26824709424229e-01 1.35039364687956e+00
3.44228084756510e-02 6.61775216376908e-02 -2.24378718274156e+00
-1.00685165118605e-01 1.07084842736562e-01 -3.72376117558817e-01
-8.73172147034514e-02 1.01732593106216e-01 1.11664482775231e+00
-1.28420895919003e-01 3.44316337894537e-02 -1.15643864752564e+00
2.33416781666195e-02 1.41263987398623e-01 6.89732655001320e-01
2.33304742764423e-02 1.41246498674545e-01 -6.90940510297360e-01
-2.34019708906558e-02 1.41236672591851e-01 -6.90815590824899e-01
-1.00682850293361e-01 1.07093245028031e-01 3.71829217605606e-01
-1.28416298257397e-01 3.44509541872841e-02 1.15641885362469e+00
-1.07119762134150e-01 -2.13256305398984e-02 -1.75835268754709e+00
8.72850326937400e-02 -1.01741245361145e-01 -1.11717205539255e+00
-1.41246014298006e-01 -3.95262939633740e-02 4.08307195999528e-01
1.01719079135247e-01 -6.39357359049844e-02 -1.52550777704930e+00
-1.41247213736818e-01 -3.95306759457973e-02 -4.08050985636761e-01
-7.73214211870240e-02 1.74938081716791e-06 2.21543531177567e+00
1.26811930586051e-01 -7.73155761486632e-02 -3.85085229177498e-04
-1.41257376258748e-01 3.94911063804340e-02 4.08146681836080e-01
-1.41258575308010e-01 3.94841196635098e-02 -4.08226328637555e-01
1.00658164203717e-01 -1.07110000999808e-01 -3.72395659615539e-01
-1.07115543066786e-01 2.12948719969138e-02 1.75854490843874e+00
1.01742238283219e-01 6.39579998055048e-02 1.52475133937967e+00
3.95216224664373e-02 -2.33524529183562e-02 2.46774779170986e+00
6.61671122127331e-02 1.28414567919072e-01 -6.02823008095356e-01
7.73306708351913e-02 1.89681591749233e-05 2.21533674462299e+00
6.39279948361776e-02 8.73241586773726e-02 1.77709809319878e+00
-3.44730277119767e-02 6.62098882412818e-02 2.24326034925405e+00
1.28394470306237e-01 -3.44635271370775e-02 -1.15704411889255e+00
-3.95428891774757e-02 2.33366134411564e-02 -2.46768954024175e+00
6.62036604950593e-02 -1.28408635767329e-01 6.01983332902314e-01
-4.58884397586662e-02 -1.20157569766632e-01 1.29747394187334e+00
3.15727180792029e-06 1.30001535098401e-05 2.59479897437607e+00
-4.59177314925738e-02 1.20161912056080e-01 1.29703481490489e+00
-4.59022398449625e-02 -1.20163051332659e-01 -1.29716996124225e+00
1.48522601784775e-01 1.14655739163778e-05 -5.96983185398308e-04
1.20148548249871e-01 -7.42611582531866e-02 -8.02241825131237e-01
-7.42757577654553e-02 -4.59172014547417e-02 -2.09893891255058e+00
1.20167830446288e-01 -7.42547978848926e-02 8.01539706246067e-01
-7.42875430787514e-02 4.58622617953809e-02 -2.09917822060872e+00
-1.48522604555538e-01 -2.16037886940310e-05 5.33206319596383e-05
4.58824346363100e-02 -1.20160557746364e-01 -1.29745430210509e+00
7.42326902994537e-02 -4.59054444284333e-02 -2.09948237967932e+00
-3.19911188567663e-05 1.48522598906500e-01 -5.87449734279964e-04
7.42240361668371e-02 4.58835682245248e-02 -2.09972171970035e+00
1.08415100878237e-06 -1.48522606132924e-01 4.38793135993514e-05
4.59058530046384e-02 -1.20155075461281e-01 1.29735642802730e+00
-7.42700236753998e-02 4.58992746199707e-02 2.09912051568588e+00
1.20136110045716e-01 7.42691368053492e-02 -8.02584867014824e-01
-7.42582366665088e-02 -4.58957457209467e-02 2.09927134367530e+00
7.42667342080078e-02 4.59205886819706e-02 2.09901375179380e+00
1.20155391660192e-01 7.42851159588293e-02 8.01251366676987e-01
-1.20150470707035e-01 -7.42690523387160e-02 8.01930832983353e-01
7.42753896154144e-02 -4.58839844169469e-02 2.09916459523656e+00
4.58816266789179e-02 1.20179858962299e-01 1.29691726491474e+00
-1.20154192924338e-01 -7.42754101137438e-02 -8.01580804631170e-01
-3.40581588757805e-05 -2.31387573728575e-05 -2.59479888518962e+00
4.58582105154227e-02 1.20149198494170e-01 -1.29803666012634e+00
-1.20171106185822e-01 7.42458584914940e-02 8.01642557239856e-01
-1.20174827087388e-01 7.42298847523272e-02 -8.01923770760418e-01
-4.59315292781216e-02 1.20131255447624e-01 -1.29775227463789e+00
-7.80778010518012e-02 -1.26344059736872e-01 1.67682856948377e-04
7.80835749289524e-02 -1.26340491398998e-01 -1.74159211436342e-04
7.80599698445747e-02 1.26355071091523e-01 -7.11236865178723e-04
-7.81104658134793e-02 1.26323866405147e-01 -3.69312882283570e-04
-1.26342317615812e-01 -9.63565268396241e-06 1.36412576424721e+00
-1.26347969149884e-01 -2.86315111763801e-05 -1.36396590444863e+00
1.26319859292267e-01 -5.04653673335531e-07 -1.36476045408169e+00
1.26353343594803e-01 1.84983229154228e-05 1.36381398920184e+00
-8.31497754848433e-06 7.81016136139128e-02 2.20706634847527e+00
9.07491084874176e-06 -7.80782081661684e-02 2.20731909917763e+00
-2.25835648152297e-05 -7.80950357294728e-02 -2.20713736207055e+00
-3.99712191677766e-05 7.80569566936775e-02 -2.20754839493170e+00
3 631 67 1
3 599 6 67
3 497 1 6
3 67 6 1
3 615 294 296
3 494 73 294
3 599 296 73
3 294 73 296
3 614 232 293
3 497 231 232
3 494 293 231
3 232 231 293
3 599 73 6
3 494 231 73
3 497 6 231
3 73 231 6
3 639 43 297
3 553 473 43
3 490 297 473
3 43 473 297
3 600 430 152
3 542 47 430
3 553 152 47
3 430 47 152
3 615 74 70
3 490 340 74
3 542 70 340
3 74 340 70
3 553 47 473
3 542 340 47
3 490 473 340
3 47 340 473
3 630 374 145
3 495 353 374
3 543 145 353
3 374 353 145
3 614 284 147
3 541 350 284
3 495 147 350
3 284 350 147
3 600 262 168
3 543 373 262
3 541 168 373
3 262 373 168
3 495 350 353
3 541 373 350
3 543 353 373
3 350 373 353
3 615 70 294
3 542 339 70
3 494 294 339
3 70 339 294
3 600 168 430
3 541 372 168
3 542 430 372
3 168 372 430
3 614 293 284
3 494 336 293
3 541 284 336
3 293 336 284
3 542 372 339
3 541 336 372
3 494 339 336
3 372 336 339
3 640 236 3
3 503 286 236
3 559 3 286
3 236 286 3
3 610 467 357
3 489 135 467
3 503 357 135
3 467 135 357
3 603 5 338
3 559 246 5
3 489 338 246
3 5 246 338
3 503 135 286
3 489 246 135
3 559 286 246
3 135 246 286
3 631 1 104
3 497 458 1
3 558 104 458
3 1 458 104
3 614 436 232
3 552 453 436
3 497 232 453
3 436 453 232
3 610 320 433
3 558 337 320
3 552 433 337
3 320 337 433
3 497 453 458
3 552 337 453
3 558 458 337
3 453 337 458
3 630 290 374
3 498 241 290
3 495 374 241
3 290 241 374
3 603 319 429
3 496 258 319
3 498 429 258
3 319 258 429
3 614 147 452
3 495 237 147
3 496 452 237
3 147 237 452
3 498 258 241
3 496 237 258
3 495 241 237
3 258 237 241
3 610 433 467
3 552 242 433
3 489 467 242
3 433 242 467
3 614 452 436
3 496 25 452
3 552 436 25
3 452 25 436
3 603 338 319
3 489 17 338
3 496 319 17
3 338 17 319
3 552 25 242
3 496 17 25
3 489 242 17
3 25 17 242
3 635 349 20
3 580 363 349
3 513 20 363
3 349 363 20
3 606 272 9
3 515 44 272
3 580 9 44
3 272 44 9
3 624 364 45
3 513 129 364
3 515 45 129
3 364 129 45
3 580 44 363
3 515 129 44
3 513 363 129
3 44 129 363
3 640 3 194
3 559 140 3
3 518 194 140
3 3 140 194
3 603 87 5
3 528 399 87
3 559 5 399
3 87 399 5
3 606 199 89
3 518 254 199
3 528 89 254
3 199 254 89
3 559 399 140
3 528 254 399
3 518 140 254
3 399 254 140
3 630 85 290
3 510 470 85
3 498 290 470
3 85 470 290
3 624 217 442
3 554 86 217
3 510 442 86
3 217 86 442
3 603 429 459
3 498 475 429
3 554 459 475
3 429 475 459
3 510 86 470
3 554 475 86
3 498 470 475
3 86 475 470
3 606 89 272
3 528 213 89
3 515 272 213
3 89 213 272
3 603 459 87
3 554 394 459
3 528 87 394
3 459 394 87
3 624 45 217
3 515 100 45
3 554 217 100
3 45 100 217
3 528 394 213
3 554 100 394
3 515 213 100
3 394 100 213
3 634 279 111
3 521 411 279
3 550 111 411
3 279 411 111
3 609 151 405
3 582 163 151
3 521 405 163
3 151 163 405
3 621 461 376
3 550 464 461
3 582 376 464
3 461 464 376
3 521 163 411
3 582 464 163
3 550 411 464
3 163 464 411
3 635 20 205
3 513 235 20
3 524 205 235
3 20 235 205
3 624 2 364
3 584 365 2
3 513 364 365
3 2 365 364
3 609 314 234
3 524 90 314
3 584 234 90
3 314 90 234
3 513 365 235
3 584 90 365
3 524 235 90
3 365 90 235
3 630 450 85
3 544 441 450
3 510 85 441
3 450 441 85
3 621 36 316
3 491 356 36
3 544 316 356
3 36 356 316
3 624 442 38
3 510 8 442
3 491 38 8
3 442 8 38
3 544 356 441
3 491 8 356
3 510 441 8
3 356 8 441
3 609 234 151
3 584 380 234
3 582 151 380
3 234 380 151
3 624 38 2
3 491 40 38
3 584 2 40
3 38 40 2
3 621 376 36
3 582 37 376
3 491 36 37
3 376 37 36
3 584 40 380
3 491 37 40
3 582 380 37
3 40 37 380
3 639 132 43
3 555 348 132
3 553 43 348
3 132 348 43
3 618 58 359
3 545 34 58
3 555 359 34
3 58 34 359
3 600 152 412
3 553 33 152
3 545 412 33
3 152 33 412
3 555 34 348
3 545 33 34
3 553 348 33
3 34 33 348
3 634 111 420
3 550 302 111
3 551 420 302
3 111 302 420
3 621 177 461
3 486 255 177
3 550 461 255
3 177 255 461
3 618 174 62
3 551 257 174
3 486 62 257
3 174 257 62
3 550 255 302
3 486 257 255
3 551 302 257
3 255 257 302
3 630 145 450
3 543 414 145
3 544 450 414
3 145 414 450
3 600 310 262
3 484 122 310
3 543 262 122
3 310 122 262
3 621 316 92
3 544 123 316
3 484 92 123
3 316 123 92
3 543 122 414
3 484 123 122
3 544 414 123
3 122 123 414
3 618 62 58
3 486 142 62
3 545 58 142
3 62 142 58
3 621 92 177
3 484 141 92
3 486 177 141
3 92 141 177
3 600 412 310
3 545 124 412
3 484 310 124
3 412 124 310
3 486 141 142
3 484 124 141
3 545 142 124
3 141 124 142
3 638 371 229
3 523 225 371
3 512 229 225
3 371 225 229
3 623 230 253
3 570 144 230
3 523 253 144
3 230 144 253
3 602 333 476
3 512 331 333
3 570 476 331
3 333 331 476
3 523 144 225
3 570 331 144
3 512 225 331
3 144 331 225
3 632 303 445
3 514 200 303
3 520 445 200
3 303 200 445
3 612 139 84
3 575 305 139
3 514 84 305
3 139 305 84
3 623 309 248
3 520 159 309
3 575 248 159
3 309 159 248
3 514 305 200
3 575 159 305
3 520 200 159
3 305 159 200
3 633 39 244
3 509 298 39
3 517 244 298
3 39 298 244
3 602 383 150
3 505 195 383
3 509 150 195
3 383 195 150
3 612 16 42
3 517 299 16
3 505 42 299
3 16 299 42
3 509 195 298
3 505 299 195
3 517 298 299
3 195 299 298
3 623 248 230
3 575 220 248
3 570 230 220
3 248 220 230
3 612 42 139
3 505 76 42
3 575 139 76
3 42 76 139
3 602 476 383
3 570 71 476
3 505 383 71
3 476 71 383
3 575 76 220
3 505 71 76
3 570 220 71
3 76 71 220
3 634 238 138
3 590 137 238
3 579 138 137
3 238 137 138
3 616 344 13
3 522 120 344
3 590 13 120
3 344 120 13
3 627 22 0
3 579 179 22
3 522 0 179
3 22 179 0
3 590 120 137
3 522 179 120
3 579 137 179
3 120 179 137
3 638 229 153
3 512 226 229
3 596 153 226
3 229 226 153
3 602 10 333
3 507 283 10
3 512 333 283
3 10 283 333
3 616 384 131
3 596 358 384
3 507 131 358
3 384 358 131
3 512 283 226
3 507 358 283
3 596 226 358
3 283 358 226
3 633 334 39
3 578 79 334
3 509 39 79
3 334 79 39
3 627 162 227
3 573 208 162
3 578 227 208
3 162 208 227
3 602 150 397
3 509 72 150
3 573 397 72
3 150 72 397
3 578 208 79
3 573 72 208
3 509 79 72
3 208 72 79
3 616 131 344
3 507 416 131
3 522 344 416
3 131 416 344
3 602 397 10
3 573 55 397
3 507 10 55
3 397 55 10
3 627 0 162
3 522 175 0
3 573 162 175
3 0 175 162
3 507 55 416
3 573 175 55
3 522 416 175
3 55 175 416
3 635 205 118
3 524 158 205
3 574 118 158
3 205 158 118
3 609 4 314
3 588 93 4
3 524 314 93
3 4 93 314
3 628 477 233
3 574 478 477
3 588 233 478
3 477 478 233
3 524 93 158
3 588 478 93
3 574 158 478
3 93 478 158
3 634 138 279
3 579 172 138
3 521 279 172
3 138 172 279
3 627 451 22
3 587 23 451
3 579 22 23
3 451 23 22
3 609 405 211
3 521 165 405
3 587 211 165
3 405 165 211
3 579 23 172
3 587 165 23
3 521 172 165
3 23 165 172
3 633 444 334
3 572 201 444
3 578 334 201
3 444 201 334
3 628 268 311
3 519 381 268
3 572 311 381
3 268 381 311
3 627 227 267
3 578 385 227
3 519 267 385
3 227 385 267
3 572 381 201
3 519 385 381
3 578 201 385
3 381 385 201
3 609 211 4
3 587 454 211
3 588 4 454
3 211 454 4
3 627 267 451
3 519 269 267
3 587 451 269
3 267 269 451
3 628 233 268
3 588 271 233
3 519 268 271
3 233 271 268
3 587 269 454
3 519 271 269
3 588 454 271
3 269 271 454
3 641 181 155
3 482 91 181
3 501 155 91
3 181 91 155
3 608 31 186
3 483 59 31
3 482 186 59
3 31 59 186
3 629 390 260
3 501 108 390
3 483 260 108
3 390 108 260
3 482 59 91
3 483 108 59
3 501 91 108
3 59 108 91
3 635 118 164
3 574 7 118
3 539 164 7
3 118 7 164
3 628 125 477
3 481 15 125
3 574 477 15
3 125 15 477
3 608 280 346
3 539 19 280
3 481 346 19
3 280 19 346
3 574 15 7
3 481 19 15
3 539 7 19
3 15 19 7
3 633 265 444
3 557 126 265
3 572 444 126
3 265 126 444
3 629 277 154
3 511 105 277
3 557 154 105
3 277 105 154
3 628 311 276
3 572 317 311
3 511 276 317
3 311 317 276
3 557 105 126
3 511 317 105
3 572 126 317
3 105 317 126
3 608 346 31
3 481 256 346
3 483 31 256
3 346 256 31
3 628 276 125
3 511 243 276
3 481 125 243
3 276 243 125
3 629 260 277
3 483 216 260
3 511 277 216
3 260 216 277
3 481 243 256
3 511 216 243
3 483 256 216
3 243 216 256
3 632 215 303
3 593 304 215
3 514 303 304
3 215 304 303
3 626 88 110
3 576 203 88
3 593 110 203
3 88 203 110
3 612 84 440
3 514 307 84
3 576 440 307
3 84 307 440
3 593 203 304
3 576 307 203
3 514 304 307
3 203 307 304
3 641 155 247
3 501 382 155
3 527 247 382
3 155 382 247
3 629 209 390
3 530 35 209
3 501 390 35
3 209 35 390
3 626 24 207
3 527 191 24
3 530 207 191
3 24 191 207
3 501 35 382
3 530 191 35
3 527 382 191
3 35 191 382
3 633 244 265
3 517 130 244
3 557 265 130
3 244 130 265
3 612 273 16
3 577 355 273
3 517 16 355
3 273 355 16
3 629 154 400
3 557 127 154
3 577 400 127
3 154 127 400
3 517 355 130
3 577 127 355
3 557 130 127
3 355 127 130
3 626 207 88
3 530 471 207
3 576 88 471
3 207 471 88
3 629 400 209
3 577 472 400
3 530 209 472
3 400 472 209
3 612 440 273
3 576 250 440
3 577 273 250
3 440 250 273
3 530 472 471
3 577 250 472
3 576 471 250
3 472 250 471
3 641 247 249
3 527 190 247
3 571 249 190
3 247 190 249
3 626 134 24
3 569 78 134
3 527 24 78
3 134 78 24
3 613 368 12
3 571 408 368
3 569 12 408
3 368 408 12
3 527 78 190
3 569 408 78
3 571 190 408
3 78 408 190
3 632 387 215
3 563 389 387
3 593 215 389
3 387 389 215
3 617 196 157
3 504 425 196
3 563 157 425
3 196 425 157
3 626 110 300
3 593 437 110
3 504 300 437
3 110 437 300
3 563 425 389
3 504 437 425
3 593 389 437
3 425 437 389
3 636 193 156
3 508 426 193
3 567 156 426
3 193 426 156
3 613 324 432
3 506 161 324
3 508 432 161
3 324 161 432
3 617 388 327
3 567 398 388
3 506 327 398
3 388 398 327
3 508 161 426
3 506 398 161
3 567 426 398
3 161 398 426
3 626 300 134
3 504 427 300
3 569 134 427
3 300 427 134
3 617 327 196
3 506 180 327
3 504 196 180
3 327 180 196
3 613 12 324
3 569 402 12
3 506 324 402
3 12 402 324
3 504 180 427
3 506 402 180
3 569 427 402
3 180 402 427
3 640 197 252
3 562 323 197
3 487 252 323
3 197 323 252
3 625 342 439
3 485 360 342
3 562 439 360
3 342 360 439
3 611 369 228
3 487 421 369
3 485 228 421
3 369 421 228
3 562 360 323
3 485 421 360
3 487 323 421
3 360 421 323
3 641 249 133
3 571 409 249
3 565 133 409
3 249 409 133
3 613 83 368
3 566 422 83
3 571 368 422
3 83 422 368
3 625 361 198
3 565 282 361
3 566 198 282
3 361 282 198
3 571 422 409
3 566 282 422
3 565 409 282
3 422 282 409
3 636 375 193
3 547 182 375
3 508 193 182
3 375 182 193
3 611 28 143
3 533 101 28
3 547 143 101
3 28 101 143
3 613 432 30
3 508 61 432
3 533 30 61
3 432 61 30
3 547 101 182
3 533 61 101
3 508 182 61
3 101 61 182
3 625 198 342
3 566 362 198
3 485 342 362
3 198 362 342
3 613 30 83
3 533 318 30
3 566 83 318
3 30 318 83
3 611 228 28
3 485 14 228
3 533 28 14
3 228 14 28
3 566 318 362
3 533 14 318
3 485 362 14
3 318 14 362
3 631 104 185
3 558 462 104
3 589 185 462
3 104 462 185
3 610 431 320
3 581 456 431
3 558 320 456
3 431 456 320
3 605 291 295
3 589 75 291
3 581 295 75
3 291 75 295
3 558 456 462
3 581 75 456
3 589 462 75
3 456 75 462
3 640 252 236
3 487 109 252
3 503 236 109
3 252 109 236
3 611 449 369
3 548 112 449
3 487 369 112
3 449 112 369
3 610 357 448
3 503 173 357
3 548 448 173
3 357 173 448
3 487 112 109
3 548 173 112
3 503 109 173
3 112 173 109
3 636 417 375
3 597 378 417
3 547 375 378
3 417 378 375
3 605 455 56
3 583 322 455
3 597 56 322
3 455 322 56
3 611 143 99
3 547 261 143
3 583 99 261
3 143 261 99
3 597 322 378
3 583 261 322
3 547 378 261
3 322 261 378
3 610 448 431
3 548 97 448
3 581 431 97
3 448 97 431
3 611 99 449
3 583 98 99
3 548 449 98
3 99 98 449
3 605 295 455
3 581 69 295
3 583 455 69
3 295 69 455
3 548 98 97
3 583 69 98
3 581 97 69
3 98 69 97
3 637 435 285
3 556 457 435
3 493 285 457
3 435 457 285
3 607 332 77
3 564 466 332
3 556 77 466
3 332 466 77
3 604 418 329
3 493 103 418
3 564 329 103
3 418 103 329
3 556 466 457
3 564 103 466
3 493 457 103
3 466 103 457
3 631 185 53
3 589 415 185
3 549 53 415
3 185 415 53
3 605 377 291
3 586 149 377
3 589 291 149
3 377 149 291
3 607 167 379
3 549 413 167
3 586 379 413
3 167 413 379
3 589 149 415
3 586 413 149
3 549 415 413
3 149 413 415
3 636 396 417
3 488 401 396
3 597 417 401
3 396 401 417
3 604 116 48
3 560 343 116
3 488 48 343
3 116 343 48
3 605 56 117
3 597 474 56
3 560 117 474
3 56 474 117
3 488 343 401
3 560 474 343
3 597 401 474
3 343 474 401
3 607 379 332
3 586 115 379
3 564 332 115
3 379 115 332
3 605 117 377
3 560 341 117
3 586 377 341
3 117 341 377
3 604 329 116
3 564 270 329
3 560 116 270
3 329 270 116
3 586 341 115
3 560 270 341
3 564 115 270
3 341 270 115
3 632 245 387
3 561 281 245
3 563 387 281
3 245 281 387
3 620 80 136
3 500 366 80
3 561 136 366
3 80 366 136
3 617 157 438
3 563 367 157
3 500 438 367
3 157 367 438
3 561 366 281
3 500 367 366
3 563 281 367
3 366 367 281
3 637 285 465
3 493 106 285
3 568 465 106
3 285 106 465
3 604 63 418
3 532 210 63
3 493 418 210
3 63 210 418
3 620 325 289
3 568 306 325
3 532 289 306
3 325 306 289
3 493 210 106
3 532 306 210
3 568 106 306
3 210 306 106
3 636 156 396
3 567 347 156
3 488 396 347
3 156 347 396
3 617 206 388
3 480 345 206
3 567 388 345
3 206 345 388
3 604 48 95
3 488 460 48
3 480 95 460
3 48 460 95
3 567 345 347
3 480 460 345
3 488 347 460
3 345 460 347
3 620 289 80
3 532 21 289
3 500 80 21
3 289 21 80
3 604 95 63
3 480 479 95
3 532 63 479
3 95 479 63
3 617 438 206
3 500 121 438
3 480 206 121
3 438 121 206
3 532 479 21
3 480 121 479
3 500 21 121
3 479 121 21
3 641 133 181
3 565 313 133
3 482 181 313
3 133 313 181
3 625 128 361
3 598 18 128
3 565 361 18
3 128 18 361
3 608 186 354
3 482 64 186
3 598 354 64
3 186 64 354
3 565 18 313
3 598 64 18
3 482 313 64
3 18 64 313
3 640 194 197
3 518 251 194
3 562 197 251
3 194 251 197
3 606 114 199
3 516 119 114
3 518 199 119
3 114 119 199
3 625 439 330
3 562 221 439
3 516 330 221
3 439 221 330
3 518 119 251
3 516 221 119
3 562 251 221
3 119 221 251
3 635 164 349
3 539 51 164
3 580 349 51
3 164 51 349
3 608 264 280
3 499 240 264
3 539 280 240
3 264 240 280
3 606 9 263
3 580 32 9
3 499 263 32
3 9 32 263
3 539 240 51
3 499 32 240
3 580 51 32
3 240 32 51
3 625 330 128
3 516 468 330
3 598 128 468
3 330 468 128
3 606 263 114
3 499 11 263
3 516 114 11
3 263 11 114
3 608 354 264
3 598 146 354
3 499 264 146
3 354 146 264
3 516 11 468
3 499 146 11
3 598 468 146
3 11 146 468
3 639 315 132
3 538 222 315
3 555 132 222
3 315 222 132
3 601 423 446
3 526 178 423
3 538 446 178
3 423 178 446
3 618 359 60
3 555 424 359
3 526 60 424
3 359 424 60
3 538 178 222
3 526 424 178
3 555 222 424
3 178 424 222
3 638 153 184
3 596 183 153
3 536 184 183
3 153 183 184
3 616 278 384
3 525 50 278
3 596 384 50
3 278 50 384
3 601 288 160
3 536 170 288
3 525 160 170
3 288 170 160
3 596 50 183
3 525 170 50
3 536 183 170
3 50 170 183
3 634 420 238
3 551 419 420
3 590 238 419
3 420 419 238
3 618 189 174
3 585 287 189
3 551 174 287
3 189 287 174
3 616 13 188
3 590 428 13
3 585 188 428
3 13 428 188
3 551 287 419
3 585 428 287
3 590 419 428
3 287 428 419
3 601 160 423
3 525 57 160
3 526 423 57
3 160 57 423
3 616 188 278
3 585 403 188
3 525 278 403
3 188 403 278
3 618 60 189
3 526 176 60
3 585 189 176
3 60 176 189
3 525 403 57
3 585 176 403
3 526 57 176
3 403 176 57
3 637 465 407
3 568 352 465
3 535 407 352
3 465 352 407
3 620 434 325
3 591 463 434
3 568 325 463
3 434 463 325
3 619 166 301
3 535 404 166
3 591 301 404
3 166 404 301
3 568 463 352
3 591 404 463
3 535 352 404
3 463 404 352
3 632 445 245
3 520 46 445
3 561 245 46
3 445 46 245
3 623 219 309
3 502 393 219
3 520 309 393
3 219 393 309
3 620 136 218
3 561 392 136
3 502 218 392
3 136 392 218
3 520 393 46
3 502 392 393
3 561 46 392
3 393 392 46
3 638 29 371
3 537 148 29
3 523 371 148
3 29 148 371
3 619 81 259
3 595 27 81
3 537 259 27
3 81 27 259
3 623 253 192
3 523 370 253
3 595 192 370
3 253 370 192
3 537 27 148
3 595 370 27
3 523 148 370
3 27 370 148
3 620 218 434
3 502 326 218
3 591 434 326
3 218 326 434
3 623 192 219
3 595 328 192
3 502 219 328
3 192 328 219
3 619 301 81
3 591 82 301
3 595 81 82
3 301 82 81
3 502 328 326
3 595 82 328
3 591 326 82
3 328 82 326
3 639 214 315
3 540 113 214
3 538 315 113
3 214 113 315
3 622 266 102
3 592 212 266
3 540 102 212
3 266 212 102
3 601 446 41
3 538 312 446
3 592 41 312
3 446 312 41
3 540 212 113
3 592 312 212
3 538 113 312
3 212 312 113
3 637 407 96
3 535 469 407
3 534 96 469
3 407 469 96
3 619 239 166
3 594 406 239
3 535 166 406
3 239 406 166
3 622 447 351
3 534 94 447
3 594 351 94
3 447 94 351
3 535 406 469
3 594 94 406
3 534 469 94
3 406 94 469
3 638 184 29
3 536 26 184
3 537 29 26
3 184 26 29
3 601 391 288
3 529 169 391
3 536 288 169
3 391 169 288
3 619 259 49
3 537 171 259
3 529 49 171
3 259 171 49
3 536 169 26
3 529 171 169
3 537 26 171
3 169 171 26
3 622 351 266
3 594 386 351
3 592 266 386
3 351 386 266
3 619 49 239
3 529 275 49
3 594 239 275
3 49 275 239
3 601 41 391
3 592 274 41
3 529 391 274
3 41 274 391
3 594 275 386
3 529 274 275
3 592 386 274
3 275 274 386
3 631 53 67
3 549 54 53
3 599 67 54
3 53 54 67
3 607 187 167
3 546 395 187
3 549 167 395
3 187 395 167
3 615 296 292
3 599 68 296
3 546 292 68
3 296 68 292
3 549 395 54
3 546 68 395
3 599 54 68
3 395 68 54
3 637 96 435
3 534 224 96
3 556 435 224
3 96 224 435
3 622 321 447
3 492 204 321
3 534 447 204
3 321 204 447
3 607 77 107
3 556 443 77
3 492 107 443
3 77 443 107
3 534 204 224
3 492 443 204
3 556 224 443
3 204 443 224
3 639 297 214
3 490 335 297
3 540 214 335
3 297 335 214
3 615 410 74
3 531 223 410
3 490 74 223
3 410 223 74
3 622 102 52
3 540 65 102
3 531 52 65
3 102 65 52
3 490 223 335
3 531 65 223
3 540 335 65
3 223 65 335
3 607 107 187
3 492 308 107
3 546 187 308
3 107 308 187
3 622 52 321
3 531 202 52
3 492 321 202
3 52 202 321
3 615 292 410
3 546 66 292
3 531 410 66
3 292 66 410
3 492 202 308
3 531 66 202
3 546 308 66
3 202 66 308
