OFF
642 1280 0
-1.55459904636039e-01 9.70853486176873e-02 1.00092600166352e+00
8.85479094066866e-02 -1.85668298178958e-01 -1.07684971007742e-04
-1.83280538558756e-01 -7.99139885271568e-02 -5.17995840695406e-01
-1.31279088201631e-02 -1.22861242139102e-01 -1.76276527239049e+00
-2.03170979162319e-01 2.78096187448453e-02 -1.73373609437840e-01
-4.67929763998030e-02 -1.54501488417860e-01 -1.36650127000926e+00
7.66216350242950e-02 -1.89264147440375e-01 2.67249277294654e-01
-1.64342433191591e-01 4.03098207308553e-02 -1.25367892947040e+00
-1.59146029435049e-01 -1.29389548278715e-01 -1.67546127061914e-01
-1.27521844331010e-01 -4.68110973131425e-02 -1.65569211294372e+00
-7.72454503309900e-02 1.45450026148126e-01 1.32109071032823e+00
-8.19137676189747e-02 -1.63357873969214e-02 -2.01490387693355e+00
9.70470757288938e-02 9.33802781469339e-02 -1.66658839697574e+00
-1.27515593842932e-01 4.67767488049874e-02 1.65585894504119e+00
8.18342750044250e-02 -1.63189101915515e-02 -2.01529066079219e+00
-1.61695594297065e-01 6.88587835937764e-02 -1.14576849909086e+00
-3.20692005993090e-02 2.03187140089831e-01 -4.52847758997650e-04
-1.63084649618043e-02 -1.88001188743943e-01 -8.77560291655331e-01
-2.69874625747494e-02 4.76240562072439e-02 -2.12535646651793e+00
-1.46051591737357e-01 5.91878301447407e-02 -1.41710404519461e+00
-1.77577668361353e-01 -2.12340038694291e-02 -1.08934340944605e+00
1.87991150956311e-01 8.19075524086698e-02 1.74134573194076e-01
-1.74297461610663e-01 7.56691091584576e-02 8.44535840530502e-01
-1.88621104411988e-01 5.22331481846395e-02 6.78520734813275e-01
4.67228375355426e-02 1.54471642242974e-01 -1.36716450102882e+00
-6.30101434215304e-06 -1.98072683943821e-01 -5.94926265856445e-01
2.49374810850688e-02 7.66454102518803e-02 2.02855178622357e+00
6.89016417684271e-02 1.06932997325739e-01 1.73269482211164e+00
1.06022530802258e-01 -3.21817818128777e-02 -1.85767395653385e+00
2.11899473469291e-02 1.01677373452964e-01 1.90316580997885e+00
1.06016500226428e-01 3.21495318452775e-02 -1.85777765113299e+00
-9.71400868028055e-02 9.33494906007179e-02 -1.66616394430997e+00
-1.29397434084619e-01 -1.56855392828091e-02 -1.70570886038913e+00
-5.92246777752884e-02 -1.32214594283383e-01 1.56526405142656e+00
-6.88966865282033e-02 -1.06896456363005e-01 1.73297648380386e+00
-1.57016722050166e-02 1.59122515943966e-01 -1.38710329251224e+00
-1.73278039280174e-01 -1.06079272935424e-01 3.44894687984923e-01
-1.87989016243039e-01 -8.18998330794751e-02 1.74815153701316e-01
-1.73280424029094e-01 -1.06083622948450e-01 -3.44603193615136e-01
-1.01685808836454e-01 1.77553913056065e-01 2.26885185217176e-01
-1.87989980039963e-01 -8.19024387722050e-02 -1.74555631195208e-01
2.78532409995328e-02 -1.61582170952035e-02 2.17767425480056e+00
-1.62183318979694e-02 2.03168689147869e-01 2.97990546006154e-01
-1.30888888642460e-02 -1.22841793785243e-01 1.76295432153830e+00
-1.46035533174888e-01 -5.92653875509677e-02 -1.41692176230401e+00
-1.55441894583056e-01 -9.71216393983154e-02 -1.00084286233549e+00
1.16950007154452e-01 1.64352720444160e-01 4.31994382221566e-01
-1.56350480021546e-02 -1.59152610636072e-01 1.38679304436627e+00
2.03186324324873e-01 1.17044773454852e-05 -3.43795069354759e-01
7.98986182392112e-02 4.83749548278888e-02 1.96445959923061e+00
-5.22653100089818e-02 6.33255569764470e-02 2.02159077544875e+00
-1.48927251997269e-01 -4.08593030002724e-05 -1.52092401605868e+00
9.71191902320113e-02 -9.33845926371620e-02 1.66607790737249e+00
1.22850005963043e-01 -1.64469198585894e-01 1.40250133243807e-01
1.16980228559308e-01 -1.64321939364601e-01 4.32399405793420e-01
-1.06140067274964e-01 1.32486932725517e-01 1.24516466216137e+00
1.74267021560284e-01 -7.56885176042852e-02 -8.45057573881162e-01
-5.55102691478377e-02 1.08965104562674e-05 2.12305736894640e+00
-9.70927026317170e-02 -9.33970420958216e-02 1.66617509712474e+00
-6.89521034308780e-02 1.06853263957303e-01 -1.73302929506635e+00
-7.98877508450555e-02 -4.83397124114998e-02 1.96461004197854e+00
1.29332360042014e-01 1.56349022579761e-02 -1.70632918448314e+00
-1.23269395353037e-01 -7.72225743602943e-02 1.55899753731333e+00
2.03167074042574e-01 2.78649697087744e-02 1.72877603649019e-01
-5.23025380310933e-02 6.32674989393502e-02 -2.02168900318703e+00
6.89230072021832e-02 -1.06888562983982e-01 1.73291217444370e+00
1.06133110025995e-01 -1.32481102155602e-01 1.24530406129715e+00
1.01652794309496e-01 -1.77570591231026e-01 2.27085192758530e-01
1.06910154090240e-01 -1.61670119270330e-01 7.38457000510458e-01
1.32465398369106e-01 -1.16193381193816e-01 -1.13766855082119e+00
3.21792915996002e-02 -1.73285607118695e-01 1.13688942764221e+00
-1.63321901445248e-02 1.88010916143886e-01 8.77270123688933e-01
-1.06929857282317e-01 1.61664032439480e-01 7.38282320453875e-01
6.33182574608578e-02 -1.88610866629204e-01 5.60063796431984e-01
4.67928695020750e-02 -1.54487415193654e-01 1.36668447938318e+00
1.32204860839015e-01 -1.46027547475512e-01 -6.35146450972676e-01
-3.65016400966000e-05 1.98082850834354e-01 5.94537109149379e-01
1.74300759134012e-01 -7.56754137477429e-02 8.44392737151551e-01
5.91792181781663e-02 1.32194606206852e-01 -1.56565550312032e+00
-1.17005447261048e-01 1.64307232323970e-01 4.32257543036376e-01
1.73279764324387e-01 1.06095383908747e-01 3.44225112609690e-01
9.71013972419541e-02 9.34328923039819e-02 1.66588593489472e+00
1.16189026827588e-01 1.06152855825975e-01 1.41977485359912e+00
7.98377779702620e-02 4.83213256143186e-02 -1.96489538026581e+00
3.19821869858921e-02 2.03200852601117e-01 -5.38892126346228e-04
-1.22839283661344e-01 -1.64477105801570e-01 -1.40263774095141e-01
-1.32212306617968e-01 -1.46037456099437e-01 -6.34706492960858e-01
-7.72305340394745e-02 -1.45455985916834e-01 -1.32111551612754e+00
4.82927907620268e-02 1.83277139138354e-01 -8.56873978047819e-01
-9.71162834563919e-02 -9.34200771633138e-02 -1.66586880981421e+00
-1.98281319151571e-01 -2.69702087015228e-02 -5.10750927233926e-01
-4.04064361710008e-02 1.16930731295261e-01 -1.76151836613128e+00
-1.45433734822577e-01 -1.23282029443192e-01 8.27771935139423e-01
-1.98289088506826e-01 2.69006657237954e-02 -5.10825742938966e-01
1.29396034416811e-01 -1.56225884651695e-02 1.70578743283470e+00
2.03159671993247e-01 2.78605734891748e-02 -1.73955054200033e-01
1.64489685144762e-01 -1.30766723128978e-02 1.31650458898435e+00
1.06091435393801e-01 -1.32493696539630e-01 -1.24555807805540e+00
1.16159689043213e-01 -1.06122971774730e-01 -1.42030722641978e+00
1.23240899954160e-01 -7.72287075522265e-02 -1.55922144770994e+00
-1.32491162226031e-01 -1.16207309332425e-01 -1.13716030917851e+00
1.29335172097490e-01 -1.56587851056092e-02 -1.70627953438625e+00
7.57064637786094e-02 -7.87891314348893e-02 1.86807360373746e+00
1.98293907371970e-01 -2.69211690406762e-02 5.10486622207412e-01
1.01645284940384e-01 -1.77571917132423e-01 -2.27352107213895e-01
-1.06939619958700e-01 1.61635921129527e-01 -7.38826817495582e-01
1.89276600324066e-01 2.49674984359485e-02 8.20832459007326e-01
1.55459944946396e-01 -9.70888025125108e-02 1.00088679132054e+00
-5.92845008493734e-02 1.32173500648261e-01 -1.56540259047826e+00
4.03225487349059e-02 -1.16984989794770e-01 -1.76132530550723e+00
7.87548507085936e-02 1.74281495037261e-01 -8.11870488642160e-01
-1.77570575626785e-01 -2.12114677993403e-02 1.08952667110175e+00
6.88711533780019e-02 -1.06910302463728e-01 -1.73299495576188e+00
2.49539107135517e-02 -7.66058948019362e-02 2.02870005786407e+00
-7.99187663361080e-02 -4.83752806732443e-02 -1.96436451486667e+00
1.88004280349789e-01 -8.18735438798753e-02 1.74343386974695e-01
2.03163996595674e-01 -2.78330577917666e-02 -1.73880822937870e-01
1.83277390079454e-01 -7.98879888939441e-02 -5.18584255309173e-01
-1.77583636011939e-01 2.11558465578628e-02 -1.08940635037548e+00
-5.22873433737269e-02 -6.33377357486499e-02 -2.02148147841455e+00
-1.46038128403161e-01 5.92279661746829e-02 1.41707079487456e+00
1.87983945255537e-01 8.19022259079049e-02 -1.75312152641235e-01
-1.06888123222206e-01 -1.61676441744802e-01 7.38664346470728e-01
-1.32205437250714e-01 -1.46031855560545e-01 6.35018855879684e-01
-1.06105900071166e-01 -1.32490510979869e-01 1.24545544583915e+00
-1.55468520846412e-01 9.70533922460953e-02 -1.00112828441559e+00
-1.17010752552120e-01 1.64290659021501e-01 -4.32815931322669e-01
-6.33575875420143e-02 1.88586508981694e-01 -5.60494979994951e-01
-2.78896397170907e-02 1.61404577198091e-02 -2.17763586328811e+00
-1.61676556986946e-01 -6.89332543415809e-02 -1.14556265251569e+00
-7.66613534431934e-02 1.89242514242878e-01 -2.67700322527381e-01
-9.71165093901689e-02 9.34020939801030e-02 1.66598314542777e+00
-2.11870803471422e-02 -1.01642593950510e-01 1.90338290642072e+00
-5.45126325237169e-05 8.85107124298843e-02 -1.99030850416413e+00
7.71665972725287e-02 1.45430320880365e-01 -1.32186916351668e+00
1.56258814449518e-02 -1.59162157246891e-01 -1.38667903253355e+00
1.54480666447146e-01 1.27537113638418e-01 5.00856788037696e-01
-1.64332698911101e-01 4.03430770948326e-02 1.25370262766375e+00
-1.77576543743189e-01 2.11827680237881e-02 1.08947906729860e+00
1.61375264610715e-02 2.03175616001147e-01 2.97951958102304e-01
-4.03788265875557e-02 -1.16989201720930e-01 -1.76114502914471e+00
-1.32478890120501e-01 -1.16194048067634e-01 1.13748021743763e+00
-1.16180884320444e-01 -1.06118452671283e-01 1.42014683556318e+00
1.27467194430303e-01 -4.67887432942441e-02 -1.65624809979599e+00
1.56257439595183e-02 1.59180967441756e-01 1.38643112354577e+00
-1.01640281194366e-01 -1.77574973114933e-01 2.27334891322347e-01
-8.19178398796853e-02 1.62578637096206e-02 -2.01495726564742e+00
-3.20217903537208e-02 -2.03194621485805e-01 7.70550060950735e-05
4.03459841742019e-02 1.17004046941705e-01 1.76111820116824e+00
1.59153732815050e-01 -1.29374942997649e-01 -1.68000605063315e-01
-7.88362565075563e-02 1.74281911210100e-01 8.10951983395196e-01
-2.03162196774487e-01 -2.78690965874776e-02 1.73458717418532e-01
-4.67670997077238e-02 -1.54490523975984e-01 1.36674544499841e+00
-2.12104318592502e-02 1.01670469716402e-01 1.90318196763315e+00
-7.88491440623206e-02 1.74250060220429e-01 -8.11594139104466e-01
-1.31557958059559e-02 1.22809268645213e-01 -1.76315743792985e+00
1.77542537011160e-01 2.11991768637288e-02 -1.09007898872114e+00
1.54461584893372e-01 1.27519651526458e-01 -5.02042339652190e-01
-1.89273956586465e-01 2.49000012121371e-02 -8.21138001052526e-01
6.32802153132703e-02 1.88635436080773e-01 5.59606906823867e-01
-2.78444923044654e-02 1.61932420694690e-02 2.17765721843187e+00
1.45984041992112e-01 5.92290824685185e-02 -1.41770556469541e+00
-1.45467132889338e-01 1.23259430969850e-01 8.27484298778982e-01
-1.98279000335964e-01 -2.69599212929842e-02 5.10916723123933e-01
-1.64485253138004e-01 1.30588868922809e-02 -1.31658848895153e+00
-1.98286770100552e-01 2.69135685213003e-02 5.10851052582845e-01
1.27517539524730e-01 4.68111758408856e-02 1.65572994942054e+00
1.54502529268966e-01 -1.27499978755522e-01 5.01168144664849e-01
-4.83342217931297e-02 -1.83285993352347e-01 8.56387866627209e-01
2.69402266854672e-02 4.76892351394063e-02 2.12525740246818e+00
-2.69432167947859e-02 4.76819347161465e-02 2.12527186687701e+00
5.22584373704946e-02 6.33405445971877e-02 2.02155724260980e+00
-1.89269525201440e-01 2.49205859425088e-02 8.21183607280911e-01
5.92060647339707e-02 -1.32225195154604e-01 -1.56524207039312e+00
-1.27503198403973e-01 -4.67808663514500e-02 1.65595524168323e+00
-1.32509870435416e-01 1.16180801481064e-01 1.13722104897648e+00
-8.18823404223655e-02 -1.62931688947889e-02 2.01509027415946e+00
-1.55433276599046e-01 -9.71081511355531e-02 1.00114695746802e+00
-2.69321752340237e-02 -4.76529734825368e-02 2.12536257280357e+00
-1.61686411711221e-01 6.88922860247452e-02 1.14568599559535e+00
1.32444629489568e-01 1.16187492495125e-01 -1.13801540461660e+00
-2.12511010398471e-02 1.01608880751897e-01 -1.90350770875658e+00
1.48871324095805e-01 -7.70947106001561e-06 -1.52155301247245e+00
-2.49492829712434e-02 7.66379195318701e-02 2.02856762864810e+00
-7.99188554308099e-06 8.85726426462829e-02 1.98999203480717e+00
1.22845087713165e-01 -1.64470189465963e-01 -1.40611111327091e-01
-7.57320141408309e-02 7.87571291175469e-02 -1.86810966001697e+00
1.45459134001971e-01 -1.23267780150297e-01 8.27502958054727e-01
-1.06073804522146e-01 3.21703056264002e-02 1.85736047969409e+00
-1.06065509771158e-01 -3.21654584810408e-02 1.85742454619495e+00
4.02980632343528e-02 1.16944486455510e-01 -1.76169866984368e+00
1.55912650103379e-02 1.59128516376243e-01 -1.38716728845284e+00
7.72071817575442e-02 1.45478582632963e-01 1.32098646799681e+00
1.64436115723468e-01 1.30976796091644e-02 -1.31724924162447e+00
-2.12277517045846e-02 -1.01667419342251e-01 -1.90317850356685e+00
-6.33478678085746e-02 1.88609260788438e-01 5.59741137992426e-01
1.45406837228348e-01 1.23281464903798e-01 -8.28324298379408e-01
-3.47952669721150e-05 -8.85673294438053e-02 -1.99001917053553e+00
2.77931200640298e-02 1.61471123361037e-02 -2.17777196738046e+00
-7.57124895031255e-02 -7.88283667697972e-02 -1.86785536436359e+00
7.65842968149405e-02 1.89285114156059e-01 2.66772417058930e-01
-1.41944103092933e-01 1.48880221750985e-01 -2.34446997778924e-04
1.16208569863081e-01 -1.06105050555678e-01 1.42000162926300e+00
6.32637482234156e-02 1.88612681113281e-01 -5.60700941831097e-01
1.46047164533503e-01 -5.92174177845099e-02 1.41701444967058e+00
-1.85675229469663e-01 -3.84594659115908e-05 -9.48960546274964e-01
1.83264455560104e-01 7.99051086342368e-02 -5.18806354379985e-01
3.21124956799413e-02 1.73269965618362e-01 -1.13738020746761e+00
-1.32244357889767e-01 1.46009859144305e-01 6.34668790866117e-01
-3.22194145599349e-02 1.73257167620846e-01 -1.13725679121305e+00
1.98289679594804e-01 2.69631185664230e-02 5.10420928273157e-01
-2.03170272977847e-01 2.78140125902645e-02 1.73387707316730e-01
5.22714402999013e-02 -6.32957234962846e-02 2.02167990552760e+00
-1.16198404906451e-01 -1.06136369591907e-01 -1.41982828097417e+00
2.12118712029998e-02 -1.01640056029847e-01 1.90336675402719e+00
1.01611726169080e-01 1.77585807779897e-01 -2.27828568937236e-01
-1.06156621836525e-01 1.32442986406368e-01 -1.24553959668986e+00
-1.45441648209504e-01 -1.23291120507291e-01 -8.27456574525990e-01
1.45437627276893e-01 1.23309955820305e-01 8.27215278265211e-01
9.33816564833905e-02 1.55475948474745e-01 1.04034932981926e+00
1.62683086304188e-02 1.88017645389228e-01 8.77240799297223e-01
-2.69764238244399e-02 -4.76915859019168e-02 -2.12519858924032e+00
-2.49315856995184e-02 -7.66095132838704e-02 2.02871589467456e+00
5.92514631342139e-02 -1.32209324264566e-01 1.56519872767694e+00
1.64344329285307e-01 -4.03348163861841e-02 1.25355800223035e+00
-1.85415992360369e-05 1.41937996607840e-01 1.59586139233421e+00
-4.03720099378440e-02 1.16990286354448e-01 1.76115470583854e+00
-1.54516000462649e-01 1.27482784120292e-01 5.01193531373622e-01
7.98472616991217e-02 -4.83614038977965e-02 -1.96473781456300e+00
-1.31167799614455e-02 1.22869860565628e-01 1.76270577408264e+00
3.21425475449492e-02 1.73314496507136e-01 1.13650284012152e+00
4.76675764999866e-02 -1.98281942442939e-01 2.88713238850112e-01
3.20252772562678e-02 -2.03194072073611e-01 -8.96973755844203e-06
-1.83303183486154e-01 7.98494933867511e-02 -5.18217890453363e-01
-2.03162903150263e-01 -2.78725733582336e-02 -1.73299409441479e-01
-1.89266838314348e-01 -2.49746145542824e-02 -8.21066168351891e-01
1.30714366095591e-02 -1.22859948038858e-01 -1.76282384911282e+00
-4.76626120534506e-02 -1.98284112902142e-01 -2.88636134227265e-01
-1.64475050334494e-01 1.30904043089854e-02 1.31669896677194e+00
1.06078646805507e-01 3.21973783654193e-02 1.85727480903363e+00
-1.29401589797178e-01 1.56040543389760e-02 -1.70575850576600e+00
-7.66143959766104e-02 -1.89267806164239e-01 -2.67190017624128e-01
1.62872806183576e-02 -1.88000658306364e-01 -8.77618546748118e-01
-1.32522138872547e-01 1.16142428040650e-01 -1.13750709687445e+00
-8.85882302467833e-02 1.85649060543537e-01 -3.54031592845367e-04
1.22820077158545e-01 1.64494671495121e-01 1.39828829293865e-01
-1.56654070301825e-02 -1.59163123303728e-01 -1.38661505527317e+00
1.30446119328519e-02 1.22813807526156e-01 -1.76321602397692e+00
4.83167431615898e-02 1.83311495488265e-01 8.55873913490079e-01
2.11416283186940e-02 1.01615781688838e-01 -1.90360543652509e+00
-5.04094481024618e-05 1.98058144730705e-01 -5.95481885186935e-01
-2.49742112030712e-02 -7.66407889363328e-02 -2.02851993139529e+00
2.11635497012580e-02 -1.01664882429102e-01 -1.90327621914362e+00
4.67608584980236e-02 1.54522732114175e-01 1.36635160375596e+00
-6.89258597992346e-02 -1.06918192713543e-01 -1.73268912211720e+00
-1.61667371901763e-01 -6.89147443220905e-02 1.14583949896317e+00
-1.16226122232293e-01 1.06067958027939e-01 -1.42015495263035e+00
-1.46022068866192e-01 -5.92411906852509e-02 1.41719741550153e+00
-6.33116257516846e-02 -1.88615565197141e-01 -5.59968127411313e-01
7.56908910484147e-02 7.88364145855320e-02 1.86791690999317e+00
-7.72666442646038e-02 1.45401771692284e-01 -1.32155851248201e+00
1.45994362390201e-01 -5.92416224806239e-02 -1.41752325652802e+00
-7.87928900296564e-02 -1.74285009718673e-01 8.11359600614184e-01
-1.06090208040362e-01 -3.22019427462681e-02 -1.85718984691445e+00
-1.06098502212473e-01 3.21224691034294e-02 -1.85729353035688e+00
-1.01688923606175e-01 1.77544923002324e-01 -2.27532148226987e-01
7.99081032416744e-02 -4.83258306522190e-02 1.96455418299535e+00
-1.73307753410681e-01 1.06038204592648e-01 3.44630228483082e-01
-1.73310136837559e-01 1.06026903669983e-01 -3.44891891594471e-01
-1.88012354428659e-01 8.18501216414943e-02 1.74606383671876e-01
1.98073811565544e-01 -5.54996658773837e-02 -4.24612950094875e-04
-1.88013317896059e-01 8.18447966687400e-02 -1.74773888758420e-01
-1.23287578822402e-01 -7.72465251967354e-02 -1.55869598857036e+00
-1.62248493587638e-02 2.03156152169732e-01 -2.98930312962933e-01
5.55202220603172e-02 2.32582854523297e-05 2.12302745649307e+00
8.18938757257678e-02 1.63263115436305e-02 2.01500559667922e+00
-1.45475043510244e-01 1.23230948172729e-01 -8.27811846994113e-01
-9.34410107746671e-02 1.55401465967465e-01 -1.04101537665751e+00
-7.98997992804402e-02 4.83532537375548e-02 1.96451546202229e+00
-1.85669784444541e-01 -1.69180629425329e-05 9.49083010661435e-01
-1.27534238963293e-01 4.67318061762184e-02 -1.65583976323223e+00
1.41888505998571e-01 1.48933199373971e-01 -6.15705967693474e-04
2.68851062173631e-02 4.76313530706935e-02 -2.12548671608587e+00
-5.92567187382802e-02 1.32228691877412e-01 1.56498788711346e+00
-1.61719965370314e-02 -2.03165869691917e-01 2.98500280370004e-01
1.85684037758572e-01 2.44265749616464e-05 9.48762567722723e-01
-2.42522882603528e-05 -1.41923843103254e-01 -1.59600599693179e+00
-1.29378531736869e-01 -1.56493528778272e-02 1.70591177128699e+00
4.94184298148889e-07 3.20458025693630e-02 2.17793690988147e+00
1.83285596027603e-01 7.99208089474682e-02 5.17669248104940e-01
-1.01643395970399e-01 -1.77576298860081e-01 -2.27055745468255e-01
1.54483446670343e-01 -1.27505285631082e-01 -5.01688600307897e-01
9.34114589061956e-02 -1.55437550995218e-01 1.04070108064515e+00
1.61816801516666e-02 -2.03165591954061e-01 2.98461702784463e-01
4.83546223038114e-02 -1.83284190552405e-01 8.56299878955101e-01
1.45428342787190e-01 -1.23276874348354e-01 -8.27968956108936e-01
7.88141503369432e-02 -1.74281354037223e-01 8.11212567276779e-01
1.31148428674436e-02 -1.22840500045524e-01 1.76294251799193e+00
-7.66570548067639e-02 1.89253388071111e-01 2.66957542079018e-01
-4.77044655478041e-02 1.98277934431923e-01 2.88329218306001e-01
9.33480874807824e-02 1.55436943150501e-01 -1.04136458454124e+00
1.23281572276990e-01 7.72555299686183e-02 1.55869929711058e+00
-1.64321513826406e-01 -4.03647083213627e-02 1.25379106763661e+00
8.85120153969520e-02 1.85685404355233e-01 -5.91929208173275e-04
7.65760972478916e-02 1.89274238477078e-01 -2.67926892331951e-01
4.76265551430096e-02 1.98298107207464e-01 2.88215082172163e-01
1.88618514787619e-01 5.22851098675982e-02 6.78143541784437e-01
4.76184955823176e-02 1.98286111507116e-01 -2.89314178679734e-01
1.32506310753593e-01 -1.16180117556790e-01 1.13727672816863e+00
7.87798926829116e-02 1.74313351528657e-01 8.10804906562550e-01
-9.33864882977993e-02 -1.55443663292852e-01 1.04085365213639e+00
-1.54520362726874e-01 1.27465327128922e-01 -5.01549006097502e-01
2.69504153120241e-02 -4.76482757765675e-02 2.12534810920431e+00
-2.49919056181163e-02 7.65770913746399e-02 -2.02877125786544e+00
-2.03195391991107e-01 -3.35366427184214e-05 -3.43178632888106e-01
1.17283920445981e-05 -8.85389044907322e-02 1.99016451731520e+00
-1.54481075038056e-01 -1.27514451408271e-01 5.01504822708295e-01
-1.32251225215935e-01 1.45986635473024e-01 -6.35118009700138e-01
8.18310869208288e-02 1.62774414024421e-02 -2.01534406370537e+00
-4.83503060965694e-02 -1.83290519372638e-01 -8.56172234087733e-01
7.87891073690716e-02 -1.74286335480790e-01 -8.11369084805755e-01
1.23295611697311e-01 -7.72047511945377e-02 1.55886076666206e+00
1.61648751799506e-01 -6.89085215131844e-02 -1.14618425707768e+00
2.49016829713021e-02 -7.66371725828920e-02 -2.02863806551421e+00
1.23226861705047e-01 7.72086974268571e-02 -1.55946275549237e+00
1.74288278655538e-01 7.57212560547233e-02 8.44216530675012e-01
1.32485541294581e-01 1.16225876732714e-01 1.13701752809353e+00
1.55405133908462e-01 9.71032610011871e-02 -1.00170324057990e+00
1.06108266481743e-01 1.32524786253263e-01 1.24501324131400e+00
2.03171398681730e-01 -2.78295801632633e-02 1.72948611316367e-01
-2.78858885395642e-02 -1.62100447965509e-02 -2.17758199685592e+00
-1.56713178883353e-02 1.59174965281370e-01 1.38645119776633e+00
1.83298530999045e-01 -7.98801580956121e-02 5.17863882594500e-01
-4.68039010157195e-02 1.54505006043912e-01 1.36641258878772e+00
-1.22880958840643e-01 1.64446879992338e-01 1.40141494096367e-01
4.03704708759686e-02 -1.16964578412951e-01 1.76135492757355e+00
7.60820300303396e-06 -1.98070374905736e-01 5.95014580251279e-01
6.33017892893032e-02 -1.88613545060423e-01 -5.60174029605590e-01
-3.21789789338545e-02 -1.73294222260729e-01 -1.13673956557936e+00
1.63091588322528e-02 -1.87996412550237e-01 8.77676357815649e-01
1.56603617995634e-02 -1.59151644709832e-01 1.38677296457534e+00
1.87997074112013e-01 -8.18761515752593e-02 -1.75093855830096e-01
2.77965723201143e-02 -1.62043027017072e-02 -2.17771810046056e+00
1.98272335899393e-01 -2.69314610767257e-02 -5.11386098875531e-01
-1.23289750198540e-01 7.72184486042986e-02 1.55883608250595e+00
1.88590486175286e-01 5.22663321368547e-02 -6.79204616708866e-01
-1.23307930350580e-01 7.71716275050575e-02 -1.55893725535287e+00
1.89242630499794e-01 2.49469053041478e-02 -8.21803688966713e-01
-4.03443976573910e-02 -1.16968791446060e-01 1.76139142001184e+00
-1.64481620412151e-01 -1.31393748735703e-02 -1.31654862646632e+00
-4.76571718352920e-02 -1.98282997108594e-01 2.88827340732055e-01
1.06084678454515e-01 -3.21452899787291e-02 1.85733888849475e+00
1.64337542100869e-01 4.03863702645336e-02 1.25346952523898e+00
-7.66100960364706e-02 -1.89266543115410e-01 2.67434349502119e-01
-7.99308127685922e-02 4.82996325438208e-02 -1.96452206289746e+00
-4.77099051411844e-02 1.98265940013338e-01 -2.89172200287338e-01
-1.59144643692246e-01 -1.29387803925001e-01 1.67851840621096e-01
4.67548437615929e-02 -1.54498380434942e-01 -1.36669158776769e+00
-6.89229356731705e-02 1.06910200685945e-01 1.73275914159052e+00
-7.56822480506786e-02 -7.87999512440688e-02 1.86813390240445e+00
2.68952932473403e-02 -4.76868897128288e-02 -2.12532883293300e+00
-5.04200581766553e-05 3.19897257684278e-02 -2.17803155414972e+00
5.54593914110956e-02 -2.49398392671570e-05 -2.12321011441501e+00
-1.64331247967244e-01 -4.03883656744662e-02 -1.25355694094708e+00
-1.74281992404460e-01 -7.57139835521392e-02 -8.44440541211103e-01
-1.88609903603442e-01 -5.22849104074050e-02 -6.78420420141565e-01
1.59138205455043e-01 1.29403955203994e-01 1.67121068077465e-01
1.59131748768069e-01 1.29398083962353e-01 -1.68345243721071e-01
7.56337889356815e-02 7.87800124757979e-02 -1.86845596776948e+00
7.56493590992072e-02 -7.88175513601588e-02 -1.86820164489217e+00
5.92246129814941e-02 1.32249804499219e-01 1.56492255202994e+00
1.30880146443018e-02 1.22874401608455e-01 1.76269397202669e+00
-1.62893081648557e-02 -1.87996942710076e-01 8.77705664089915e-01
-6.33019046297629e-02 -1.88612887331781e-01 5.60197975208623e-01
-8.85414303978250e-02 -1.85671387848549e-01 1.30132869773084e-04
1.64438317166930e-01 -1.31049375571916e-02 -1.31720937397331e+00
-1.83277448022171e-01 -7.99061607793906e-02 5.18260143642022e-01
1.73283550175208e-01 -1.06063633928605e-01 -3.45129095505819e-01
1.64295435973356e-01 -4.03584823842463e-02 -1.25420666035545e+00
1.73297289096614e-01 -1.06059281734086e-01 3.44489612750284e-01
-1.98064570829444e-01 -5.55326479791036e-02 1.07440570719986e-04
-1.59181666427977e-01 1.29341814377149e-01 -1.67890696149723e-01
-5.58536670806190e-05 1.41880244351150e-01 -1.59645120304275e+00
-4.83779791497210e-02 1.83291767051435e-01 8.55961922355582e-01
-7.57017760903934e-02 7.88135224875899e-02 1.86797721735348e+00
-1.59180281369735e-01 1.29347683643459e-01 1.67521661407778e-01
8.18970626043778e-02 -1.62762852855532e-02 2.01503721260053e+00
1.22815159502514e-01 1.64489285427585e-01 -1.41047722232282e-01
1.74254540987043e-01 7.56960031115862e-02 -8.45276199676351e-01
1.16935088215582e-01 1.64336143595752e-01 -4.33181286334633e-01
-4.68297746729605e-02 1.54453920154687e-01 -1.36697417132819e+00
2.78497863724504e-02 1.61998991269384e-02 2.17764375197392e+00
1.32201562590525e-01 1.46058832369706e-01 6.34398419453873e-01
1.06879880229474e-01 1.61705318922619e-01 7.38074914534449e-01
-1.06122459249792e-01 -1.32503102145087e-01 -1.24513941660709e+00
1.32227679678524e-01 -1.46021946299892e-01 6.34748534597055e-01
1.85645101825814e-01 2.87653742095931e-06 -9.49637595583539e-01
-9.34259191852877e-02 1.55440464339081e-01 1.04050193810699e+00
1.61637102391607e-01 6.89060362368924e-02 -1.14639015518647e+00
-5.92524652002326e-02 -1.32230463595714e-01 -1.56498919151754e+00
-4.83940603612165e-02 1.83257413866712e-01 -8.56702241009006e-01
1.89246619264353e-01 -2.49372443441722e-02 -8.21731843128337e-01
1.16140147080430e-01 1.06106293495061e-01 -1.42063395657096e+00
-8.18864140832042e-02 1.63067253280483e-02 2.01505865700194e+00
1.46036842387090e-01 5.92692305233307e-02 1.41688779124715e+00
-2.03193994914306e-01 -2.57460552430322e-05 3.43273734466334e-01
1.29393221396319e-01 1.56761677511706e-02 1.70575547398725e+00
1.64487483322279e-01 1.31292079079262e-02 1.31647612187118e+00
6.88497888367527e-02 1.06876051743705e-01 -1.73333517424494e+00
2.48852550963941e-02 7.65845791225307e-02 -2.02888940202703e+00
7.72358478112508e-02 -1.45438416898734e-01 1.32130203857616e+00
-1.89262406681594e-01 -2.49579213602416e-02 8.21241831517797e-01
-7.72093380874033e-02 -1.45444252020731e-01 1.32140624500826e+00
1.59160189012170e-01 -1.29373198944366e-01 1.67451305094850e-01
-1.16962481715465e-01 -1.64328544528468e-01 4.32662499013873e-01
1.41914660417297e-01 -1.48908287273315e-01 -2.27344114674102e-04
-1.16208605437397e-01 1.06114509193830e-01 1.41992008842168e+00
1.77546008227251e-01 -2.11982695775743e-02 -1.09001605900212e+00
2.03200978535168e-01 1.94978521985782e-05 3.42798510619020e-01
-1.48913220547408e-01 -6.33445393540044e-06 1.52108191450239e+00
-1.64471418178513e-01 -1.31111200468499e-02 1.31672741199984e+00
5.22141434872299e-02 -6.33294518666286e-02 -2.02172865938851e+00
5.22011427001163e-02 6.32824797014449e-02 -2.02193620359962e+00
-2.78407409348201e-02 -1.61639619641469e-02 2.17768772105395e+00
-5.22501150374744e-02 -6.33040111878855e-02 2.02171342668481e+00
1.32178743228112e-01 1.46035602985854e-01 -6.35558049173506e-01
1.64288649519110e-01 4.03531016642727e-02 -1.25432868010939e+00
1.06066592710729e-01 1.32480828952492e-01 -1.24595834175469e+00
-1.29382688670428e-01 1.56453085577779e-02 1.70587981133269e+00
-7.88057800511615e-02 -1.74289990778822e-01 -8.11092798423357e-01
-3.21558761512594e-02 -1.73287133448728e-01 1.13693881551521e+00
9.33778884494578e-02 -1.55445805009885e-01 -1.04090554671806e+00
1.27458756484217e-01 4.67662217036928e-02 -1.65639577894559e+00
4.83306658977308e-02 -1.83288716831305e-01 -8.56343954168723e-01
1.55443327070665e-01 9.71352280563968e-02 1.00066577635070e+00
1.77589864393738e-01 -2.11757247634196e-02 1.08924531872953e+00
1.61742435461751e-02 -2.03166605873100e-01 -2.98428717380083e-01
1.06855110531657e-01 1.61677200562267e-01 -7.39193829895164e-01
1.73266025915216e-01 1.06084079157209e-01 -3.45417859394196e-01
-4.32893607370981e-05 -3.20528684769806e-02 -2.17792491438507e+00
1.61300900363186e-02 2.03163078433605e-01 -2.98978669800644e-01
-1.41903938138838e-01 -1.48918506051378e-01 1.53846188196060e-04
-1.54485438959596e-01 -1.27519755504737e-01 -5.01195336752020e-01
1.61693145785113e-01 -6.88900056563458e-02 1.14559255700517e+00
-1.22882607555681e-01 1.64441494490526e-01 -1.40700327494009e-01
1.01619234836531e-01 1.77594799496935e-01 2.26635418570625e-01
7.62605783146574e-06 -3.20100615552949e-02 2.17799729303957e+00
1.27525977991549e-01 -4.67585049827159e-02 1.65582626664647e+00
7.71952607608574e-02 -1.45450151969651e-01 -1.32142612671513e+00
9.70648646071237e-02 -9.34076325971075e-02 -1.66629323271274e+00
-1.22837635629862e-01 -1.64476115286913e-01 1.40562720312781e-01
-1.83300094617845e-01 7.98651868794034e-02 5.18065548478352e-01
-1.61785154971860e-02 -2.03166883586296e-01 -2.98380387766443e-01
4.76595153114661e-02 -1.98283058256803e-01 -2.88778086928656e-01
-1.98080577686888e-01 5.54755265050633e-02 -3.73032254286144e-05
1.55421750168463e-01 -9.71022955081412e-02 -1.00141776634868e+00
1.06885382999516e-01 -1.61675539350287e-01 -7.38732591483786e-01
1.89280589787567e-01 -2.49205444518592e-02 8.20890697661770e-01
7.66134339599110e-02 -1.89265411090782e-01 -2.67416533162817e-01
-9.34015834976329e-02 -1.55451915360259e-01 -1.04055640254550e+00
1.98268107999030e-01 2.69502102433622e-02 -5.11460939871013e-01
-1.74276232916676e-01 -7.57008851001370e-02 8.44711982136908e-01
1.16965308169115e-01 -1.64325004554412e-01 -4.32729176629338e-01
1.61681495967615e-01 6.89395510813042e-02 1.14543902629950e+00
-1.88606200265281e-01 -5.22728773429191e-02 6.78645203381010e-01
1.77586391618323e-01 2.12261081293895e-02 1.08919770023543e+00
1.88626883367319e-01 -5.22408422606177e-02 6.78268061863362e-01
3.21492352471239e-02 -1.73292697340942e-01 -1.13686295880878e+00
-5.55487041215419e-02 -3.72965577059060e-05 -2.12294183433239e+00
1.48928417514919e-01 2.68262925929924e-05 1.52091093985851e+00
-1.16967788503475e-01 -1.64331607928965e-01 -4.32363895510136e-01
1.62464318271949e-02 1.87982040845992e-01 -8.78163544207866e-01
-1.63513477553439e-02 1.87975312658111e-01 -8.78105289315965e-01
1.30618301228181e-05 -1.41909127192011e-01 1.59615634255936e+00
1.88598853877465e-01 -5.22528803247579e-02 -6.79056571112905e-01
-1.06897889263694e-01 -1.61681859535492e-01 -7.38365674962736e-01
-3.21963158567343e-02 1.73301695561647e-01 1.13655225341088e+00
-1.74303220249533e-01 7.56438649695911e-02 -8.44659104047947e-01
-1.88624807625861e-01 5.22143770155409e-02 -6.78568447012354e-01
1.98065096555969e-01 5.55307483671468e-02 -5.69398480666295e-04
1.95617333280853e-01 5.47394956790717e-02 -3.47472960740614e-01
-1.40937065726708e-01 8.84968798904827e-02 -1.29596272543118e+00
-4.77807248214676e-02 9.16401551586916e-02 -1.90637426592630e+00
-8.85887272572163e-02 1.20860907308233e-01 -1.51046382456312e+00
-1.20896444248687e-01 -1.40911464174485e-01 9.49160371378109e-01
5.46771303078319e-02 -3.23840658317357e-02 -2.09700531923841e+00
-1.40900268199439e-01 -8.85505963243191e-02 1.29600087007583e+00
4.76942133706139e-02 -9.16991102531453e-02 -1.90629745177661e+00
1.96062234062568e-01 7.24222081148613e-06 -6.67064315823669e-01
-1.52624289074589e-05 -1.75635618018583e-01 -1.14772850725334e+00
2.95144363195376e-02 -1.39409905068000e-01 1.59009776372943e+00
-1.75621022036134e-01 -1.07101380696020e-01 1.44557847628902e-04
1.40927567882377e-01 -8.85318377037888e-02 1.29580706794869e+00
1.96090238046844e-01 2.23760177250164e-05 6.66117892674558e-01
3.23694580233208e-02 -1.95630044538787e-01 5.86552907873919e-01
-6.21790999333700e-02 -1.96079597968114e-01 1.08272361381849e-04
-3.23658309469624e-02 -1.95633258641360e-01 -5.86452733595170e-01
6.21838745362667e-02 -1.96078084006120e-01 -5.87512537403363e-05
-9.16816419313328e-02 -1.77851575400790e-01 -5.11444108200101e-01
-1.07114245409888e-01 -4.03070493292578e-05 -1.88234083893843e+00
1.75615652438478e-01 1.07110170976904e-01 -6.06510710266935e-04
-2.95532590448356e-02 1.39377091299278e-01 -1.59034538889093e+00
1.20896266295026e-01 1.40942789186455e-01 9.48628473045365e-01
2.94728084251141e-02 -1.39424941172838e-01 -1.59003500766225e+00
1.20863172937125e-01 1.40908528812569e-01 -9.49697103797681e-01
-3.23995912163865e-02 1.95635606352360e-01 5.86148501235046e-01
1.40864333526451e-01 8.85408658269224e-02 -1.29652593788356e+00
-8.85661277505575e-02 1.20912542050721e-01 1.51014127274710e+00
1.48305783460476e-01 2.94925348306012e-02 -1.49482447088024e+00
-9.17191532254623e-02 1.77836253820015e-01 5.11283477531891e-01
-1.39408060994073e-01 -1.48356403771000e-01 -3.16013661685436e-01
-1.20944755036255e-01 1.40864377584501e-01 -9.49256252923884e-01
-2.95205445908097e-02 1.39434247905742e-01 1.58983949235441e+00
-1.77848220009169e-01 -4.77626598878389e-02 -9.82510911241675e-01
6.21442553508198e-02 1.96090637225702e-01 -5.70129550315126e-04
-1.40913211621695e-01 -8.85691115972648e-02 -1.29569379336414e+00
-5.47587145466397e-02 -3.23944547738688e-02 -2.09674228849940e+00
-6.22268117694063e-02 1.96064458260252e-01 -4.03060140273666e-04
-4.77588589800601e-02 -9.17053073790642e-02 -1.90607724133447e+00
-1.75651104814866e-01 1.07052036549191e-01 -1.34682503463462e-04
9.16572129311557e-02 1.77873161522500e-01 5.11084567811744e-01
-1.96078572203328e-01 -2.12850514894507e-05 6.66512319477575e-01
-1.40924125086277e-01 8.85371954529317e-02 1.29580802845360e+00
2.94847499021142e-02 1.39444974633571e-01 1.58980771756689e+00
-1.96081735853327e-01 -3.64125474428314e-05 -6.66405306478588e-01
-5.47283910504170e-02 3.23750288343014e-02 2.09686771602728e+00
-5.47205963503008e-02 -3.23533081210252e-02 2.09692960370130e+00
2.94431248586881e-02 1.39387814583061e-01 -1.59047210544012e+00
-8.85582557049332e-02 -1.20924099427269e-01 -1.51008799117870e+00
5.47304340785245e-02 3.23890094388779e-02 2.09683678427116e+00
-5.43726494388955e-05 1.75605746740592e-01 -1.14825338796106e+00
8.85630134638118e-02 -1.20898279215350e-01 1.51029344357269e+00
1.95631892658252e-01 5.47491761575409e-02 3.46354201508847e-01
1.07039037269708e-01 -1.64685436911105e-05 -1.88283233888854e+00
1.48366909250214e-01 -2.94774394169950e-02 1.49416164277186e+00
1.48361792082169e-01 2.95306457545609e-02 1.49409931254880e+00
-3.75489104258589e-06 6.22072022420197e-02 2.10161830553869e+00
4.77284484017331e-02 9.17150964824265e-02 1.90611064287883e+00
1.00939575526238e-05 -6.21722499522016e-02 2.10173712887510e+00
-1.48367825520385e-01 2.94550867997137e-02 -1.49420183428407e+00
4.77474164144881e-02 -9.16724439297996e-02 1.90629178831839e+00
-3.23539240423218e-02 -1.95630846769246e-01 5.86620630121435e-01
1.15716641540232e-05 -1.75628716616949e-01 1.14784984036532e+00
-9.16741408900679e-02 -1.77848606971499e-01 5.11717109274005e-01
-1.39404854063187e-01 -1.48353686278952e-01 3.16322617120363e-01
-8.85356519331354e-02 -1.20907167176088e-01 1.51039600452795e+00
1.20921995995378e-01 -1.40901776276883e-01 9.48951626101169e-01
1.48310899915095e-01 -2.95071848081657e-02 -1.49473293068937e+00
8.85149963152980e-02 -1.20915214510595e-01 -1.51046108020070e+00
1.39422134616838e-01 -1.48343567315274e-01 3.15992651753965e-01
-1.77841851590449e-01 -4.77448094731969e-02 9.82743001873116e-01
-1.48345940263811e-01 -2.95060502009741e-02 1.49433595605531e+00
3.23539390887578e-02 -1.95632456433029e-01 -5.86558857924208e-01
-2.94881344542075e-02 -1.39412317067011e-01 1.59012953175931e+00
-1.20907729166220e-01 -1.40920298198476e-01 -9.48844488232190e-01
-4.77229316034415e-02 -9.16786436678478e-02 1.90632797474617e+00
1.77864648968688e-01 -4.77137848866700e-02 9.82442058541594e-01
-9.17266524874003e-02 1.77815995134368e-01 -5.11938011232847e-01
9.16749890244128e-02 -1.77847652219532e-01 -5.11737775462459e-01
-2.95208526949106e-02 -1.39427352715563e-01 -1.58990830945884e+00
1.95625968919934e-01 -5.47168621154324e-02 -3.47323932337488e-01
1.39395956262560e-01 1.48375046777798e-01 3.15621296707270e-01
-3.90389903575635e-05 -6.22075309145825e-02 -2.10161714654406e+00
1.39384377934804e-01 1.48363406788193e-01 -3.16835099150987e-01
1.95640528530179e-01 -5.47107904406129e-02 3.46490628040789e-01
-5.28855935568411e-05 6.21470620075305e-02 -2.10182263998044e+00
5.46705115166748e-02 3.23349520433953e-02 -2.09711221671653e+00
1.77817250317218e-01 4.77356408049540e-02 -9.83305463857769e-01
1.77856834650574e-01 4.77624093933177e-02 9.82333133718848e-01
8.84916218556503e-02 1.20891446360863e-01 -1.51083696402779e+00
-2.75412011749966e-05 1.75650960711300e-01 1.14745868998839e+00
4.76752472493665e-02 9.16552090355708e-02 -1.90659450099665e+00
-1.39447951923162e-01 1.48311441750500e-01 -3.16416041370130e-01
-1.20933473602471e-01 1.40898629264628e-01 9.48837262523981e-01
-1.77861663125319e-01 4.76874702211758e-02 -9.82650931902722e-01
3.23279920229599e-02 1.95649217042375e-01 5.86080755473680e-01
3.23124747465375e-02 1.95624995333530e-01 -5.87107096243938e-01
-3.24114968458683e-02 1.95611386306765e-01 -5.87000949466252e-01
-1.39444745913229e-01 1.48323078840585e-01 3.15951328650757e-01
-1.77855295409739e-01 4.77142287799428e-02 9.82634112596958e-01
-1.48359804768729e-01 -2.95357861185982e-02 -1.49411031076208e+00
1.20888901839215e-01 -1.40910612551618e-01 -9.49285259253523e-01
-1.95624324476843e-01 -5.47435238727819e-02 3.46947455889682e-01
1.40879912549292e-01 -8.85503581003984e-02 -1.29625695401114e+00
-1.95625985687664e-01 -5.47495928748395e-02 -3.46729748402756e-01
-1.07089399035273e-01 2.42287502632952e-06 1.88250330300233e+00
1.75633262147567e-01 -1.07081303715299e-01 -3.27215248403269e-04
-1.95640060679425e-01 5.46947894205084e-02 3.46811063533171e-01
-1.95641721350723e-01 5.46851128870827e-02 -3.46878741143098e-01
1.39410555924688e-01 -1.48346285694783e-01 -3.16432646678411e-01
-1.48353961402408e-01 2.94931858425964e-02 1.49427364501133e+00
1.40911987738813e-01 8.85811933811048e-02 1.29561419256195e+00
5.47370538960035e-02 -3.23429149469120e-02 2.09689867457566e+00
9.16407920855728e-02 1.77852898908375e-01 -5.12231748692204e-01
1.07102209705955e-01 2.62707117337469e-05 1.88241954836075e+00
8.85396367971208e-02 1.20943090937263e-01 1.51003868739661e+00
-4.77448003920217e-02 9.17000364595130e-02 1.90614683918720e+00
1.77825063914560e-01 -4.77316421903123e-02 -9.83165414019181e-01
-5.47665080791988e-02 3.23209774285850e-02 -2.09684917704327e+00
9.16914110929578e-02 -1.77844682937232e-01 5.11518258518986e-01
-6.35550324991515e-02 -1.66417038620171e-01 1.10249167202195e+00
4.37279004072335e-06 1.80050832662230e-05 2.20485681253086e+00
-6.35956012591758e-02 1.66423052647853e-01 1.10211853633879e+00
-6.35741454813681e-02 -1.66424630534581e-01 -1.10223337310479e+00
2.05702325747679e-01 1.58797057975630e-05 -5.07269525034529e-04
1.66404543909218e-01 -1.02850965319966e-01 -6.81682230841455e-01
-1.02871185499200e-01 -6.35948671620520e-02 -1.78351379283093e+00
1.66431249559406e-01 -1.02842156273161e-01 6.81085625238300e-01
-1.02887508040857e-01 6.35187762804588e-02 -1.78371713806402e+00
-2.05702329585159e-01 -2.99210323945399e-05 4.53076942705853e-05
6.35467154644361e-02 -1.66421176942371e-01 -1.10247498368606e+00
1.02811537487287e-01 -6.35785837975912e-02 -1.78397558860509e+00
-4.43073813212841e-05 2.05702321761297e-01 -4.99168745416230e-04
1.02799551599717e-01 6.35482854728350e-02 -1.78417896099775e+00
1.50153836041328e-06 -2.05702331769823e-01 3.72852018495850e-05
6.35791496715701e-02 -1.66413584032078e-01 1.10239181796521e+00
-1.02863243841525e-01 6.35700386742569e-02 1.78366810494296e+00
1.66387317120216e-01 1.02862015535328e-01 -6.81973720949737e-01
-1.02846918951485e-01 -6.35651511842194e-02 1.78379626674789e+00
1.02858687961915e-01 6.35995584380628e-02 1.78357738535462e+00
1.66414021964423e-01 1.02884146503914e-01 6.80840616869834e-01
-1.66407206493261e-01 -1.02861898549882e-01 6.81417974086817e-01
1.02870675615056e-01 -6.35488618951987e-02 1.78370556029059e+00
6.35455964514868e-02 1.66447908934404e-01 1.10201865156962e+00
-1.66412361727193e-01 -1.02870704005039e-01 -6.81120547425056e-01
-4.71702111816235e-05 -3.20469487425582e-05 -2.20485673674720e+00
6.35131652980249e-02 1.66405444491102e-01 -1.10296982589279e+00
-1.66435786426069e-01 1.02829775302246e-01 6.81173019952330e-01
-1.66440939837717e-01 1.02807651832431e-01 -6.81411973163238e-01
-6.36147110548786e-02 1.66380593550160e-01 -1.10272817739216e+00
-1.08136977622395e-01 -1.74985265676530e-01 1.42483750432408e-04
1.08144974384802e-01 -1.74980323564078e-01 -1.47986848920639e-04
1.08112281577798e-01 1.75000516293165e-01 -6.04353347985068e-04
-1.08182217992322e-01 1.74957298113005e-01 -3.13813144100742e-04
-1.74982852856195e-01 -1.33452830974519e-05 1.15912716713346e+00
-1.74990680174655e-01 -3.96543581103344e-05 -1.15899133080493e+00
1.74951748301535e-01 -6.98940316522720e-07 -1.15966647681379e+00
1.74998123727395e-01 2.56199931889702e-05 1.15886224513389e+00
-1.15161611748596e-05 1.08169957783997e-01 1.87539201387014e+00
1.25686612347669e-05 -1.08137541471743e-01 1.87560678160879e+00
-3.12780125741268e-05 -1.08160847479494e-01 -1.87545235565803e+00
-5.53597408541002e-05 1.08108108393785e-01 -1.87580161917055e+00
3 631 67 1
3 599 6 67
3 497 1 6
3 67 6 1
3 615 294 296
3 494 73 294
3 599 296 73
3 294 73 296
3 614 232 293
3 497 231 232
3 494 293 231
3 232 231 293
3 599 73 6
3 494 231 73
3 497 6 231
3 73 231 6
3 639 43 297
3 553 473 43
3 490 297 473
3 43 473 297
3 600 430 152
3 542 47 430
3 553 152 47
3 430 47 152
3 615 74 70
3 490 340 74
3 542 70 340
3 74 340 70
3 553 47 473
3 542 340 47
3 490 473 340
3 47 340 473
3 630 374 145
3 495 353 374
3 543 145 353
3 374 353 145
3 614 284 147
3 541 350 284
3 495 147 350
3 284 350 147
3 600 262 168
3 543 373 262
3 541 168 373
3 262 373 168
3 495 350 353
3 541 373 350
3 543 353 373
3 350 373 353
3 615 70 294
3 542 339 70
3 494 294 339
3 70 339 294
3 600 168 430
3 541 372 168
3 542 430 372
3 168 372 430
3 614 293 284
3 494 336 293
3 541 284 336
3 293 336 284
3 542 372 339
3 541 336 372
3 494 339 336
3 372 336 339
3 640 236 3
3 503 286 236
3 559 3 286
3 236 286 3
3 610 467 357
3 489 135 467
3 503 357 135
3 467 135 357
3 603 5 338
3 559 246 5
3 489 338 246
3 5 246 338
3 503 135 286
3 489 246 135
3 559 286 246
3 135 246 286
3 631 1 104
3 497 458 1
3 558 104 458
3 1 458 104
3 614 436 232
3 552 453 436
3 497 232 453
3 436 453 232
3 610 320 433
3 558 337 320
3 552 433 337
3 320 337 433
3 497 453 458
3 552 337 453
3 558 458 337
3 453 337 458
3 630 290 374
3 498 241 290
3 495 374 241
3 290 241 374
3 603 319 429
3 496 258 319
3 498 429 258
3 319 258 429
3 614 147 452
3 495 237 147
3 496 452 237
3 147 237 452
3 498 258 241
3 496 237 258
3 495 241 237
3 258 237 241
3 610 433 467
3 552 242 433
3 489 467 242
3 433 242 467
3 614 452 436
3 496 25 452
3 552 436 25
3 452 25 436
3 603 338 319
3 489 17 338
3 496 319 17
3 338 17 319
3 552 25 242
3 496 17 25
3 489 242 17
3 25 17 242
3 635 349 20
3 580 363 349
3 513 20 363
3 349 363 20
3 606 272 9
3 515 44 272
3 580 9 44
3 272 44 9
3 624 364 45
3 513 129 364
3 515 45 129
3 364 129 45
3 580 44 363
3 515 129 44
3 513 363 129
3 44 129 363
3 640 3 194
3 559 140 3
3 518 194 140
3 3 140 194
3 603 87 5
3 528 399 87
3 559 5 399
3 87 399 5
3 606 199 89
3 518 254 199
3 528 89 254
3 199 254 89
3 559 399 140
3 528 254 399
3 518 140 254
3 399 254 140
3 630 85 290
3 510 470 85
3 498 290 470
3 85 470 290
3 624 217 442
3 554 86 217
3 510 442 86
3 217 86 442
3 603 429 459
3 498 475 429
3 554 459 475
3 429 475 459
3 510 86 470
3 554 475 86
3 498 470 475
3 86 475 470
3 606 89 272
3 528 213 89
3 515 272 213
3 89 213 272
3 603 459 87
3 554 394 459
3 528 87 394
3 459 394 87
3 624 45 217
3 515 100 45
3 554 217 100
3 45 100 217
3 528 394 213
3 554 100 394
3 515 213 100
3 394 100 213
3 634 279 111
3 521 411 279
3 550 111 411
3 279 411 111
3 609 151 405
3 582 163 151
3 521 405 163
3 151 163 405
3 621 461 376
3 550 464 461
3 582 376 464
3 461 464 376
3 521 163 411
3 582 464 163
3 550 411 464
3 163 464 411
3 635 20 205
3 513 235 20
3 524 205 235
3 20 235 205
3 624 2 364
3 584 365 2
3 513 364 365
3 2 365 364
3 609 314 234
3 524 90 314
3 584 234 90
3 314 90 234
3 513 365 235
3 584 90 365
3 524 235 90
3 365 90 235
3 630 450 85
3 544 441 450
3 510 85 441
3 450 441 85
3 621 36 316
3 491 356 36
3 544 316 356
3 36 356 316
3 624 442 38
3 510 8 442
3 491 38 8
3 442 8 38
3 544 356 441
3 491 8 356
3 510 441 8
3 356 8 441
3 609 234 151
3 584 380 234
3 582 151 380
3 234 380 151
3 624 38 2
3 491 40 38
3 584 2 40
3 38 40 2
3 621 376 36
3 582 37 376
3 491 36 37
3 376 37 36
3 584 40 380
3 491 37 40
3 582 380 37
3 40 37 380
3 639 132 43
3 555 348 132
3 553 43 348
3 132 348 43
3 618 58 359
3 545 34 58
3 555 359 34
3 58 34 359
3 600 152 412
3 553 33 152
3 545 412 33
3 152 33 412
3 555 34 348
3 545 33 34
3 553 348 33
3 34 33 348
3 634 111 420
3 550 302 111
3 551 420 302
3 111 302 420
3 621 177 461
3 486 255 177
3 550 461 255
3 177 255 461
3 618 174 62
3 551 257 174
3 486 62 257
3 174 257 62
3 550 255 302
3 486 257 255
3 551 302 257
3 255 257 302
3 630 145 450
3 543 414 145
3 544 450 414
3 145 414 450
3 600 310 262
3 484 122 310
3 543 262 122
3 310 122 262
3 621 316 92
3 544 123 316
3 484 92 123
3 316 123 92
3 543 122 414
3 484 123 122
3 544 414 123
3 122 123 414
3 618 62 58
3 486 142 62
3 545 58 142
3 62 142 58
3 621 92 177
3 484 141 92
3 486 177 141
3 92 141 177
3 600 412 310
3 545 124 412
3 484 310 124
3 412 124 310
3 486 141 142
3 484 124 141
3 545 142 124
3 141 124 142
3 638 371 229
3 523 225 371
3 512 229 225
3 371 225 229
3 623 230 253
3 570 144 230
3 523 253 144
3 230 144 253
3 602 333 476
3 512 331 333
3 570 476 331
3 333 331 476
3 523 144 225
3 570 331 144
3 512 225 331
3 144 331 225
3 632 303 445
3 514 200 303
3 520 445 200
3 303 200 445
3 612 139 84
3 575 305 139
3 514 84 305
3 139 305 84
3 623 309 248
3 520 159 309
3 575 248 159
3 309 159 248
3 514 305 200
3 575 159 305
3 520 200 159
3 305 159 200
3 633 39 244
3 509 298 39
3 517 244 298
3 39 298 244
3 602 383 150
3 505 195 383
3 509 150 195
3 383 195 150
3 612 16 42
3 517 299 16
3 505 42 299
3 16 299 42
3 509 195 298
3 505 299 195
3 517 298 299
3 195 299 298
3 623 248 230
3 575 220 248
3 570 230 220
3 248 220 230
3 612 42 139
3 505 76 42
3 575 139 76
3 42 76 139
3 602 476 383
3 570 71 476
3 505 383 71
3 476 71 383
3 575 76 220
3 505 71 76
3 570 220 71
3 76 71 220
3 634 238 138
3 590 137 238
3 579 138 137
3 238 137 138
3 616 344 13
3 522 120 344
3 590 13 120
3 344 120 13
3 627 22 0
3 579 179 22
3 522 0 179
3 22 179 0
3 590 120 137
3 522 179 120
3 579 137 179
3 120 179 137
3 638 229 153
3 512 226 229
3 596 153 226
3 229 226 153
3 602 10 333
3 507 283 10
3 512 333 283
3 10 283 333
3 616 384 131
3 596 358 384
3 507 131 358
3 384 358 131
3 512 283 226
3 507 358 283
3 596 226 358
3 283 358 226
3 633 334 39
3 578 79 334
3 509 39 79
3 334 79 39
3 627 162 227
3 573 208 162
3 578 227 208
3 162 208 227
3 602 150 397
3 509 72 150
3 573 397 72
3 150 72 397
3 578 208 79
3 573 72 208
3 509 79 72
3 208 72 79
3 616 131 344
3 507 416 131
3 522 344 416
3 131 416 344
3 602 397 10
3 573 55 397
3 507 10 55
3 397 55 10
3 627 0 162
3 522 175 0
3 573 162 175
3 0 175 162
3 507 55 416
3 573 175 55
3 522 416 175
3 55 175 416
3 635 205 118
3 524 158 205
3 574 118 158
3 205 158 118
3 609 4 314
3 588 93 4
3 524 314 93
3 4 93 314
3 628 477 233
3 574 478 477
3 588 233 478
3 477 478 233
3 524 93 158
3 588 478 93
3 574 158 478
3 93 478 158
3 634 138 279
3 579 172 138
3 521 279 172
3 138 172 279
3 627 451 22
3 587 23 451
3 579 22 23
3 451 23 22
3 609 405 211
3 521 165 405
3 587 211 165
3 405 165 211
3 579 23 172
3 587 165 23
3 521 172 165
3 23 165 172
3 633 444 334
3 572 201 444
3 578 334 201
3 444 201 334
3 628 268 311
3 519 381 268
3 572 311 381
3 268 381 311
3 627 227 267
3 578 385 227
3 519 267 385
3 227 385 267
3 572 381 201
3 519 385 381
3 578 201 385
3 381 385 201
3 609 211 4
3 587 454 211
3 588 4 454
3 211 454 4
3 627 267 451
3 519 269 267
3 587 451 269
3 267 269 451
3 628 233 268
3 588 271 233
3 519 268 271
3 233 271 268
3 587 269 454
3 519 271 269
3 588 454 271
3 269 271 454
3 641 181 155
3 482 91 181
3 501 155 91
3 181 91 155
3 608 31 186
3 483 59 31
3 482 186 59
3 31 59 186
3 629 390 260
3 501 108 390
3 483 260 108
3 390 108 260
3 482 59 91
3 483 108 59
3 501 91 108
3 59 108 91
3 635 118 164
3 574 7 118
3 539 164 7
3 118 7 164
3 628 125 477
3 481 15 125
3 574 477 15
3 125 15 477
3 608 280 346
3 539 19 280
3 481 346 19
3 280 19 346
3 574 15 7
3 481 19 15
3 539 7 19
3 15 19 7
3 633 265 444
3 557 126 265
3 572 444 126
3 265 126 444
3 629 277 154
3 511 105 277
3 557 154 105
3 277 105 154
3 628 311 276
3 572 317 311
3 511 276 317
3 311 317 276
3 557 105 126
3 511 317 105
3 572 126 317
3 105 317 126
3 608 346 31
3 481 256 346
3 483 31 256
3 346 256 31
3 628 276 125
3 511 243 276
3 481 125 243
3 276 243 125
3 629 260 277
3 483 216 260
3 511 277 216
3 260 216 277
3 481 243 256
3 511 216 243
3 483 256 216
3 243 216 256
3 632 215 303
3 593 304 215
3 514 303 304
3 215 304 303
3 626 88 110
3 576 203 88
3 593 110 203
3 88 203 110
3 612 84 440
3 514 307 84
3 576 440 307
3 84 307 440
3 593 203 304
3 576 307 203
3 514 304 307
3 203 307 304
3 641 155 247
3 501 382 155
3 527 247 382
3 155 382 247
3 629 209 390
3 530 35 209
3 501 390 35
3 209 35 390
3 626 24 207
3 527 191 24
3 530 207 191
3 24 191 207
3 501 35 382
3 530 191 35
3 527 382 191
3 35 191 382
3 633 244 265
3 517 130 244
3 557 265 130
3 244 130 265
3 612 273 16
3 577 355 273
3 517 16 355
3 273 355 16
3 629 154 400
3 557 127 154
3 577 400 127
3 154 127 400
3 517 355 130
3 577 127 355
3 557 130 127
3 355 127 130
3 626 207 88
3 530 471 207
3 576 88 471
3 207 471 88
3 629 400 209
3 577 472 400
3 530 209 472
3 400 472 209
3 612 440 273
3 576 250 440
3 577 273 250
3 440 250 273
3 530 472 471
3 577 250 472
3 576 471 250
3 472 250 471
3 641 247 249
3 527 190 247
3 571 249 190
3 247 190 249
3 626 134 24
3 569 78 134
3 527 24 78
3 134 78 24
3 613 368 12
3 571 408 368
3 569 12 408
3 368 408 12
3 527 78 190
3 569 408 78
3 571 190 408
3 78 408 190
3 632 387 215
3 563 389 387
3 593 215 389
3 387 389 215
3 617 196 157
3 504 425 196
3 563 157 425
3 196 425 157
3 626 110 300
3 593 437 110
3 504 300 437
3 110 437 300
3 563 425 389
3 504 437 425
3 593 389 437
3 425 437 389
3 636 193 156
3 508 426 193
3 567 156 426
3 193 426 156
3 613 324 432
3 506 161 324
3 508 432 161
3 324 161 432
3 617 388 327
3 567 398 388
3 506 327 398
3 388 398 327
3 508 161 426
3 506 398 161
3 567 426 398
3 161 398 426
3 626 300 134
3 504 427 300
3 569 134 427
3 300 427 134
3 617 327 196
3 506 180 327
3 504 196 180
3 327 180 196
3 613 12 324
3 569 402 12
3 506 324 402
3 12 402 324
3 504 180 427
3 506 402 180
3 569 427 402
3 180 402 427
3 640 197 252
3 562 323 197
3 487 252 323
3 197 323 252
3 625 342 439
3 485 360 342
3 562 439 360
3 342 360 439
3 611 369 228
3 487 421 369
3 485 228 421
3 369 421 228
3 562 360 323
3 485 421 360
3 487 323 421
3 360 421 323
3 641 249 133
3 571 409 249
3 565 133 409
3 249 409 133
3 613 83 368
3 566 422 83
3 571 368 422
3 83 422 368
3 625 361 198
3 565 282 361
3 566 198 282
3 361 282 198
3 571 422 409
3 566 282 422
3 565 409 282
3 422 282 409
3 636 375 193
3 547 182 375
3 508 193 182
3 375 182 193
3 611 28 143
3 533 101 28
3 547 143 101
3 28 101 143
3 613 432 30
3 508 61 432
3 533 30 61
3 432 61 30
3 547 101 182
3 533 61 101
3 508 182 61
3 101 61 182
3 625 198 342
3 566 362 198
3 485 342 362
3 198 362 342
3 613 30 83
3 533 318 30
3 566 83 318
3 30 318 83
3 611 228 28
3 485 14 228
3 533 28 14
3 228 14 28
3 566 318 362
3 533 14 318
3 485 362 14
3 318 14 362
3 631 104 185
3 558 462 104
3 589 185 462
3 104 462 185
3 610 431 320
3 581 456 431
3 558 320 456
3 431 456 320
3 605 291 295
3 589 75 291
3 581 295 75
3 291 75 295
3 558 456 462
3 581 75 456
3 589 462 75
3 456 75 462
3 640 252 236
3 487 109 252
3 503 236 109
3 252 109 236
3 611 449 369
3 548 112 449
3 487 369 112
3 449 112 369
3 610 357 448
3 503 173 357
3 548 448 173
3 357 173 448
3 487 112 109
3 548 173 112
3 503 109 173
3 112 173 109
3 636 417 375
3 597 378 417
3 547 375 378
3 417 378 375
3 605 455 56
3 583 322 455
3 597 56 322
3 455 322 56
3 611 143 99
3 547 261 143
3 583 99 261
3 143 261 99
3 597 322 378
3 583 261 322
3 547 378 261
3 322 261 378
3 610 448 431
3 548 97 448
3 581 431 97
3 448 97 431
3 611 99 449
3 583 98 99
3 548 449 98
3 99 98 449
3 605 295 455
3 581 69 295
3 583 455 69
3 295 69 455
3 548 98 97
3 583 69 98
3 581 97 69
3 98 69 97
3 637 435 285
3 556 457 435
3 493 285 457
3 435 457 285
3 607 332 77
3 564 466 332
3 556 77 466
3 332 466 77
3 604 418 329
3 493 103 418
3 564 329 103
3 418 103 329
3 556 466 457
3 564 103 466
3 493 457 103
3 466 103 457
3 631 185 53
3 589 415 185
3 549 53 415
3 185 415 53
3 605 377 291
3 586 149 377
3 589 291 149
3 377 149 291
3 607 167 379
3 549 413 167
3 586 379 413
3 167 413 379
3 589 149 415
3 586 413 149
3 549 415 413
3 149 413 415
3 636 396 417
3 488 401 396
3 597 417 401
3 396 401 417
3 604 116 48
3 560 343 116
3 488 48 343
3 116 343 48
3 605 56 117
3 597 474 56
3 560 117 474
3 56 474 117
3 488 343 401
3 560 474 343
3 597 401 474
3 343 474 401
3 607 379 332
3 586 115 379
3 564 332 115
3 379 115 332
3 605 117 377
3 560 341 117
3 586 377 341
3 117 341 377
3 604 329 116
3 564 270 329
3 560 116 270
3 329 270 116
3 586 341 115
3 560 270 341
3 564 115 270
3 341 270 115
3 632 245 387
3 561 281 245
3 563 387 281
3 245 281 387
3 620 80 136
3 500 366 80
3 561 136 366
3 80 366 136
3 617 157 438
3 563 367 157
3 500 438 367
3 157 367 438
3 561 366 281
3 500 367 366
3 563 281 367
3 366 367 281
3 637 285 465
3 493 106 285
3 568 465 106
3 285 106 465
3 604 63 418
3 532 210 63
3 493 418 210
3 63 210 418
3 620 325 289
3 568 306 325
3 532 289 306
3 325 306 289
3 493 210 106
3 532 306 210
3 568 106 306
3 210 306 106
3 636 156 396
3 567 347 156
3 488 396 347
3 156 347 396
3 617 206 388
3 480 345 206
3 567 388 345
3 206 345 388
3 604 48 95
3 488 460 48
3 480 95 460
3 48 460 95
3 567 345 347
3 480 460 345
3 488 347 460
3 345 460 347
3 620 289 80
3 532 21 289
3 500 80 21
3 289 21 80
3 604 95 63
3 480 479 95
3 532 63 479
3 95 479 63
3 617 438 206
3 500 121 438
3 480 206 121
3 438 121 206
3 532 479 21
3 480 121 479
3 500 21 121
3 479 121 21
3 641 133 181
3 565 313 133
3 482 181 313
3 133 313 181
3 625 128 361
3 598 18 128
3 565 361 18
3 128 18 361
3 608 186 354
3 482 64 186
3 598 354 64
3 186 64 354
3 565 18 313
3 598 64 18
3 482 313 64
3 18 64 313
3 640 194 197
3 518 251 194
3 562 197 251
3 194 251 197
3 606 114 199
3 516 119 114
3 518 199 119
3 114 119 199
3 625 439 330
3 562 221 439
3 516 330 221
3 439 221 330
3 518 119 251
3 516 221 119
3 562 251 221
3 119 221 251
3 635 164 349
3 539 51 164
3 580 349 51
3 164 51 349
3 608 264 280
3 499 240 264
3 539 280 240
3 264 240 280
3 606 9 263
3 580 32 9
3 499 263 32
3 9 32 263
3 539 240 51
3 499 32 240
3 580 51 32
3 240 32 51
3 625 330 128
3 516 468 330
3 598 128 468
3 330 468 128
3 606 263 114
3 499 11 263
3 516 114 11
3 263 11 114
3 608 354 264
3 598 146 354
3 499 264 146
3 354 146 264
3 516 11 468
3 499 146 11
3 598 468 146
3 11 146 468
3 639 315 132
3 538 222 315
3 555 132 222
3 315 222 132
3 601 423 446
3 526 178 423
3 538 446 178
3 423 178 446
3 618 359 60
3 555 424 359
3 526 60 424
3 359 424 60
3 538 178 222
3 526 424 178
3 555 222 424
3 178 424 222
3 638 153 184
3 596 183 153
3 536 184 183
3 153 183 184
3 616 278 384
3 525 50 278
3 596 384 50
3 278 50 384
3 601 288 160
3 536 170 288
3 525 160 170
3 288 170 160
3 596 50 183
3 525 170 50
3 536 183 170
3 50 170 183
3 634 420 238
3 551 419 420
3 590 238 419
3 420 419 238
3 618 189 174
3 585 287 189
3 551 174 287
3 189 287 174
3 616 13 188
3 590 428 13
3 585 188 428
3 13 428 188
3 551 287 419
3 585 428 287
3 590 419 428
3 287 428 419
3 601 160 423
3 525 57 160
3 526 423 57
3 160 57 423
3 616 188 278
3 585 403 188
3 525 278 403
3 188 403 278
3 618 60 189
3 526 176 60
3 585 189 176
3 60 176 189
3 525 403 57
3 585 176 403
3 526 57 176
3 403 176 57
3 637 465 407
3 568 352 465
3 535 407 352
3 465 352 407
3 620 434 325
3 591 463 434
3 568 325 463
3 434 463 325
3 619 166 301
3 535 404 166
3 591 301 404
3 166 404 301
3 568 463 352
3 591 404 463
3 535 352 404
3 463 404 352
3 632 445 245
3 520 46 445
3 561 245 46
3 445 46 245
3 623 219 309
3 502 393 219
3 520 309 393
3 219 393 309
3 620 136 218
3 561 392 136
3 502 218 392
3 136 392 218
3 520 393 46
3 502 392 393
3 561 46 392
3 393 392 46
3 638 29 371
3 537 148 29
3 523 371 148
3 29 148 371
3 619 81 259
3 595 27 81
3 537 259 27
3 81 27 259
3 623 253 192
3 523 370 253
3 595 192 370
3 253 370 192
3 537 27 148
3 595 370 27
3 523 148 370
3 27 370 148
3 620 218 434
3 502 326 218
3 591 434 326
3 218 326 434
3 623 192 219
3 595 328 192
3 502 219 328
3 192 328 219
3 619 301 81
3 591 82 301
3 595 81 82
3 301 82 81
3 502 328 326
3 595 82 328
3 591 326 82
3 328 82 326
3 639 214 315
3 540 113 214
3 538 315 113
3 214 113 315
3 622 266 102
3 592 212 266
3 540 102 212
3 266 212 102
3 601 446 41
3 538 312 446
3 592 41 312
3 446 312 41
3 540 212 113
3 592 312 212
3 538 113 312
3 212 312 113
3 637 407 96
3 535 469 407
3 534 96 469
3 407 469 96
3 619 239 166
3 594 406 239
3 535 166 406
3 239 406 166
3 622 447 351
3 534 94 447
3 594 351 94
3 447 94 351
3 535 406 469
3 594 94 406
3 534 469 94
3 406 94 469
3 638 184 29
3 536 26 184
3 537 29 26
3 184 26 29
3 601 391 288
3 529 169 391
3 536 288 169
3 391 169 288
3 619 259 49
3 537 171 259
3 529 49 171
3 259 171 49
3 536 169 26
3 529 171 169
3 537 26 171
3 169 171 26
3 622 351 266
3 594 386 351
3 592 266 386
3 351 386 266
3 619 49 239
3 529 275 49
3 594 239 275
3 49 275 239
3 601 41 391
3 592 274 41
3 529 391 274
3 41 274 391
3 594 275 386
3 529 274 275
3 592 386 274
3 275 274 386
3 631 53 67
3 549 54 53
3 599 67 54
3 53 54 67
3 607 187 167
3 546 395 187
3 549 167 395
3 187 395 167
3 615 296 292
3 599 68 296
3 546 292 68
3 296 68 292
3 549 395 54
3 546 68 395
3 599 54 68
3 395 68 54
3 637 96 435
3 534 224 96
3 556 435 224
3 96 224 435
3 622 321 447
3 492 204 321
3 534 447 204
3 321 204 447
3 607 77 107
3 556 443 77
3 492 107 443
3 77 443 107
3 534 204 224
3 492 443 204
3 556 224 443
3 204 443 224
3 639 297 214
3 490 335 297
3 540 214 335
3 297 335 214
3 615 410 74
3 531 223 410
3 490 74 223
3 410 223 74
3 622 102 52
3 540 65 102
3 531 52 65
3 102 65 52
3 490 223 335
3 531 65 223
3 540 335 65
3 223 65 335
3 607 107 187
3 492 308 107
3 546 187 308
3 107 308 187
3 622 52 321
3 531 202 52
3 492 321 202
3 52 202 321
3 615 292 410
3 546 66 292
3 531 410 66
3 292 66 410
3 492 202 308
3 531 66 202
3 546 308 66
3 202 66 308
