A/A0 V/V0 Vr eb eb_bend eb_ad ea ega ev ek ee  h0 h1 h2
1 1.00092 0.642589 0.109093 0.0496849 0.0594082 0.000367957 0 1.12357e-05 1.76331e-08 0 12.5019588470459 7.345518589019775 24.84242057800293
1.00198 1.0001 0.640156 0.101852 0.0499987 0.0518532 0.00126591 4.91764e-05 1.20493e-07 0.000539762 0 12.52675342559814 8.228802680969238 24.9993839263916
1.00179 1.00002 0.640293 0.0980177 0.0503177 0.0477001 0.00219812 4.01993e-05 8.32644e-09 0.000313881 0 12.52437305450439 8.750934600830078 25.15883255004883
1.0014 1.00007 0.640694 0.0950684 0.0507763 0.0442921 0.00440474 2.45936e-05 5.95209e-08 0.00104359 0 12.51949501037598 9.197880744934082 25.38814735412598
1.00145 1.00019 0.640731 0.0921551 0.0506567 0.0414984 0.00220476 2.61859e-05 4.87772e-07 0.000474576 0 12.52006053924561 9.575000762939453 25.3283634185791
1.00098 1.00028 0.641239 0.0888477 0.0501267 0.038721 0.00245904 1.203e-05 1.07862e-06 0.000498664 0 12.51422595977783 9.965559005737305 25.06334114074707
1.00069 1.00058 0.641702 0.0861949 0.0500195 0.0361754 0.0025725 6.02505e-06 4.45047e-06 0.00040375 0 12.51064014434814 10.33502197265625 25.00976943969727
1.00067 1.00033 0.641566 0.0838269 0.0499444 0.0338824 0.00293645 5.60868e-06 1.43548e-06 0.000800357 0 12.51033496856689 10.67778778076172 24.97222900390625
1.00055 1.00059 0.641855 0.0816409 0.0497849 0.031856 0.00235253 3.71731e-06 4.67126e-06 0.000670618 0 12.50876712799072 10.99098300933838 24.8924388885498
1.0004 1.00059 0.641998 0.0793398 0.0492926 0.0300472 0.00348162 1.96614e-06 4.67973e-06 0.000587152 0 12.50691318511963 11.27920341491699 24.64632225036621
1.00027 1.00065 0.642152 0.0773928 0.049 0.0283928 0.00226802 9.28068e-07 5.56095e-06 0.000314681 0 12.50535869598389 11.5504035949707 24.4999828338623
1.00008 1.00063 0.642326 0.0756724 0.0487968 0.0268756 0.00314158 8.45987e-08 5.3055e-06 0.000610575 0 12.50299072265625 11.80645561218262 24.39838027954102
0.999931 1.00084 0.642605 0.0738362 0.0483186 0.0255176 0.00207764 6.02044e-08 9.36837e-06 0.000443335 0 12.50109481811523 12.04169273376465 24.15930938720703
0.999664 1.0011 0.643031 0.0726172 0.0482982 0.024319 0.00312281 1.40956e-06 1.62031e-05 0.000536634 0 12.49775791168213 12.25511455535889 24.14908599853516
0.999518 1.00108 0.643162 0.0710571 0.0478202 0.023237 0.00251789 2.90733e-06 1.57064e-05 0.000706164 0 12.49593448638916 12.45186233520508 23.91008567810059
0.999433 1.00106 0.643227 0.0696847 0.0474408 0.0222439 0.00182657 4.01276e-06 1.4985e-05 0.000695356 0 12.49488067626953 12.63626766204834 23.72038841247559
0.999403 1.0012 0.643344 0.0686263 0.0472232 0.0214031 0.00170898 4.44897e-06 1.90929e-05 0.000814369 0 12.49449920654297 12.79544448852539 23.61159515380859
0.999407 1.00133 0.643428 0.0673294 0.046607 0.0207224 0.0014432 4.40022e-06 2.36705e-05 0.000417202 0 12.49453926086426 12.92650890350342 23.30350303649902
0.999411 1.00144 0.643493 0.0668002 0.0465792 0.020221 0.0015879 4.34035e-06 2.76761e-05 0.000768381 0 12.49459552764893 13.02441501617432 23.28959274291992
0.999443 1.00151 0.64351 0.0666268 0.046704 0.0199228 0.00123153 3.88256e-06 3.06042e-05 0.000695416 0 12.49499607086182 13.08311748504639 23.35199928283691
0.999603 1.00155 0.643377 0.0663594 0.0465674 0.019792 0.00152614 1.96705e-06 3.20191e-05 0.00123701 0 12.49700164794922 13.10842418670654 23.28369140625
0.999664 1.00151 0.643292 0.0664508 0.0466823 0.0197685 0.00138671 1.41265e-06 3.02891e-05 0.000428749 0 12.4977560043335 13.11286067962646 23.34115982055664
0.999727 1.0015 0.643228 0.0667622 0.0470316 0.0197306 0.00134308 9.31791e-07 3.00946e-05 0.000565142 0 12.49854373931885 13.12014389038086 23.51577949523926
0.999673 1.00158 0.64333 0.0664852 0.0467485 0.0197367 0.000985087 1.33858e-06 3.32947e-05 0.00138982 0 12.49786758422852 13.11914348602295 23.37425231933594
0.999701 1.00155 0.643286 0.0663245 0.0465994 0.0197251 0.00112681 1.11959e-06 3.22233e-05 0.000487731 0 12.49822235107422 13.12133979797363 23.29970932006836
0.999598 1.00154 0.643377 0.0661933 0.0464906 0.0197026 0.0011286 2.02334e-06 3.16751e-05 0.000533016 0 12.49693489074707 13.12621593475342 23.24531745910645
0.999665 1.00156 0.643323 0.0661259 0.0464425 0.0196834 0.000932289 1.40104e-06 3.23418e-05 0.000194539 0 12.49777221679688 13.12977886199951 23.22124290466309
0.999707 1.00157 0.643288 0.0665534 0.0468978 0.0196556 0.000998595 1.0717e-06 3.27509e-05 0.000311385 0 12.49830627441406 13.13516807556152 23.44888877868652
0.999658 1.00146 0.643271 0.0663256 0.0466892 0.0196364 0.000692209 1.46628e-06 2.86116e-05 0.000612021 0 12.49768447875977 13.13919258117676 23.34462928771973
0.999655 1.00153 0.643315 0.0661298 0.0465296 0.0196002 0.000869777 1.48505e-06 3.12259e-05 0.000208781 0 12.49765777587891 13.1464147567749 23.26478385925293
0.999628 1.00152 0.643332 0.0662147 0.0466309 0.0195838 0.00104118 1.73459e-06 3.06342e-05 0.000176465 0 12.49729919433594 13.14978694915771 23.31545639038086
0.9996 1.00154 0.643373 0.0660459 0.0465105 0.0195354 0.000849856 1.99674e-06 3.15777e-05 0.000737592 0 12.49696254730225 13.15957069396973 23.25524711608887
0.999634 1.00152 0.643331 0.0661118 0.046613 0.0194989 0.000860021 1.67516e-06 3.09677e-05 0.000218263 0 12.49737548828125 13.1667594909668 23.30647659301758
0.999613 1.00148 0.643321 0.0660496 0.0465912 0.0194583 0.00128822 1.87393e-06 2.90527e-05 0.000231038 0 12.49711418151855 13.17494487762451 23.29560852050781
0.999662 1.00153 0.643309 0.0659296 0.0465296 0.0194 0.00108585 1.42861e-06 3.12588e-05 0.000177744 0 12.49773025512695 13.18645858764648 23.26479530334473
0.999658 1.00149 0.643289 0.06592 0.0465743 0.0193457 0.00119506 1.46642e-06 2.97295e-05 0.000173703 0 12.49767589569092 13.19738674163818 23.28714179992676
0.999598 1.00149 0.643343 0.0659139 0.0466287 0.0192852 0.000869674 2.02292e-06 2.95187e-05 0.000222195 0 12.4969310760498 13.20977878570557 23.31436538696289
0.999605 1.00148 0.643334 0.0660847 0.0468697 0.019215 0.00075359 1.95008e-06 2.94173e-05 0.000319746 0 12.49703121185303 13.22389507293701 23.43486785888672
0.999585 1.00157 0.643409 0.0659951 0.046837 0.0191581 0.00112034 2.14949e-06 3.29426e-05 0.000433783 0 12.49676990509033 13.23544025421143 23.41850090026855
0.999567 1.00148 0.643367 0.0659411 0.0468514 0.0190897 0.000697845 2.34395e-06 2.91525e-05 0.000600847 0 12.49654102325439 13.24934577941895 23.42573165893555
0.999601 1.00153 0.643366 0.0658607 0.0468515 0.0190092 0.00063877 1.99423e-06 3.11267e-05 0.000208805 0 12.49696159362793 13.26550960540771 23.42576599121094
0.999646 1.00161 0.643374 0.065855 0.0469289 0.0189261 0.000795306 1.56858e-06 3.45168e-05 0.000232419 0 12.49753284454346 13.28219890594482 23.46445083618164
0.999594 1.00155 0.643385 0.0659415 0.0470949 0.0188467 0.000647745 2.06289e-06 3.18914e-05 0.000821209 0 12.49687671661377 13.29855537414551 23.54743385314941
0.999587 1.00162 0.643439 0.0659214 0.0471768 0.0187446 0.000898382 2.13495e-06 3.504e-05 0.000781526 0 12.49678897857666 13.31939029693604 23.58840751647949
0.999609 1.00161 0.643412 0.0659902 0.0473633 0.0186269 0.000784842 1.91467e-06 3.46432e-05 0.0007872 0 12.49707317352295 13.34336566925049 23.68163871765137
0.999471 1.00151 0.64348 0.0657435 0.04721 0.0185335 0.00108215 3.49565e-06 3.04342e-05 0.000496963 0 12.4953556060791 13.36303901672363 23.60497856140137
0.999538 1.0016 0.643473 0.0653685 0.0469681 0.0184003 0.0011956 2.66498e-06 3.41674e-05 0.000699858 0 12.49619197845459 13.39017295837402 23.48406791687012
0.999533 1.00156 0.643452 0.0654663 0.0471972 0.0182691 0.000859525 2.72108e-06 3.24671e-05 0.000425431 0 12.49612522125244 13.41726589202881 23.59859848022461
0.999537 1.00162 0.643488 0.0652886 0.0471579 0.0181307 0.000885674 2.68292e-06 3.50523e-05 0.000517292 0 12.49616241455078 13.44592189788818 23.57894706726074
0.999458 1.00157 0.643533 0.0651439 0.0471507 0.0179932 0.00100184 3.67364e-06 3.30238e-05 0.000310277 0 12.49517917633057 13.47479915618896 23.57534408569336
0.999453 1.00153 0.64351 0.0651223 0.0472932 0.0178291 0.000862215 3.73733e-06 3.12357e-05 0.000539477 0 12.49512767791748 13.50910949707031 23.64660835266113
0.999479 1.00158 0.643517 0.0650371 0.0473685 0.0176685 0.00068185 3.39813e-06 3.32639e-05 0.000220806 0 12.49544715881348 13.54268741607666 23.68426895141602
0.999446 1.00157 0.643543 0.0649115 0.0473848 0.0175267 0.00112764 3.83529e-06 3.29369e-05 0.000215428 0 12.49503326416016 13.57269287109375 23.69240379333496
0.999439 1.00159 0.64356 0.0647193 0.0473475 0.0173718 0.000831111 3.93303e-06 3.35736e-05 0.000243821 0 12.49494934082031 13.60547637939453 23.67375183105469
0.999384 1.00149 0.643549 0.0647024 0.0475045 0.0171979 0.00131032 4.75099e-06 2.94765e-05 0.000218322 0 12.4942512512207 13.64266014099121 23.75225830078125
0.999388 1.00157 0.643598 0.0646614 0.047619 0.0170423 0.000769993 4.68659e-06 3.28284e-05 0.000257566 0 12.49431037902832 13.67586040496826 23.80950355529785
0.999395 1.00155 0.643576 0.0645359 0.0476665 0.0168694 0.00104778 4.57424e-06 3.1868e-05 0.000137417 0 12.4944019317627 13.71295166015625 23.83327484130859
0.999349 1.00157 0.643636 0.0643745 0.047705 0.0166695 0.000835352 5.30028e-06 3.28506e-05 0.000384 0 12.49382019042969 13.75624465942383 23.85249900817871
0.999231 1.00158 0.643757 0.064218 0.0477583 0.0164597 0.000815003 7.39675e-06 3.32959e-05 0.000881916 0 12.49233913421631 13.80221843719482 23.87914657592773
0.999293 1.00161 0.643716 0.0640052 0.0477652 0.01624 0.000694256 6.25072e-06 3.45819e-05 0.000463478 0 12.49312591552734 13.85002517700195 23.88259887695312
0.999268 1.00159 0.643727 0.0638356 0.047824 0.0160116 0.000604381 6.69614e-06 3.37432e-05 0.000579295 0 12.49280834197998 13.90036296844482 23.91200065612793
0.999314 1.00167 0.643733 0.06374 0.0479623 0.0157777 0.000751235 5.88241e-06 3.71325e-05 0.000249834 0 12.49338912963867 13.95204067230225 23.98113059997559
