A/A0 V/V0 Vr eb eb_bend eb_ad ea ega ev ek ee
1 1.00092 0.642589 0.109093 0.0496849 0.0594082 0.000367957 0 1.12357e-05 1.76331e-08 0
1.00198 1.0001 0.640156 0.101852 0.0499987 0.0518532 0.00126591 4.91764e-05 1.20493e-07 0.000539762 0
1.00179 1.00002 0.640293 0.0980177 0.0503177 0.0477001 0.00219812 4.01993e-05 8.32644e-09 0.000313881 0
1.0014 1.00007 0.640694 0.0950684 0.0507763 0.0442921 0.00440474 2.45936e-05 5.95209e-08 0.00104359 0
1.00145 1.00019 0.640731 0.0921551 0.0506567 0.0414984 0.00220476 2.61859e-05 4.87772e-07 0.000474576 0
1.00098 1.00028 0.641239 0.0888477 0.0501267 0.038721 0.00245904 1.203e-05 1.07862e-06 0.000498664 0
1.00069 1.00058 0.641702 0.0861949 0.0500195 0.0361754 0.0025725 6.02505e-06 4.45047e-06 0.00040375 0
1.00067 1.00033 0.641566 0.0838269 0.0499444 0.0338824 0.00293645 5.60868e-06 1.43548e-06 0.000800357 0
1.00055 1.00059 0.641855 0.0816409 0.0497849 0.031856 0.00235253 3.71731e-06 4.67126e-06 0.000670618 0
1.0004 1.00059 0.641998 0.0793398 0.0492926 0.0300472 0.00348162 1.96614e-06 4.67973e-06 0.000587152 0
1.00027 1.00065 0.642152 0.0773928 0.049 0.0283928 0.00226802 9.28068e-07 5.56095e-06 0.000314681 0
1.00008 1.00063 0.642326 0.0756724 0.0487968 0.0268756 0.00314158 8.45987e-08 5.3055e-06 0.000610575 0
0.999931 1.00084 0.642605 0.0738362 0.0483186 0.0255176 0.00207764 6.02044e-08 9.36837e-06 0.000443335 0
0.999664 1.0011 0.643031 0.0726172 0.0482982 0.024319 0.00312281 1.40956e-06 1.62031e-05 0.000536634 0
0.999518 1.00108 0.643162 0.0710571 0.0478202 0.023237 0.00251789 2.90733e-06 1.57064e-05 0.000706164 0
0.999433 1.00106 0.643227 0.0696847 0.0474408 0.0222439 0.00182657 4.01276e-06 1.4985e-05 0.000695356 0
0.999403 1.0012 0.643344 0.0686263 0.0472232 0.0214031 0.00170898 4.44897e-06 1.90929e-05 0.000814369 0
0.999407 1.00133 0.643428 0.0673294 0.046607 0.0207224 0.0014432 4.40022e-06 2.36705e-05 0.000417202 0
0.999411 1.00144 0.643493 0.0668002 0.0465792 0.020221 0.0015879 4.34035e-06 2.76761e-05 0.000768381 0
0.999443 1.00151 0.64351 0.0666268 0.046704 0.0199228 0.00123153 3.88256e-06 3.06042e-05 0.000695416 0
0.999603 1.00155 0.643377 0.0663594 0.0465674 0.019792 0.00152614 1.96705e-06 3.20191e-05 0.00123701 0
0.999664 1.00151 0.643292 0.0664508 0.0466823 0.0197685 0.00138671 1.41265e-06 3.02891e-05 0.000428749 0
0.999727 1.0015 0.643228 0.0667622 0.0470316 0.0197306 0.00134308 9.31791e-07 3.00946e-05 0.000565142 0
0.999673 1.00158 0.64333 0.0664852 0.0467485 0.0197367 0.000985087 1.33858e-06 3.32947e-05 0.00138982 0
0.999701 1.00155 0.643286 0.0663245 0.0465994 0.0197251 0.00112681 1.11959e-06 3.22233e-05 0.000487731 0
0.999598 1.00154 0.643377 0.0661933 0.0464906 0.0197026 0.0011286 2.02334e-06 3.16751e-05 0.000533016 0
0.999665 1.00156 0.643323 0.0661259 0.0464425 0.0196834 0.000932289 1.40104e-06 3.23418e-05 0.000194539 0
0.999707 1.00157 0.643288 0.0665534 0.0468978 0.0196556 0.000998595 1.0717e-06 3.27509e-05 0.000311385 0
0.999658 1.00146 0.643271 0.0663256 0.0466892 0.0196364 0.000692209 1.46628e-06 2.86116e-05 0.000612021 0
0.999655 1.00153 0.643315 0.0661298 0.0465296 0.0196002 0.000869777 1.48505e-06 3.12259e-05 0.000208781 0
0.999628 1.00152 0.643332 0.0662147 0.0466309 0.0195838 0.00104118 1.73459e-06 3.06342e-05 0.000176465 0
0.9996 1.00154 0.643373 0.0660459 0.0465105 0.0195354 0.000849856 1.99674e-06 3.15777e-05 0.000737592 0
