A/A0 V/V0 Vr eb eb_bend eb_ad ea ega ev ek ee  h0 h1 h2
1 1.00032 0.642203 0.111098 0.0495561 0.0615419 0.000329511 0 1.33674e-06 7.56699e-10 0 12.54967498779297 7.076537132263184 24.77803230285645
1.00089 1.00106 0.641824 0.109528 0.0496292 0.0598985 0.000317732 9.89718e-06 1.50034e-05 0.000702499 0 12.5608081817627 7.25723934173584 24.81462287902832
1.00166 1.00107 0.641091 0.107841 0.0498277 0.0580132 0.000635307 3.43951e-05 1.52377e-05 0.000936284 0 12.57045078277588 7.469625473022461 24.91379547119141
1.00212 1.00043 0.640244 0.106173 0.0498315 0.0563416 0.000868364 5.62647e-05 2.52227e-06 0.000973773 0 12.57624435424805 7.662499904632568 24.9157829284668
1.00242 0.999677 0.639468 0.104844 0.0499387 0.0549054 0.00100825 7.36347e-05 1.40337e-06 0.000931262 0 12.58006858825684 7.831251621246338 24.9693546295166
1.00255 0.999312 0.639111 0.103714 0.0500592 0.0536546 0.00124256 8.16744e-05 6.3463e-06 0.00106211 0 12.58170032501221 7.980946063995361 25.02958869934082
1.0025 0.999388 0.639211 0.102724 0.0501672 0.0525566 0.00108531 7.83142e-05 5.02233e-06 0.00107907 0 12.58101940155029 8.114898681640625 25.08358001708984
1.0023 0.999658 0.639576 0.101811 0.0502374 0.0515731 0.0014021 6.61914e-05 1.57069e-06 0.00124145 0 12.57848072052002 8.237052917480469 25.11870002746582
1.002 0.999933 0.640034 0.100993 0.0503007 0.0506919 0.00133694 5.03011e-05 5.98974e-08 0.00126947 0 12.57480144500732 8.34816837310791 25.15036392211914
1.00167 1.00022 0.640541 0.100143 0.0502848 0.0498584 0.00130283 3.48212e-05 6.55269e-07 0.00121794 0 12.57058334350586 8.454480171203613 25.14238929748535
1.00143 1.00036 0.640856 0.0994391 0.0503756 0.0490635 0.00152328 2.55701e-05 1.70787e-06 0.00113426 0 12.56758403778076 8.556144714355469 25.18782043457031
1.00125 1.00042 0.641067 0.0986238 0.0503385 0.0482853 0.00159647 1.96277e-05 2.36738e-06 0.00129848 0 12.56536293029785 8.656085014343262 25.16922378540039
1.00126 1.00046 0.641087 0.0979936 0.0504445 0.0475491 0.0013356 1.97705e-05 2.82105e-06 0.00110002 0 12.56544017791748 8.750307083129883 25.2221794128418
