A/A0 V/V0 Vr eb eb_bend eb_ad ea ega ev ek ee  h0 h1 h2
1 1.00092 0.642589 0.109093 0.0496849 0.0594082 0.000367957 0 1.12357e-05 4.40827e-09 0 12.5019588470459 7.345518589019775 24.84242057800293
1.00182 1.00036 0.640481 0.106378 0.0497418 0.0566364 0.000646192 4.14078e-05 1.71777e-06 0.000157345 0 12.52470970153809 7.655097961425781 24.87089729309082
1.00222 0.999973 0.639851 0.104456 0.049786 0.0546699 0.000889104 6.16203e-05 9.87998e-09 0.000136701 0 12.5297212600708 7.885721206665039 24.89298057556152
1.00171 1.00036 0.640584 0.102928 0.0498725 0.0530553 0.00126653 3.65649e-05 1.68249e-06 0.000134289 0 12.52334117889404 8.083691596984863 24.93623733520508
1.00165 1.00027 0.640583 0.101658 0.0499443 0.051714 0.00143665 3.40869e-05 9.41661e-07 9.51274e-05 0 12.5225944519043 8.24802303314209 24.9721565246582
1.00189 1.00008 0.64023 0.100544 0.0499994 0.050545 0.00151261 4.48778e-05 8.2332e-08 9.8335e-05 0 12.5256404876709 8.391132354736328 24.99968910217285
1.00184 1.00007 0.640277 0.0996782 0.050116 0.0495622 0.00197845 4.24269e-05 7.22574e-08 8.78162e-05 0 12.52498626708984 8.514359474182129 25.0579948425293
1.00183 1.00001 0.640251 0.0987504 0.0501311 0.0486193 0.00193268 4.17229e-05 1.20559e-09 0.000103866 0 12.52479648590088 8.633522987365723 25.0655460357666
1.0017 1.00006 0.640406 0.0978444 0.0501894 0.047655 0.00213175 3.59796e-05 4.36569e-08 0.000119875 0 12.52317333221436 8.75730037689209 25.09469413757324
1.00169 1.00008 0.640424 0.0969881 0.0502343 0.0467538 0.00208947 3.58597e-05 8.62266e-08 0.00011466 0 12.52313995361328 8.87336254119873 25.11713218688965
1.00171 1.00003 0.640381 0.0960743 0.0501714 0.0459029 0.00186487 3.64652e-05 1.5917e-08 5.72991e-05 0 12.52331638336182 8.983863830566406 25.08568572998047
1.00147 1.00015 0.640683 0.0953967 0.0503739 0.0450227 0.00415139 2.7027e-05 3.02498e-07 0.000225428 0 12.52034854888916 9.100772857666016 25.18695831298828
1.00134 1.00013 0.640798 0.0947839 0.0504974 0.0442865 0.00385942 2.24571e-05 2.40649e-07 0.000267765 0 12.51872825622559 9.198992729187012 25.24867820739746
1.00148 1.00001 0.640583 0.0938164 0.0502199 0.0435965 0.00240412 2.75232e-05 2.88443e-09 0.000100513 0 12.52050685882568 9.290236473083496 25.10996437072754
1.00139 1.00008 0.640717 0.093065 0.0502482 0.0428168 0.00265092 2.41229e-05 8.87989e-08 0.000264735 0 12.51932811737061 9.395724296569824 25.12413024902344
1.00141 1.00011 0.640712 0.0923059 0.0502446 0.0420613 0.00209055 2.49715e-05 1.59924e-07 0.000169024 0 12.51963233947754 9.49815559387207 25.12227249145508
1.00131 1.0002 0.640869 0.0914748 0.0501342 0.0413406 0.00213609 2.14016e-05 5.27435e-07 0.000195769 0 12.51832389831543 9.59748649597168 25.06710433959961
1.00116 1.00028 0.641061 0.0907103 0.0500968 0.0406135 0.00240989 1.69281e-05 1.04877e-06 0.000108806 0 12.51650905609131 9.698764801025391 25.04839897155762
1.00112 1.00024 0.641079 0.0899362 0.050108 0.0398282 0.00246294 1.55749e-05 7.55766e-07 0.000198408 0 12.51591110229492 9.808545112609863 25.05399131774902
1.00105 1.0003 0.641184 0.0892216 0.0500679 0.0391537 0.00189847 1.37487e-05 1.19983e-06 0.000136647 0 12.51507377624512 9.90384578704834 25.0339183807373
1.00107 1.00029 0.641161 0.0885084 0.0500352 0.0384732 0.00230207 1.41831e-05 1.12099e-06 0.000196693 0 12.51527214050293 10.00037288665771 25.0175838470459
1.001 1.00031 0.641232 0.0877958 0.0499952 0.0378006 0.00194438 1.26003e-05 1.26238e-06 0.000101374 0 12.51451206207275 10.09702491760254 24.99759101867676
1.00098 1.00033 0.641269 0.0871271 0.0499604 0.0371667 0.00192206 1.19831e-05 1.44182e-06 0.000126292 0 12.51419639587402 10.1887378692627 24.98018074035645
1.00096 1.00033 0.641289 0.0864943 0.0499625 0.0365318 0.00242228 1.14151e-05 1.41257e-06 0.000126705 0 12.51390647888184 10.28136444091797 24.98123931884766
1.00082 1.00029 0.641399 0.0858258 0.0498906 0.0359352 0.00295479 8.43187e-06 1.15466e-06 0.000171326 0 12.51223850250244 10.36972618103027 24.9453067779541
1.0007 1.00032 0.641534 0.0852817 0.0499222 0.0353595 0.00320264 6.11803e-06 1.38852e-06 0.00025303 0 12.5106954574585 10.45563507080078 24.96107292175293
1.00059 1.00051 0.64176 0.0845838 0.0497917 0.0347921 0.00343559 4.35402e-06 3.48842e-06 0.000194314 0 12.50934219360352 10.54090881347656 24.8958568572998
1.0007 1.00044 0.641611 0.0840017 0.0497515 0.0342502 0.00311947 6.11574e-06 2.61179e-06 0.000102578 0 12.51071929931641 10.62190723419189 24.87575340270996
1.00066 1.0004 0.641617 0.0834466 0.0497361 0.0337105 0.00277237 5.48733e-06 2.10376e-06 0.00012381 0 12.51023483276367 10.70397090911865 24.8680477142334
1.00059 1.00049 0.641744 0.0828069 0.0496281 0.0331788 0.00244833 4.3878e-06 3.19682e-06 9.45571e-05 0 12.50936794281006 10.78561496734619 24.81403160095215
1.00059 1.00049 0.641742 0.0822043 0.0495404 0.0326639 0.00238055 4.38114e-06 3.14846e-06 6.12758e-05 0 12.50936603546143 10.86496734619141 24.77020454406738
1.00054 1.00052 0.641816 0.0816548 0.0494722 0.0321826 0.0024564 3.65237e-06 3.66139e-06 6.73141e-05 0 12.50871849060059 10.93997383117676 24.73608779907227
1.00048 1.0005 0.641865 0.0811369 0.0494194 0.0317175 0.00227615 2.84014e-06 3.39853e-06 7.75188e-05 0 12.50791168212891 11.01303672790527 24.70966720581055
1.00044 1.00058 0.641947 0.0806416 0.049409 0.0312327 0.0025325 2.40567e-06 4.42863e-06 9.40948e-05 0 12.5074462890625 11.08963298797607 24.70446968078613
1.00039 1.00056 0.641982 0.080044 0.0492772 0.0307668 0.00248302 1.93418e-06 4.21185e-06 8.00732e-05 0 12.50688076019287 11.16384696960449 24.63860893249512
1.00037 1.00054 0.641996 0.0795453 0.0492318 0.0303135 0.00232004 1.67967e-06 3.94928e-06 0.000117719 0 12.50654125213623 11.23650169372559 24.61589241027832
1.00036 1.00066 0.642079 0.0790888 0.0492134 0.0298753 0.00203414 1.58087e-06 5.74621e-06 0.000131286 0 12.50640678405762 11.30715847015381 24.60671997070312
1.00028 1.00063 0.642136 0.0784995 0.0490653 0.0294342 0.00199114 9.88312e-07 5.36763e-06 8.20174e-05 0 12.50547790527344 11.37914657592773 24.53263473510742
1.00028 1.00063 0.642129 0.0780167 0.0490171 0.0289997 0.00385053 1.00222e-06 5.21525e-06 0.000134419 0 12.50550174713135 11.45020580291748 24.50854301452637
1.00022 1.00069 0.642231 0.0775304 0.0489584 0.028572 0.00223059 5.90589e-07 6.28859e-06 8.51021e-05 0 12.50468254089355 11.52097606658936 24.47920608520508
1.00017 1.00073 0.642311 0.0770735 0.0489183 0.0281552 0.0022647 3.44178e-07 7.17199e-06 0.000104406 0 12.50403308868408 11.59040546417236 24.45913887023926
1.00006 1.00085 0.642489 0.0765941 0.0488546 0.0277395 0.00274943 4.1923e-08 9.59812e-06 0.000196975 0 12.50267887115479 11.66043090820312 24.42729759216309
1.00008 1.00073 0.642391 0.0760867 0.0487351 0.0273516 0.00227166 7.59663e-08 7.0417e-06 0.000165866 0 12.5029296875 11.72566890716553 24.36753273010254
1.00007 1.00081 0.642452 0.0755821 0.0486213 0.0269608 0.00195015 6.6147e-08 8.80795e-06 6.47665e-05 0 12.50287342071533 11.79198551177979 24.3106575012207
1.00003 1.00084 0.64251 0.0751689 0.0485826 0.0265863 0.00197685 1.15779e-08 9.42617e-06 0.000124964 0 12.50234127044678 11.85615921020508 24.29128646850586
1 1.00084 0.642535 0.0747617 0.0485287 0.026233 0.00206178 6.79952e-11 9.33882e-06 8.77655e-05 0 12.50198078155518 11.91705417633057 24.26432418823242
0.999979 1.00088 0.642588 0.0742479 0.0483542 0.0258937 0.00180982 5.76327e-09 1.04284e-05 7.82683e-05 0 12.50169086456299 11.97590160369873 24.17708587646484
0.999925 1.00089 0.642641 0.0738575 0.0482988 0.0255587 0.00179703 7.01645e-08 1.0488e-05 0.000151482 0 12.50102615356445 12.03454971313477 24.14939498901367
0.99988 1.00085 0.642664 0.0734948 0.0482579 0.0252369 0.00267082 1.80324e-07 9.74549e-06 0.000138364 0 12.50046062469482 12.0911865234375 24.12898254394531
0.999848 1.00094 0.642751 0.0730083 0.0480895 0.0249188 0.00198129 2.88216e-07 1.18296e-05 0.00023839 0 12.50005722045898 12.14745044708252 24.04475021362305
0.999741 1.00094 0.642852 0.0726691 0.0480641 0.024605 0.00211966 8.39228e-07 1.17553e-05 0.000242251 0 12.4987154006958 12.20368003845215 24.03203773498535
0.999779 1.00096 0.64283 0.072245 0.0479541 0.0242909 0.00175119 6.09687e-07 1.23241e-05 9.09227e-05 0 12.49920177459717 12.25965976715088 23.97705841064453
0.999732 1.001 0.642898 0.0718079 0.0478178 0.0239901 0.00171256 8.97964e-07 1.32446e-05 6.20073e-05 0 12.49861526489258 12.3139591217041 23.90889739990234
0.99968 1.00102 0.642961 0.0714334 0.0477285 0.0237048 0.00187785 1.2779e-06 1.37926e-05 5.89495e-05 0 12.49796676635742 12.36581993103027 23.8642578125
0.999664 1.00102 0.642977 0.0710852 0.0476657 0.0234195 0.00174212 1.41028e-06 1.38149e-05 6.66584e-05 0 12.49776363372803 12.4178409576416 23.83284950256348
0.999586 1.00111 0.643115 0.0707626 0.047631 0.0231316 0.0028601 2.14724e-06 1.65838e-05 0.000162354 0 12.49677562713623 12.47092628479004 23.81550598144531
0.999577 1.00111 0.643123 0.0704364 0.047555 0.0228814 0.00219859 2.2361e-06 1.65476e-05 9.64272e-05 0 12.49666976928711 12.51706981658936 23.77750205993652
0.999562 1.0011 0.643128 0.0700142 0.0473757 0.0226385 0.00233146 2.39479e-06 1.61191e-05 4.56687e-05 0 12.49648857116699 12.56211280822754 23.68782424926758
0.999538 1.00115 0.643181 0.0696608 0.0472609 0.0224 0.00182516 2.66397e-06 1.75292e-05 4.93508e-05 0 12.4961986541748 12.60663509368896 23.63043022155762
0.999507 1.00118 0.643236 0.0693567 0.0471754 0.0221814 0.00206349 3.03995e-06 1.87251e-05 7.78211e-05 0 12.49580097198486 12.64767646789551 23.58769035339355
0.999514 1.00119 0.643234 0.0690844 0.0471322 0.0219522 0.00216081 2.94726e-06 1.8979e-05 5.9623e-05 0 12.49588680267334 12.69077491760254 23.56611442565918
0.99948 1.00123 0.64329 0.0687196 0.0469835 0.0217361 0.00183812 3.37837e-06 2.01194e-05 5.57863e-05 0 12.49546718597412 12.73177146911621 23.49176597595215
0.999469 1.00124 0.643306 0.0684634 0.0469343 0.0215292 0.00167887 3.52552e-06 2.03893e-05 4.94522e-05 0 12.49532508850098 12.77112770080566 23.46713447570801
0.999417 1.00126 0.643373 0.068199 0.0468591 0.0213399 0.00214085 4.25072e-06 2.12724e-05 9.90673e-05 0 12.49466991424561 12.80747890472412 23.42956161499023
0.999383 1.00125 0.643398 0.0679329 0.0467731 0.0211598 0.0018014 4.76694e-06 2.08383e-05 5.93838e-05 0 12.49424076080322 12.84214687347412 23.38657379150391
0.999376 1.0013 0.643435 0.0676689 0.0466865 0.0209824 0.00175572 4.87299e-06 2.24413e-05 0.000200914 0 12.49415397644043 12.87632083892822 23.34322929382324
0.999411 1.00132 0.643413 0.0674841 0.0466606 0.0208235 0.00154128 4.3354e-06 2.31259e-05 7.03674e-05 0 12.49459457397461 12.90688514709473 23.33029174804688
0.999386 1.00131 0.643434 0.0673092 0.0466353 0.0206739 0.00152961 4.71854e-06 2.29232e-05 0.000130267 0 12.49428176879883 12.93601226806641 23.31765747070312
0.999327 1.00136 0.643524 0.0670944 0.0465553 0.0205391 0.00268039 5.65888e-06 2.47662e-05 0.000173445 0 12.49355030059814 12.96249771118164 23.27764511108398
0.999389 1.00141 0.643498 0.0670085 0.0465849 0.0204236 0.0017314 4.66843e-06 2.66977e-05 0.000111822 0 12.49432468414307 12.98479652404785 23.29243659973145
0.999434 1.00141 0.643451 0.0667816 0.0464695 0.0203121 0.00238532 4.00832e-06 2.64751e-05 0.000189239 0 12.49488544464111 13.00644302368164 23.2347354888916
0.99927 1.00142 0.643616 0.0666364 0.0464386 0.0201977 0.00279829 6.65504e-06 2.69003e-05 0.000310394 0 12.49282646179199 13.02955150604248 23.21931838989258
0.999344 1.0015 0.643598 0.0666598 0.0465695 0.0200903 0.00352059 5.37501e-06 3.01421e-05 0.000488472 0 12.49375057220459 13.05041885375977 23.28472518920898
0.999326 1.00151 0.643619 0.0664744 0.0464577 0.0200167 0.00245307 5.68161e-06 3.03661e-05 0.00020804 0 12.49353313446045 13.06501483917236 23.22883796691895
0.999393 1.00148 0.643535 0.0664528 0.0465088 0.019944 0.00206488 4.60318e-06 2.91931e-05 0.000139576 0 12.49437427520752 13.07910823822021 23.25439643859863
0.999425 1.00146 0.643495 0.0665443 0.0466569 0.0198874 0.00199669 4.14023e-06 2.85981e-05 0.000196868 0 12.49476623535156 13.09019470214844 23.32842636108398
0.999456 1.00155 0.643519 0.0663179 0.0464647 0.0198532 0.00195917 3.70081e-06 3.19615e-05 5.28458e-05 0 12.49516010284424 13.09685325622559 23.23233985900879
0.999513 1.00151 0.64344 0.0662305 0.0464028 0.0198277 0.00168875 2.96228e-06 3.04612e-05 9.45085e-05 0 12.49587726593018 13.10168647766113 23.2013988494873
0.999549 1.0015 0.6434 0.0662142 0.0464092 0.019805 0.00184558 2.54722e-06 3.01239e-05 0.000168489 0 12.49631786346436 13.10605430603027 23.2045841217041
0.99957 1.00154 0.643406 0.0661886 0.0463904 0.0197982 0.00179174 2.30879e-06 3.18119e-05 4.35615e-05 0 12.49659061431885 13.10732460021973 23.1951904296875
0.999594 1.00152 0.643369 0.0661489 0.0463578 0.0197911 0.00190607 2.06202e-06 3.09187e-05 0.000126193 0 12.49687957763672 13.10865116119385 23.17891311645508
0.999589 1.00154 0.643387 0.0661871 0.0463999 0.0197872 0.00156623 2.10757e-06 3.17844e-05 9.87667e-05 0 12.49682712554932 13.10942077636719 23.19995498657227
0.999604 1.00152 0.643356 0.0661656 0.0463839 0.0197817 0.00143448 1.96387e-06 3.07013e-05 2.61444e-05 0 12.4970064163208 13.11047649383545 23.19197082519531
0.999629 1.00154 0.64335 0.0661406 0.0463605 0.0197801 0.00143946 1.72506e-06 3.18442e-05 8.9637e-05 0 12.49730968475342 13.11069202423096 23.18025588989258
0.999627 1.00152 0.643336 0.066204 0.0464283 0.0197756 0.00137341 1.73999e-06 3.08583e-05 3.50108e-05 0 12.49729442596436 13.11158466339111 23.21417808532715
0.999657 1.00156 0.643334 0.06626 0.0464886 0.0197714 0.00125746 1.46695e-06 3.26291e-05 1.6473e-05 0 12.49766731262207 13.11230850219727 23.2442741394043
0.99963 1.00153 0.643339 0.0661405 0.0463694 0.0197711 0.00122208 1.7107e-06 3.12048e-05 7.24462e-05 0 12.49733448028564 13.11246585845947 23.18469429016113
0.999594 1.00165 0.643449 0.0661629 0.0463925 0.0197703 0.00131071 2.05735e-06 3.61987e-05 4.03826e-05 0 12.49688816070557 13.11276626586914 23.19626235961914
0.999569 1.00162 0.643453 0.066142 0.0463645 0.0197775 0.00125142 2.31987e-06 3.48227e-05 3.41774e-05 0 12.49658012390137 13.1114387512207 23.18226432800293
0.999647 1.00154 0.643332 0.0661659 0.0463968 0.0197691 0.00117188 1.55523e-06 3.18063e-05 1.95687e-05 0 12.4975528717041 13.11280822753906 23.19839286804199
0.999648 1.00156 0.643342 0.0661756 0.0464114 0.0197641 0.00108048 1.55323e-06 3.25044e-05 3.71229e-05 0 12.49756145477295 13.11379146575928 23.20572662353516
0.999645 1.00156 0.643342 0.0662128 0.0464512 0.0197616 0.00102663 1.5715e-06 3.23829e-05 0.000150348 0 12.49752998352051 13.11428928375244 23.2255859375
0.999644 1.00155 0.643339 0.0661606 0.0463988 0.0197617 0.000976118 1.58768e-06 3.20881e-05 0.000330638 0 12.49749851226807 13.11427307128906 23.19941520690918
0.999658 1.00149 0.643289 0.0662996 0.0465441 0.0197554 0.000914651 1.46383e-06 2.97641e-05 0.000117143 0 12.49767971038818 13.11547756195068 23.27206611633301
0.999674 1.00156 0.643316 0.0662618 0.0465077 0.0197541 0.000990427 1.32865e-06 3.2479e-05 0.000300289 0 12.49788284301758 13.11567974090576 23.25385475158691
0.999685 1.00154 0.643293 0.0663603 0.0466076 0.0197527 0.000857373 1.24096e-06 3.16608e-05 0.00015633 0 12.49801826477051 13.1159143447876 23.30378913879395
0.999664 1.00154 0.643314 0.0661567 0.0464037 0.019753 0.000856977 1.41303e-06 3.17285e-05 0.000503009 0 12.49775886535645 13.11594676971436 23.20186042785645
0.999673 1.00152 0.643292 0.066286 0.046534 0.019752 0.000820972 1.33889e-06 3.08296e-05 0.000216181 0 12.49787044525146 13.11609649658203 23.26702308654785
0.999683 1.00154 0.643294 0.0662418 0.0464909 0.019751 0.000808365 1.25533e-06 3.15952e-05 0.000151335 0 12.49799251556396 13.11627101898193 23.24543380737305
0.999682 1.0016 0.643337 0.06623 0.0464807 0.0197493 0.00082417 1.26703e-06 3.4299e-05 0.000425822 0 12.497971534729 13.11659812927246 23.24035263061523
0.999678 1.00154 0.643301 0.0662264 0.0464792 0.0197472 0.000972934 1.29409e-06 3.17922e-05 0.000165991 0 12.49793910980225 13.11702823638916 23.23962020874023
0.99967 1.00149 0.643274 0.066259 0.0465144 0.0197446 0.000772935 1.35886e-06 2.96061e-05 0.0002475 0 12.49784755706787 13.11758327484131 23.25722312927246
0.999693 1.00157 0.643301 0.0662524 0.0465093 0.0197431 0.000727327 1.17997e-06 3.26925e-05 0.000286675 0 12.49812698364258 13.11779308319092 23.25464820861816
0.999697 1.00155 0.643287 0.0662617 0.0465235 0.0197382 0.000703641 1.14771e-06 3.20195e-05 0.000309002 0 12.49817180633545 13.11874961853027 23.26175689697266
0.999687 1.00153 0.643286 0.0662075 0.0464696 0.0197379 0.000719217 1.22185e-06 3.13936e-05 0.000111932 0 12.49805068969727 13.11885643005371 23.23477554321289
0.999703 1.00154 0.643278 0.0661784 0.046444 0.0197344 0.000736987 1.10189e-06 3.18204e-05 0.000218525 0 12.49824714660645 13.11948776245117 23.22199440002441
0.999686 1.00154 0.643294 0.0661936 0.0464588 0.0197348 0.000677685 1.23022e-06 3.18372e-05 0.000166958 0 12.49804210662842 13.11945915222168 23.22941970825195
0.999678 1.00152 0.643287 0.0661765 0.0464426 0.0197339 0.000657771 1.29455e-06 3.08528e-05 6.68817e-05 0 12.49793434143066 13.11968803405762 23.22130966186523
0.999709 1.00155 0.643274 0.0662924 0.046563 0.0197294 0.000661462 1.05661e-06 3.19556e-05 9.84302e-05 0 12.49832820892334 13.12045097351074 23.28146934509277
0.999671 1.00155 0.643314 0.0661206 0.0463876 0.019733 0.000741584 1.35289e-06 3.21436e-05 0.000141937 0 12.49784278869629 13.11989402770996 23.19378280639648
0.999678 1.00153 0.643295 0.0660988 0.0463674 0.0197314 0.000636589 1.29992e-06 3.1342e-05 3.34152e-05 0 12.49792957305908 13.1201810836792 23.18370819091797
0.999688 1.00155 0.643295 0.066153 0.046427 0.019726 0.000608452 1.21901e-06 3.19672e-05 0.000148373 0 12.4980640411377 13.12121295928955 23.21351432800293
0.999698 1.00155 0.643285 0.0661809 0.046459 0.0197219 0.000569074 1.13997e-06 3.19344e-05 0.000145478 0 12.49818897247314 13.12198352813721 23.22948837280273
0.999689 1.00154 0.64329 0.0661114 0.046392 0.0197194 0.000566305 1.21045e-06 3.172e-05 0.000124141 0 12.49807453155518 13.12253093719482 23.19599723815918
0.999694 1.00157 0.643305 0.0660999 0.0463836 0.0197163 0.000563325 1.16849e-06 3.30474e-05 0.000187798 0 12.49813938140869 13.123122215271 23.1917896270752
0.999644 1.00157 0.643353 0.0660883 0.0463762 0.019712 0.00126774 1.58399e-06 3.29599e-05 6.87996e-05 0 12.49750709533691 13.12417125701904 23.18811988830566
0.99967 1.00153 0.643301 0.0660795 0.0463705 0.019709 0.000925857 1.35929e-06 3.12759e-05 2.11023e-05 0 12.49784374237061 13.12466526031494 23.18524932861328
0.999676 1.0015 0.643273 0.0660873 0.0463731 0.0197143 0.00131625 1.31231e-06 2.98821e-05 3.86497e-05 0 12.49790382385254 13.12360286712646 23.18654823303223
0.999665 1.00156 0.643323 0.0661766 0.0464651 0.0197115 0.00159116 1.40326e-06 3.23341e-05 8.24504e-05 0 12.49776458740234 13.12420177459717 23.23252868652344
0.999598 1.00158 0.643402 0.0660993 0.0463855 0.0197138 0.00132054 2.01602e-06 3.33168e-05 0.000183398 0 12.49693489074707 13.12398338317871 23.1927318572998
0.999631 1.00151 0.643328 0.0661708 0.0464651 0.0197057 0.00109794 1.70291e-06 3.05731e-05 0.000157678 0 12.49733638763428 13.12547302246094 23.23251724243164
0.999612 1.00152 0.643348 0.0661544 0.0464512 0.0197032 0.00124258 1.88579e-06 3.06511e-05 4.98189e-05 0 12.49710369110107 13.12604522705078 23.22558784484863
0.999611 1.00152 0.643348 0.0662237 0.0465219 0.0197018 0.00129744 1.89024e-06 3.06522e-05 0.000146648 0 12.49710178375244 13.12633609771729 23.26096153259277
0.999609 1.00151 0.643348 0.0661145 0.0464136 0.019701 0.00108608 1.90682e-06 3.0507e-05 9.48139e-05 0 12.49707412719727 13.12649536132812 23.20678329467773
0.999626 1.00152 0.643335 0.0661179 0.0464228 0.0196951 0.000984759 1.75017e-06 3.07057e-05 0.000190266 0 12.49728679656982 13.12760162353516 23.21140670776367
0.999628 1.00152 0.643337 0.0661061 0.0464129 0.0196932 0.00095219 1.72989e-06 3.09458e-05 0.00019499 0 12.4973030090332 13.12798881530762 23.20645332336426
0.999644 1.00152 0.643322 0.066093 0.0464033 0.0196897 0.000889438 1.58392e-06 3.09678e-05 3.01944e-05 0 12.49752235412598 13.12860298156738 23.20165634155273
0.999646 1.00152 0.64332 0.0660704 0.046385 0.0196854 0.000839346 1.56973e-06 3.0977e-05 4.22925e-05 0 12.49753379821777 13.12946701049805 23.19250869750977
0.999651 1.00153 0.643322 0.0660456 0.0463641 0.0196816 0.000798987 1.52506e-06 3.13804e-05 8.3302e-05 0 12.49760246276855 13.13019943237305 23.18203926086426
0.999658 1.00155 0.643322 0.0660963 0.0464192 0.0196771 0.00079994 1.45963e-06 3.18956e-05 3.99283e-05 0 12.49768733978271 13.13106918334961 23.20963859558105
0.999677 1.00156 0.643313 0.0661274 0.046454 0.0196734 0.000760714 1.30669e-06 3.24169e-05 5.2459e-06 0 12.49791145324707 13.13174057006836 23.22702407836914
0.999677 1.00156 0.643311 0.0660516 0.0463821 0.0196695 0.00072736 1.30112e-06 3.23231e-05 4.20473e-05 0 12.49793338775635 13.13251495361328 23.19105529785156
0.999672 1.00154 0.643303 0.0660595 0.0463942 0.0196654 0.000922714 1.34591e-06 3.14775e-05 8.82567e-05 0 12.49785709381104 13.13335990905762 23.19708442687988
0.999665 1.00153 0.643305 0.0660501 0.0463899 0.0196602 0.000804842 1.39896e-06 3.12193e-05 8.39802e-05 0 12.49777889251709 13.1344108581543 23.19494819641113
0.999667 1.00152 0.643296 0.0660925 0.0464376 0.0196549 0.000832598 1.38343e-06 3.07749e-05 0.000138579 0 12.49779224395752 13.13545417785645 23.21878433227539
0.999657 1.00151 0.643301 0.066154 0.0465023 0.0196517 0.000757393 1.46995e-06 3.04678e-05 8.80568e-05 0 12.49767303466797 13.13613605499268 23.25113487243652
0.999651 1.00151 0.643309 0.0660559 0.0464055 0.0196504 0.000713311 1.5235e-06 3.06047e-05 0.000231747 0 12.49760055541992 13.13640689849854 23.20277404785156
0.999654 1.00156 0.643333 0.0660455 0.0463989 0.0196467 0.000681438 1.49267e-06 3.23209e-05 0.000233967 0 12.49764633178711 13.13714694976807 23.19944953918457
0.999679 1.00158 0.643327 0.0661395 0.046502 0.0196376 0.000844039 1.28992e-06 3.34545e-05 6.52241e-05 0 12.49794864654541 13.13887786865234 23.2509765625
0.999709 1.00158 0.643294 0.0661367 0.0465062 0.0196305 0.000758877 1.0599e-06 3.32119e-05 0.000104648 0 12.49832248687744 13.14016437530518 23.25310707092285
0.999677 1.00156 0.643311 0.0660285 0.0464018 0.0196267 0.000711428 1.3059e-06 3.22952e-05 0.000193796 0 12.49792194366455 13.14103889465332 23.20092964172363
0.999674 1.00152 0.643294 0.0660552 0.0464341 0.0196211 0.0006748 1.3327e-06 3.0997e-05 0.000164742 0 12.49787330627441 13.14216232299805 23.21706008911133
0.999677 1.00151 0.643278 0.0661096 0.0464964 0.0196132 0.000652112 1.30722e-06 3.02332e-05 0.000118588 0 12.49791622161865 13.14373779296875 23.24822616577148
0.999665 1.00155 0.643318 0.0660211 0.0464104 0.0196107 0.000632688 1.40121e-06 3.20424e-05 0.000374605 0 12.49777317047119 13.1442699432373 23.20518493652344
0.99971 1.00156 0.643284 0.066168 0.0465671 0.0196009 0.000619096 1.05411e-06 3.26371e-05 4.68266e-05 0 12.49832534790039 13.14606666564941 23.28353500366211
0.999631 1.00152 0.64333 0.0660591 0.0464581 0.019601 0.000752438 1.70439e-06 3.06996e-05 0.000262906 0 12.49733448028564 13.1463565826416 23.22908210754395
0.999659 1.00148 0.643276 0.0660804 0.0464883 0.0195921 0.000665889 1.45358e-06 2.90537e-05 0.000297714 0 12.49770355224609 13.14803314208984 23.24417114257812
0.999724 1.00158 0.643279 0.0663531 0.0467722 0.0195809 0.000636656 9.5221e-07 3.32101e-05 0.000116042 0 12.49851417541504 13.15000629425049 23.38608551025391
0.999701 1.00154 0.64328 0.0660665 0.0464864 0.01958 0.00062041 1.11726e-06 3.18394e-05 0.000184966 0 12.4982271194458 13.15026473999023 23.24321556091309
0.999661 1.00151 0.643298 0.0660661 0.0464899 0.0195763 0.000867203 1.43431e-06 3.05483e-05 9.24328e-05 0 12.49772357940674 13.15116882324219 23.24492645263672
0.99962 1.00155 0.643362 0.0659988 0.0464253 0.0195735 0.000732996 1.80568e-06 3.20451e-05 9.86926e-05 0 12.49721240997314 13.15188694000244 23.212646484375
0.999647 1.00152 0.643319 0.0660314 0.0464671 0.0195643 0.000626557 1.5555e-06 3.09788e-05 0.000534412 0 12.49754047393799 13.1536169052124 23.23353576660156
0.99965 1.00152 0.643311 0.0660155 0.0464586 0.0195569 0.000587687 1.53059e-06 3.06986e-05 0.000207936 0 12.49758243560791 13.15508270263672 23.22929573059082
0.999672 1.00154 0.643303 0.0660726 0.0465243 0.0195483 0.000568044 1.34703e-06 3.15168e-05 0.000116174 0 12.49785995483398 13.15671253204346 23.26213836669922
0.999666 1.00151 0.643294 0.0660431 0.0465009 0.0195422 0.000577826 1.39695e-06 3.05317e-05 5.65092e-05 0 12.49778842926025 13.157958984375 23.25044441223145
0.999664 1.00154 0.643312 0.0659724 0.0464356 0.0195368 0.000559141 1.41399e-06 3.15767e-05 0.000282877 0 12.49775791168213 13.15904903411865 23.21780586242676
0.999678 1.00155 0.643303 0.0659562 0.0464278 0.0195283 0.000543304 1.29503e-06 3.18818e-05 0.000266793 0 12.49792766571045 13.16066551208496 23.21390533447266
0.999684 1.00154 0.643296 0.0659959 0.0464765 0.0195194 0.000537254 1.25078e-06 3.17951e-05 0.000121832 0 12.49800491333008 13.16245174407959 23.23825073242188
0.999687 1.00154 0.643289 0.065951 0.0464394 0.0195116 0.000519207 1.22403e-06 3.15418e-05 5.38466e-05 0 12.4980411529541 13.16399955749512 23.21970176696777
0.999684 1.00155 0.643299 0.0659469 0.0464428 0.019504 0.000504819 1.25109e-06 3.19723e-05 1.64027e-05 0 12.49800205230713 13.16552066802979 23.22141265869141
0.999689 1.00153 0.643281 0.0660521 0.0465553 0.0194968 0.000751245 1.20601e-06 3.11914e-05 0.000103592 0 12.49808692932129 13.16693782806396 23.27768135070801
0.999657 1.00152 0.643305 0.0660445 0.0465531 0.0194914 0.00126513 1.47382e-06 3.07076e-05 0.000292058 0 12.49767017364502 13.16815280914307 23.27656745910645
0.999636 1.00155 0.643347 0.0659459 0.0464662 0.0194797 0.000813251 1.65951e-06 3.2096e-05 0.000187245 0 12.49740219116211 13.17057323455811 23.23309707641602
0.999701 1.0015 0.643253 0.0659918 0.0465303 0.0194615 0.000816262 1.11781e-06 3.01026e-05 7.27212e-05 0 12.49822521209717 13.17398452758789 23.26515007019043
0.999676 1.00153 0.643292 0.065966 0.046512 0.019454 0.00068705 1.31158e-06 3.10313e-05 6.74773e-05 0 12.49791717529297 13.17558479309082 23.25599479675293
0.999621 1.0015 0.643327 0.0659831 0.0465343 0.0194488 0.00070142 1.79957e-06 2.98818e-05 9.64481e-05 0 12.49721431732178 13.17683506011963 23.26716232299805
0.999682 1.00156 0.643308 0.0659582 0.0465187 0.0194395 0.0006741 1.26286e-06 3.24466e-05 0.000186863 0 12.49798202514648 13.17845916748047 23.25936126708984
0.999663 1.00153 0.643308 0.0659413 0.0465098 0.0194315 0.000624345 1.417e-06 3.12803e-05 9.15185e-05 0 12.49774837493896 13.18012809753418 23.25489616394043
0.999672 1.00157 0.643324 0.0659584 0.0465379 0.0194206 0.000598924 1.34388e-06 3.29018e-05 0.000185777 0 12.49785995483398 13.18229484558105 23.26894187927246
0.999681 1.00154 0.643298 0.0659109 0.0465008 0.0194102 0.000595295 1.27572e-06 3.17349e-05 0.000130814 0 12.49796009063721 13.1843433380127 23.25036430358887
0.999683 1.00154 0.643293 0.0659118 0.0465118 0.0194 0.000619762 1.25984e-06 3.14861e-05 4.50051e-05 0 12.49799633026123 13.18637847900391 23.25589370727539
0.999697 1.00157 0.643302 0.0659709 0.0465814 0.0193895 0.000602245 1.15048e-06 3.29726e-05 0.000208299 0 12.49816131591797 13.1884241104126 23.29071998596191
0.999663 1.00157 0.64333 0.0659297 0.0465467 0.019383 0.000584055 1.42024e-06 3.26913e-05 0.00031786 0 12.49774074554443 13.18988037109375 23.2733325958252
0.999643 1.0015 0.643309 0.0659926 0.0466192 0.0193734 0.000619622 1.59424e-06 3.01079e-05 0.000131047 0 12.49749851226807 13.19186973571777 23.30961608886719
0.999656 1.00151 0.643301 0.0659744 0.0466064 0.0193681 0.000556646 1.48262e-06 3.04104e-05 0.000105419 0 12.49765205383301 13.19289112091064 23.30320930480957
0.999654 1.00152 0.643312 0.065877 0.0465197 0.0193573 0.00052005 1.49564e-06 3.09891e-05 8.89748e-05 0 12.49764347076416 13.19505310058594 23.25983619689941
0.999669 1.00155 0.643317 0.0658815 0.0465381 0.0193434 0.00050085 1.37215e-06 3.22061e-05 0.000115425 0 12.49781894683838 13.19780731201172 23.26906776428223
0.999678 1.00153 0.643295 0.0659075 0.0465763 0.0193312 0.000477423 1.29617e-06 3.13404e-05 1.29545e-05 0 12.49793148040771 13.20021057128906 23.28814697265625
0.999664 1.00154 0.643315 0.0658754 0.0465529 0.0193225 0.000466955 1.41451e-06 3.17444e-05 4.80033e-05 0 12.49775886535645 13.20201396942139 23.27646636962891
0.999666 1.00153 0.643308 0.0658253 0.0465125 0.0193128 0.000457604 1.39857e-06 3.13957e-05 9.63386e-06 0 12.49777889251709 13.20395755767822 23.25625610351562
0.999668 1.00155 0.643316 0.0658048 0.0465026 0.0193022 0.000442635 1.37986e-06 3.21033e-05 1.12683e-05 0 12.4978084564209 13.20607566833496 23.25128936767578
0.999665 1.00152 0.643302 0.0657976 0.0465071 0.0192906 0.000457466 1.4038e-06 3.09822e-05 2.21543e-06 0 12.49777126312256 13.20844078063965 23.25354766845703
0.999658 1.00155 0.643326 0.0657922 0.046511 0.0192811 0.000551616 1.45992e-06 3.21554e-05 8.26522e-06 0 12.49768257141113 13.21035480499268 23.25551605224609
0.999626 1.00153 0.643342 0.0658071 0.0465391 0.019268 0.000578279 1.74528e-06 3.11754e-05 0.000371136 0 12.49729156494141 13.21312808990479 23.26956367492676
0.99966 1.00154 0.643315 0.0659682 0.046718 0.0192503 0.000534977 1.44542e-06 3.15528e-05 5.99229e-05 0 12.49770641326904 13.21657180786133 23.35896110534668
0.999665 1.00154 0.643313 0.0659196 0.0466821 0.0192375 0.000499243 1.40557e-06 3.1673e-05 3.10834e-05 0 12.49776935577393 13.21912479400635 23.34105110168457
0.999666 1.00154 0.643312 0.0659176 0.046694 0.0192237 0.000502444 1.39605e-06 3.17011e-05 7.23461e-05 0 12.49777984619141 13.22189712524414 23.34699821472168
0.999655 1.00153 0.643318 0.0658909 0.0466811 0.0192098 0.000461827 1.48613e-06 3.14317e-05 5.00431e-05 0 12.49764537811279 13.22474384307861 23.34052467346191
0.999674 1.00155 0.64331 0.0658968 0.0467039 0.0191929 0.000512187 1.32874e-06 3.20852e-05 5.4194e-05 0 12.49787998199463 13.22807121276855 23.3519458770752
0.999652 1.00152 0.643314 0.0658834 0.0467007 0.0191826 0.00051337 1.51454e-06 3.09876e-05 3.36165e-05 0 12.4976053237915 13.2302303314209 23.35037231445312
0.999646 1.00155 0.643336 0.0658559 0.046686 0.0191699 0.000505379 1.565e-06 3.1996e-05 0.000204494 0 12.4975471496582 13.23281764984131 23.34298133850098
0.999686 1.00155 0.643298 0.0657967 0.0466394 0.0191573 0.000595103 1.23075e-06 3.20771e-05 0.000112549 0 12.49804210662842 13.2352180480957 23.31970977783203
0.999617 1.00154 0.643356 0.0657627 0.0466169 0.0191457 0.00050542 1.83543e-06 3.15021e-05 4.01576e-05 0 12.49717235565186 13.23782920837402 23.3084716796875
0.999648 1.00158 0.643353 0.0657659 0.0466373 0.0191287 0.00050686 1.54567e-06 3.32398e-05 0.000120862 0 12.49756240844727 13.2411470413208 23.31863784790039
0.999654 1.00156 0.643336 0.0657949 0.0466818 0.0191131 0.000482014 1.49904e-06 3.25102e-05 6.91589e-05 0 12.49763202667236 13.24427032470703 23.34091949462891
0.999644 1.00159 0.643364 0.0657221 0.0466231 0.019099 0.000466187 1.58417e-06 3.37219e-05 0.000151973 0 12.49751281738281 13.2471809387207 23.31155204772949
0.999651 1.00155 0.643334 0.0658121 0.0467304 0.0190817 0.000574084 1.51963e-06 3.22123e-05 6.26136e-05 0 12.49760246276855 13.25062656402588 23.36517715454102
0.999569 1.00156 0.64342 0.0658042 0.0467444 0.0190598 0.000980953 2.32106e-06 3.26584e-05 8.87046e-05 0 12.49656677246094 13.25539112091064 23.37220573425293
0.999615 1.00156 0.643372 0.0656703 0.0466328 0.0190374 0.000760054 1.85133e-06 3.24341e-05 0.000198907 0 12.49715900421143 13.25974082946777 23.3164005279541
0.999625 1.00157 0.64337 0.0656695 0.0466483 0.0190212 0.000688083 1.75963e-06 3.28609e-05 6.04533e-05 0 12.49727153778076 13.26298713684082 23.32416725158691
0.999615 1.00153 0.643357 0.0656548 0.0466521 0.0190026 0.000648222 1.85515e-06 3.14226e-05 1.27334e-05 0 12.49714660644531 13.26678276062012 23.32608222961426
0.999592 1.00154 0.643383 0.0656409 0.0466552 0.0189857 0.000871251 2.07886e-06 3.17063e-05 6.30445e-05 0 12.49686050415039 13.27031803131104 23.32761383056641
0.999605 1.00157 0.643392 0.0656742 0.046715 0.0189592 0.000858939 1.9468e-06 3.30742e-05 4.72097e-05 0 12.49702262878418 13.27563762664795 23.35752487182617
0.999615 1.00156 0.643373 0.0656562 0.0467199 0.0189363 0.000786014 1.85334e-06 3.24788e-05 1.53271e-05 0 12.49714088439941 13.28023910522461 23.35991287231445
0.999619 1.0016 0.643398 0.0656193 0.0467037 0.0189156 0.000951392 1.81651e-06 3.43558e-05 9.12622e-05 0 12.49718856811523 13.28443813323975 23.35186576843262
0.999597 1.00154 0.643376 0.0655839 0.0466885 0.0188954 0.000737868 2.02929e-06 3.15527e-05 6.42676e-05 0 12.49692630767822 13.28862476348877 23.34426689147949
0.999594 1.00154 0.643379 0.0655929 0.0467203 0.0188726 0.000827494 2.05741e-06 3.15819e-05 1.28386e-05 0 12.4968957901001 13.29326725006104 23.36017799377441
0.999583 1.00159 0.643422 0.0655941 0.0467421 0.018852 0.000734261 2.17643e-06 3.36366e-05 6.1841e-05 0 12.49673938751221 13.29751300811768 23.37104225158691
0.999603 1.00156 0.643382 0.0656591 0.0468324 0.0188267 0.00102665 1.97291e-06 3.22918e-05 0.000365255 0 12.49698829650879 13.30258560180664 23.41620254516602
0.999624 1.00164 0.643416 0.0657139 0.0469132 0.0188007 0.00091887 1.76688e-06 3.59331e-05 0.00010842 0 12.49725818634033 13.30781173706055 23.45660972595215
0.999584 1.00159 0.643421 0.0655444 0.0467694 0.018775 0.000930718 2.16706e-06 3.36615e-05 9.57839e-05 0 12.49675846099854 13.31318473815918 23.38471031188965
0.999586 1.00154 0.643389 0.0655074 0.0467557 0.0187517 0.000904291 2.14272e-06 3.16655e-05 7.0798e-05 0 12.49678039550781 13.31794452667236 23.37785911560059
0.999578 1.00157 0.643418 0.0656039 0.0468783 0.0187256 0.00083704 2.23018e-06 3.30501e-05 2.24704e-05 0 12.49668216705322 13.32330799102783 23.43915939331055
0.999608 1.00156 0.643379 0.0656057 0.0469053 0.0187004 0.000796573 1.91989e-06 3.24128e-05 3.84017e-05 0 12.49706268310547 13.32832908630371 23.45266914367676
0.999606 1.0016 0.643406 0.0656416 0.0469673 0.0186744 0.000865379 1.945e-06 3.40089e-05 0.000146927 0 12.4970235824585 13.3336706161499 23.48364067077637
0.999584 1.00158 0.643418 0.0655106 0.0468598 0.0186507 0.0010127 2.15859e-06 3.34773e-05 0.000231601 0 12.49676418304443 13.33858013153076 23.42990684509277
0.999586 1.0016 0.643427 0.0656497 0.04703 0.0186197 0.0008659 2.14422e-06 3.41768e-05 7.59951e-05 0 12.4967794418335 13.34493732452393 23.51498794555664
0.999579 1.00158 0.643421 0.0654892 0.0468905 0.0185987 0.000839463 2.22106e-06 3.33049e-05 0.000186082 0 12.49669170379639 13.34925365447998 23.44522857666016
0.999562 1.00153 0.643405 0.065443 0.0468675 0.0185755 0.000797285 2.40313e-06 3.12416e-05 0.000434967 0 12.49647617340088 13.35408020019531 23.43373107910156
0.99956 1.00156 0.643426 0.0654278 0.0468764 0.0185514 0.000765296 2.41597e-06 3.25143e-05 0.000290448 0 12.49646854400635 13.35901832580566 23.43821334838867
0.999581 1.00158 0.64342 0.0654292 0.0469032 0.018526 0.00071367 2.19336e-06 3.34276e-05 0.000217806 0 12.49671936035156 13.36415767669678 23.45160293579102
0.99958 1.00156 0.643409 0.0654027 0.0469027 0.0185001 0.000674266 2.20665e-06 3.26168e-05 0.000245217 0 12.49670696258545 13.36948585510254 23.45133781433105
0.999571 1.00158 0.643428 0.0653872 0.0469126 0.0184746 0.000647972 2.29663e-06 3.3307e-05 0.000214978 0 12.49660205841064 13.37477016448975 23.4563045501709
0.999582 1.00155 0.643398 0.0654717 0.0470274 0.0184443 0.000624257 2.18661e-06 3.2043e-05 4.04812e-05 0 12.49672889709473 13.38094997406006 23.51370048522949
0.999563 1.00158 0.643436 0.0652784 0.0468614 0.018417 0.00060872 2.39229e-06 3.32677e-05 7.59748e-05 0 12.49649524688721 13.3866548538208 23.43072319030762
0.999572 1.00154 0.643403 0.0653305 0.0469436 0.0183869 0.000749024 2.29533e-06 3.16929e-05 1.78445e-05 0 12.49660968780518 13.39281558990479 23.47177124023438
0.999563 1.00155 0.643419 0.0652903 0.0469355 0.0183547 0.000720167 2.39196e-06 3.21888e-05 0.000136624 0 12.49648952484131 13.39947986602783 23.4677619934082
0.999567 1.00157 0.643429 0.0652939 0.046969 0.018325 0.000651958 2.34587e-06 3.30601e-05 8.12061e-05 0 12.49654579162598 13.40560054779053 23.48446083068848
0.999533 1.00155 0.643449 0.0653113 0.047018 0.0182934 0.000855779 2.73198e-06 3.2259e-05 6.80268e-05 0 12.49612712860107 13.41226196289062 23.50900268554688
0.99957 1.00158 0.643431 0.0652155 0.0469543 0.0182612 0.000743494 2.31164e-06 3.34306e-05 0.000272204 0 12.49657249450684 13.41876125335693 23.47718048095703
0.999551 1.00156 0.643438 0.0652032 0.0469764 0.0182269 0.000666342 2.5233e-06 3.26763e-05 0.000245583 0 12.4963436126709 13.42594051361084 23.48818778991699
0.99956 1.00153 0.643408 0.0651817 0.0469931 0.0181886 0.000950433 2.4193e-06 3.13132e-05 8.87758e-05 0 12.49645709991455 13.43383693695068 23.49654769897461
0.999541 1.00157 0.643451 0.0652558 0.0471023 0.0181535 0.000805916 2.63035e-06 3.28859e-05 4.28635e-05 0 12.49622249603271 13.44118976593018 23.55116653442383
0.999548 1.00159 0.643455 0.0651452 0.0470259 0.0181193 0.000751467 2.55303e-06 3.35788e-05 4.24181e-05 0 12.49631977081299 13.44824886322021 23.51294708251953
0.999535 1.0016 0.643473 0.0650886 0.0470062 0.0180824 0.000718113 2.70658e-06 3.39501e-05 7.75723e-05 0 12.49613571166992 13.45598793029785 23.50310134887695
0.999529 1.00155 0.64345 0.0651089 0.0470641 0.0180449 0.000672498 2.77097e-06 3.20634e-05 3.19444e-05 0 12.49607563018799 13.46378898620605 23.53203201293945
0.999534 1.00159 0.643471 0.0650333 0.0470262 0.0180072 0.000643783 2.71228e-06 3.37458e-05 0.000100394 0 12.49614143371582 13.47162628173828 23.51308059692383
0.999524 1.00162 0.643497 0.0650595 0.0470916 0.017968 0.000655164 2.83737e-06 3.48466e-05 3.8264e-05 0 12.49599933624268 13.47983169555664 23.54578971862793
0.999402 1.00158 0.643591 0.0650236 0.0470846 0.0179391 0.00104409 4.46778e-06 3.32738e-05 0.000116792 0 12.49448680877686 13.48631000518799 23.54226875305176
0.999448 1.00152 0.643511 0.06502 0.0471205 0.0178995 0.00195324 3.81589e-06 3.09515e-05 0.000165544 0 12.49504852294922 13.49441337585449 23.56026649475098
0.999433 1.00161 0.643579 0.0649678 0.0471056 0.0178622 0.00113767 4.02016e-06 3.44453e-05 8.04954e-05 0 12.49486541748047 13.50225162506104 23.55278587341309
0.999446 1.0016 0.643559 0.0649242 0.0471136 0.0178106 0.000923458 3.83016e-06 3.39787e-05 3.15875e-05 0 12.49503707885742 13.51300430297852 23.55682373046875
0.999464 1.00158 0.643534 0.0648864 0.0471226 0.0177638 0.000850152 3.58686e-06 3.34606e-05 2.57156e-05 0 12.49526119232178 13.52273845672607 23.56130981445312
0.999452 1.00157 0.64354 0.064881 0.0471594 0.0177216 0.00104584 3.76115e-06 3.30529e-05 4.00376e-05 0 12.49510288238525 13.53164196014404 23.57968521118164
0.999453 1.00158 0.643541 0.0648325 0.0471599 0.0176726 0.000949762 3.74596e-06 3.31981e-05 3.28589e-05 0 12.49511241912842 13.54192352294922 23.5799560546875
0.999468 1.00158 0.64353 0.0648109 0.0471849 0.0176259 0.00128035 3.54e-06 3.34615e-05 3.06793e-05 0 12.4953145980835 13.55169010162354 23.59246635437012
0.999445 1.00155 0.643533 0.0648123 0.0472349 0.0175774 0.000880262 3.85412e-06 3.21902e-05 3.45419e-05 0 12.49502182006836 13.56199741363525 23.61745834350586
0.99943 1.00158 0.643562 0.0648082 0.0472777 0.0175304 0.00110155 4.05584e-06 3.31385e-05 6.69034e-05 0 12.49483489990234 13.57195663452148 23.63887214660645
0.999431 1.00161 0.64358 0.0647343 0.0472454 0.0174889 0.000862636 4.04118e-06 3.44292e-05 1.8583e-05 0 12.49484920501709 13.58072566986084 23.62268257141113
0.999445 1.00161 0.643568 0.0646962 0.0472544 0.0174417 0.000787081 3.85567e-06 3.45059e-05 2.57519e-05 0 12.49501609802246 13.59065532684326 23.62721061706543
0.999433 1.00159 0.643567 0.0646601 0.0472656 0.0173944 0.000738059 4.01376e-06 3.36903e-05 2.21446e-05 0 12.49487495422363 13.60070419311523 23.63282775878906
0.999445 1.00158 0.643553 0.0646497 0.0473044 0.0173453 0.000765586 3.85161e-06 3.34854e-05 8.27735e-06 0 12.49502372741699 13.61107921600342 23.6522331237793
0.999439 1.0016 0.643567 0.0646058 0.0473099 0.017296 0.000710775 3.93473e-06 3.40719e-05 3.20879e-05 0 12.49493980407715 13.62157821655273 23.65493202209473
0.999428 1.0016 0.643582 0.0645951 0.0473498 0.0172453 0.000677306 4.09288e-06 3.42938e-05 1.26442e-05 0 12.4948034286499 13.63240718841553 23.6749210357666
0.999436 1.0016 0.643571 0.0645526 0.0473597 0.0171929 0.000745893 3.98101e-06 3.41081e-05 2.39453e-05 0 12.49489402770996 13.64352703094482 23.67986297607422
0.999422 1.00162 0.643596 0.0645292 0.0473881 0.017141 0.000730339 4.18174e-06 3.48437e-05 1.52656e-05 0 12.49472332000732 13.65463733673096 23.69403457641602
0.99939 1.00162 0.64363 0.0644981 0.0474102 0.0170879 0.000712729 4.6507e-06 3.50834e-05 4.48015e-05 0 12.49433517456055 13.66610813140869 23.70508003234863
0.999341 1.00164 0.64369 0.0644485 0.0474132 0.0170353 0.000890373 5.43757e-06 3.59254e-05 1.63388e-05 0 12.49372005462646 13.67753124237061 23.70657730102539
0.999377 1.00159 0.643622 0.0644227 0.0474294 0.0169933 0.000928403 4.85327e-06 3.37102e-05 3.07458e-05 0 12.49416923522949 13.68639183044434 23.71470069885254
0.999376 1.00161 0.643635 0.0644098 0.0474616 0.0169482 0.000843645 4.86933e-06 3.45195e-05 0.00011349 0 12.49416065216064 13.69608020782471 23.73077774047852
0.999375 1.00164 0.643654 0.0643787 0.0474762 0.0169025 0.000779974 4.88703e-06 3.57326e-05 0.000162536 0 12.4941349029541 13.70589065551758 23.73810195922852
0.999371 1.00163 0.643652 0.064425 0.0475706 0.0168544 0.000899008 4.9422e-06 3.53564e-05 0.000162033 0 12.49410629272461 13.71626758575439 23.78527069091797
0.999353 1.00161 0.643657 0.0643324 0.0475233 0.016809 0.000916777 5.24071e-06 3.4476e-05 3.48841e-05 0 12.49387073516846 13.72609996795654 23.76165580749512
0.99936 1.00161 0.643648 0.0642829 0.0475219 0.0167609 0.000871795 5.11569e-06 3.43929e-05 4.3073e-05 0 12.49396324157715 13.7364387512207 23.76096153259277
0.99937 1.00163 0.643652 0.0642722 0.0475534 0.0167188 0.000862969 4.95914e-06 3.52589e-05 4.71132e-05 0 12.49409198760986 13.74551868438721 23.77669906616211
0.999365 1.00163 0.643662 0.0642327 0.0475584 0.0166742 0.00081227 5.04802e-06 3.56168e-05 7.04914e-05 0 12.49401664733887 13.75516033172607 23.77920913696289
0.999366 1.00163 0.643656 0.0642145 0.0475886 0.016626 0.000761368 5.02422e-06 3.52621e-05 2.32124e-05 0 12.49404621124268 13.76562309265137 23.79428100585938
0.999371 1.00164 0.643658 0.0642045 0.0476283 0.0165762 0.000726375 4.94358e-06 3.57629e-05 5.66021e-05 0 12.49409770965576 13.7763843536377 23.81415176391602
0.999345 1.00162 0.643672 0.0641454 0.0476188 0.0165266 0.000889309 5.36755e-06 3.49902e-05 6.94594e-05 0 12.4937686920166 13.78726482391357 23.80940055847168
0.999351 1.00162 0.643663 0.0641273 0.0476476 0.0164797 0.000764401 5.26078e-06 3.48277e-05 3.64647e-05 0 12.49385070800781 13.79742813110352 23.82378196716309
0.999336 1.0016 0.643671 0.0641065 0.0476726 0.0164339 0.000798495 5.51905e-06 3.43492e-05 2.07974e-05 0 12.49365615844727 13.80745697021484 23.8362922668457
0.999344 1.00163 0.643681 0.0640427 0.0476564 0.0163863 0.000726904 5.38641e-06 3.5534e-05 4.78962e-05 0 12.49375534057617 13.81781768798828 23.82819747924805
0.999332 1.00162 0.643687 0.064024 0.0476823 0.0163417 0.000731267 5.57055e-06 3.51851e-05 1.88456e-05 0 12.49361515045166 13.82760620117188 23.84113883972168
0.999317 1.0016 0.643686 0.0640265 0.0477353 0.0162911 0.000777136 5.82792e-06 3.41454e-05 7.90282e-05 0 12.49342346191406 13.83872509002686 23.86767578125
0.999277 1.00162 0.643739 0.0640208 0.0477825 0.0162383 0.0014353 6.53508e-06 3.50519e-05 6.45059e-05 0 12.49291515350342 13.85045146942139 23.89129066467285
0.999296 1.00164 0.643734 0.0639474 0.0477692 0.0161782 0.00109444 6.19465e-06 3.59996e-05 8.8938e-05 0 12.49316120147705 13.86355876922607 23.88462257385254
0.99932 1.00163 0.643701 0.063898 0.0477713 0.0161267 0.000991873 5.78595e-06 3.52678e-05 9.68516e-05 0 12.49345779418945 13.87480735778809 23.88566970825195
0.999269 1.0016 0.64373 0.0639938 0.0479165 0.0160773 0.000969108 6.67787e-06 3.39449e-05 7.10513e-05 0 12.49282455444336 13.88586807250977 23.9582576751709
0.999286 1.00162 0.643732 0.0638657 0.047838 0.0160277 0.000893331 6.37521e-06 3.51778e-05 9.44234e-05 0 12.4930305480957 13.8967399597168 23.91902351379395
0.999308 1.00168 0.643743 0.0638557 0.0478841 0.0159716 0.000896708 5.9788e-06 3.74378e-05 0.000123064 0 12.49331188201904 13.90904808044434 23.94204902648926
0.999283 1.00163 0.643736 0.0638697 0.0479526 0.0159171 0.000853325 6.43103e-06 3.52678e-05 7.0913e-05 0 12.49299716949463 13.92121505737305 23.9763069152832
0.999247 1.00164 0.643781 0.0637949 0.0479288 0.0158661 0.000851895 7.08213e-06 3.59919e-05 9.66868e-05 0 12.49253749847412 13.93263530731201 23.96441078186035
0.999257 1.00163 0.643764 0.0637424 0.0479288 0.0158136 0.000781645 6.90931e-06 3.54647e-05 0.00012904 0 12.49266719818115 13.94425964355469 23.96438980102539
0.999251 1.00162 0.643764 0.0637081 0.0479457 0.0157624 0.000751536 7.01651e-06 3.50659e-05 0.000119259 0 12.49258995056152 13.95566654205322 23.97284507751465
0.999261 1.00163 0.643763 0.0636939 0.0479867 0.0157072 0.00073139 6.82757e-06 3.56389e-05 3.14154e-05 0 12.49271202087402 13.96793460845947 23.99335289001465
0.999253 1.00166 0.643786 0.0636213 0.0479707 0.0156506 0.000757991 6.98158e-06 3.67009e-05 8.50906e-05 0 12.49261283874512 13.98058319091797 23.9853458404541
0.999216 1.00171 0.643852 0.063599 0.0480029 0.015596 0.00098891 7.67934e-06 3.88174e-05 6.99572e-05 0 12.49215602874756 13.99291324615479 24.00147247314453
0.999255 1.00164 0.643774 0.0635548 0.0480154 0.0155394 0.000908076 6.93834e-06 3.59908e-05 5.66909e-05 0 12.49265193939209 14.00544738769531 24.00769424438477
0.999247 1.00168 0.643808 0.0635053 0.0480218 0.0154835 0.000900533 7.07993e-06 3.78436e-05 8.59357e-05 0 12.49255275726318 14.01803779602051 24.01089477539062
0.999226 1.00166 0.643812 0.0634948 0.0480712 0.0154236 0.00094533 7.49118e-06 3.66606e-05 1.67361e-05 0 12.49228191375732 14.03155136108398 24.03558158874512
0.999191 1.00163 0.643826 0.0634541 0.0480821 0.015372 0.00097229 8.19207e-06 3.5338e-05 4.69039e-05 0 12.49184513092041 14.04330825805664 24.04105567932129
0.999227 1.00168 0.643824 0.0633948 0.0480763 0.0153185 0.000913128 7.47922e-06 3.75893e-05 6.92809e-05 0 12.49229049682617 14.05525398254395 24.03815078735352
0.999193 1.00167 0.643849 0.0633818 0.0481157 0.0152662 0.000844974 8.14327e-06 3.70544e-05 2.28973e-05 0 12.49187660217285 14.06719303131104 24.05782699584961
0.999201 1.00164 0.643824 0.063349 0.0481362 0.0152128 0.00120209 7.97452e-06 3.5888e-05 2.10144e-05 0 12.49197292327881 14.07925224304199 24.06811141967773
0.999181 1.0017 0.643885 0.0633003 0.0481432 0.0151572 0.00110697 8.38691e-06 3.87628e-05 5.49006e-05 0 12.49172306060791 14.09194183349609 24.07158660888672
0.999171 1.00167 0.643873 0.0632782 0.0481772 0.015101 0.000997378 8.58467e-06 3.72515e-05 4.22485e-05 0 12.49159622192383 14.10472679138184 24.08861351013184
0.999211 1.00167 0.643833 0.0632507 0.0482068 0.0150439 0.00108181 7.77578e-06 3.71924e-05 2.58533e-05 0 12.49209690093994 14.11758804321289 24.10340690612793
0.999185 1.00169 0.643872 0.0631938 0.0482001 0.0149938 0.000932695 8.29802e-06 3.81485e-05 5.38811e-05 0 12.49178218841553 14.12910175323486 24.10003852844238
0.999172 1.00166 0.643864 0.0631895 0.0482483 0.0149412 0.00149004 8.57258e-06 3.66931e-05 8.77858e-05 0 12.49160194396973 14.14113807678223 24.1241283416748
0.999178 1.00165 0.643856 0.0632502 0.0483735 0.0148767 0.00103106 8.44535e-06 3.65151e-05 5.22521e-05 0 12.49168109893799 14.15589427947998 24.1867561340332
0.999169 1.00169 0.643884 0.0631756 0.0483558 0.0148198 0.00100953 8.62983e-06 3.79051e-05 6.86589e-05 0 12.49157905578613 14.16896915435791 24.17788696289062
0.999136 1.00162 0.643874 0.0630844 0.0483206 0.0147638 0.00137701 9.33909e-06 3.49671e-05 9.68304e-05 0 12.49115467071533 14.1819543838501 24.16031455993652
0.99916 1.0017 0.643904 0.0631227 0.048409 0.0147137 0.00100457 8.82831e-06 3.86217e-05 2.19268e-05 0 12.49145793914795 14.19338226318359 24.20451354980469
0.999165 1.0017 0.6439 0.063007 0.0483459 0.0146611 0.000997357 8.71899e-06 3.86916e-05 8.29062e-05 0 12.49152278900146 14.20550155639648 24.1729564666748
0.999164 1.00167 0.643877 0.0630387 0.0484372 0.0146015 0.00128098 8.72759e-06 3.705e-05 0.000104443 0 12.49150562286377 14.21927070617676 24.21857643127441
0.999152 1.00167 0.643894 0.0630125 0.0484713 0.0145412 0.00121158 8.99315e-06 3.73941e-05 3.64069e-05 0 12.49135494232178 14.23326778411865 24.23564910888672
0.999112 1.00162 0.643897 0.0629263 0.0484391 0.0144872 0.00229648 9.85958e-06 3.4949e-05 0.000133985 0 12.49085330963135 14.24591732025146 24.21953201293945
0.999146 1.0017 0.643918 0.062899 0.0484755 0.0144235 0.00161102 9.12011e-06 3.87157e-05 4.52169e-05 0 12.49128246307373 14.26061916351318 24.23774719238281
0.99914 1.00171 0.643927 0.0628564 0.0484867 0.0143697 0.00135042 9.2387e-06 3.89769e-05 4.48659e-05 0 12.49120998382568 14.27316761016846 24.24336242675781
0.999134 1.00164 0.643891 0.0628249 0.0485163 0.0143085 0.0015749 9.37572e-06 3.60094e-05 5.02923e-05 0 12.4911413192749 14.28745746612549 24.25817108154297
0.999118 1.00169 0.643934 0.0627929 0.0485424 0.0142505 0.00138424 9.71745e-06 3.79609e-05 3.18688e-05 0 12.49093341827393 14.30109214782715 24.27119445800781
0.999067 1.00163 0.64395 0.0627278 0.0485392 0.0141886 0.00177015 1.08914e-05 3.55773e-05 6.75563e-05 0 12.4902868270874 14.31577396392822 24.26962852478027
0.999065 1.00169 0.643989 0.06264 0.0485106 0.0141294 0.00142047 1.09328e-05 3.81382e-05 3.17133e-05 0 12.49027538299561 14.32966899871826 24.25525856018066
0.999063 1.0017 0.643994 0.0626035 0.0485326 0.0140708 0.00131481 1.0981e-05 3.84101e-05 9.81812e-06 0 12.49023914337158 14.34345722198486 24.26629829406738
0.999074 1.00169 0.643983 0.0626235 0.0486175 0.014006 0.00133086 1.07302e-05 3.83176e-05 3.58256e-05 0 12.49037265777588 14.35870456695557 24.30874252319336
0.999037 1.00178 0.644073 0.0625614 0.0486165 0.0139449 0.00184593 1.1605e-05 4.22759e-05 6.16126e-05 0 12.48992443084717 14.37325477600098 24.30823707580566
0.998884 1.00175 0.644201 0.0625133 0.0486101 0.0139032 0.00224587 1.55703e-05 4.08115e-05 5.2533e-05 0 12.48801898956299 14.38364219665527 24.30505752563477
0.999005 1.0017 0.644051 0.0624801 0.048638 0.0138421 0.00163165 1.23838e-05 3.84641e-05 2.48316e-05 0 12.48951721191406 14.39773750305176 24.31900215148926
0.998965 1.00174 0.64412 0.0624441 0.0486596 0.0137845 0.00174436 1.33933e-05 4.06009e-05 0.000218158 0 12.48901844024658 14.41156482696533 24.32979011535645
0.999002 1.00171 0.644061 0.0624232 0.0487017 0.0137215 0.00155029 1.24522e-05 3.89953e-05 0.000211009 0 12.48948287963867 14.42645072937012 24.3508243560791
0.998969 1.0017 0.644086 0.0623557 0.0486954 0.0136603 0.00167729 1.32943e-05 3.84467e-05 0.000114977 0 12.4890661239624 14.44117164611816 24.34768867492676
0.998995 1.00173 0.64408 0.0623399 0.048733 0.0136069 0.00158121 1.26238e-05 3.98656e-05 5.03333e-05 0 12.48939990997314 14.4538688659668 24.36650276184082
0.99892 1.00183 0.644221 0.062287 0.0487631 0.0135239 0.00254628 1.4576e-05 4.48992e-05 0.000169608 0 12.48846435546875 14.47403430938721 24.3815803527832
0.998971 1.00182 0.644161 0.0623095 0.0488417 0.0134678 0.00237016 1.32393e-05 4.41171e-05 0.000142901 0 12.48909950256348 14.48734664916992 24.42088317871094
0.998953 1.00173 0.644124 0.062239 0.0488139 0.0134251 0.00193973 1.36984e-05 4.00621e-05 7.8799e-05 0 12.48886775970459 14.49768447875977 24.40694236755371
0.999012 1.00174 0.644069 0.0621624 0.0487991 0.0133633 0.00173714 1.22143e-05 4.02268e-05 0.000102691 0 12.48960304260254 14.51242160797119 24.3995418548584
0.998951 1.00172 0.644115 0.0620983 0.0488024 0.013296 0.00155221 1.37606e-05 3.92531e-05 0.000111022 0 12.48884868621826 14.52891254425049 24.40117645263672
0.998949 1.00168 0.644095 0.0620712 0.0488433 0.0132279 0.00214704 1.38054e-05 3.7765e-05 0.000145934 0 12.48882293701172 14.54544448852539 24.42163848876953
0.998945 1.00173 0.644132 0.061999 0.0488382 0.0131608 0.00161905 1.39099e-05 4.00922e-05 5.04356e-05 0 12.4887752532959 14.56176948547363 24.41910934448242
0.998971 1.0017 0.644084 0.0619782 0.0488879 0.0130903 0.00171268 1.32497e-05 3.84333e-05 8.9105e-05 0 12.48909091949463 14.57887554168701 24.44396018981934
0.998997 1.00175 0.644092 0.0619406 0.048919 0.0130216 0.00157553 1.2582e-05 4.08161e-05 0.000204916 0 12.48941707611084 14.59558868408203 24.45949935913086
0.998955 1.00167 0.644082 0.0619469 0.0489951 0.0129518 0.00162341 1.36554e-05 3.72417e-05 0.000274472 0 12.48889636993408 14.61282348632812 24.49754524230957
0.998953 1.00173 0.644122 0.0619502 0.0490668 0.0128834 0.00151907 1.37081e-05 3.99457e-05 0.0002146 0 12.48887920379639 14.62965297698975 24.53340148925781
0.998931 1.00176 0.644161 0.0617901 0.0489708 0.0128193 0.00135826 1.4279e-05 4.12341e-05 7.64524e-05 0 12.48859405517578 14.6455249786377 24.48539161682129
0.998901 1.00175 0.644187 0.061707 0.0489561 0.0127509 0.00128516 1.51034e-05 4.10163e-05 4.35468e-05 0 12.4882173538208 14.66253089904785 24.47804832458496
0.998928 1.00175 0.644158 0.0617185 0.049034 0.0126845 0.00128978 1.43756e-05 4.07516e-05 6.92884e-05 0 12.48855876922607 14.67888450622559 24.51700401306152
0.998922 1.00171 0.644139 0.0616624 0.049044 0.0126185 0.00138957 1.45295e-05 3.902e-05 0.000293087 0 12.48848056793213 14.6953125 24.5219898223877
0.998882 1.00168 0.644161 0.061671 0.0491283 0.0125427 0.00164087 1.56316e-05 3.77919e-05 0.000223117 0 12.48798942565918 14.71430397033691 24.56416511535645
0.998908 1.00173 0.644165 0.0615844 0.0491042 0.0124802 0.00134143 1.49205e-05 3.98445e-05 0.000135871 0 12.48830795288086 14.72981452941895 24.55211067199707
0.998904 1.00175 0.644184 0.061537 0.0491297 0.0124073 0.00137782 1.50069e-05 4.10436e-05 8.47946e-05 0 12.48826313018799 14.74808883666992 24.56485176086426
0.998886 1.00178 0.644221 0.061506 0.0491681 0.0123378 0.00193754 1.55131e-05 4.24559e-05 0.000137813 0 12.48802757263184 14.76559448242188 24.58407783508301
0.99895 1.00176 0.644146 0.0614446 0.0491793 0.0122653 0.00151073 1.37841e-05 4.14665e-05 8.10701e-05 0 12.48883247375488 14.78366279602051 24.58965301513672
0.998853 1.0017 0.644202 0.0613821 0.049175 0.0122072 0.00152357 1.64492e-05 3.87066e-05 6.03705e-05 0 12.48762226104736 14.79866027832031 24.58747482299805
0.998893 1.00175 0.644195 0.0613159 0.0491757 0.0121402 0.00130882 1.53206e-05 4.09831e-05 6.38279e-05 0 12.48812007904053 14.8154878616333 24.58782577514648
0.998859 1.00172 0.644205 0.0612916 0.0492151 0.0120765 0.00122022 1.62668e-05 3.94059e-05 6.08069e-05 0 12.48768997192383 14.83176517486572 24.60753440856934
0.998901 1.00169 0.644148 0.0612702 0.0492519 0.0120183 0.00124063 1.51101e-05 3.82124e-05 3.67751e-05 0 12.48822212219238 14.84644508361816 24.62595558166504
0.998892 1.00174 0.644189 0.0612546 0.0492976 0.011957 0.00116528 1.53536e-05 4.05323e-05 0.000135346 0 12.48810195922852 14.86213970184326 24.64880752563477
0.998868 1.00176 0.644222 0.0611585 0.049266 0.0118925 0.00111273 1.60201e-05 4.12484e-05 5.04059e-05 0 12.48780059814453 14.87869930267334 24.63302612304688
0.998862 1.00176 0.644227 0.0610972 0.0492699 0.0118273 0.00104544 1.62039e-05 4.11423e-05 2.59818e-05 0 12.4877233505249 14.89543056488037 24.63494110107422
0.998846 1.00179 0.644262 0.0610854 0.0493265 0.011759 0.00117628 1.66506e-05 4.25686e-05 2.26679e-05 0 12.48753356933594 14.91307163238525 24.66322708129883
0.998838 1.0018 0.64428 0.0610314 0.0493379 0.0116935 0.00106908 1.68841e-05 4.33333e-05 3.33462e-05 0 12.48743343353271 14.92999267578125 24.66897773742676
0.998854 1.00178 0.644249 0.0609571 0.0493232 0.0116339 0.000982721 1.64144e-05 4.2189e-05 2.53869e-05 0 12.48763751983643 14.94536304473877 24.66161918640137
0.998829 1.00181 0.644292 0.060932 0.0493655 0.0115664 0.00102319 1.71518e-05 4.35681e-05 5.62057e-05 0 12.48731899261475 14.96292877197266 24.68275833129883
0.99863 1.00179 0.644476 0.0609253 0.049426 0.0114993 0.00175909 2.34801e-05 4.29277e-05 7.58087e-05 0 12.48482322692871 14.98098945617676 24.7130012512207
0.998707 1.00183 0.644424 0.0608145 0.0493727 0.0114418 0.00139467 2.09079e-05 4.46624e-05 1.04462e-05 0 12.48579120635986 14.99575138092041 24.68635940551758
0.998663 1.00184 0.644472 0.0607846 0.0494002 0.0113844 0.001454 2.23536e-05 4.50837e-05 2.22372e-05 0 12.48524951934814 15.01089000701904 24.70010757446289
0.998715 1.00178 0.644383 0.0607982 0.0494728 0.0113254 0.00135163 2.06485e-05 4.21358e-05 9.509e-05 0 12.48588371276855 15.02620315551758 24.73642730712891
0.998831 1.00178 0.644272 0.0607121 0.0494449 0.0112673 0.00125779 1.70918e-05 4.22808e-05 0.000118454 0 12.48733901977539 15.04114437103271 24.72244071960449
0.998739 1.00182 0.644387 0.0607236 0.0495074 0.0112162 0.00196618 1.98939e-05 4.41631e-05 0.000116089 0 12.48618793487549 15.05486583709717 24.75367736816406
0.998781 1.00179 0.644328 0.0606974 0.0495344 0.011163 0.00139056 1.85859e-05 4.28105e-05 5.32305e-05 0 12.48671913146973 15.06879901885986 24.76719093322754
0.998789 1.00179 0.644322 0.0606332 0.0495206 0.0111126 0.00136729 1.83407e-05 4.29707e-05 7.88014e-05 0 12.48682689666748 15.08212471008301 24.76031494140625
0.998795 1.00178 0.644308 0.0605798 0.0495228 0.011057 0.0012239 1.81472e-05 4.23709e-05 5.945e-05 0 12.48689365386963 15.09683704376221 24.76137733459473
0.998783 1.00178 0.644317 0.060564 0.0495615 0.0110025 0.00113854 1.85146e-05 4.21586e-05 1.25822e-05 0 12.48674964904785 15.11136817932129 24.78074073791504
0.998805 1.00178 0.644297 0.060603 0.0496556 0.0109474 0.00108723 1.78674e-05 4.21866e-05 7.01289e-05 0 12.48701572418213 15.12601757049561 24.82781791687012
0.998774 1.0018 0.644342 0.0605633 0.0496695 0.0108938 0.00106275 1.87874e-05 4.33946e-05 0.000126858 0 12.4866361618042 15.14043617248535 24.83476638793945
0.998765 1.0018 0.644347 0.0604325 0.0495919 0.0108406 0.00101208 1.90773e-05 4.3064e-05 7.43435e-05 0 12.4865083694458 15.15470409393311 24.79594421386719
0.998748 1.00177 0.644347 0.06042 0.0496422 0.0107777 0.001442 1.95851e-05 4.18766e-05 0.00013968 0 12.48631000518799 15.17164516448975 24.82112312316895
0.998786 1.00179 0.644321 0.0603948 0.049669 0.0107258 0.00112464 1.84178e-05 4.26743e-05 0.000160068 0 12.48678588867188 15.18552207946777 24.83448600769043
0.998773 1.00179 0.644336 0.060407 0.0497433 0.0106638 0.00111628 1.88095e-05 4.28894e-05 8.70471e-05 0 12.48663139343262 15.2023286819458 24.87162208557129
0.998719 1.00182 0.644404 0.060306 0.0497042 0.0106018 0.00109514 2.05105e-05 4.40521e-05 5.49853e-05 0 12.48594188690186 15.21927642822266 24.85208892822266
0.998762 1.00185 0.644381 0.060258 0.0497176 0.0105404 0.00111959 1.91692e-05 4.5445e-05 0.000202946 0 12.48648262023926 15.23583126068115 24.85880661010742
0.998761 1.00177 0.644335 0.0602329 0.0497532 0.0104797 0.00101282 1.92021e-05 4.1913e-05 0.000155433 0 12.48645687103271 15.25238513946533 24.87660217285156
0.998731 1.0018 0.644383 0.060188 0.0497697 0.0104183 0.00123712 2.01427e-05 4.33163e-05 3.77872e-05 0 12.48609924316406 15.26924705505371 24.88483047485352
0.998777 1.00175 0.644306 0.0601209 0.0497531 0.0103678 0.00107403 1.86898e-05 4.09825e-05 8.25628e-05 0 12.48667812347412 15.28294467926025 24.87653541564941
0.998759 1.00181 0.644361 0.0600557 0.0497425 0.0103131 0.000953208 1.92639e-05 4.36685e-05 7.48351e-05 0 12.48644828796387 15.29801177978516 24.87127685546875
0.998698 1.00181 0.644417 0.0600282 0.0497677 0.0102606 0.00101549 2.11815e-05 4.34733e-05 8.64354e-05 0 12.48569583892822 15.31266403198242 24.88383293151855
0.998752 1.00181 0.644368 0.0599778 0.0497708 0.010207 0.000921092 1.94605e-05 4.37454e-05 1.05256e-05 0 12.48637390136719 15.32731437683105 24.88541603088379
0.998761 1.00179 0.644349 0.0599446 0.0497905 0.0101541 0.00131595 1.9203e-05 4.29234e-05 3.9446e-05 0 12.48646545410156 15.34192943572998 24.89522361755371
0.998776 1.00176 0.644315 0.0599068 0.0498014 0.0101054 0.00114813 1.87245e-05 4.15055e-05 4.26377e-05 0 12.48666286468506 15.35539817810059 24.90068054199219
0.998748 1.00179 0.644356 0.0598645 0.0498099 0.0100545 0.00105787 1.95863e-05 4.25853e-05 1.15878e-05 0 12.48631000518799 15.36962509155273 24.90496826171875
0.998748 1.00181 0.644369 0.0598159 0.0498114 0.0100044 0.000992639 1.95906e-05 4.3546e-05 2.43171e-05 0 12.48631381988525 15.38361740112305 24.90571212768555
0.998811 1.00172 0.644253 0.0598546 0.0499103 0.00994432 0.00211607 1.76799e-05 3.94831e-05 0.000142424 0 12.48709297180176 15.40025615692139 24.95515251159668
0.998854 1.00174 0.644222 0.0597886 0.0498834 0.00990526 0.00155128 1.64062e-05 4.02538e-05 6.79023e-05 0 12.48764514923096 15.41107845306396 24.9416675567627
0.998764 1.00178 0.644335 0.0597647 0.049898 0.00986672 0.00183371 1.9086e-05 4.21679e-05 0.000144292 0 12.48651885986328 15.42216110229492 24.9489917755127
0.998727 1.00182 0.6444 0.0597279 0.049896 0.00983184 0.00148706 2.02547e-05 4.43333e-05 7.86476e-05 0 12.48604774475098 15.43207740783691 24.94800567626953
0.998787 1.00177 0.644307 0.0596863 0.0498932 0.00979312 0.00137551 1.84022e-05 4.16765e-05 4.74424e-05 0 12.48679447174072 15.44283199310303 24.94660949707031
0.998673 1.00181 0.644447 0.0596507 0.0499013 0.00974937 0.00161471 2.20162e-05 4.38929e-05 4.06809e-05 0 12.48537158966064 15.45550918579102 24.95062828063965
0.998715 1.00179 0.644393 0.0596559 0.0499415 0.00971446 0.00245789 2.06592e-05 4.28799e-05 0.000387518 0 12.48588943481445 15.46528339385986 24.97074317932129
0.998845 1.0017 0.644205 0.0596345 0.0499501 0.00968437 0.00193336 1.66882e-05 3.84078e-05 0.000150856 0 12.48751354217529 15.47346973419189 24.97506141662598
0.998682 1.0018 0.64443 0.0596241 0.0499754 0.00964871 0.00193048 2.17079e-05 4.32842e-05 8.08405e-05 0 12.48549270629883 15.48403549194336 24.98767280578613
0.998712 1.0018 0.6444 0.0596203 0.0500066 0.0096137 0.00160161 2.07436e-05 4.31736e-05 4.34581e-05 0 12.48585891723633 15.49392890930176 25.00332069396973
0.998798 1.00173 0.644275 0.0595551 0.049981 0.00957407 0.00143811 1.80525e-05 4.01511e-05 6.86338e-05 0 12.48693180084229 15.50499820709229 24.99051666259766
0.998779 1.00175 0.644304 0.0595486 0.0500202 0.0095284 0.00162367 1.86271e-05 4.09276e-05 0.000163175 0 12.48669719696045 15.51809597015381 25.01008987426758
0.998723 1.00181 0.644397 0.0595888 0.0501074 0.00948145 0.00135164 2.0397e-05 4.37877e-05 0.000203449 0 12.48598861694336 15.53170871734619 25.05368995666504
0.998771 1.00178 0.644329 0.0595671 0.050131 0.00943609 0.00128766 1.88759e-05 4.22035e-05 6.65956e-05 0 12.48659706115723 15.54459476470947 25.06549835205078
0.998749 1.00181 0.644371 0.059424 0.0500348 0.0093892 0.00127591 1.95529e-05 4.3759e-05 0.000135041 0 12.48631954193115 15.5581693649292 25.01740264892578
0.998746 1.00175 0.644337 0.0593872 0.0500412 0.00934602 0.00122733 1.96597e-05 4.09797e-05 5.63817e-05 0 12.4862813949585 15.57063865661621 25.02062034606934
0.998783 1.00174 0.644295 0.0593978 0.050104 0.00929379 0.0014237 1.85293e-05 4.04901e-05 6.53648e-05 0 12.48674583435059 15.58565616607666 25.05200958251953
0.998768 1.00176 0.644318 0.0593444 0.0500847 0.00925973 0.00125883 1.89608e-05 4.11959e-05 4.96861e-05 0 12.48656749725342 15.59556484222412 25.04232788085938
0.99874 1.00177 0.644353 0.0593217 0.050098 0.0092237 0.00147777 1.98424e-05 4.1744e-05 5.7453e-05 0 12.48620891571045 15.60612678527832 25.04902648925781
0.99876 1.00175 0.644321 0.0592822 0.0500959 0.00918628 0.00130618 1.92173e-05 4.08083e-05 6.00265e-05 0 12.48645877838135 15.61695957183838 25.04796600341797
0.99878 1.00177 0.644313 0.0592924 0.0501491 0.00914328 0.00151239 1.86179e-05 4.16385e-05 6.42164e-05 0 12.48671054840088 15.62945175170898 25.07456207275391
0.998743 1.00175 0.644341 0.0592545 0.0501475 0.00910706 0.0013423 1.97499e-05 4.106e-05 2.93625e-05 0 12.48624992370605 15.64014053344727 25.07374000549316
0.998755 1.00176 0.64433 0.0592281 0.0501596 0.00906848 0.0012523 1.93774e-05 4.11315e-05 2.86311e-05 0 12.4863977432251 15.6514139175415 25.07982444763184
0.998759 1.00175 0.644325 0.0592384 0.0502094 0.00902901 0.00119286 1.92637e-05 4.09858e-05 0.000141492 0 12.48644351959229 15.66299724578857 25.10468292236328
0.998777 1.0017 0.644276 0.0592495 0.0502622 0.00898737 0.00138075 1.87027e-05 3.87815e-05 7.10685e-05 0 12.48666381835938 15.67520046234131 25.13108253479004
0.998723 1.00177 0.644371 0.0590913 0.0501441 0.00894724 0.00115667 2.03903e-05 4.1846e-05 3.80679e-05 0 12.48599243164062 15.6871976852417 25.07202911376953
0.998762 1.00175 0.644322 0.0590566 0.050146 0.00891061 0.00108892 1.91616e-05 4.1068e-05 4.25755e-06 0 12.48647880554199 15.69791412353516 25.07297134399414
0.998677 1.00176 0.644405 0.0590715 0.0502034 0.0088681 0.00145737 2.18768e-05 4.112e-05 3.93729e-05 0 12.48541069030762 15.71073627471924 25.10172653198242
0.998771 1.00171 0.644288 0.0590283 0.0501945 0.00883387 0.00125963 1.88697e-05 3.92392e-05 2.49544e-05 0 12.48659801483154 15.7206506729126 25.09723091125488
0.998652 1.00177 0.64444 0.0589922 0.0501892 0.00880304 0.00138837 2.27075e-05 4.18778e-05 4.05344e-05 0 12.48511123657227 15.73014450073242 25.09458160400391
0.998784 1.0017 0.644268 0.0589639 0.0501963 0.00876763 0.00121509 1.84828e-05 3.86841e-05 3.03491e-05 0 12.48675727844238 15.74034309387207 25.0981559753418
0.998775 1.00172 0.644288 0.0589581 0.0502285 0.00872964 0.00117291 1.87738e-05 3.94356e-05 4.9542e-05 0 12.4866361618042 15.75171661376953 25.11424255371094
0.998756 1.00172 0.644305 0.0589477 0.0502544 0.00869328 0.00111236 1.935e-05 3.94099e-05 2.64887e-05 0 12.48640155792236 15.7626428604126 25.12724113464355
0.998754 1.00166 0.644273 0.0589339 0.0502812 0.00865278 0.00149745 1.94095e-05 3.69871e-05 0.000116171 0 12.48638343811035 15.7747917175293 25.14058303833008
0.998781 1.00172 0.644279 0.0588915 0.0502738 0.00861776 0.00139879 1.85628e-05 3.93038e-05 8.44661e-05 0 12.48672485351562 15.78526401519775 25.13690185546875
0.998773 1.00171 0.644285 0.0588452 0.0502601 0.00858506 0.00123127 1.88164e-05 3.91385e-05 1.68636e-05 0 12.4866189956665 15.79512405395508 25.13005447387695
0.998801 1.00171 0.644255 0.0588344 0.0502824 0.00855195 0.00115242 1.79708e-05 3.89422e-05 3.07064e-06 0 12.48698043823242 15.80503559112549 25.14121627807617
0.998745 1.00173 0.64432 0.0587942 0.0502735 0.00852069 0.00120939 1.96758e-05 3.97648e-05 1.69548e-05 0 12.48627662658691 15.81463241577148 25.13676261901855
0.998826 1.00171 0.644231 0.0588297 0.0503373 0.00849233 0.00117023 1.72457e-05 3.88845e-05 6.71838e-05 0 12.48726940155029 15.82302188873291 25.16867446899414
0.998791 1.00167 0.644241 0.0588074 0.050346 0.00846148 0.00108454 1.82646e-05 3.73041e-05 6.04587e-05 0 12.48685264587402 15.83248138427734 25.17298316955566
0.99882 1.00167 0.64421 0.0588054 0.0503752 0.00843019 0.00102902 1.74077e-05 3.7081e-05 4.27176e-05 0 12.48720550537109 15.84191417694092 25.18761825561523
0.998824 1.00166 0.644202 0.0587694 0.0503696 0.00839989 0.00101642 1.72828e-05 3.68228e-05 3.57595e-05 0 12.48726367950439 15.8511323928833 25.18478965759277
0.998822 1.00168 0.644214 0.0587344 0.0503678 0.00836664 0.00109562 1.73507e-05 3.74724e-05 2.60399e-05 0 12.48722553253174 15.86128616333008 25.18389320373535
0.998835 1.00167 0.644198 0.058698 0.0503625 0.00833544 0.00140529 1.69578e-05 3.72612e-05 7.07768e-05 0 12.48740386962891 15.8707857131958 25.18127250671387
0.998861 1.00164 0.644153 0.0587057 0.0504013 0.00830434 0.00117067 1.62314e-05 3.58204e-05 6.67205e-05 0 12.48771190643311 15.88025093078613 25.2006778717041
0.998843 1.00169 0.6442 0.0586677 0.0503926 0.00827505 0.00106361 1.67285e-05 3.79139e-05 3.6268e-05 0 12.48750305175781 15.88926124572754 25.19629669189453
0.998876 1.00164 0.644139 0.058635 0.0503898 0.00824529 0.000995082 1.5805e-05 3.58868e-05 5.59044e-05 0 12.4879093170166 15.89833736419678 25.19488143920898
0.998865 1.00167 0.644169 0.0586492 0.0504328 0.0082164 0.00100512 1.61126e-05 3.72271e-05 5.75654e-05 0 12.48776817321777 15.90726470947266 25.2164134979248
0.998885 1.0016 0.644105 0.0587146 0.0505267 0.00818788 0.00096489 1.55299e-05 3.42596e-05 4.79209e-05 0 12.48803424835205 15.9160213470459 25.26336669921875
0.998873 1.00164 0.644139 0.0586202 0.0504588 0.00816132 0.00101631 1.5868e-05 3.57744e-05 7.68976e-05 0 12.48788452148438 15.92424869537354 25.22942352294922
0.99886 1.00164 0.644152 0.0586338 0.0505027 0.00813107 0.00132515 1.62388e-05 3.5749e-05 0.000131651 0 12.487717628479 15.93363761901855 25.2513484954834
0.998937 1.00157 0.644037 0.0585836 0.0504779 0.00810568 0.00112999 1.41201e-05 3.30943e-05 0.000100057 0 12.48867416381836 15.94132423400879 25.23895645141602
0.998908 1.00159 0.644076 0.0585811 0.0505033 0.00807781 0.0010741 1.49156e-05 3.3757e-05 2.32647e-05 0 12.48831367492676 15.95004749298096 25.25162506103516
0.998951 1.00161 0.644049 0.0585673 0.0505146 0.00805273 0.00104564 1.37469e-05 3.47488e-05 0.000138805 0 12.48884677886963 15.95773506164551 25.25728034973145
0.998951 1.00161 0.644045 0.0586008 0.0505755 0.00802529 0.00104861 1.37635e-05 3.44843e-05 4.82888e-05 0 12.4888391494751 15.96628665924072 25.28777313232422
0.998952 1.00158 0.644029 0.0585302 0.0505304 0.00799984 0.00105119 1.37284e-05 3.34868e-05 6.47197e-05 0 12.48886013031006 15.9742431640625 25.26519584655762
0.998942 1.00159 0.64404 0.0584886 0.0505163 0.00797232 0.0009537 1.39834e-05 3.35759e-05 3.46099e-05 0 12.48873138427734 15.9828577041626 25.25815391540527
0.998915 1.0016 0.644077 0.0584575 0.0505113 0.00794616 0.00104482 1.47307e-05 3.42452e-05 1.2468e-05 0 12.48837947845459 15.991135597229 25.25564956665039
0.998933 1.0016 0.644055 0.0584433 0.0505253 0.007918 0.00111884 1.42339e-05 3.39847e-05 1.39259e-05 0 12.48862075805664 15.99991798400879 25.26263999938965
0.998986 1.00156 0.643978 0.0584529 0.0505605 0.00789244 0.00113482 1.28653e-05 3.22894e-05 2.92898e-05 0 12.48929023742676 16.00781059265137 25.28024864196777
0.998971 1.00157 0.644004 0.0584169 0.0505483 0.00786858 0.00104096 1.32366e-05 3.30328e-05 4.34157e-05 0 12.48909473419189 16.01535224914551 25.2741813659668
0.999021 1.00155 0.643938 0.0584299 0.0505841 0.00784577 0.000980463 1.19869e-05 3.18579e-05 9.48505e-06 0 12.48972320556641 16.02243232727051 25.29203796386719
0.99901 1.00153 0.643937 0.0584009 0.0505776 0.00782329 0.00106462 1.22515e-05 3.11737e-05 5.54406e-05 0 12.48957920074463 16.0295524597168 25.28880500793457
0.999029 1.00154 0.643924 0.0583727 0.0505688 0.00780386 0.00102092 1.17995e-05 3.14679e-05 4.12091e-05 0 12.48981857299805 16.03564834594727 25.28439331054688
0.99899 1.00155 0.643971 0.0583519 0.0505699 0.00778199 0.00100658 1.27407e-05 3.20927e-05 2.88216e-05 0 12.48933410644531 16.04265022277832 25.28495788574219
