A/A0 V/V0 Vr eb eb_bend eb_ad ea ega ev ek ee
1 1.00092 0.642589 0.109093 0.0496849 0.0594082 0.000367957 0 1.12357e-05 4.40827e-09 0
1.00182 1.00036 0.640481 0.106378 0.0497418 0.0566364 0.000646192 4.14078e-05 1.71777e-06 0.000157345 0
1.00222 0.999973 0.639851 0.104456 0.049786 0.0546699 0.000889104 6.16203e-05 9.87998e-09 0.000136701 0
1.00171 1.00036 0.640584 0.102928 0.0498725 0.0530553 0.00126653 3.65649e-05 1.68249e-06 0.000134289 0
1.00165 1.00027 0.640583 0.101658 0.0499443 0.051714 0.00143665 3.40869e-05 9.41661e-07 9.51274e-05 0
1.00189 1.00008 0.64023 0.100544 0.0499994 0.050545 0.00151261 4.48778e-05 8.2332e-08 9.8335e-05 0
1.00184 1.00007 0.640277 0.0996782 0.050116 0.0495622 0.00197845 4.24269e-05 7.22574e-08 8.78162e-05 0
1.00183 1.00001 0.640251 0.0987504 0.0501311 0.0486193 0.00193268 4.17229e-05 1.20559e-09 0.000103866 0
1.0017 1.00006 0.640406 0.0978444 0.0501894 0.047655 0.00213175 3.59796e-05 4.36569e-08 0.000119875 0
1.00169 1.00008 0.640424 0.0969881 0.0502343 0.0467538 0.00208947 3.58597e-05 8.62266e-08 0.00011466 0
1.00171 1.00003 0.640381 0.0960743 0.0501714 0.0459029 0.00186487 3.64652e-05 1.5917e-08 5.72991e-05 0
1.00147 1.00015 0.640683 0.0953967 0.0503739 0.0450227 0.00415139 2.7027e-05 3.02498e-07 0.000225428 0
1.00134 1.00013 0.640798 0.0947839 0.0504974 0.0442865 0.00385942 2.24571e-05 2.40649e-07 0.000267765 0
1.00148 1.00001 0.640583 0.0938164 0.0502199 0.0435965 0.00240412 2.75232e-05 2.88443e-09 0.000100513 0
1.00139 1.00008 0.640717 0.093065 0.0502482 0.0428168 0.00265092 2.41229e-05 8.87989e-08 0.000264735 0
1.00141 1.00011 0.640712 0.0923059 0.0502446 0.0420613 0.00209055 2.49715e-05 1.59924e-07 0.000169024 0
1.00131 1.0002 0.640869 0.0914748 0.0501342 0.0413406 0.00213609 2.14016e-05 5.27435e-07 0.000195769 0
1.00116 1.00028 0.641061 0.0907103 0.0500968 0.0406135 0.00240989 1.69281e-05 1.04877e-06 0.000108806 0
1.00112 1.00024 0.641079 0.0899362 0.050108 0.0398282 0.00246294 1.55749e-05 7.55766e-07 0.000198408 0
1.00105 1.0003 0.641184 0.0892216 0.0500679 0.0391537 0.00189847 1.37487e-05 1.19983e-06 0.000136647 0
1.00107 1.00029 0.641161 0.0885084 0.0500352 0.0384732 0.00230207 1.41831e-05 1.12099e-06 0.000196693 0
1.001 1.00031 0.641232 0.0877958 0.0499952 0.0378006 0.00194438 1.26003e-05 1.26238e-06 0.000101374 0
