A/A0 V/V0 Vr eb eb_bend eb_ad ea ega ev ek ee  h0 h1 h2
1 1.00032 0.642203 0.111098 0.0495561 0.0615419 0.000329511 0 1.33674e-06 4.72937e-09 0 12.54967498779297 7.076537132263184 24.77803230285645
1.00158 0.999878 0.640404 0.106989 0.0498023 0.0571862 0.000696499 3.13065e-05 2.00631e-07 0.00116839 0 12.56949138641357 7.566713333129883 24.90112113952637
1.00255 0.999313 0.639109 0.103803 0.0501479 0.0536551 0.00126336 8.1861e-05 6.33451e-06 0.00129884 0 12.58172130584717 7.9808669090271 25.07393264770508
1.00212 0.999793 0.639835 0.101456 0.0503285 0.0511277 0.00120904 5.62056e-05 5.76369e-07 0.00167124 0 12.57621669769287 8.293302536010742 25.16422843933105
1.00144 1.00035 0.640839 0.0997066 0.0506423 0.0490644 0.00155275 2.61408e-05 1.67273e-06 0.0015944 0 12.56778240203857 8.555934906005859 25.32114601135254
1.00129 1.00038 0.641004 0.0979213 0.0507442 0.0471771 0.00152687 2.08134e-05 1.91165e-06 0.00187415 0 12.56581211090088 8.798013687133789 25.37210083007812
1.00143 1.00019 0.640745 0.0962793 0.0508187 0.0454606 0.00146812 2.57351e-05 4.84147e-07 0.0021382 0 12.56763935089111 9.020668983459473 25.40940284729004
1.00156 1.00006 0.640532 0.094778 0.0508629 0.0439151 0.00162198 3.07189e-05 4.24298e-08 0.00170728 0 12.56929969787598 9.224804878234863 25.43149948120117
1.00149 1.00011 0.640635 0.0933982 0.0508086 0.0425895 0.00148596 2.7952e-05 1.60173e-07 0.00190324 0 12.56838703155518 9.403877258300781 25.40430641174316
1.00129 1.00021 0.640894 0.0921424 0.0508079 0.0413345 0.00159493 2.07992e-05 5.64445e-07 0.00240599 0 12.56584072113037 9.576757431030273 25.40395355224609
1.00125 1.00014 0.640889 0.0910261 0.0509402 0.0400859 0.0020402 1.96395e-05 2.76913e-07 0.00276193 0 12.56538867950439 9.750401496887207 25.4700756072998
1.00124 1.00017 0.64091 0.0900139 0.0511422 0.0388718 0.00188155 1.94269e-05 3.72042e-07 0.00294886 0 12.56530094146729 9.921677589416504 25.57110404968262
1.00111 1.00019 0.64105 0.088772 0.051029 0.037743 0.00267471 1.55629e-05 4.80837e-07 0.00338023 0 12.56364250183105 10.08400821685791 25.51449394226074
1.00108 1.00021 0.641091 0.0877416 0.0510352 0.0367063 0.00169282 1.47735e-05 5.87734e-07 0.00388518 0 12.56328010559082 10.23472785949707 25.51761627197266
1.00096 1.00028 0.641251 0.0868852 0.0511904 0.0356947 0.0019966 1.16847e-05 1.04477e-06 0.00373211 0 12.56178283691406 10.38435935974121 25.5952205657959
1.00089 1.00035 0.641371 0.0861277 0.0514077 0.0347199 0.00191988 9.84058e-06 1.62023e-06 0.00396381 0 12.560791015625 10.53032684326172 25.70387268066406
1.00087 1.00033 0.641369 0.0853558 0.0515561 0.0337997 0.00189892 9.56255e-06 1.42284e-06 0.00457373 0 12.5606164932251 10.66971397399902 25.7780933380127
1.00079 1.00044 0.641518 0.0845863 0.0516876 0.0328987 0.00180844 7.87242e-06 2.55231e-06 0.00408553 0 12.55960750579834 10.80836582183838 25.8437614440918
1.00071 1.00049 0.64163 0.0838592 0.0518197 0.0320395 0.00201731 6.33686e-06 3.21002e-06 0.00428363 0 12.55857086181641 10.9423656463623 25.90982627868652
1.00062 1.00052 0.641736 0.0829004 0.0516677 0.0312327 0.0016576 4.85569e-06 3.65555e-06 0.00534828 0 12.55748558044434 11.06989479064941 25.83382225036621
1.00051 1.0006 0.641893 0.0822595 0.0518052 0.0304543 0.0016652 3.27151e-06 4.82045e-06 0.00542907 0 12.55607604980469 11.19461154937744 25.90257263183594
1.0004 1.00063 0.642027 0.0813955 0.0516961 0.0296994 0.00185323 1.96246e-06 5.40744e-06 0.00568774 0 12.55463790893555 11.31709098815918 25.84804725646973
1.00032 1.00072 0.642148 0.0803785 0.0514034 0.0289751 0.00195382 1.31642e-06 6.88878e-06 0.00683598 0 12.55373191833496 11.43591976165771 25.70168113708496
1.00029 1.00069 0.64217 0.0801783 0.05192 0.0282584 0.00236228 1.02933e-06 6.47982e-06 0.0060496 0 12.55326557159424 11.55474185943604 25.95997428894043
1.00024 1.00076 0.642252 0.0795647 0.0519763 0.0275885 0.0021584 7.38941e-07 7.68856e-06 0.00606497 0 12.5527172088623 11.66726398468018 25.98813438415527
1.00018 1.00079 0.642335 0.0787423 0.0517985 0.0269438 0.00207495 4.02853e-07 8.39952e-06 0.00695477 0 12.551926612854 11.77690696716309 25.89924812316895
1.00011 1.00086 0.642443 0.0783037 0.051986 0.0263177 0.00201476 1.54259e-07 9.85995e-06 0.0065131 0 12.55106067657471 11.88466358184814 25.99302673339844
1.00005 1.00086 0.6425 0.0773528 0.0516323 0.0257205 0.00200886 3.51396e-08 9.87671e-06 0.00802779 0 12.55033588409424 11.98861980438232 25.81611633300781
0.999984 1.0009 0.642596 0.0768026 0.0516511 0.0251515 0.00188692 3.34944e-09 1.09472e-05 0.00716531 0 12.54947471618652 12.08886432647705 25.82558822631836
0.999923 1.00096 0.642688 0.0764103 0.051807 0.0246033 0.00187661 7.48534e-08 1.22481e-05 0.00693309 0 12.54869842529297 12.18647289276123 25.90348243713379
0.999889 1.00097 0.642729 0.0758192 0.051732 0.0240872 0.00202912 1.54196e-07 1.26176e-05 0.00753643 0 12.54828357696533 12.27924156188965 25.86601829528809
0.999788 1.00103 0.642864 0.0753112 0.0517049 0.0236063 0.00174159 5.62633e-07 1.41895e-05 0.00754974 0 12.54701232910156 12.36688995361328 25.85245323181152
0.999785 1.00109 0.642907 0.0747064 0.0515672 0.0231391 0.00182528 5.79919e-07 1.59495e-05 0.00846136 0 12.54699516296387 12.45247554779053 25.78360557556152
0.999762 1.0011 0.642933 0.0740278 0.0513218 0.0227059 0.00169239 7.09151e-07 1.61107e-05 0.00913964 0 12.54669094085693 12.53270530700684 25.6609058380127
0.999704 1.00112 0.643006 0.0737918 0.0514984 0.0222934 0.00194046 1.0982e-06 1.69001e-05 0.00878647 0 12.54596424102783 12.60997581481934 25.7491569519043
0.999696 1.00116 0.643035 0.0731618 0.0512508 0.021911 0.00172728 1.15829e-06 1.79366e-05 0.00968194 0 12.54585742950439 12.68202114105225 25.62539100646973
0.999671 1.00121 0.643091 0.0734663 0.0519248 0.0215415 0.00156196 1.36006e-06 1.94935e-05 0.00872201 0 12.54554462432861 12.7523307800293 25.96238708496094
0.999561 1.00125 0.643224 0.0726107 0.0514076 0.0212031 0.00172903 2.41348e-06 2.08882e-05 0.0101289 0 12.54416275024414 12.81757831573486 25.70381546020508
0.999577 1.00128 0.643227 0.0729926 0.0521059 0.0208868 0.00147077 2.24456e-06 2.18433e-05 0.00925211 0 12.54436492919922 12.87858486175537 26.05295181274414
0.999544 1.00136 0.643312 0.0727291 0.0521176 0.0206114 0.00140315 2.61155e-06 2.47602e-05 0.0101149 0 12.54395294189453 12.93222999572754 26.05880165100098
0.999587 1.00138 0.643286 0.0725346 0.0521625 0.020372 0.00128759 2.14538e-06 2.56018e-05 0.0105643 0 12.54448699951172 12.97889041900635 26.08125114440918
0.999561 1.00139 0.643315 0.0725562 0.0523901 0.0201661 0.00121126 2.41488e-06 2.59181e-05 0.0109714 0 12.54417991638184 13.0194845199585 26.19507789611816
0.999578 1.00145 0.643341 0.0724095 0.0524124 0.0199971 0.0011347 2.23705e-06 2.83604e-05 0.011767 0 12.54437065124512 13.05282592773438 26.20616149902344
0.999636 1.00145 0.643281 0.0725944 0.0527319 0.0198625 0.00142979 1.66391e-06 2.81293e-05 0.0124107 0 12.54510116577148 13.07929611206055 26.36592483520508
0.999682 1.00148 0.643257 0.0726184 0.0528553 0.0197631 0.00114185 1.27054e-06 2.94136e-05 0.013102 0 12.54568576812744 13.09888076782227 26.42768859863281
0.999694 1.00153 0.643276 0.07309 0.0533888 0.0197013 0.00117138 1.17747e-06 3.13195e-05 0.0135124 0 12.54581165313721 13.11115169525146 26.69437026977539
0.999764 1.00152 0.643206 0.0737378 0.0540692 0.0196686 0.00110669 7.01366e-07 3.11334e-05 0.0133455 0 12.54671192169189 13.11739730834961 27.03455352783203
0.999801 1.00152 0.643171 0.0734415 0.0537838 0.0196577 0.00100667 4.99422e-07 3.11929e-05 0.0149033 0 12.54715538024902 13.11942768096924 26.89187049865723
0.999833 1.00152 0.643139 0.0739807 0.0543261 0.0196546 0.000942291 3.49029e-07 3.11548e-05 0.0149718 0 12.54757022857666 13.11992168426514 27.16305160522461
0.999907 1.00154 0.643077 0.0747609 0.0551126 0.0196483 0.000947137 1.08542e-07 3.17403e-05 0.0143871 0 12.54852962493896 13.12089443206787 27.55632019042969
0.999898 1.00151 0.64307 0.074357 0.0547156 0.0196414 0.00092464 1.30757e-07 3.07118e-05 0.0160221 0 12.54840087890625 13.12231731414795 27.3577766418457
0.999901 1.00155 0.64309 0.0744196 0.0547919 0.0196277 0.00101192 1.22284e-07 3.22044e-05 0.0161888 0 12.54843997955322 13.12502670288086 27.39594268798828
0.999913 1.00155 0.643081 0.0744159 0.0548016 0.0196144 0.000857121 9.52437e-08 3.23411e-05 0.0156541 0 12.54856300354004 13.12764644622803 27.40077209472656
0.999891 1.00153 0.64309 0.0735567 0.0539562 0.0196005 0.00083695 1.49489e-07 3.15406e-05 0.0174865 0 12.54829692840576 13.13049507141113 26.97811126708984
0.999958 1.00157 0.643049 0.074515 0.0549255 0.0195895 0.000793856 2.21461e-08 3.30954e-05 0.0155221 0 12.54915142059326 13.13245296478271 27.46271896362305
0.999902 1.00154 0.643086 0.0740159 0.0544255 0.0195904 0.000797498 1.20463e-07 3.19833e-05 0.0163805 0 12.54845333099365 13.13249206542969 27.2127571105957
0.999924 1.00153 0.643053 0.074251 0.0546533 0.0195978 0.00083237 7.1776e-08 3.1261e-05 0.0152396 0 12.54872608184814 13.1309289932251 27.32663917541504
0.999847 1.00151 0.643115 0.0733563 0.0537486 0.0196077 0.000931536 2.95396e-07 3.044e-05 0.0174544 0 12.54773139953613 13.12925720214844 26.8742790222168
0.999859 1.00153 0.643115 0.0738005 0.0541867 0.0196138 0.000842448 2.49693e-07 3.12239e-05 0.0161114 0 12.54790210723877 13.12798023223877 27.09336280822754
0.999859 1.00154 0.643126 0.074447 0.0548359 0.0196111 0.000981863 2.49365e-07 3.19393e-05 0.0140218 0 12.5478982925415 13.12853050231934 27.41794395446777
0.999844 1.00153 0.643134 0.0734393 0.0538358 0.0196035 0.00103291 3.05614e-07 3.14716e-05 0.015252 0 12.54772090911865 13.13010120391846 26.91788673400879
0.999828 1.0015 0.643129 0.0734063 0.0538137 0.0195926 0.000916565 3.72027e-07 3.01669e-05 0.0150459 0 12.54750156402588 13.13233661651611 26.9068431854248
0.999831 1.00153 0.643146 0.0736562 0.0540777 0.0195785 0.000832174 3.5915e-07 3.14772e-05 0.0146989 0 12.5475492477417 13.13516235351562 27.03885841369629
0.999824 1.00156 0.643174 0.0730538 0.0534885 0.0195653 0.000805366 3.87752e-07 3.28424e-05 0.0153744 0 12.54747009277344 13.13779067993164 26.74423217773438
0.99987 1.00156 0.643126 0.0735861 0.0540341 0.0195519 0.000743113 2.12191e-07 3.26209e-05 0.0143678 0 12.54804515838623 13.14031791687012 27.01703643798828
0.999925 1.00153 0.643054 0.0744217 0.0548768 0.019545 0.000762866 7.01457e-08 3.14174e-05 0.01245 0 12.54872989654541 13.14149284362793 27.43833923339844
0.999875 1.00158 0.643138 0.0731946 0.0536502 0.0195444 0.000909262 1.96492e-07 3.37048e-05 0.014449 0 12.54810619354248 13.14178848266602 26.8250675201416
0.999923 1.00153 0.643059 0.0737103 0.0541749 0.0195353 0.000782601 7.52956e-08 3.15371e-05 0.0132298 0 12.54871082305908 13.14343166351318 27.0875072479248
0.999869 1.00154 0.643113 0.0731511 0.05362 0.019531 0.000824716 2.13996e-07 3.16972e-05 0.0140454 0 12.54802322387695 13.1445140838623 26.81005668640137
0.999874 1.00155 0.643117 0.0732729 0.05375 0.0195229 0.000768909 2.00584e-07 3.2205e-05 0.0136658 0 12.5480842590332 13.14612197875977 26.87500953674316
0.999905 1.00153 0.643076 0.0732023 0.053688 0.0195143 0.00071979 1.13688e-07 3.15572e-05 0.0134673 0 12.54848575592041 13.1477165222168 26.84400939941406
0.999906 1.00156 0.64309 0.0732696 0.0537552 0.0195144 0.000723852 1.10665e-07 3.255e-05 0.0134255 0 12.54848861694336 13.14770221710205 26.87760162353516
0.999857 1.00155 0.643132 0.0728236 0.0533065 0.0195171 0.000804312 2.56517e-07 3.21928e-05 0.0140095 0 12.54786205291748 13.14736080169678 26.65326499938965
0.999844 1.00154 0.643137 0.0727997 0.053285 0.0195147 0.000772927 3.0565e-07 3.16613e-05 0.0145187 0 12.54770183563232 13.14788341522217 26.64253044128418
0.999833 1.00154 0.64315 0.0728232 0.0533146 0.0195086 0.000745853 3.51386e-07 3.17895e-05 0.0145748 0 12.54755306243896 13.14915084838867 26.65728759765625
0.99989 1.00156 0.643106 0.0736402 0.054137 0.0195032 0.000718844 1.52187e-07 3.25669e-05 0.0128217 0 12.54830169677734 13.15001392364502 27.06850433349609
0.999881 1.00153 0.643095 0.0733973 0.0538993 0.0194979 0.000678556 1.7867e-07 3.12373e-05 0.0131625 0 12.54816818237305 13.15109252929688 26.94966125488281
0.999812 1.00155 0.643178 0.0722074 0.052711 0.0194964 0.000658793 4.41609e-07 3.23734e-05 0.015209 0 12.54733180999756 13.15168190002441 26.35547065734863
0.99987 1.0015 0.643088 0.073296 0.0538104 0.0194856 0.000657801 2.11351e-07 3.01968e-05 0.0130994 0 12.54803562164307 13.15360069274902 26.90518379211426
0.999869 1.00157 0.643136 0.0730421 0.0535613 0.0194808 0.000631598 2.14577e-07 3.31782e-05 0.0135207 0 12.54803943634033 13.15456771850586 26.78063201904297
0.999867 1.00155 0.643121 0.0731066 0.0536331 0.0194736 0.000625114 2.23414e-07 3.2068e-05 0.0135612 0 12.54799652099609 13.15604591369629 26.8165397644043
0.99987 1.00154 0.643111 0.0730692 0.0536067 0.0194625 0.000609104 2.11045e-07 3.16315e-05 0.0138251 0 12.54803276062012 13.15824317932129 26.80335998535156
0.999837 1.00156 0.643157 0.0724683 0.0530127 0.0194556 0.000595774 3.33802e-07 3.252e-05 0.0147789 0 12.54763126373291 13.15975761413574 26.50634956359863
0.999888 1.00153 0.64309 0.0732066 0.0537605 0.0194461 0.000593025 1.56209e-07 3.14288e-05 0.0133231 0 12.54828548431396 13.16147136688232 26.88023567199707
0.999923 1.00159 0.643095 0.073426 0.053984 0.019442 0.000756113 7.50947e-08 3.38957e-05 0.0129532 0 12.54868793487549 13.16217136383057 26.99198913574219
0.999873 1.00155 0.643115 0.0732138 0.0537767 0.0194371 0.000693332 2.01992e-07 3.20494e-05 0.0139204 0 12.54807758331299 13.16332244873047 26.88833236694336
0.999861 1.00156 0.643134 0.0728049 0.0533707 0.0194342 0.000738395 2.43016e-07 3.25322e-05 0.0148551 0 12.54792594909668 13.16396617889404 26.68532562255859
0.999845 1.00153 0.643132 0.0731218 0.0536912 0.0194306 0.00074896 3.00497e-07 3.14707e-05 0.0144789 0 12.54774284362793 13.16476535797119 26.84560203552246
0.999915 1.00153 0.643062 0.0737351 0.0543119 0.0194233 0.000687525 9.04931e-08 3.12921e-05 0.0132859 0 12.54860782623291 13.1659460067749 27.15593910217285
0.999894 1.00153 0.643082 0.0733625 0.053943 0.0194195 0.000651269 1.4102e-07 3.12433e-05 0.0138994 0 12.54835796356201 13.16677665710449 26.97145843505859
0.999827 1.00153 0.643147 0.0728498 0.053434 0.0194158 0.000642191 3.76186e-07 3.12976e-05 0.0150486 0 12.54751110076904 13.16780567169189 26.71697616577148
0.999846 1.00154 0.643138 0.0731555 0.0537432 0.0194122 0.000645388 2.98563e-07 3.18348e-05 0.0139814 0 12.54773330688477 13.1684398651123 26.87162971496582
0.99989 1.00154 0.643092 0.0733418 0.0539343 0.0194075 0.000624755 1.52726e-07 3.16515e-05 0.0136109 0 12.54829406738281 13.16920471191406 26.96719169616699
0.999852 1.00152 0.643121 0.072906 0.0535005 0.0194055 0.0006484 2.75535e-07 3.11491e-05 0.0142074 0 12.54781913757324 13.16976451873779 26.75025939941406
0.99986 1.00156 0.643135 0.0731361 0.053738 0.019398 0.00064448 2.4661e-07 3.25569e-05 0.0134345 0 12.54791259765625 13.17124938964844 26.86902618408203
0.999859 1.00155 0.643129 0.0728093 0.0534182 0.0193912 0.000609087 2.50104e-07 3.20891e-05 0.0138043 0 12.54789161682129 13.17262268066406 26.70909881591797
0.999884 1.00155 0.643109 0.0731131 0.0537269 0.0193862 0.000619118 1.69396e-07 3.23827e-05 0.0128601 0 12.54820537567139 13.17352104187012 26.86347007751465
0.999876 1.00157 0.64313 0.0729214 0.0535417 0.0193797 0.00062134 1.92415e-07 3.32728e-05 0.0136308 0 12.54811382293701 13.1748628616333 26.77084732055664
0.999879 1.00156 0.643115 0.0727911 0.0534185 0.0193727 0.00062875 1.82789e-07 3.24733e-05 0.0140446 0 12.54814910888672 13.1762580871582 26.70923042297363
0.999874 1.00154 0.643113 0.0726433 0.0532728 0.0193705 0.000716372 1.99805e-07 3.19681e-05 0.0142398 0 12.54808044433594 13.17671012878418 26.63638305664062
0.999856 1.00153 0.643124 0.072969 0.0536045 0.0193645 0.00063458 2.59646e-07 3.16065e-05 0.0135009 0 12.54787254333496 13.17801475524902 26.80224609375
0.99983 1.00154 0.643154 0.0722385 0.0528789 0.0193596 0.000697151 3.6164e-07 3.19039e-05 0.0147467 0 12.5475492477417 13.17909526824951 26.4394416809082
0.999884 1.00153 0.643092 0.0727012 0.0533439 0.0193573 0.000596034 1.6998e-07 3.12289e-05 0.0135936 0 12.5482234954834 13.17934131622314 26.67196846008301
0.999854 1.00157 0.643149 0.0729441 0.0535922 0.0193519 0.000617435 2.66835e-07 3.31119e-05 0.0132883 0 12.54783821105957 13.18055057525635 26.79606246948242
0.999815 1.00156 0.643179 0.0722645 0.0529172 0.0193473 0.000604278 4.28553e-07 3.26003e-05 0.0140786 0 12.54734897613525 13.18163871765137 26.45864105224609
0.999861 1.00155 0.64313 0.072488 0.0531457 0.0193423 0.000564565 2.439e-07 3.22361e-05 0.0131582 0 12.5479154586792 13.182448387146 26.57282257080078
0.999826 1.00154 0.643157 0.0722565 0.0529191 0.0193374 0.00057555 3.78495e-07 3.18943e-05 0.0134091 0 12.5474967956543 13.18356609344482 26.45953941345215
0.999862 1.00155 0.643129 0.072724 0.0533953 0.0193287 0.000548639 2.40085e-07 3.22752e-05 0.0124445 0 12.54793071746826 13.18517780303955 26.6976146697998
0.999845 1.00153 0.64313 0.0722665 0.0529456 0.0193209 0.000535586 3.03109e-07 3.12469e-05 0.0129702 0 12.54771518707275 13.18682765960693 26.47280883789062
0.999849 1.00156 0.643145 0.0721243 0.0528088 0.0193155 0.000532039 2.86462e-07 3.25185e-05 0.013155 0 12.54780101776123 13.18791198730469 26.40440559387207
0.999788 1.00157 0.64321 0.0719873 0.0526709 0.0193164 0.000532115 5.61945e-07 3.2929e-05 0.0136097 0 12.54702472686768 13.18795967102051 26.33542633056641
0.999875 1.00152 0.643096 0.0728109 0.0535026 0.0193082 0.000544537 1.95385e-07 3.09967e-05 0.0122219 0 12.54811000823975 13.18926811218262 26.75128746032715
0.999841 1.00156 0.643157 0.0718916 0.0525877 0.0193039 0.000555975 3.18239e-07 3.27863e-05 0.0137942 0 12.54767799377441 13.19027328491211 26.29380226135254
0.99983 1.00157 0.643171 0.0724045 0.0531088 0.0192957 0.000526658 3.62097e-07 3.30504e-05 0.0124102 0 12.54754638671875 13.19196796417236 26.55438613891602
0.999863 1.00154 0.643118 0.0725668 0.0532859 0.0192809 0.000508657 2.36086e-07 3.16311e-05 0.0118643 0 12.5479564666748 13.19483089447021 26.64300727844238
0.999862 1.00155 0.643126 0.0723032 0.0530277 0.0192755 0.000510647 2.40101e-07 3.21062e-05 0.0121906 0 12.547926902771 13.19592189788818 26.51387214660645
0.999822 1.00156 0.643172 0.0722729 0.0530037 0.0192692 0.000494127 3.96608e-07 3.26102e-05 0.0124112 0 12.54743766784668 13.19732761383057 26.5018367767334
0.999844 1.00154 0.643141 0.0722095 0.0529457 0.0192638 0.000517863 3.04948e-07 3.19583e-05 0.012764 0 12.54770565032959 13.19833564758301 26.47283935546875
0.999865 1.00155 0.643124 0.0725252 0.0532715 0.0192536 0.000532003 2.27606e-07 3.21573e-05 0.0119395 0 12.54798889160156 13.20029735565186 26.63578224182129
0.999822 1.00156 0.64317 0.0721513 0.0529042 0.0192471 0.000506291 3.96212e-07 3.24579e-05 0.0126013 0 12.54744052886963 13.20178127288818 26.45210266113281
0.999863 1.00155 0.643124 0.0724391 0.0532025 0.0192366 0.000525281 2.34244e-07 3.20605e-05 0.0121493 0 12.54795074462891 13.20374488830566 26.60123825073242
0.999818 1.00156 0.643175 0.0719425 0.0527063 0.0192361 0.000507226 4.15682e-07 3.25351e-05 0.0127795 0 12.54738712310791 13.20400524139404 26.3531322479248
0.999841 1.00156 0.643153 0.0723514 0.0531206 0.0192308 0.000537396 3.188e-07 3.25043e-05 0.0118469 0 12.54766464233398 13.20502662658691 26.56028366088867
0.999814 1.00156 0.643183 0.0720135 0.052789 0.0192246 0.000532086 4.34215e-07 3.27945e-05 0.0130203 0 12.54733467102051 13.20636653900146 26.39445877075195
0.999883 1.00156 0.643113 0.0726508 0.0534347 0.0192161 0.000551325 1.72891e-07 3.25217e-05 0.0116347 0 12.54819107055664 13.20782375335693 26.71736717224121
0.999797 1.00157 0.643206 0.0716684 0.0524565 0.0192119 0.000512066 5.1895e-07 3.32202e-05 0.0139929 0 12.54710102081299 13.20898818969727 26.22821617126465
0.99979 1.00155 0.643196 0.0717443 0.0525406 0.0192037 0.000512426 5.52382e-07 3.2166e-05 0.0137818 0 12.54704856872559 13.21067047119141 26.27027702331543
0.999846 1.00154 0.643135 0.0723628 0.0531684 0.0191944 0.000493335 2.98598e-07 3.16402e-05 0.0123873 0 12.5477352142334 13.21236038208008 26.58418464660645
0.999833 1.00155 0.643159 0.0722622 0.0530744 0.0191878 0.000492679 3.51573e-07 3.23917e-05 0.0125159 0 12.54757881164551 13.2137279510498 26.53720664978027
0.999788 1.00155 0.643199 0.0716132 0.0524279 0.0191854 0.000486488 5.6655e-07 3.21441e-05 0.0133099 0 12.5470142364502 13.21440315246582 26.21394729614258
0.99982 1.00157 0.643181 0.0718889 0.0527134 0.0191755 0.000500789 4.08537e-07 3.30273e-05 0.0125508 0 12.54740905761719 13.21628093719482 26.35668563842773
0.999813 1.00157 0.643186 0.0718363 0.0526704 0.0191659 0.000469916 4.38549e-07 3.29381e-05 0.0123106 0 12.54733276367188 13.21823024749756 26.33517646789551
0.999845 1.00156 0.643149 0.072466 0.0533137 0.0191524 0.000469827 3.00423e-07 3.25405e-05 0.0113737 0 12.54774379730225 13.22083187103271 26.65681266784668
0.999824 1.00155 0.643167 0.0718267 0.0526803 0.0191464 0.000465038 3.86981e-07 3.23824e-05 0.0126457 0 12.54748916625977 13.22212791442871 26.34018135070801
0.999814 1.00156 0.643181 0.0718319 0.0526923 0.0191396 0.000452148 4.33696e-07 3.26396e-05 0.0132387 0 12.54734897613525 13.22355556488037 26.34613418579102
0.999815 1.00158 0.64319 0.0719554 0.0528208 0.0191347 0.000467843 4.29234e-07 3.32883e-05 0.013 0 12.54734420776367 13.22453117370605 26.4103889465332
0.999852 1.00153 0.643124 0.0726682 0.0535449 0.0191233 0.000450679 2.75413e-07 3.13694e-05 0.0116019 0 12.54782104492188 13.22671413421631 26.77243423461914
0.999807 1.00155 0.643184 0.0717611 0.0526434 0.0191178 0.000454729 4.69003e-07 3.24271e-05 0.0137135 0 12.54724407196045 13.22800636291504 26.32168769836426
0.999858 1.00157 0.643143 0.072663 0.0535592 0.0191038 0.000442844 2.52528e-07 3.29616e-05 0.012212 0 12.54788398742676 13.23062133789062 26.77957534790039
0.999826 1.00156 0.643166 0.0720316 0.0529335 0.0190981 0.000447644 3.79993e-07 3.24588e-05 0.0134054 0 12.54749393463135 13.23191070556641 26.46674156188965
0.99985 1.00157 0.643151 0.072839 0.0537454 0.0190936 0.000491306 2.82159e-07 3.29952e-05 0.0120181 0 12.5477819442749 13.23275661468506 26.8726806640625
0.999821 1.00154 0.643164 0.0721221 0.0530326 0.0190895 0.000530426 4.00702e-07 3.2003e-05 0.0129726 0 12.54741859436035 13.23367023468018 26.51628875732422
0.999799 1.00156 0.643193 0.0718254 0.0527401 0.0190854 0.000504514 5.06223e-07 3.2485e-05 0.0139104 0 12.54715156555176 13.2346019744873 26.37004089355469
0.999833 1.00157 0.643172 0.072346 0.0532673 0.0190787 0.000527091 3.49395e-07 3.32612e-05 0.0130777 0 12.54757499694824 13.23581314086914 26.63363456726074
0.999822 1.00156 0.643176 0.0725096 0.0534431 0.0190665 0.000483954 3.98182e-07 3.2828e-05 0.0121082 0 12.54745769500732 13.23833751678467 26.72155570983887
0.99984 1.00158 0.643166 0.072612 0.0535496 0.0190624 0.000490622 3.19385e-07 3.33299e-05 0.0120892 0 12.54767036437988 13.23909378051758 26.7747802734375
0.999763 1.00157 0.643236 0.071471 0.0524168 0.0190541 0.000650187 7.05746e-07 3.30398e-05 0.0148074 0 12.54670810699463 13.2410717010498 26.20841026306152
0.999831 1.00157 0.643171 0.0724308 0.0533895 0.0190413 0.000530539 3.5964e-07 3.30576e-05 0.0137061 0 12.54754447937012 13.24340438842773 26.69474411010742
0.999806 1.00156 0.643189 0.072414 0.0533706 0.0190434 0.000516369 4.7169e-07 3.26642e-05 0.0139234 0 12.5472240447998 13.24307346343994 26.68529891967773
0.999823 1.00158 0.643188 0.0724298 0.0533952 0.0190345 0.000502021 3.95294e-07 3.36618e-05 0.0140741 0 12.54745197296143 13.2448205947876 26.69762802124023
0.999834 1.00155 0.643155 0.0726796 0.0536521 0.0190275 0.000493997 3.47688e-07 3.21823e-05 0.0139817 0 12.54759120941162 13.24620819091797 26.82605171203613
0.999791 1.0016 0.643228 0.072368 0.0533471 0.0190209 0.000481638 5.47312e-07 3.43302e-05 0.0144051 0 12.54704284667969 13.24770641326904 26.67350006103516
0.999772 1.00157 0.643227 0.0717612 0.0527494 0.0190118 0.000477786 6.5148e-07 3.3044e-05 0.0151414 0 12.546799659729 13.24963188171387 26.37468910217285
0.999795 1.00153 0.643181 0.072123 0.0531258 0.0189973 0.000495371 5.28375e-07 3.14547e-05 0.0141307 0 12.54710674285889 13.25248718261719 26.56291198730469
0.99982 1.00158 0.643187 0.0724239 0.0534344 0.0189895 0.000474026 4.0835e-07 3.34157e-05 0.0139052 0 12.54739665985107 13.253981590271 26.71719741821289
0.999842 1.00156 0.643153 0.0725391 0.0535567 0.0189823 0.00048965 3.11865e-07 3.26065e-05 0.012997 0 12.54770278930664 13.25534152984619 26.7783260345459
0.999812 1.00158 0.643197 0.0726312 0.0536589 0.0189723 0.000607436 4.41349e-07 3.36384e-05 0.0130325 0 12.54731750488281 13.2575044631958 26.8294620513916
0.999816 1.00161 0.64321 0.0726308 0.0536636 0.0189672 0.000561734 4.23321e-07 3.47014e-05 0.0128616 0 12.54737377166748 13.25850486755371 26.831787109375
0.999828 1.00153 0.643149 0.0723512 0.0533947 0.0189565 0.00051687 3.70104e-07 3.15068e-05 0.0134148 0 12.54752063751221 13.26066112518311 26.69737815856934
0.99978 1.00158 0.643224 0.0718396 0.0528816 0.018958 0.00049345 6.08599e-07 3.33219e-05 0.0141608 0 12.54690551757812 13.26052474975586 26.4407787322998
0.999783 1.00157 0.643216 0.0719036 0.052953 0.0189506 0.000483057 5.90917e-07 3.30212e-05 0.0139879 0 12.54694938659668 13.2620210647583 26.47649002075195
0.999822 1.00156 0.643175 0.0723666 0.0534272 0.0189394 0.000487898 3.96216e-07 3.27705e-05 0.0130114 0 12.54744815826416 13.2641429901123 26.71355247497559
0.999796 1.00157 0.643207 0.072336 0.0534043 0.0189317 0.000476659 5.2081e-07 3.32734e-05 0.0129603 0 12.54712677001953 13.26581954956055 26.70215606689453
0.999827 1.00157 0.643175 0.0725879 0.0536697 0.0189182 0.000464373 3.76304e-07 3.31058e-05 0.0126967 0 12.54749298095703 13.2684497833252 26.8348560333252
0.999811 1.00159 0.643202 0.0720514 0.0531435 0.0189079 0.000459696 4.4801e-07 3.38473e-05 0.0133955 0 12.5473051071167 13.27061176300049 26.57172966003418
0.999854 1.00157 0.643148 0.0729721 0.0540762 0.0188959 0.00046654 2.66145e-07 3.30276e-05 0.0114368 0 12.54784679412842 13.27289581298828 27.03812408447266
0.999831 1.00156 0.643167 0.0723887 0.0535014 0.0188873 0.000456839 3.57925e-07 3.28437e-05 0.0128121 0 12.5475378036499 13.27472686767578 26.75071144104004
0.999795 1.00157 0.643207 0.0720226 0.0531413 0.0188813 0.000517755 5.2542e-07 3.31818e-05 0.0137256 0 12.54710674285889 13.27610874176025 26.57062149047852
0.999823 1.00158 0.643188 0.072532 0.053658 0.018874 0.000478057 3.92701e-07 3.36995e-05 0.0129169 0 12.54745960235596 13.27746486663818 26.82900619506836
0.999825 1.00158 0.643184 0.0724705 0.0536057 0.0188649 0.000467846 3.85519e-07 3.35669e-05 0.0131772 0 12.54747104644775 13.27934169769287 26.80281448364258
0.999827 1.00158 0.643178 0.0725438 0.0536868 0.018857 0.000499872 3.74075e-07 3.33352e-05 0.0130396 0 12.54751110076904 13.2809009552002 26.8433895111084
0.999809 1.00156 0.643188 0.072327 0.0534767 0.0188503 0.000520499 4.56684e-07 3.28258e-05 0.0138703 0 12.54729747772217 13.28235244750977 26.73834419250488
0.99983 1.00157 0.643174 0.0726234 0.0537835 0.0188399 0.000526475 3.6327e-07 3.32294e-05 0.0136379 0 12.54752445220947 13.28438186645508 26.89172744750977
0.999789 1.00161 0.643239 0.0724549 0.0536169 0.018838 0.000513046 5.58368e-07 3.49042e-05 0.0136685 0 12.54700946807861 13.28494548797607 26.8084602355957
0.999815 1.00158 0.643192 0.0724965 0.0536666 0.0188299 0.000489608 4.31546e-07 3.33966e-05 0.0134422 0 12.54734420776367 13.28647422790527 26.83328819274902
0.999805 1.00156 0.643193 0.0720266 0.0531981 0.0188285 0.000476338 4.78608e-07 3.28342e-05 0.014037 0 12.54721927642822 13.28681087493896 26.59910202026367
0.999848 1.00155 0.643141 0.0728062 0.0539892 0.0188169 0.000492573 2.89033e-07 3.2191e-05 0.0122187 0 12.54775142669678 13.28900718688965 26.9946174621582
0.999812 1.00157 0.643188 0.0722899 0.0534712 0.0188187 0.000469829 4.41827e-07 3.30395e-05 0.0129144 0 12.54732131958008 13.28880023956299 26.7356014251709
0.999773 1.00158 0.643231 0.0716088 0.052792 0.0188168 0.000459329 6.45288e-07 3.33829e-05 0.0142036 0 12.54683113098145 13.28932666778564 26.39602279663086
0.999786 1.00157 0.643214 0.0720304 0.0532235 0.0188069 0.000449884 5.74918e-07 3.30162e-05 0.0138007 0 12.5469799041748 13.29129791259766 26.61178779602051
0.999781 1.00158 0.643226 0.0717864 0.0529852 0.0188012 0.000446688 6.01494e-07 3.35132e-05 0.0139087 0 12.54693508148193 13.29249477386475 26.49257850646973
0.999766 1.0016 0.643251 0.071683 0.0528854 0.0187976 0.00045376 6.87749e-07 3.41948e-05 0.0136704 0 12.54674243927002 13.29329109191895 26.44274520874023
0.999774 1.00159 0.64324 0.0717316 0.0529397 0.0187919 0.000438876 6.38865e-07 3.40323e-05 0.013472 0 12.54683685302734 13.29439830780029 26.4698657989502
0.999778 1.00159 0.643235 0.0717533 0.0529691 0.0187842 0.00043041 6.18221e-07 3.39039e-05 0.0136485 0 12.54687881469727 13.29598140716553 26.48457336425781
0.999755 1.0016 0.643265 0.0714915 0.0527117 0.0187798 0.000442016 7.51059e-07 3.44573e-05 0.0143534 0 12.54660797119141 13.29695224761963 26.35586929321289
0.999798 1.00158 0.64321 0.0721236 0.0533505 0.0187731 0.000438868 5.13192e-07 3.35325e-05 0.0133303 0 12.54713821411133 13.2981653213501 26.67523574829102
0.999782 1.00156 0.643215 0.072024 0.0532587 0.0187653 0.000443514 5.96993e-07 3.2827e-05 0.0135125 0 12.54694271087646 13.29982948303223 26.62935066223145
0.999775 1.0016 0.643241 0.0717095 0.0529486 0.0187609 0.000514654 6.34188e-07 3.41618e-05 0.0138904 0 12.54686260223389 13.30075931549072 26.47428512573242
0.999776 1.00159 0.643234 0.0718392 0.0530868 0.0187525 0.000504982 6.3014e-07 3.37471e-05 0.0134592 0 12.54686164855957 13.30246448516846 26.54339408874512
0.999832 1.00159 0.64318 0.0721335 0.0533873 0.0187462 0.000465896 3.52931e-07 3.37397e-05 0.012745 0 12.54755020141602 13.3035249710083 26.69363212585449
0.999773 1.00158 0.643236 0.0719041 0.0531644 0.0187397 0.000493513 6.45678e-07 3.37017e-05 0.0132715 0 12.54683208465576 13.30508804321289 26.58222961425781
0.999779 1.0016 0.643243 0.0721188 0.0533845 0.0187343 0.000458376 6.13267e-07 3.44929e-05 0.0135208 0 12.54688835144043 13.30617237091064 26.69228744506836
0.999814 1.00158 0.643192 0.0721712 0.0534398 0.0187314 0.00045272 4.32445e-07 3.33964e-05 0.0129356 0 12.54734325408936 13.30662631988525 26.71990013122559
0.999755 1.00158 0.643249 0.0716961 0.0529669 0.0187292 0.000441468 7.55803e-07 3.33285e-05 0.0137911 0 12.54658794403076 13.30730056762695 26.4834156036377
0.999748 1.00161 0.643275 0.0717407 0.0530127 0.018728 0.000444186 7.94652e-07 3.46726e-05 0.0136096 0 12.54651737213135 13.3075647354126 26.50637626647949
0.999808 1.00161 0.643216 0.0724372 0.053719 0.0187182 0.000448417 4.61387e-07 3.46033e-05 0.0127231 0 12.54726219177246 13.30934047698975 26.85950088500977
0.999758 1.00155 0.643232 0.0716844 0.0529751 0.0187093 0.000437087 7.37948e-07 3.24316e-05 0.0139159 0 12.54662322998047 13.31137180328369 26.4875545501709
0.999768 1.00161 0.643256 0.0719128 0.0532051 0.0187076 0.000439567 6.75082e-07 3.46996e-05 0.0138354 0 12.5467529296875 13.31167602539062 26.60257530212402
0.999764 1.00158 0.643239 0.0714501 0.0527476 0.0187025 0.000429176 6.9723e-07 3.3315e-05 0.0150002 0 12.54671669006348 13.31272983551025 26.37383270263672
0.999797 1.00158 0.643211 0.0722129 0.0535191 0.0186938 0.000441241 5.18258e-07 3.35699e-05 0.013986 0 12.54712009429932 13.31438255310059 26.75954818725586
0.999815 1.00161 0.643215 0.0727943 0.0541046 0.0186898 0.000443758 4.2927e-07 3.49782e-05 0.0130764 0 12.54735279083252 13.31514739990234 27.05230712890625
0.999827 1.0016 0.643194 0.0732637 0.0545852 0.0186785 0.000460927 3.76004e-07 3.43275e-05 0.0121656 0 12.54749298095703 13.31741714477539 27.29259872436523
0.999806 1.0016 0.643213 0.0723324 0.0536573 0.0186751 0.000466691 4.70771e-07 3.4313e-05 0.0137973 0 12.5472526550293 13.3181791305542 26.82867240905762
0.999741 1.00157 0.643255 0.0718796 0.0532124 0.0186672 0.000456571 8.42485e-07 3.28942e-05 0.0142976 0 12.54640960693359 13.32007217407227 26.6062068939209
0.999801 1.00157 0.643204 0.0726892 0.0540322 0.018657 0.000497597 4.99308e-07 3.32827e-05 0.0128142 0 12.54718017578125 13.32193088531494 27.01607131958008
0.999846 1.00161 0.643179 0.0730957 0.0544479 0.0186478 0.000483508 2.96087e-07 3.46039e-05 0.0118721 0 12.54775524139404 13.32362365722656 27.22392654418945
0.999777 1.00159 0.643233 0.0722201 0.0535772 0.0186429 0.000481632 6.2403e-07 3.37194e-05 0.0135648 0 12.54688167572021 13.32489681243896 26.78860664367676
0.999758 1.00158 0.64325 0.0716715 0.0530325 0.018639 0.000485976 7.33134e-07 3.36438e-05 0.0146515 0 12.54662609100342 13.32577228546143 26.5162181854248
0.999761 1.00161 0.643264 0.0719051 0.0532728 0.0186323 0.000476503 7.1728e-07 3.47513e-05 0.0144908 0 12.54667663574219 13.32714080810547 26.6363697052002
0.99979 1.00162 0.643244 0.0724422 0.0538174 0.0186248 0.000455997 5.53813e-07 3.53116e-05 0.0128804 0 12.54704093933105 13.32856559753418 26.90871047973633
0.999829 1.00161 0.6432 0.0725912 0.0539812 0.01861 0.000453527 3.68602e-07 3.48516e-05 0.0124062 0 12.54751968383789 13.33144283294678 26.99061584472656
0.999804 1.00159 0.643209 0.0726278 0.0540299 0.018598 0.000446715 4.80346e-07 3.38849e-05 0.0125148 0 12.54720401763916 13.33401107788086 27.01494979858398
0.999774 1.0016 0.643244 0.071993 0.0534003 0.0185926 0.000447844 6.42375e-07 3.42223e-05 0.0138407 0 12.54683113098145 13.3352165222168 26.70012855529785
0.999812 1.00159 0.643202 0.0729247 0.0543489 0.0185758 0.000453623 4.42817e-07 3.39327e-05 0.0123602 0 12.54732513427734 13.33853626251221 27.1744441986084
0.99978 1.0016 0.643241 0.0724039 0.0538285 0.0185754 0.000469111 6.06468e-07 3.44937e-05 0.0138832 0 12.54690170288086 13.33875846862793 26.91423797607422
0.999792 1.0016 0.64323 0.0725172 0.0539505 0.0185667 0.000462187 5.43425e-07 3.44858e-05 0.0135918 0 12.54706764221191 13.34047412872314 26.97523307800293
0.999762 1.00162 0.643268 0.0723562 0.053802 0.0185542 0.000444665 7.10487e-07 3.50973e-05 0.0137782 0 12.5466890335083 13.34316921234131 26.90103530883789
0.999813 1.00161 0.643217 0.0727463 0.0542057 0.0185406 0.000443764 4.39227e-07 3.49706e-05 0.0130664 0 12.54731273651123 13.34577178955078 27.10289764404297
0.99978 1.00159 0.643232 0.0723043 0.0537719 0.0185324 0.000462164 6.09538e-07 3.38405e-05 0.0140452 0 12.54691410064697 13.347580909729 26.88595962524414
0.999762 1.00161 0.643264 0.0723819 0.0538555 0.0185264 0.000468648 7.13419e-07 3.47862e-05 0.0140536 0 12.54670333862305 13.3488826751709 26.92776107788086
0.999799 1.00162 0.643235 0.0728131 0.0542932 0.0185199 0.000462777 5.0953e-07 3.52811e-05 0.0134737 0 12.54714965820312 13.35006904602051 27.14658546447754
0.99975 1.00159 0.643264 0.072313 0.0538056 0.0185073 0.000482187 7.81345e-07 3.4058e-05 0.0144498 0 12.54652690887451 13.35285758972168 26.90279960632324
0.999776 1.00161 0.643252 0.0722422 0.0537434 0.0184988 0.000468604 6.30993e-07 3.49133e-05 0.0145108 0 12.54685401916504 13.35452938079834 26.87170791625977
0.999756 1.00163 0.643282 0.0717406 0.0532434 0.0184972 0.000492181 7.45935e-07 3.56955e-05 0.0155824 0 12.54659652709961 13.35490989685059 26.62164878845215
0.999703 1.00164 0.643339 0.0716586 0.053167 0.0184915 0.000480345 1.10509e-06 3.60867e-05 0.0159474 0 12.54594707489014 13.35628700256348 26.5834789276123
0.999742 1.00162 0.643286 0.0721059 0.0536234 0.0184825 0.000495625 8.32913e-07 3.50699e-05 0.0147475 0 12.54644203186035 13.35799503326416 26.81170845031738
0.999818 1.00159 0.643199 0.0729096 0.0544365 0.0184731 0.000490694 4.17272e-07 3.40467e-05 0.0127992 0 12.54738140106201 13.35965442657471 27.21819877624512
0.999759 1.00158 0.643249 0.0722952 0.0538269 0.0184683 0.000466628 7.25978e-07 3.36646e-05 0.0140411 0 12.5466365814209 13.36084842681885 26.91337203979492
0.99971 1.0016 0.643307 0.0719805 0.0535193 0.0184612 0.000477671 1.05519e-06 3.43726e-05 0.0148475 0 12.54604053497314 13.36251354217529 26.7596549987793
0.999806 1.00162 0.64323 0.0724088 0.0539563 0.0184525 0.000470396 4.71194e-07 3.53971e-05 0.0140397 0 12.54722499847412 13.36392974853516 26.97817802429199
0.99973 1.00161 0.643294 0.0721337 0.0536844 0.0184493 0.000463436 9.12393e-07 3.47704e-05 0.014482 0 12.54629516601562 13.36488819122314 26.84220123291016
0.999778 1.00162 0.643253 0.0724411 0.0540035 0.0184377 0.000456882 6.20318e-07 3.51065e-05 0.0139089 0 12.54688358306885 13.36709690093994 27.00174903869629
0.999771 1.00164 0.643274 0.0725059 0.0540826 0.0184234 0.000451996 6.57409e-07 3.60846e-05 0.0132341 0 12.54680728912354 13.37008762359619 27.04128074645996
0.999745 1.0016 0.643272 0.0719832 0.0535709 0.0184123 0.000453512 8.1684e-07 3.42815e-05 0.0137309 0 12.54644966125488 13.37245655059814 26.78537178039551
0.999784 1.00162 0.643251 0.0725385 0.0541349 0.0184036 0.000460108 5.88066e-07 3.53294e-05 0.0126171 0 12.54696178436279 13.37411022186279 27.06746673583984
0.999757 1.0016 0.64326 0.0722654 0.0538724 0.0183931 0.000444372 7.4067e-07 3.42189e-05 0.0131938 0 12.54661846160889 13.37636852264404 26.93618965148926
0.999718 1.00164 0.643322 0.071657 0.0532733 0.0183837 0.000519891 9.95679e-07 3.58881e-05 0.0140495 0 12.54613590240479 13.37843894958496 26.63661193847656
0.999733 1.0016 0.643285 0.0719547 0.0535803 0.0183745 0.000487453 8.94058e-07 3.4351e-05 0.0133083 0 12.54630756378174 13.38031959533691 26.79014015197754
0.999693 1.00162 0.643337 0.0716141 0.0532577 0.0183564 0.000470767 1.18505e-06 3.52155e-05 0.0141165 0 12.54580688476562 13.38418483734131 26.62882804870605
0.999769 1.00162 0.643261 0.0723158 0.0539745 0.0183413 0.000457277 6.69105e-07 3.50602e-05 0.0130145 0 12.54676532745361 13.38703727722168 26.98723602294922
0.999727 1.0016 0.643291 0.0722368 0.0539087 0.0183281 0.000457381 9.35049e-07 3.43795e-05 0.0135882 0 12.54625034332275 13.38992309570312 26.95435523986816
0.999754 1.00164 0.64329 0.0722641 0.0539415 0.0183226 0.000513192 7.58485e-07 3.60795e-05 0.0136846 0 12.54659080505371 13.390944480896 26.97074699401855
0.999754 1.00161 0.643274 0.0724975 0.0541848 0.0183127 0.000489913 7.61581e-07 3.49742e-05 0.0135594 0 12.54657745361328 13.39302349090576 27.0924243927002
0.999696 1.00163 0.64334 0.071671 0.0533601 0.0183109 0.000479415 1.16203e-06 3.56287e-05 0.0156033 0 12.54585647583008 13.39357471466064 26.68002891540527
0.999718 1.00164 0.643322 0.0719778 0.0536759 0.0183019 0.000493248 9.96215e-07 3.59162e-05 0.0150292 0 12.54615211486816 13.3953800201416 26.83797264099121
0.999678 1.00158 0.643327 0.0718393 0.0535455 0.0182938 0.000552094 1.30015e-06 3.36089e-05 0.01551 0 12.54563426971436 13.3972225189209 26.77273750305176
0.999786 1.00161 0.643238 0.0726394 0.0543559 0.0182836 0.000480161 5.74743e-07 3.46192e-05 0.0137396 0 12.54700946807861 13.39891624450684 27.17790603637695
0.999779 1.00161 0.643247 0.0728075 0.0545337 0.0182738 0.000494676 6.15655e-07 3.47318e-05 0.0138545 0 12.54689407348633 13.40095233917236 27.26681327819824
0.999772 1.00164 0.643271 0.0729739 0.0547018 0.0182721 0.000498114 6.55147e-07 3.59128e-05 0.0147296 0 12.54680442810059 13.4013671875 27.35088157653809
0.99974 1.00162 0.64329 0.0727997 0.0545288 0.0182709 0.000487964 8.48964e-07 3.51333e-05 0.0149067 0 12.54641914367676 13.40171051025391 27.264404296875
0.999781 1.00162 0.643252 0.0727429 0.0544792 0.0182637 0.000473186 6.01912e-07 3.52756e-05 0.0147449 0 12.54692459106445 13.40304946899414 27.23959159851074
0.999746 1.00164 0.643301 0.0724593 0.054195 0.0182643 0.000464911 8.10447e-07 3.62665e-05 0.0148573 0 12.54649543762207 13.40305423736572 27.09753608703613
0.999743 1.00164 0.643303 0.072468 0.0542107 0.0182573 0.000459432 8.27228e-07 3.62646e-05 0.0143415 0 12.54645156860352 13.40453910827637 27.1053581237793
0.999762 1.00164 0.643282 0.0724004 0.0541475 0.0182528 0.000455242 7.09058e-07 3.60756e-05 0.0138642 0 12.54668807983398 13.4053897857666 27.07371711730957
0.999747 1.00164 0.643295 0.0722163 0.0539662 0.0182501 0.00045502 8.04571e-07 3.59707e-05 0.0143014 0 12.54647922515869 13.4059944152832 26.98310661315918
0.999735 1.00164 0.64331 0.0722838 0.0540341 0.0182497 0.000457158 8.83011e-07 3.61566e-05 0.0144752 0 12.5463399887085 13.40612125396729 27.01705741882324
0.999756 1.00162 0.643275 0.0728248 0.0545856 0.0182392 0.00049057 7.46518e-07 3.52221e-05 0.0133096 0 12.54661560058594 13.40820789337158 27.29275703430176
0.999796 1.00163 0.643242 0.0727307 0.0544977 0.018233 0.000456304 5.24247e-07 3.552e-05 0.0133329 0 12.54711437225342 13.40936470031738 27.24883079528809
0.999705 1.00163 0.643329 0.071878 0.053644 0.018234 0.000450494 1.09345e-06 3.54689e-05 0.0150436 0 12.54596424102783 13.40950107574463 26.82198333740234
0.999788 1.00164 0.643258 0.0727431 0.05451 0.0182331 0.000444859 5.64905e-07 3.60887e-05 0.013662 0 12.54701519012451 13.40936470031738 27.25497627258301
0.999703 1.00165 0.643349 0.0721076 0.0538707 0.0182368 0.000438357 1.11029e-06 3.67312e-05 0.0145212 0 12.54594326019287 13.40891647338867 26.93537902832031
0.999776 1.00161 0.643248 0.0726177 0.0543833 0.0182344 0.000434806 6.27154e-07 3.46637e-05 0.0134673 0 12.54687213897705 13.40914630889893 27.19166374206543
0.999745 1.00162 0.643286 0.0722619 0.0540311 0.0182308 0.000438219 8.18088e-07 3.52225e-05 0.0143642 0 12.54646110534668 13.4100227355957 27.01555633544922
0.999735 1.00164 0.643311 0.0725609 0.0543415 0.0182194 0.000428266 8.82568e-07 3.62372e-05 0.0135326 0 12.54635238647461 13.41239833831787 27.17074584960938
0.999758 1.00163 0.643282 0.0725673 0.0543566 0.0182107 0.00045491 7.32864e-07 3.58147e-05 0.0137997 0 12.54664707183838 13.41410160064697 27.17831802368164
0.999739 1.00163 0.643295 0.0721907 0.0539905 0.0182002 0.000437735 8.54246e-07 3.54432e-05 0.0147146 0 12.54640293121338 13.41637897491455 26.9952335357666
0.999761 1.00164 0.643281 0.07268 0.0544873 0.0181927 0.000432497 7.14182e-07 3.59369e-05 0.0141825 0 12.54667568206787 13.41783905029297 27.24368476867676
0.999743 1.00163 0.643297 0.0724647 0.0542868 0.0181779 0.000426237 8.31955e-07 3.57846e-05 0.0145377 0 12.54644966125488 13.42099189758301 27.14336776733398
0.999774 1.00161 0.643249 0.0728218 0.0546608 0.018161 0.000449305 6.38642e-07 3.46598e-05 0.0133972 0 12.54685115814209 13.42436218261719 27.33041000366211
0.999675 1.00168 0.643391 0.0717103 0.0535532 0.018157 0.000456904 1.32488e-06 3.77881e-05 0.0151252 0 12.54559326171875 13.42559909820557 26.7766170501709
0.999745 1.00164 0.643299 0.0722409 0.0540953 0.0181456 0.000448819 8.13633e-07 3.61496e-05 0.0138842 0 12.54647445678711 13.42769145965576 27.04765319824219
0.999744 1.00162 0.643287 0.072441 0.0543029 0.018138 0.000443254 8.19886e-07 3.52116e-05 0.013515 0 12.54646587371826 13.42926597595215 27.15145874023438
0.999725 1.00164 0.643316 0.0722727 0.0541424 0.0181303 0.000430536 9.48062e-07 3.5945e-05 0.0142613 0 12.54620456695557 13.4309549331665 27.07122611999512
0.999654 1.00156 0.643337 0.0720281 0.0539045 0.0181236 0.000538382 1.50036e-06 3.27758e-05 0.015042 0 12.54532241821289 13.4326114654541 26.95223045349121
0.999678 1.00162 0.643351 0.0719602 0.0538475 0.0181127 0.000462611 1.3019e-06 3.52413e-05 0.0150837 0 12.5456075668335 13.43479251861572 26.92375755310059
0.999706 1.00166 0.643349 0.0717813 0.0536834 0.0180979 0.000444667 1.08611e-06 3.69181e-05 0.0151918 0 12.54599189758301 13.43775367736816 26.84172439575195
0.999722 1.00165 0.643325 0.0719868 0.053901 0.0180859 0.000496187 9.71206e-07 3.63726e-05 0.0143511 0 12.54620361328125 13.44022655487061 26.95050048828125
0.999755 1.00165 0.643294 0.0724742 0.0543947 0.0180794 0.000472057 7.542e-07 3.6435e-05 0.0132826 0 12.54660701751709 13.4414234161377 27.1973991394043
0.999738 1.00165 0.643313 0.0721153 0.0540418 0.0180735 0.000454684 8.59341e-07 3.66352e-05 0.0137852 0 12.54637718200684 13.44271469116211 27.02087783813477
0.999668 1.00165 0.64338 0.0714711 0.0534024 0.0180687 0.000448329 1.38356e-06 3.65497e-05 0.0151153 0 12.54549980163574 13.44398212432861 26.7011775970459
0.999762 1.00165 0.643288 0.0725005 0.0544451 0.0180554 0.000439601 7.12199e-07 3.64568e-05 0.0130294 0 12.54667472839355 13.44642925262451 27.22257614135742
0.999731 1.00165 0.643321 0.0723427 0.054296 0.0180468 0.000459145 9.0884e-07 3.66538e-05 0.0135078 0 12.54630374908447 13.44833850860596 27.1479663848877
0.999705 1.00163 0.643332 0.0719583 0.0539245 0.0180338 0.000455936 1.0901e-06 3.56989e-05 0.0146049 0 12.54598140716553 13.45111751556396 26.9622688293457
0.999699 1.00164 0.643344 0.0717578 0.0537367 0.0180211 0.000525753 1.13579e-06 3.61682e-05 0.0146234 0 12.54588222503662 13.4537935256958 26.86834144592285
0.999758 1.00166 0.6433 0.0724721 0.0544639 0.0180082 0.000455774 7.36283e-07 3.69995e-05 0.0133612 0 12.54664039611816 13.45627307891846 27.23191833496094
0.999718 1.00165 0.643333 0.0721629 0.0541584 0.0180044 0.000460322 9.95254e-07 3.66736e-05 0.013863 0 12.54612827301025 13.45719718933105 27.07920455932617
0.999712 1.00163 0.643328 0.0719136 0.0539142 0.0179994 0.000458177 1.04255e-06 3.5858e-05 0.0152208 0 12.54605579376221 13.45828342437744 26.95710372924805
0.99975 1.00166 0.643304 0.0727681 0.0547767 0.0179913 0.00046631 7.81727e-07 3.67931e-05 0.0135976 0 12.54654884338379 13.45982837677002 27.38840675354004
0.99966 1.00168 0.643405 0.0715447 0.0535586 0.0179861 0.000599449 1.45345e-06 3.7739e-05 0.0163984 0 12.54539203643799 13.46124839782715 26.77934646606445
0.999669 1.00169 0.643402 0.071852 0.0538791 0.0179729 0.000637568 1.37866e-06 3.8103e-05 0.0157448 0 12.54550743103027 13.46397018432617 26.93952560424805
0.999738 1.00167 0.643322 0.0725602 0.0545984 0.0179618 0.000535346 8.59058e-07 3.7255e-05 0.0142054 0 12.5463924407959 13.46603775024414 27.2991886138916
0.999699 1.00166 0.643358 0.0719975 0.0540397 0.0179579 0.000514149 1.13345e-06 3.71123e-05 0.0152087 0 12.54590320587158 13.46699142456055 27.01983261108398
0.999696 1.00165 0.643354 0.0720513 0.054102 0.0179493 0.000534759 1.15921e-06 3.66234e-05 0.0151629 0 12.54586696624756 13.46879768371582 27.05102729797363
0.999754 1.00163 0.643286 0.0729187 0.054982 0.0179367 0.000522656 7.61758e-07 3.57681e-05 0.0131403 0 12.5465784072876 13.47121810913086 27.49100494384766
0.999682 1.00164 0.643359 0.0719607 0.0540341 0.0179266 0.000486154 1.26927e-06 3.60538e-05 0.015109 0 12.54567909240723 13.47360706329346 27.01701354980469
0.999712 1.00166 0.643342 0.0725952 0.0546793 0.0179159 0.000475051 1.03977e-06 3.691e-05 0.0145597 0 12.54604339599609 13.47573471069336 27.33962440490723
0.999749 1.00166 0.643307 0.07273 0.0548257 0.0179042 0.000480489 7.89853e-07 3.6943e-05 0.0143314 0 12.54652976989746 13.47803211212158 27.41286659240723
0.999733 1.00165 0.643316 0.0725034 0.054603 0.0179004 0.000471922 8.95221e-07 3.64361e-05 0.0146859 0 12.5463228225708 13.47889041900635 27.30144309997559
0.999657 1.00165 0.64339 0.0720253 0.054134 0.0178913 0.000465316 1.47808e-06 3.64971e-05 0.0155767 0 12.54537105560303 13.48108768463135 27.06698799133301
0.999696 1.00168 0.643371 0.0720194 0.0541417 0.0178777 0.000472671 1.16269e-06 3.78081e-05 0.0158429 0 12.54586505889893 13.48378467559814 27.07083702087402
0.999717 1.00166 0.643336 0.0724176 0.0545542 0.0178635 0.000479966 1.00573e-06 3.67568e-05 0.0144576 0 12.54610919952393 13.48668384552002 27.2771167755127
0.999704 1.00165 0.643346 0.0722 0.0543457 0.0178543 0.00045655 1.09958e-06 3.65839e-05 0.0151911 0 12.54596519470215 13.48864364624023 27.17286682128906
0.999721 1.00164 0.643323 0.0722365 0.0543877 0.0178488 0.000447967 9.74093e-07 3.61649e-05 0.0152013 0 12.54619598388672 13.48973083496094 27.19386100769043
0.999685 1.00165 0.64336 0.0720844 0.0542436 0.0178407 0.000456995 1.24191e-06 3.63468e-05 0.0150102 0 12.545729637146 13.49156665802002 27.1218090057373
0.999683 1.00166 0.643373 0.0720238 0.0541923 0.0178315 0.000448408 1.25833e-06 3.70916e-05 0.015204 0 12.54570198059082 13.49351024627686 27.09616851806641
0.999699 1.00168 0.64337 0.072176 0.0543527 0.0178233 0.000505042 1.13365e-06 3.79526e-05 0.0149988 0 12.54590320587158 13.4951639175415 27.17634773254395
0.999699 1.00167 0.643361 0.0722814 0.0544671 0.0178142 0.000509324 1.13594e-06 3.73078e-05 0.0144539 0 12.5459041595459 13.49708461761475 27.23357391357422
0.999706 1.00162 0.643322 0.0721599 0.0543561 0.0178038 0.000485027 1.08161e-06 3.51286e-05 0.0149883 0 12.54599761962891 13.49925136566162 27.17802238464355
0.999709 1.00165 0.643338 0.0726857 0.0548941 0.0177916 0.000483454 1.06599e-06 3.63288e-05 0.0144796 0 12.54601764678955 13.50177955627441 27.44703483581543
0.999647 1.00165 0.643397 0.0717617 0.0539809 0.0177808 0.000490079 1.56467e-06 3.63521e-05 0.016126 0 12.54523944854736 13.50430393218994 26.99047660827637
0.999735 1.00166 0.643319 0.0729168 0.055154 0.0177628 0.00052372 8.78622e-07 3.68644e-05 0.0142637 0 12.54635906219482 13.50772953033447 27.57700347900391
0.999701 1.00166 0.643352 0.0724991 0.0547507 0.0177483 0.000551647 1.12332e-06 3.67955e-05 0.0151154 0 12.54592895507812 13.51090431213379 27.37539482116699
0.999635 1.00167 0.643424 0.0719696 0.0542364 0.0177332 0.000514469 1.67329e-06 3.73669e-05 0.0159184 0 12.54508113861084 13.51432037353516 27.11821365356445
0.999671 1.00166 0.643381 0.0719994 0.0542823 0.0177171 0.000513311 1.36251e-06 3.67907e-05 0.0161645 0 12.5455493927002 13.51756858825684 27.14116859436035
0.999745 1.00168 0.643324 0.073079 0.0553761 0.017703 0.000520513 8.18328e-07 3.77739e-05 0.013761 0 12.54646778106689 13.52027797698975 27.68805313110352
0.999678 1.0017 0.643402 0.0725911 0.0549033 0.0176878 0.000502033 1.30342e-06 3.87818e-05 0.014215 0 12.54561519622803 13.5237398147583 27.45168113708496
0.999658 1.00166 0.643398 0.0720606 0.0543925 0.017668 0.000510776 1.46749e-06 3.71619e-05 0.0153417 0 12.54537582397461 13.52796936035156 27.19625663757324
0.999726 1.00166 0.643332 0.0728505 0.0552053 0.0176452 0.000518695 9.4085e-07 3.71127e-05 0.0138671 0 12.54623889923096 13.53251361846924 27.60263252258301
0.999686 1.0017 0.643395 0.0721963 0.0545612 0.017635 0.000497525 1.2372e-06 3.88048e-05 0.0151798 0 12.54574298858643 13.5348072052002 27.28062629699707
0.999691 1.00164 0.64335 0.0722591 0.0546373 0.0176218 0.000529519 1.19715e-06 3.60061e-05 0.014653 0 12.54579544067383 13.53757572174072 27.31869316101074
0.999663 1.00166 0.64339 0.0721343 0.0545312 0.0176032 0.00051714 1.4253e-06 3.69026e-05 0.0149124 0 12.54544734954834 13.54159927368164 27.26555633544922
0.999648 1.00171 0.643438 0.0718982 0.0543139 0.0175842 0.000504778 1.5547e-06 3.92455e-05 0.0154682 0 12.5452766418457 13.54568004608154 27.15696716308594
0.999697 1.0017 0.643387 0.0726345 0.0550684 0.0175661 0.00058181 1.15036e-06 3.89969e-05 0.0142981 0 12.54586124420166 13.54932594299316 27.53422927856445
0.999653 1.00165 0.643393 0.0727054 0.0551489 0.0175565 0.000602964 1.51277e-06 3.64451e-05 0.0140742 0 12.54532814025879 13.55152988433838 27.57444953918457
0.999691 1.00167 0.643373 0.0723351 0.0547981 0.017537 0.000555502 1.19845e-06 3.76369e-05 0.0142802 0 12.54580974578857 13.55549144744873 27.39901733398438
0.999628 1.00168 0.643436 0.0715808 0.0540583 0.0175225 0.000543536 1.73766e-06 3.77339e-05 0.0157721 0 12.54500293731689 13.5587854385376 27.02914428710938
0.999682 1.00166 0.643375 0.0724355 0.0549332 0.0175023 0.000538846 1.27289e-06 3.70881e-05 0.0142967 0 12.54567527770996 13.56289100646973 27.46663284301758
0.999622 1.00167 0.643435 0.0713968 0.0539101 0.0174867 0.000523096 1.78942e-06 3.73229e-05 0.0164453 0 12.54492950439453 13.56639957427979 26.95504379272461
0.999581 1.00166 0.643467 0.0715412 0.0540726 0.0174686 0.000551246 2.20026e-06 3.67667e-05 0.0155947 0 12.5444164276123 13.57037830352783 27.03629112243652
0.999651 1.00163 0.643385 0.071631 0.0541785 0.0174526 0.00053022 1.53167e-06 3.57291e-05 0.0153457 0 12.5452880859375 13.57352256774902 27.08922004699707
0.999651 1.00169 0.643419 0.0722323 0.0547937 0.0174386 0.00052237 1.53059e-06 3.81275e-05 0.0144812 0 12.54530334472656 13.57648849487305 27.39684677124023
0.999627 1.00168 0.643442 0.0718691 0.0544432 0.0174259 0.000490925 1.7465e-06 3.80878e-05 0.0153694 0 12.544997215271 13.57927703857422 27.22161865234375
0.999646 1.00169 0.643424 0.071796 0.0543861 0.01741 0.000514281 1.5732e-06 3.81122e-05 0.015207 0 12.5452299118042 13.58256721496582 27.19302368164062
0.999642 1.00169 0.643431 0.0720405 0.0546501 0.0173903 0.000545493 1.61228e-06 3.83634e-05 0.0146464 0 12.54516220092773 13.58676338195801 27.32510757446289
0.999648 1.00169 0.643426 0.0720829 0.0547092 0.0173737 0.000563292 1.55288e-06 3.8451e-05 0.0149122 0 12.54525947570801 13.59027290344238 27.3546257019043
0.999643 1.00167 0.643419 0.0717608 0.0543989 0.0173619 0.000533809 1.59991e-06 3.75776e-05 0.0153713 0 12.54520130157471 13.59277153015137 27.19945907592773
0.999632 1.00166 0.643423 0.0718845 0.0545387 0.0173458 0.000506227 1.70044e-06 3.71152e-05 0.0151763 0 12.54506874084473 13.59623718261719 27.26932716369629
0.999639 1.00169 0.643431 0.0720743 0.0547466 0.0173276 0.00048912 1.63466e-06 3.81748e-05 0.0146629 0 12.54514980316162 13.60005855560303 27.37332725524902
0.99965 1.00171 0.643437 0.072067 0.0547553 0.0173117 0.000534146 1.54016e-06 3.92831e-05 0.0141866 0 12.54528427124023 13.60344409942627 27.37761116027832
0.999632 1.00167 0.64343 0.0718137 0.0545187 0.017295 0.000497114 1.70182e-06 3.76172e-05 0.0145581 0 12.54505825042725 13.6070384979248 27.25933837890625
0.999619 1.00169 0.643454 0.0721364 0.0548624 0.0172739 0.000500588 1.82239e-06 3.83997e-05 0.013888 0 12.54488945007324 13.61159706115723 27.43118667602539
0.999615 1.00167 0.643446 0.0714546 0.0542012 0.0172533 0.000538728 1.85689e-06 3.76287e-05 0.0146577 0 12.54485130310059 13.61602306365967 27.10063362121582
0.999619 1.0017 0.643457 0.0718082 0.0545802 0.0172281 0.000498983 1.82063e-06 3.86245e-05 0.0141644 0 12.54489326477051 13.62138557434082 27.29007530212402
0.99959 1.0017 0.643486 0.0711123 0.0539038 0.0172085 0.000499325 2.10895e-06 3.87391e-05 0.0159933 0 12.54452037811279 13.62564849853516 26.95187187194824
0.999598 1.00168 0.643464 0.0716302 0.0544448 0.0171853 0.000547363 2.027e-06 3.77159e-05 0.0154461 0 12.54463386535645 13.63056373596191 27.222412109375
0.999614 1.0017 0.643461 0.0721951 0.0550296 0.0171655 0.000532859 1.86522e-06 3.8585e-05 0.0150893 0 12.54482173919678 13.6347541809082 27.51483154296875
0.99956 1.00166 0.643494 0.0713585 0.0542128 0.0171457 0.00074255 2.42931e-06 3.71984e-05 0.0173378 0 12.54415225982666 13.63918590545654 27.1064281463623
0.999568 1.00167 0.643487 0.0714166 0.0542932 0.0171233 0.000579546 2.34005e-06 3.72723e-05 0.0163658 0 12.54423332214355 13.64393520355225 27.14659118652344
0.999574 1.00172 0.643514 0.0717543 0.0546553 0.017099 0.000535599 2.27654e-06 3.95702e-05 0.0156035 0 12.54432487487793 13.64909267425537 27.3276538848877
0.999598 1.00169 0.64347 0.0713841 0.0543078 0.0170762 0.000536568 2.02358e-06 3.81146e-05 0.0158949 0 12.54464721679688 13.65389251708984 27.15393257141113
0.999598 1.00167 0.643459 0.0715333 0.0544793 0.017054 0.000521369 2.02689e-06 3.73237e-05 0.0156943 0 12.54463291168213 13.65869331359863 27.23966789245605
0.99961 1.00171 0.643471 0.0721453 0.0551155 0.0170299 0.000510302 1.90438e-06 3.90395e-05 0.0147164 0 12.54477787017822 13.6638298034668 27.55776786804199
0.999643 1.0017 0.643436 0.0721536 0.055148 0.0170056 0.000505889 1.59733e-06 3.87871e-05 0.0145504 0 12.54518795013428 13.66889381408691 27.5739803314209
0.999608 1.00172 0.64348 0.0717701 0.0547789 0.0169912 0.000494271 1.92971e-06 3.95229e-05 0.0152991 0 12.54475688934326 13.67211246490479 27.38943862915039
0.999593 1.00166 0.64346 0.0717267 0.0547548 0.0169719 0.000495944 2.08108e-06 3.705e-05 0.0164288 0 12.5445442199707 13.67632389068604 27.37734794616699
0.999646 1.00167 0.643412 0.072586 0.0556341 0.0169519 0.00048356 1.57296e-06 3.73299e-05 0.0145036 0 12.54522228240967 13.68043899536133 27.8170337677002
0.999593 1.00173 0.643504 0.071783 0.05484 0.016943 0.000473385 2.08164e-06 4.016e-05 0.0165528 0 12.54455375671387 13.68253040313721 27.41996765136719
0.999638 1.0017 0.643439 0.0723826 0.0554539 0.0169287 0.000502687 1.64236e-06 3.86725e-05 0.0157572 0 12.54513835906982 13.68544292449951 27.72699928283691
0.999632 1.00171 0.643451 0.0723782 0.0554623 0.0169158 0.0004919 1.70301e-06 3.90915e-05 0.0155993 0 12.54506778717041 13.68822193145752 27.73113632202148
0.99962 1.00169 0.643449 0.0720062 0.0551009 0.0169053 0.000476981 1.8118e-06 3.81055e-05 0.0161696 0 12.54490375518799 13.69055843353271 27.5504322052002
0.999647 1.00168 0.643422 0.0727176 0.0558264 0.0168912 0.00050285 1.56654e-06 3.80183e-05 0.01572 0 12.54523372650146 13.69350719451904 27.91317176818848
0.999618 1.00173 0.643478 0.072087 0.0551994 0.0168875 0.000483545 1.83292e-06 4.00814e-05 0.0159519 0 12.54488754272461 13.69438552856445 27.59969902038574
0.999707 1.00171 0.64338 0.0732427 0.0563698 0.016873 0.000515628 1.07793e-06 3.92054e-05 0.0142602 0 12.54598903656006 13.69720458984375 28.18488883972168
0.999597 1.00166 0.643454 0.0719342 0.0550698 0.0168644 0.000477088 2.0361e-06 3.69471e-05 0.0164996 0 12.5446195602417 13.69945812225342 27.53489875793457
0.999633 1.00172 0.643458 0.0722177 0.0553645 0.0168532 0.000470523 1.68706e-06 3.9669e-05 0.0154879 0 12.54507827758789 13.70173835754395 27.6822624206543
0.999604 1.0017 0.643474 0.0721436 0.0553072 0.0168364 0.000496246 1.96808e-06 3.88119e-05 0.0155848 0 12.54470634460449 13.70547676086426 27.65360641479492
0.999599 1.00172 0.643494 0.071512 0.0546937 0.0168183 0.000478848 2.01431e-06 3.99176e-05 0.0167089 0 12.54464912414551 13.70938491821289 27.34684371948242
0.999643 1.00171 0.643442 0.0725874 0.0557861 0.0168014 0.000469833 1.60384e-06 3.91699e-05 0.015064 0 12.54519176483154 13.71289539337158 27.89304351806641
0.999614 1.00169 0.643456 0.071773 0.0549856 0.0167874 0.000468974 1.86772e-06 3.82558e-05 0.0168103 0 12.54484367370605 13.71602058410645 27.49278831481934
0.99963 1.00172 0.643459 0.0722847 0.0555142 0.0167705 0.000471268 1.71648e-06 3.95334e-05 0.0155557 0 12.54504585266113 13.71960926055908 27.75705528259277
0.999585 1.00171 0.643497 0.0716585 0.0548987 0.0167599 0.000466119 2.16271e-06 3.90984e-05 0.0172957 0 12.54444313049316 13.72206878662109 27.44930076599121
0.999583 1.00171 0.643501 0.0718869 0.0551418 0.016745 0.00047128 2.18287e-06 3.92568e-05 0.0170947 0 12.54443264007568 13.72527885437012 27.57092666625977
0.999568 1.00173 0.64353 0.071679 0.0549434 0.0167356 0.000462878 2.34365e-06 4.03482e-05 0.0176389 0 12.54426574707031 13.72738265991211 27.47170829772949
0.999622 1.00173 0.643473 0.0722509 0.0555322 0.0167187 0.000498109 1.79331e-06 3.99476e-05 0.0165909 0 12.54492950439453 13.7308292388916 27.76608467102051
0.999582 1.00169 0.64349 0.0719769 0.0552669 0.01671 0.000484089 2.18888e-06 3.84892e-05 0.0163914 0 12.54445648193359 13.73287582397461 27.63346481323242
0.999648 1.00169 0.643426 0.0725412 0.0558479 0.0166934 0.000468144 1.55342e-06 3.84642e-05 0.0153573 0 12.54525566101074 13.73623752593994 27.9239387512207
0.999594 1.00171 0.64349 0.0720442 0.0553658 0.0166785 0.000468737 2.06743e-06 3.92501e-05 0.0152201 0 12.54456329345703 13.73966312408447 27.68289184570312
0.999617 1.00172 0.643471 0.0718357 0.0551785 0.0166572 0.000523825 1.84265e-06 3.94953e-05 0.0162228 0 12.544846534729 13.7441873550415 27.58921813964844
0.99957 1.00172 0.643521 0.0717588 0.0551185 0.0166404 0.000466681 2.31522e-06 3.98639e-05 0.015932 0 12.54428100585938 13.74802207946777 27.55921745300293
0.999596 1.00171 0.643488 0.0718249 0.0551993 0.0166256 0.000476655 2.04699e-06 3.92513e-05 0.0158706 0 12.54461765289307 13.75112819671631 27.59963798522949
