A/A0 V/V0 Vr eb eb_bend eb_ad ea ega ev ek ee  h0 h1 h2
1 1.00032 0.642203 0.111098 0.0495561 0.0615419 0.000329511 0 1.33674e-06 1.89175e-08 0 12.54967498779297 7.076537132263184 24.77803230285645
1.0021 0.999983 0.639971 0.106563 0.049924 0.0566391 0.000749843 5.54299e-05 3.80882e-09 0.000720879 0 12.57604026794434 7.627517223358154 24.9620189666748
1.00231 0.999729 0.63961 0.103657 0.050372 0.0532854 0.00115469 6.68503e-05 9.86512e-07 0.0009443 0 12.57861614227295 8.027292251586914 25.18601226806641
1.00175 1.00014 0.640408 0.101559 0.050779 0.05078 0.00109344 3.84515e-05 2.63298e-07 0.00177753 0 12.57165145874023 8.33878231048584 25.38948440551758
1.00166 1.00011 0.640471 0.0994795 0.0508003 0.0486791 0.00170825 3.47024e-05 1.55789e-07 0.00242303 0 12.57053661346436 8.603413581848145 25.40015411376953
1.00179 0.999945 0.640243 0.0981677 0.0512934 0.0468743 0.00162323 4.03342e-05 3.98956e-08 0.00235228 0 12.57217216491699 8.834095001220703 25.64670181274414
1.00167 1.00002 0.640406 0.0968847 0.0516316 0.0452531 0.00155544 3.50678e-05 4.98909e-09 0.00362331 0 12.57064342498779 9.046548843383789 25.8157787322998
1.00156 1.00007 0.640539 0.0961151 0.0523533 0.0437619 0.00151407 3.0734e-05 5.93259e-08 0.00426095 0 12.56932163238525 9.245326042175293 26.17662048339844
1.00152 1.00009 0.640599 0.0948571 0.0524777 0.0423794 0.00192944 2.90288e-05 1.20233e-07 0.00456218 0 12.56876659393311 9.432275772094727 26.23886871337891
1.00144 1.00011 0.640685 0.0936156 0.0525039 0.0411117 0.00150354 2.59928e-05 1.53464e-07 0.00524154 0 12.56772613525391 9.60663890838623 26.25196075439453
1.00134 1.0002 0.640843 0.0928545 0.0529448 0.0399097 0.00201284 2.25062e-05 5.54169e-07 0.00498959 0 12.56648254394531 9.774574279785156 26.4724006652832
1.00122 1.00024 0.640982 0.0917429 0.0529911 0.0387518 0.00194796 1.86647e-05 7.76517e-07 0.00554697 0 12.56497669219971 9.93886661529541 26.49555587768555
1.00114 1.00026 0.641075 0.0900853 0.0524287 0.0376566 0.00198413 1.62144e-05 9.1851e-07 0.00599939 0 12.5639533996582 10.09635639190674 26.21431732177734
1.00106 1.00029 0.641166 0.0890544 0.0524144 0.03664 0.00183325 1.41156e-05 1.12589e-06 0.00662901 0 12.56299209594727 10.24456787109375 26.20718955993652
1.00102 1.00031 0.641215 0.088658 0.0529769 0.035681 0.00182495 1.31758e-05 1.31443e-06 0.00685266 0 12.56253337860107 10.38606643676758 26.48848533630371
1.0009 1.00041 0.641395 0.08809 0.0533224 0.0347676 0.00176766 1.01811e-05 2.22981e-06 0.00567817 0 12.5609712600708 10.52309131622314 26.66119003295898
1.00087 1.00044 0.641447 0.0867836 0.0528955 0.0338882 0.00159734 9.47016e-06 2.61276e-06 0.00661936 0 12.56057357788086 10.65625095367432 26.44774627685547
1.0008 1.00045 0.641514 0.0860955 0.0530688 0.0330267 0.00148284 8.11911e-06 2.70181e-06 0.00672288 0 12.55976867675781 10.78853893280029 26.53439331054688
1.00071 1.00047 0.641618 0.0851058 0.0529292 0.0321766 0.00148102 6.37955e-06 3.01386e-06 0.00779874 0 12.5586109161377 10.9209156036377 26.46458435058594
1.00066 1.00052 0.641702 0.0841787 0.0528182 0.0313605 0.00158656 5.46504e-06 3.69482e-06 0.00916892 0 12.55794715881348 11.04945755004883 26.40910148620605
1.0006 1.00058 0.641795 0.0837909 0.0532086 0.0305823 0.00162629 4.52016e-06 4.53518e-06 0.00825836 0 12.55719757080078 11.17361927032471 26.60429954528809
1.00053 1.00061 0.641883 0.0833328 0.0534788 0.029854 0.00152169 3.53678e-06 5.06558e-06 0.00881281 0 12.55632877349854 11.29136562347412 26.73940849304199
1.00048 1.00067 0.64197 0.0831452 0.0540008 0.0291444 0.00199152 2.85056e-06 6.0043e-06 0.00922699 0 12.55564975738525 11.40735626220703 27.00040054321289
1.00038 1.00071 0.642095 0.0818185 0.0533516 0.0284669 0.00230347 1.7775e-06 6.80839e-06 0.0104558 0 12.55440139770508 11.51964282989502 26.67580413818359
1.00032 1.00073 0.642158 0.0815487 0.0537263 0.0278224 0.00195502 1.30837e-06 7.14881e-06 0.0100051 0 12.55371761322021 11.62751960754395 26.86318206787109
1.0003 1.00075 0.642194 0.0810529 0.0538429 0.0272099 0.00168236 1.09446e-06 7.46184e-06 0.010278 0 12.55339622497559 11.73105525970459 26.92148399353027
1.00018 1.00082 0.642351 0.0805338 0.053919 0.0266148 0.0023554 4.15875e-07 9.03699e-06 0.0104622 0 12.55195426940918 11.83319091796875 26.95952033996582
1.00013 1.00082 0.642399 0.0796219 0.0535821 0.0260397 0.0018751 2.2724e-07 9.11244e-06 0.0114536 0 12.55136013031006 11.93267726898193 26.79107475280762
1.00008 1.00092 0.642516 0.0793666 0.0538655 0.0255011 0.00194978 7.9322e-08 1.14457e-05 0.010367 0 12.5506706237793 12.02689743041992 26.93274688720703
1.00006 1.00089 0.642518 0.0788309 0.0538466 0.0249843 0.00191915 3.90642e-08 1.06431e-05 0.00997649 0 12.55038642883301 12.11812019348145 26.92331695556641
0.999992 1.0009 0.642584 0.0779537 0.0534783 0.0244754 0.00194504 8.82434e-10 1.08023e-05 0.0104756 0 12.54958724975586 12.20902347564697 26.73915672302246
0.999986 1.001 0.642656 0.0779797 0.0539981 0.0239816 0.001883 2.33493e-09 1.34461e-05 0.0109213 0 12.54949188232422 12.29789257049561 26.9990062713623
0.999922 1.00103 0.642735 0.0772694 0.053749 0.0235204 0.00148817 7.71759e-08 1.41462e-05 0.0122595 0 12.54869079589844 12.38198184967041 26.87445831298828
0.999841 1.00107 0.64284 0.0768897 0.0538096 0.0230801 0.0020997 3.17124e-07 1.53585e-05 0.0128868 0 12.5476713180542 12.46310138702393 26.90479850769043
0.999762 1.00109 0.642928 0.0768208 0.0541629 0.0226579 0.00212038 7.10078e-07 1.59072e-05 0.0131784 0 12.54668235778809 12.5416431427002 27.08144950866699
0.999747 1.00112 0.642963 0.0764939 0.0542275 0.0222664 0.00188094 8.01629e-07 1.68646e-05 0.0144646 0 12.54650974273682 12.61486053466797 27.11373138427734
0.999785 1.00118 0.642967 0.0772502 0.055345 0.0219052 0.00181731 5.79821e-07 1.87833e-05 0.0141889 0 12.54698181152344 12.68275356292725 27.67250442504883
0.999795 1.00122 0.642978 0.07711 0.0555422 0.0215678 0.00150426 5.26529e-07 1.9825e-05 0.0141459 0 12.5471248626709 12.74680519104004 27.77115631103516
0.999734 1.00125 0.643061 0.0771093 0.0558593 0.0212501 0.00155102 8.87913e-07 2.10723e-05 0.0169636 0 12.54635524749756 12.80784893035889 27.9295825958252
0.999653 1.00127 0.643148 0.07638 0.0554088 0.0209712 0.00175022 1.51298e-06 2.15135e-05 0.0206572 0 12.54530143737793 12.86194896697998 27.70439529418945
0.999798 1.00131 0.643034 0.0784085 0.0577005 0.020708 0.001474 5.13573e-07 2.29141e-05 0.019933 0 12.54714584350586 12.91238212585449 28.85022735595703
0.99987 1.00138 0.643013 0.0795742 0.0590834 0.0204908 0.0015595 2.10763e-07 2.56957e-05 0.0183178 0 12.54803848266602 12.95448684692383 29.54171943664551
0.999792 1.00136 0.643073 0.0792813 0.0589858 0.0202955 0.00166795 5.43176e-07 2.47914e-05 0.0207476 0 12.54706287384033 12.99308681488037 29.49290084838867
0.999793 1.00141 0.643107 0.0785879 0.05846 0.0201279 0.00140069 5.35704e-07 2.67995e-05 0.0226678 0 12.54708099365234 13.02610301971436 29.22997856140137
0.999859 1.00143 0.643057 0.0799544 0.0599642 0.0199902 0.00147636 2.49805e-07 2.7607e-05 0.0214265 0 12.54790210723877 13.05306816101074 29.98210716247559
0.999858 1.00147 0.643081 0.0789203 0.0590222 0.0198981 0.00150449 2.53941e-07 2.90196e-05 0.02378 0 12.54789447784424 13.07134246826172 29.51106262207031
0.999846 1.00146 0.643085 0.0778887 0.0580663 0.0198224 0.00143918 2.98573e-07 2.85578e-05 0.0219133 0 12.54772567749023 13.08641052246094 29.03318023681641
0.999812 1.00148 0.643131 0.0771563 0.0573969 0.0197594 0.00128134 4.42575e-07 2.93531e-05 0.0241708 0 12.54733085632324 13.09910678863525 28.69844055175781
0.999905 1.00149 0.643048 0.0780921 0.0583744 0.0197178 0.00167416 1.1343e-07 2.97896e-05 0.023424 0 12.54847717285156 13.10702323913574 29.18716430664062
0.999886 1.00153 0.643095 0.0778501 0.0581511 0.0196989 0.00125518 1.62749e-07 3.15921e-05 0.0256593 0 12.54824542999268 13.11086654663086 29.07551956176758
0.999912 1.00152 0.643058 0.0776825 0.0579996 0.0196829 0.00118491 9.61297e-08 3.08534e-05 0.0264022 0 12.54859256744385 13.1139554977417 28.99978065490723
1.00009 1.00153 0.642895 0.0796284 0.059969 0.0196594 0.0011163 9.98526e-08 3.13383e-05 0.0224382 0 12.55079078674316 13.11795616149902 29.98450469970703
0.999974 1.00154 0.643017 0.0782097 0.0585597 0.01965 0.00104317 8.35419e-09 3.20306e-05 0.0241188 0 12.54933452606201 13.12030696868896 29.27985572814941
1.00003 1.00151 0.642936 0.0785064 0.0588702 0.0196362 0.00108956 1.46167e-08 3.05508e-05 0.0239634 0 12.55007648468018 13.12282466888428 29.43510055541992
0.999958 1.00155 0.643033 0.0778481 0.0582009 0.0196473 0.00120777 2.20892e-08 3.21046e-05 0.0234221 0 12.54915618896484 13.12090682983398 29.10042381286621
1.00001 1.0015 0.642957 0.0781542 0.05853 0.0196242 0.00104666 7.26214e-10 3.02669e-05 0.0235648 0 12.54976940155029 13.12530708312988 29.2650260925293
0.999996 1.00159 0.643025 0.0782836 0.0586522 0.0196315 0.000992069 1.54245e-10 3.39479e-05 0.0247312 0 12.54963302612305 13.12389469146729 29.32607650756836
1.00001 1.00154 0.642976 0.0778088 0.0581777 0.0196311 0.000988391 2.59122e-09 3.18917e-05 0.0250482 0 12.54985427856445 13.1238956451416 29.08886528015137
0.999993 1.00155 0.642999 0.0779299 0.0583149 0.019615 0.000932658 5.34513e-10 3.20871e-05 0.024165 0 12.54957008361816 13.12720108032227 29.15747451782227
1.00017 1.0015 0.642801 0.0802493 0.0606447 0.0196047 0.000901391 3.65795e-07 3.03683e-05 0.018977 0 12.55180549621582 13.12858390808105 30.32234191894531
1.00003 1.00153 0.642953 0.0782544 0.058647 0.0196074 0.000873524 9.0858e-09 3.12098e-05 0.0248211 0 12.55001354217529 13.12858200073242 29.32353591918945
0.999955 1.00151 0.643014 0.0771963 0.0575778 0.0196185 0.000890415 2.5689e-08 3.06565e-05 0.0269549 0 12.54911518096924 13.12665939331055 28.78889274597168
1.00005 1.00154 0.642945 0.0783132 0.0587064 0.0196068 0.000901857 2.63815e-08 3.18858e-05 0.0228723 0 12.55023956298828 13.12865447998047 29.35325241088867
1.00008 1.0015 0.642889 0.0786375 0.059039 0.0195985 0.000855299 7.5903e-08 3.02293e-05 0.0200856 0 12.55063343048096 13.1301851272583 29.51948547363281
1.00007 1.00152 0.642903 0.0787962 0.0592054 0.0195908 0.000954596 6.91463e-08 3.09507e-05 0.020246 0 12.55060291290283 13.13173770904541 29.60266494750977
1.00011 1.00154 0.642882 0.0793168 0.0597354 0.0195814 0.000860151 1.58361e-07 3.19561e-05 0.0197735 0 12.5510721206665 13.13345813751221 29.86767578125
0.999949 1.00152 0.643022 0.076584 0.0569909 0.0195932 0.000822599 3.2658e-08 3.08098e-05 0.0246944 0 12.54903507232666 13.13174247741699 28.49539566040039
0.999997 1.00154 0.642994 0.0776686 0.0580773 0.0195913 0.000830166 8.53009e-11 3.20012e-05 0.0236481 0 12.54964923858643 13.13193225860596 29.03864097595215
1.0001 1.00149 0.642855 0.0786318 0.059058 0.0195738 0.000814236 1.34079e-07 2.96828e-05 0.021273 0 12.55098056793213 13.13502025604248 29.52902984619141
0.999988 1.00151 0.642984 0.0775783 0.057996 0.0195822 0.000798668 1.90664e-09 3.07689e-05 0.0235695 0 12.54951858520508 13.1337947845459 28.99799919128418
0.999944 1.00154 0.643045 0.0768025 0.0572137 0.0195887 0.000786442 3.8767e-08 3.20096e-05 0.0252026 0 12.54896068572998 13.13265419006348 28.60689735412598
1.00002 1.00154 0.642973 0.077547 0.0579628 0.0195842 0.000817669 3.34542e-09 3.1799e-05 0.0238019 0 12.54986572265625 13.13328838348389 28.98143196105957
1.00002 1.00151 0.642949 0.0776591 0.0580824 0.0195767 0.000802845 5.03975e-09 3.05476e-05 0.0239582 0 12.5499382019043 13.13476181030273 29.04122924804688
0.999888 1.00152 0.643086 0.0759775 0.0563989 0.0195786 0.000802533 1.57754e-07 3.11462e-05 0.0270167 0 12.54825973510742 13.13491630554199 28.1994686126709
1.00006 1.00153 0.642923 0.0779735 0.058399 0.0195745 0.000965736 4.56747e-08 3.13609e-05 0.0224151 0 12.55043029785156 13.13504695892334 29.19945907592773
1 1.00152 0.642979 0.0773601 0.0577941 0.019566 0.000886884 3.02388e-12 3.12066e-05 0.0246865 0 12.5496826171875 13.13700199127197 28.89704513549805
0.99998 1.00151 0.642988 0.0769262 0.0573541 0.019572 0.000836741 5.03999e-09 3.05503e-05 0.0239237 0 12.54943084716797 13.1358642578125 28.67709732055664
1.00001 1.00151 0.642961 0.0773267 0.0577653 0.0195613 0.000864655 9.7729e-10 3.06275e-05 0.0234593 0 12.54977607727051 13.13787364959717 28.88266372680664
1.00006 1.00152 0.642916 0.0781496 0.0586047 0.0195448 0.000880367 5.20633e-08 3.11729e-05 0.0220259 0 12.55047130584717 13.14100074768066 29.3023509979248
0.999955 1.00154 0.643033 0.0766801 0.0571138 0.0195663 0.000932803 2.52779e-08 3.19212e-05 0.0239691 0 12.54909420013428 13.13712120056152 28.55687713623047
0.99999 1.00153 0.642994 0.0774528 0.0578947 0.0195581 0.000852104 1.18551e-09 3.15901e-05 0.0229143 0 12.54953956604004 13.13864231109619 28.94733810424805
1.00003 1.00154 0.642957 0.0782425 0.0587018 0.0195407 0.000867524 1.29918e-08 3.177e-05 0.0210013 0 12.55009078979492 13.14192008972168 29.35088539123535
1.00001 1.00153 0.642974 0.0772087 0.0576539 0.0195548 0.000829515 4.03419e-10 3.12175e-05 0.024901 0 12.54973793029785 13.1392068862915 28.82692718505859
1.00006 1.00155 0.64294 0.078514 0.0589645 0.0195495 0.000829783 3.83012e-08 3.21372e-05 0.0228031 0 12.550368309021 13.14007186889648 29.48226356506348
0.999956 1.00151 0.643013 0.0761817 0.0566377 0.019544 0.000793498 2.47677e-08 3.0655e-05 0.0254617 0 12.54911422729492 13.14156627655029 28.31885147094727
1 1.00151 0.642963 0.0773318 0.0577887 0.0195431 0.000785425 1.35231e-10 3.04045e-05 0.0232318 0 12.54971027374268 13.14155387878418 28.89434051513672
0.999981 1.00155 0.643013 0.0769394 0.0573941 0.0195453 0.000850564 4.36883e-09 3.22107e-05 0.0234016 0 12.54944705963135 13.1412181854248 28.69705200195312
0.999993 1.00151 0.642978 0.0769639 0.0574219 0.019542 0.000810084 6.38528e-10 3.06819e-05 0.0232002 0 12.54959201812744 13.14183902740479 28.7109546661377
0.999957 1.0015 0.643003 0.0765275 0.0569874 0.0195401 0.000835239 2.33705e-08 3.00872e-05 0.0246252 0 12.5491361618042 13.14233684539795 28.49365425109863
0.999975 1.00152 0.642997 0.0769566 0.0574316 0.019525 0.000832803 8.15389e-09 3.08012e-05 0.0235937 0 12.54935264587402 13.14531135559082 28.71584129333496
0.99998 1.00152 0.642998 0.0766853 0.0571523 0.019533 0.000792639 4.91534e-09 3.11725e-05 0.0238351 0 12.5494327545166 13.14368629455566 28.57614517211914
0.999966 1.00155 0.643027 0.0763345 0.0568094 0.0195251 0.000779306 1.48008e-08 3.21867e-05 0.0240866 0 12.54923725128174 13.14531993865967 28.40469360351562
1.00008 1.00155 0.642922 0.0777558 0.058236 0.0195199 0.000782208 7.11304e-08 3.22202e-05 0.0207987 0 12.55060958862305 13.14593601226807 29.11799049377441
1.00001 1.00154 0.64298 0.0771962 0.0576752 0.0195211 0.000774256 1.5009e-09 3.19419e-05 0.0220626 0 12.54981517791748 13.14595508575439 28.83761024475098
1.00002 1.00152 0.642955 0.0768788 0.0573542 0.0195246 0.000767303 4.29951e-09 3.08422e-05 0.0226956 0 12.54990863800049 13.14521312713623 28.6771411895752
0.999929 1.00153 0.643051 0.0760827 0.0565636 0.019519 0.000742211 6.31299e-08 3.14217e-05 0.0232721 0 12.54880046844482 13.14669418334961 28.28181266784668
1.00001 1.00153 0.64298 0.0765237 0.0570046 0.0195191 0.000726548 3.64809e-10 3.1594e-05 0.0219538 0 12.54973602294922 13.14636707305908 28.50227165222168
0.999987 1.00151 0.642981 0.0768559 0.0573464 0.0195094 0.000734841 2.20415e-09 3.05481e-05 0.0217252 0 12.54950428009033 13.14836692810059 28.67323684692383
0.99999 1.00152 0.642985 0.0768323 0.0573168 0.0195155 0.000717977 1.31571e-09 3.09269e-05 0.0217854 0 12.54954051971436 13.14713478088379 28.65841102600098
0.999976 1.00156 0.643026 0.0763217 0.0568026 0.019519 0.000727475 7.08887e-09 3.27902e-05 0.0229516 0 12.5493803024292 13.14649105072021 28.40131950378418
1.00003 1.00149 0.642933 0.0768751 0.0573605 0.0195146 0.000715419 8.19751e-09 2.98361e-05 0.0211138 0 12.54999923706055 13.14717483520508 28.68022727966309
0.999947 1.00155 0.643047 0.0761713 0.0566588 0.0195126 0.000695148 3.5496e-08 3.22877e-05 0.0223612 0 12.54901123046875 13.14791297912598 28.32939720153809
0.999996 1.00153 0.642985 0.0764867 0.0569678 0.019519 0.000764872 2.20687e-10 3.12982e-05 0.0202481 0 12.54963397979736 13.14641857147217 28.48390960693359
0.999993 1.00149 0.642962 0.0762453 0.0567365 0.0195087 0.000726347 6.60363e-10 2.96822e-05 0.0224723 0 12.54956912994385 13.14847660064697 28.36829376220703
0.999869 1.00152 0.643104 0.0754261 0.0559026 0.0195235 0.000725941 2.16571e-07 3.11251e-05 0.0250204 0 12.5480260848999 13.14603137969971 27.95132064819336
1.00011 1.00151 0.642861 0.0778681 0.0583548 0.0195133 0.000708526 1.52144e-07 3.04346e-05 0.0193139 0 12.55105590820312 13.14712238311768 29.17741203308105
1.00009 1.00152 0.64289 0.0779752 0.058465 0.0195101 0.000797254 1.02444e-07 3.11117e-05 0.019442 0 12.55080795288086 13.1478443145752 29.23250389099121
1.00001 1.00153 0.642972 0.0771265 0.0576155 0.019511 0.000721289 2.50384e-09 3.16072e-05 0.0211182 0 12.54986476898193 13.14796352386475 28.80772399902344
1.00006 1.00151 0.642914 0.0772038 0.0577007 0.0195031 0.000777309 4.0884e-08 3.05445e-05 0.0210141 0 12.55037117004395 13.14937114715576 28.85032844543457
0.999993 1.00152 0.642985 0.0763278 0.0568165 0.0195113 0.000746859 6.38178e-10 3.11785e-05 0.0224328 0 12.54959583282471 13.14797019958496 28.40826606750488
1 1.00151 0.642967 0.0766274 0.0571167 0.0195107 0.000720207 2.67087e-10 3.07468e-05 0.0212462 0 12.54974174499512 13.14804458618164 28.55832099914551
0.999988 1.00152 0.642988 0.0765949 0.057085 0.0195099 0.00075711 1.91932e-09 3.10479e-05 0.0218686 0 12.54952526092529 13.14829063415527 28.54248046875
0.999943 1.00154 0.643046 0.0756405 0.056128 0.0195125 0.000721212 4.1397e-08 3.19635e-05 0.0233352 0 12.5489559173584 13.14794540405273 28.06397819519043
0.9999 1.00154 0.643084 0.0754133 0.055903 0.0195103 0.000718767 1.26729e-07 3.17276e-05 0.0233134 0 12.5484037399292 13.14857196807861 27.9515209197998
0.999986 1.0015 0.642975 0.0766178 0.0571147 0.0195031 0.000714553 2.29638e-09 3.01008e-05 0.020379 0 12.54952144622803 13.14963150024414 28.55732917785645
1.00002 1.00152 0.642954 0.0769804 0.0574772 0.0195033 0.00069645 7.6133e-09 3.11126e-05 0.0197383 0 12.54997634887695 13.14946842193604 28.73858451843262
0.999967 1.00154 0.643018 0.0759192 0.0564184 0.0195008 0.000686895 1.3577e-08 3.16442e-05 0.0219083 0 12.54927349090576 13.15018844604492 28.20920181274414
0.999977 1.00151 0.642994 0.0755671 0.0560652 0.019502 0.000700455 6.72742e-09 3.07419e-05 0.0209472 0 12.54937744140625 13.14991855621338 28.03259086608887
0.999935 1.00154 0.643049 0.0756699 0.0561663 0.0195035 0.000718184 5.30897e-08 3.16528e-05 0.0216549 0 12.54887866973877 13.14975643157959 28.08318138122559
0.999982 1.00152 0.642992 0.0761637 0.0566685 0.0194952 0.000694967 4.15872e-09 3.09045e-05 0.0201028 0 12.54944801330566 13.15125370025635 28.33425140380859
1.00005 1.00148 0.642901 0.0774153 0.0579283 0.0194869 0.000685833 3.6043e-08 2.95585e-05 0.0193736 0 12.55035400390625 13.15262889862061 28.96415710449219
1.00001 1.00153 0.642969 0.0764569 0.0569616 0.0194953 0.000680513 1.50626e-09 3.12531e-05 0.021325 0 12.54981422424316 13.15109539031982 28.48078536987305
0.999959 1.00153 0.643021 0.0760085 0.0565149 0.0194936 0.000663991 2.10387e-08 3.13611e-05 0.0211696 0 12.54915904998779 13.15165519714355 28.2574520111084
1.00004 1.00154 0.642949 0.0765881 0.0570967 0.0194914 0.000685196 1.88148e-08 3.16723e-05 0.0193936 0 12.55016613006592 13.15179061889648 28.54833602905273
0.999949 1.00155 0.643045 0.0757044 0.0562066 0.0194978 0.000672936 3.24622e-08 3.2321e-05 0.0226957 0 12.54902267456055 13.15085315704346 28.10329818725586
1 1.00153 0.642985 0.0764565 0.0569607 0.0194958 0.000715605 2.79203e-15 3.16171e-05 0.0209863 0 12.54966640472412 13.1510591506958 28.48038864135742
1.00004 1.00152 0.642941 0.0768045 0.0573143 0.0194902 0.000753314 1.79407e-08 3.11247e-05 0.0193578 0 12.55014801025391 13.15203475952148 28.65716171264648
0.999975 1.00152 0.643003 0.076137 0.0566535 0.0194835 0.000819902 7.66945e-09 3.11945e-05 0.0208217 0 12.54936599731445 13.15362739562988 28.32675552368164
1.00003 1.00153 0.642949 0.076525 0.0570422 0.0194828 0.000720024 1.24379e-08 3.12465e-05 0.019316 0 12.55006313323975 13.15353393554688 28.52108764648438
1.00003 1.00154 0.64296 0.076847 0.0573618 0.0194852 0.000717297 1.31139e-08 3.19665e-05 0.0191151 0 12.55007266998291 13.15305709838867 28.6809196472168
0.999967 1.00155 0.643025 0.0758783 0.0563911 0.0194872 0.000720991 1.36905e-08 3.21398e-05 0.0210935 0 12.54928684234619 13.15289402008057 28.19553184509277
0.999896 1.0016 0.643127 0.0756526 0.0561661 0.0194866 0.000785558 1.362e-07 3.42776e-05 0.0222206 0 12.54837894439697 13.15330696105957 28.08301544189453
1.00009 1.00151 0.642883 0.0775284 0.0580532 0.0194752 0.000754367 1.07763e-07 3.07989e-05 0.0189937 0 12.55084609985352 13.15482044219971 29.02657508850098
