A/A0 V/V0 Vr eb eb_bend eb_ad ea ega ev ek ee  h0 h1 h2
1 1.00092 0.642589 0.109093 0.0496849 0.0594082 0.000367957 0 1.12357e-05 1.76331e-08 0 12.5019588470459 7.345518589019775 24.84242057800293
1.00212 1.00017 0.640077 0.106278 0.049729 0.056549 0.000658612 5.60226e-05 3.94096e-07 6.11026e-05 0 12.50900077819824 7.378024578094482 24.81570434570312
1.00163 1.00052 0.640767 0.104492 0.0497766 0.0547149 0.000786602 3.30741e-05 3.54229e-06 2.71173e-05 0 12.50922966003418 7.407123565673828 24.81620597839355
1.00188 1.00019 0.640311 0.102861 0.0498791 0.0529818 0.00127049 4.4412e-05 4.85034e-07 3.05053e-05 0 12.51205062866211 7.436448574066162 24.82226371765137
1.00189 1.00009 0.640238 0.101597 0.0499395 0.0516571 0.00143738 4.48776e-05 1.10678e-07 3.13725e-05 0 12.51478862762451 7.464591026306152 24.83042526245117
1.00179 1.00016 0.640383 0.100545 0.0499951 0.0505503 0.00149947 4.00911e-05 3.47165e-07 0.000117805 0 12.51767063140869 7.492044448852539 24.83699989318848
1.00185 1.00006 0.640263 0.0995881 0.0500362 0.0495519 0.0015698 4.27808e-05 5.22215e-08 3.2044e-05 0 12.52056884765625 7.518700122833252 24.84804725646973
1.00181 1.00002 0.640273 0.0987312 0.0501223 0.0486089 0.00197228 4.10701e-05 6.63751e-09 4.60619e-05 0 12.52321338653564 7.543917179107666 24.84937858581543
1.00172 1.00007 0.640393 0.0977756 0.0501334 0.0476422 0.00210742 3.67928e-05 5.67204e-08 6.78029e-05 0 12.52527141571045 7.568053245544434 24.85814094543457
1.00169 1.00007 0.64042 0.0969772 0.0502338 0.0467434 0.00204644 3.55826e-05 5.63745e-08 3.6948e-05 0 12.52688217163086 7.590994834899902 24.86293601989746
1.00169 1.00004 0.6404 0.0960515 0.0501556 0.0458958 0.00191254 3.59049e-05 2.57046e-08 5.69309e-05 0 12.52802562713623 7.612925052642822 24.86584281921387
1.00142 1.00012 0.640711 0.0953101 0.0502616 0.0450485 0.00333808 2.52454e-05 1.91613e-07 8.18449e-05 0 12.52842617034912 7.663416385650635 24.8644962310791
1.00137 1.00019 0.640804 0.0946062 0.0502877 0.0443185 0.00334437 2.34763e-05 4.7938e-07 7.39915e-05 0 12.52229881286621 7.884209632873535 24.8882884979248
1.00146 1.00008 0.640649 0.093732 0.0501579 0.0435741 0.00228077 2.66152e-05 8.64474e-08 7.80669e-05 0 12.52552318572998 8.091503143310547 24.93954086303711
1.00139 1.00007 0.640708 0.0930511 0.0502615 0.0427895 0.00270525 2.4173e-05 6.56799e-08 0.000120106 0 12.52564430236816 8.253477096557617 24.96975898742676
1.0014 1.00015 0.640749 0.0922359 0.0502015 0.0420344 0.00217626 2.45173e-05 2.94516e-07 6.56828e-05 0 12.52434825897217 8.391122817993164 24.99751663208008
1.00133 1.00016 0.640821 0.091426 0.0501207 0.0413053 0.00203689 2.21997e-05 3.41676e-07 6.36804e-05 0 12.52508735656738 8.515615463256836 25.01810455322266
1.0012 1.0002 0.640973 0.0906627 0.0500937 0.0405689 0.00268248 1.80889e-05 5.43345e-07 0.000110481 0 12.52462100982666 8.63493824005127 25.0611686706543
1.0011 1.00022 0.641084 0.0898926 0.0500948 0.0397978 0.00236815 1.51167e-05 6.47632e-07 0.000102207 0 12.52341175079346 8.758817672729492 25.06669425964355
1.00107 1.00031 0.641171 0.0891651 0.0500448 0.0391203 0.0018473 1.43035e-05 1.29927e-06 3.86253e-05 0 12.52304935455322 8.874741554260254 25.11688995361328
1.00107 1.00029 0.641163 0.0884951 0.0500714 0.0384237 0.00237073 1.42099e-05 1.15211e-06 9.61321e-05 0 12.52315139770508 8.984885215759277 25.07781982421875
1.00103 1.00029 0.641196 0.0877735 0.0500009 0.0377726 0.00207874 1.32711e-05 1.13146e-06 4.17283e-05 0 12.51973438262939 9.097664833068848 25.13082313537598
1.00099 1.00035 0.641277 0.087055 0.0499089 0.0371461 0.0020952 1.21332e-05 1.63239e-06 0.000147675 0 12.51909065246582 9.194568634033203 25.14386177062988
1.00091 1.0003 0.641318 0.0864209 0.0499096 0.0365113 0.0023685 1.02655e-05 1.17175e-06 3.54966e-05 0 12.5202054977417 9.293388366699219 25.0789623260498
1.00064 1.00046 0.641675 0.0858131 0.0499255 0.0358876 0.00434494 5.13368e-06 2.76505e-06 0.0001584 0 12.51933574676514 9.399392127990723 25.13076972961426
1.00068 1.00043 0.641622 0.0852359 0.0498861 0.0353499 0.00300213 5.80036e-06 2.49893e-06 4.83271e-05 0 12.51946067810059 9.501907348632812 25.10078239440918
1.0007 1.00045 0.641612 0.084533 0.0497498 0.0347832 0.00279634 6.13257e-06 2.65919e-06 0.000105843 0 12.51861667633057 9.602206230163574 25.06037139892578
1.00068 1.00046 0.641644 0.0839671 0.0497366 0.0342304 0.00272497 5.75957e-06 2.86371e-06 4.69949e-05 0 12.51699447631836 9.704731941223145 25.04687309265137
1.00068 1.00046 0.64164 0.083362 0.0496746 0.0336874 0.00232199 5.78676e-06 2.82032e-06 1.86855e-05 0 12.51570606231689 9.812905311584473 25.04738807678223
1.00061 1.00051 0.641743 0.0827812 0.0496299 0.0331512 0.00259144 4.60583e-06 3.46233e-06 7.11032e-05 0 12.51533985137939 9.908452987670898 25.02239418029785
1.00058 1.00048 0.641749 0.0821736 0.0495364 0.0326372 0.00241952 4.22728e-06 3.08374e-06 2.26593e-05 0 12.51529026031494 10.00743865966797 25.03571319580078
1.00056 1.0005 0.641777 0.0816002 0.0494484 0.0321518 0.00221474 3.949e-06 3.28636e-06 1.15979e-05 0 12.51484489440918 10.10090923309326 25.00044250488281
1.00047 1.00056 0.641905 0.0811081 0.0494201 0.031688 0.00233788 2.75446e-06 4.12404e-06 6.52934e-05 0 12.51427555084229 10.1916971206665 24.9544563293457
1.00043 1.00057 0.641951 0.0805858 0.0493786 0.0312072 0.00262981 2.29766e-06 4.27569e-06 4.95767e-05 0 12.51329231262207 10.28463268280029 24.95479583740234
1.00038 1.00057 0.642007 0.0800049 0.049271 0.0307339 0.00254581 1.75899e-06 4.38749e-06 4.11507e-05 0 12.50996971130371 10.37769603729248 24.96272277832031
1.00033 1.00064 0.642094 0.0794999 0.0492135 0.0302864 0.00228606 1.34725e-06 5.43572e-06 7.17776e-05 0 12.51048183441162 10.4571704864502 24.94303512573242
1.00034 1.00064 0.642087 0.0789715 0.0491232 0.0298483 0.00201554 1.4185e-06 5.47219e-06 1.0292e-05 0 12.51070880889893 10.54168319702148 24.87489891052246
1.00028 1.00061 0.642123 0.0784839 0.0490776 0.0294063 0.00190877 9.77314e-07 4.99009e-06 9.6247e-05 0 12.51044750213623 10.62499904632568 24.86830902099609
1.00015 1.00074 0.642332 0.0780375 0.0490601 0.0289774 0.00268515 2.84736e-07 7.37876e-06 0.000131648 0 12.51046276092529 10.70739841461182 24.83730125427246
1.00019 1.00071 0.642274 0.0775078 0.0489504 0.0285574 0.00210286 4.44712e-07 6.7282e-06 7.44113e-05 0 12.50954532623291 10.78978252410889 24.81496810913086
1.00015 1.00081 0.642376 0.0770819 0.0489428 0.0281391 0.0020895 2.70214e-07 8.6757e-06 7.15945e-05 0 12.50922966003418 10.86914825439453 24.76819229125977
1.00016 1.00075 0.642323 0.0765381 0.0487959 0.0277421 0.0020675 3.38189e-07 7.49555e-06 0.000115957 0 12.50898456573486 10.94465351104736 24.72419548034668
1.00012 1.00076 0.64237 0.0760913 0.048714 0.0273773 0.00196497 1.81242e-07 7.6456e-06 5.81467e-05 0 12.50782871246338 11.0177116394043 24.71005058288574
1.00013 1.00077 0.64237 0.0758496 0.048845 0.0270047 0.00384208 2.0659e-07 7.90821e-06 0.000216026 0 12.50731372833252 11.09371757507324 24.68930053710938
1 1.00075 0.642481 0.0752108 0.048578 0.0266328 0.00286139 2.42494e-12 7.47117e-06 0.000126882 0 12.50665187835693 11.16917514801025 24.6354923248291
0.999993 1.00085 0.642554 0.074737 0.0484522 0.0262848 0.00216241 6.8308e-10 9.67509e-06 2.54552e-05 0 12.50606918334961 11.24103927612305 24.60676002502441
0.999975 1.00083 0.64256 0.0743325 0.0483995 0.0259331 0.00197944 8.05332e-09 9.27869e-06 4.19554e-05 0 12.50616455078125 11.3116340637207 24.56160545349121
0.99994 1.00089 0.642628 0.0738653 0.0482649 0.0256004 0.0019516 4.47187e-08 1.05242e-05 1.64873e-05 0 12.50546169281006 11.38368606567383 24.53880310058594
0.999897 1.00091 0.642686 0.0734746 0.0481918 0.0252828 0.00206975 1.31892e-07 1.11507e-05 1.36309e-05 0 12.50384712219238 11.45448017120361 24.53005790710449
0.999814 1.00102 0.642832 0.0731123 0.0481425 0.0249698 0.00240232 4.32658e-07 1.37797e-05 7.25498e-05 0 12.50430488586426 11.52353382110596 24.47518348693848
0.999825 1.00095 0.642781 0.0727405 0.0480873 0.0246533 0.00185325 3.83423e-07 1.21169e-05 4.07897e-05 0 12.50379657745361 11.59318828582764 24.47139549255371
0.999767 1.00099 0.642863 0.0722648 0.0479253 0.0243395 0.00192022 6.76479e-07 1.31879e-05 3.63199e-05 0 12.50401401519775 11.65949440002441 24.39797210693359
0.999736 1.00094 0.642856 0.0719103 0.0478846 0.0240257 0.00232045 8.73974e-07 1.17106e-05 4.20531e-05 0 12.50346851348877 11.72113418579102 24.35698699951172
0.999662 1.00102 0.642979 0.0715242 0.0477771 0.0237471 0.00225781 1.42826e-06 1.38195e-05 3.77831e-05 0 12.50356006622314 11.78426361083984 24.42248153686523
0.999652 1.00103 0.642998 0.071104 0.047645 0.023459 0.0020271 1.51324e-06 1.42197e-05 1.32938e-05 0 12.50195693969727 11.84833908081055 24.28902816772461
0.999584 1.00109 0.643103 0.0707949 0.0475973 0.0231976 0.00199341 2.16224e-06 1.5951e-05 0.000103991 0 12.50187110900879 11.90817165374756 24.22611618041992
0.999562 1.0011 0.643131 0.0704887 0.0475493 0.0229394 0.00209261 2.39299e-06 1.62591e-05 3.84093e-05 0 12.50163269042969 11.96909618377686 24.19972610473633
0.999572 1.00113 0.643137 0.0701305 0.0474464 0.0226842 0.00185989 2.29012e-06 1.69599e-05 8.27769e-05 0 12.50120544433594 12.02717876434326 24.13245582580566
0.999521 1.00114 0.643192 0.0697348 0.0472934 0.0224414 0.00206902 2.87377e-06 1.72254e-05 0.000180715 0 12.50067234039307 12.08301544189453 24.09587478637695
0.999515 1.00116 0.643214 0.0693921 0.0471813 0.0222108 0.00193142 2.93685e-06 1.80353e-05 5.43238e-05 0 12.4996337890625 12.13859462738037 24.07126235961914
0.99952 1.0012 0.643235 0.0690966 0.0471095 0.0219871 0.00169272 2.877e-06 1.92811e-05 1.57567e-05 0 12.49977207183838 12.19471263885498 24.04363822937012
0.999551 1.00122 0.643216 0.0687945 0.0470276 0.021767 0.00218499 2.52035e-06 1.9833e-05 8.58929e-05 0 12.49904155731201 12.25100326538086 23.9626636505127
0.999442 1.00121 0.643314 0.0684881 0.0469247 0.0215634 0.0019612 3.89015e-06 1.94653e-05 2.54185e-05 0 12.49866104125977 12.30753707885742 23.94229316711426
0.999376 1.00125 0.643405 0.0682116 0.0468419 0.0213696 0.00209623 4.86435e-06 2.08783e-05 0.000107899 0 12.49773502349854 12.35823249816895 23.88854789733887
0.999404 1.00128 0.643397 0.06792 0.0467442 0.0211758 0.00171381 4.44137e-06 2.18554e-05 1.21767e-05 0 12.49761295318604 12.41068077087402 23.82250785827637
0.999413 1.00129 0.643392 0.0677221 0.0467259 0.0209962 0.00199727 4.30342e-06 2.2062e-05 8.95894e-05 0 12.49676418304443 12.45881175994873 23.79866218566895
0.999337 1.00131 0.643482 0.0675041 0.0466751 0.020829 0.00281536 5.49852e-06 2.29249e-05 0.000119263 0 12.49648284912109 12.50641441345215 23.77464485168457
0.999386 1.00135 0.643457 0.0672317 0.0465504 0.0206813 0.00207306 4.71973e-06 2.41793e-05 1.62606e-05 0 12.49660873413086 12.55359840393066 23.72319602966309
0.999344 1.00132 0.643481 0.0671206 0.0465762 0.0205445 0.00215528 5.38526e-06 2.32528e-05 6.99712e-05 0 12.49596881866455 12.59899044036865 23.64669418334961
0.999337 1.00139 0.643531 0.0669078 0.0464756 0.0204322 0.00241455 5.50108e-06 2.56663e-05 8.37079e-05 0 12.49590682983398 12.64213466644287 23.59066009521484
0.999345 1.00134 0.643491 0.0667233 0.0464247 0.0202987 0.0033636 5.35871e-06 2.38872e-05 8.45491e-05 0 12.49596118927002 12.684157371521 23.55472755432129
0.999273 1.00142 0.643611 0.0665947 0.0463988 0.0201959 0.00295962 6.59867e-06 2.68173e-05 8.24672e-05 0 12.49635028839111 12.72563648223877 23.5137767791748
0.999346 1.00146 0.643571 0.0664839 0.0463867 0.0200972 0.00230331 5.34272e-06 2.86245e-05 3.78595e-05 0 12.49497509002686 12.76471424102783 23.46236228942871
0.999367 1.00148 0.643559 0.0663429 0.04632 0.020023 0.00197056 5.01228e-06 2.90542e-05 4.91299e-05 0 12.49416446685791 12.8019495010376 23.42095756530762
0.999419 1.00149 0.643518 0.06634 0.046384 0.019956 0.00175874 4.22067e-06 2.96367e-05 4.47998e-05 0 12.49450874328613 12.83898735046387 23.37210083007812
0.999394 1.00151 0.643555 0.0662989 0.0463863 0.0199126 0.00230265 4.59625e-06 3.0427e-05 7.98567e-05 0 12.49462795257568 12.87349891662598 23.3629264831543
0.999457 1.00152 0.6435 0.0662717 0.0463975 0.0198742 0.0018727 3.68778e-06 3.08361e-05 3.70204e-05 0 12.49367237091064 12.90614032745361 23.33756256103516
0.999344 1.00159 0.643654 0.0662756 0.0464258 0.0198498 0.00221724 5.37775e-06 3.37672e-05 4.40873e-05 0 12.49428272247314 12.93458557128906 23.27518463134766
0.999476 1.00154 0.643491 0.0661841 0.0463594 0.0198247 0.00219858 3.42835e-06 3.14514e-05 7.85451e-05 0 12.49375057220459 12.96137237548828 23.28807640075684
0.999513 1.00155 0.643467 0.0662173 0.0464102 0.019807 0.00198335 2.97034e-06 3.21313e-05 6.40358e-05 0 12.49366664886475 12.98332023620605 23.23778915405273
0.999572 1.00153 0.643395 0.0661886 0.0463902 0.0197984 0.00201023 2.29114e-06 3.12345e-05 3.14313e-05 0 12.4937744140625 13.00944232940674 23.21233367919922
0.999597 1.00152 0.643364 0.0661946 0.0464093 0.0197853 0.00168993 2.03364e-06 3.07381e-05 9.87613e-06 0 12.49287891387939 13.0299015045166 23.19937324523926
0.999597 1.00155 0.643381 0.0661748 0.0463917 0.0197831 0.00159265 2.0344e-06 3.18509e-05 4.68389e-05 0 12.49377822875977 13.04905700683594 23.1933479309082
0.999606 1.00152 0.643355 0.0661897 0.04641 0.0197797 0.00146315 1.93872e-06 3.07822e-05 4.11642e-05 0 12.49404621124268 13.06360912322998 23.15998077392578
0.999632 1.00151 0.643324 0.0662933 0.0465189 0.0197745 0.00138873 1.69685e-06 3.03586e-05 0.000101092 0 12.49469661712646 13.07662868499756 23.19199752807617
0.999621 1.00154 0.643355 0.0661535 0.0463794 0.019774 0.00135544 1.79621e-06 3.16939e-05 0.000123798 0 12.4943790435791 13.0853385925293 23.19316101074219
0.999621 1.00153 0.643347 0.066163 0.0463911 0.0197719 0.00127924 1.79308e-06 3.1212e-05 2.77307e-05 0 12.49517440795898 13.09267902374268 23.19871520996094
0.999638 1.00155 0.643342 0.0661557 0.0463868 0.0197689 0.00140012 1.63893e-06 3.19066e-05 7.02304e-06 0 12.49376964569092 13.09796524047852 23.21291160583496
0.999643 1.00154 0.643332 0.066116 0.0463502 0.0197658 0.00121516 1.59057e-06 3.16052e-05 1.95965e-05 0 12.49541473388672 13.10243129730225 23.1796703338623
0.999646 1.00153 0.643326 0.0661151 0.0463497 0.0197654 0.00117211 1.56837e-06 3.1377e-05 2.9173e-05 0 12.49586486816406 13.10581111907959 23.20513343811035
0.999649 1.00153 0.643321 0.066141 0.0463767 0.0197643 0.00112663 1.54006e-06 3.12196e-05 1.77505e-05 0 12.49661064147949 13.10726070404053 23.19509506225586
0.999651 1.00154 0.643328 0.0661117 0.0463487 0.019763 0.0010836 1.52498e-06 3.17908e-05 5.06785e-05 0 12.49691200256348 13.10977363586426 23.20464134216309
0.999626 1.00153 0.643343 0.0661929 0.0464289 0.019764 0.00127815 1.74903e-06 3.12197e-05 8.17493e-05 0 12.49692440032959 13.11021041870117 23.19585418701172
0.999631 1.00155 0.643351 0.066155 0.0463923 0.0197627 0.00108586 1.70507e-06 3.20407e-05 0.000351409 0 12.49703407287598 13.1108570098877 23.20499229431152
0.999651 1.00154 0.643328 0.0662063 0.0464447 0.0197616 0.00109265 1.52216e-06 3.1824e-05 0.000119854 0 12.49734973907471 13.11178874969482 23.25942420959473
0.999664 1.00154 0.643311 0.0661252 0.0463684 0.0197568 0.00104455 1.4088e-06 3.15583e-05 8.68334e-05 0 12.49722003936768 13.11192321777344 23.18970680236816
0.999661 1.00154 0.643318 0.0661216 0.0463665 0.0197551 0.000962952 1.43461e-06 3.17717e-05 5.24847e-06 0 12.49723052978516 13.11233520507812 23.19554710388184
0.999663 1.00153 0.64331 0.0661323 0.0463785 0.0197538 0.000965245 1.41887e-06 3.13964e-05 1.90343e-05 0 12.49743556976318 13.11288547515869 23.19341468811035
0.999667 1.00151 0.64329 0.066121 0.0463719 0.0197491 0.00121465 1.38331e-06 3.0385e-05 3.93504e-05 0 12.49749755859375 13.11346912384033 23.17511177062988
0.999666 1.00154 0.643311 0.0661174 0.0463669 0.0197505 0.00106728 1.39144e-06 3.16622e-05 1.33854e-05 0 12.49753093719482 13.11354446411133 23.17484092712402
0.999616 1.00147 0.643312 0.0661312 0.0463779 0.0197533 0.00119425 1.84381e-06 2.86651e-05 4.69161e-05 0 12.4975700378418 13.11373710632324 23.1883716583252
0.999652 1.00155 0.643331 0.0661351 0.0463844 0.0197507 0.00103367 1.51289e-06 3.20409e-05 5.62707e-05 0 12.49759578704834 13.11399745941162 23.17434883117676
0.999646 1.00154 0.643328 0.0661141 0.0463644 0.0197497 0.00119749 1.56987e-06 3.14462e-05 4.91148e-05 0 12.49728870391846 13.1138973236084 23.21443748474121
0.999623 1.00154 0.643354 0.0661036 0.0463527 0.0197509 0.00113806 1.77854e-06 3.17438e-05 2.6512e-05 0 12.49734497070312 13.11413192749023 23.19612693786621
0.999641 1.00153 0.64333 0.0661158 0.0463689 0.0197469 0.00118647 1.60862e-06 3.13547e-05 5.84475e-06 0 12.49759674072266 13.11427688598633 23.22232818603516
0.999642 1.00154 0.643334 0.0661928 0.0464492 0.0197436 0.00103839 1.60278e-06 3.16243e-05 5.94177e-05 0 12.49776744842529 13.11517524719238 23.18422508239746
0.999663 1.00156 0.643325 0.0661385 0.0463997 0.0197388 0.000956814 1.42326e-06 3.23311e-05 5.39683e-05 0 12.49771976470947 13.1155309677124 23.18322563171387
0.999644 1.0015 0.643305 0.0661611 0.0464248 0.0197364 0.000900108 1.58393e-06 2.99176e-05 7.2984e-05 0 12.49774646759033 13.11578464508057 23.18925285339355
0.999678 1.00154 0.643298 0.0661447 0.0464125 0.0197322 0.000850985 1.29329e-06 3.15632e-05 0.000154918 0 12.4977970123291 13.1166934967041 23.18594741821289
0.999662 1.00152 0.643303 0.0661111 0.0463805 0.0197306 0.000787417 1.4305e-06 3.08623e-05 5.76645e-05 0 12.49779224395752 13.11642169952393 23.18345642089844
0.999682 1.00155 0.643304 0.0662756 0.0465509 0.0197247 0.000759875 1.26747e-06 3.21683e-05 0.000162851 0 12.49716091156006 13.11607074737549 23.18898582458496
0.99966 1.00153 0.643311 0.0661617 0.0464399 0.0197218 0.00101312 1.44211e-06 3.12838e-05 0.000135976 0 12.49760341644287 13.11643218994141 23.19217681884766
0.999669 1.00155 0.643316 0.0661488 0.0464303 0.0197185 0.000887932 1.37087e-06 3.21527e-05 5.80045e-05 0 12.49752426147461 13.11666393280029 23.18222427368164
0.999664 1.00154 0.643311 0.0660988 0.0463811 0.0197177 0.000828693 1.4148e-06 3.15171e-05 8.99663e-06 0 12.4972505569458 13.1165075302124 23.17634773254395
0.999679 1.00154 0.643299 0.0660611 0.0463462 0.0197149 0.000743074 1.29088e-06 3.16661e-05 1.28863e-06 0 12.49746704101562 13.11723232269287 23.1844367980957
0.999685 1.00154 0.643294 0.0660983 0.0463864 0.0197119 0.000696613 1.24048e-06 3.17606e-05 0.000114907 0 12.49748229980469 13.11790084838867 23.22460174560547
0.999672 1.00152 0.64329 0.0661042 0.046395 0.0197093 0.000663852 1.34175e-06 3.06879e-05 0.000193502 0 12.49774742126465 13.11877155303955 23.19985580444336
0.999686 1.00148 0.643255 0.0661374 0.0464308 0.0197066 0.000776489 1.23618e-06 2.92938e-05 4.89776e-05 0 12.49750995635986 13.11932468414307 23.21236419677734
0.999666 1.00154 0.643311 0.0661591 0.0464563 0.0197028 0.000834679 1.39861e-06 3.1619e-05 0.000152401 0 12.49793720245361 13.12000942230225 23.20626068115234
0.999665 1.00157 0.643329 0.066102 0.0463974 0.0197046 0.000850106 1.40389e-06 3.27592e-05 0.000226372 0 12.49773120880127 13.12041568756104 23.19025802612305
0.999684 1.00156 0.643303 0.0661966 0.0464947 0.019702 0.000981113 1.24575e-06 3.22988e-05 9.8788e-05 0 12.49797534942627 13.12150001525879 23.27544593811035
0.999673 1.00156 0.643315 0.0661932 0.0464911 0.0197021 0.00082278 1.33549e-06 3.23338e-05 4.38641e-05 0 12.49771499633789 13.12215805053711 23.2199592590332
0.999659 1.00154 0.643318 0.0660452 0.0463444 0.0197009 0.000711622 1.45428e-06 3.16537e-05 0.000127234 0 12.49781513214111 13.12277889251709 23.21513748168945
0.999655 1.00155 0.643331 0.0660534 0.0463594 0.019694 0.00081182 1.49009e-06 3.22077e-05 0.000109516 0 12.49774932861328 13.12296199798584 23.19055557250977
0.99968 1.00153 0.643292 0.0660847 0.046397 0.0196877 0.000753331 1.28384e-06 3.12816e-05 7.17256e-05 0 12.4979362487793 13.1234655380249 23.17306327819824
0.999676 1.00157 0.643319 0.0661131 0.0464302 0.0196829 0.000682063 1.31441e-06 3.27511e-05 6.60129e-05 0 12.49801921844482 13.12402248382568 23.19319915771484
0.999678 1.00156 0.643311 0.0661005 0.0464238 0.0196767 0.000661363 1.29303e-06 3.23954e-05 1.35886e-05 0 12.49785995483398 13.12460994720459 23.19749069213867
0.999682 1.00154 0.643298 0.0661269 0.0464551 0.0196718 0.000609315 1.26678e-06 3.18007e-05 0.000105338 0 12.4980354309082 13.12509059906006 23.21541976928711
0.999683 1.00154 0.643296 0.0660626 0.0463936 0.019669 0.000620545 1.2553e-06 3.17244e-05 0.000146676 0 12.49778079986572 13.12593460083008 23.22815132141113
0.999675 1.00149 0.643269 0.0661919 0.0465315 0.0196604 0.000582665 1.32164e-06 2.95505e-05 2.78491e-05 0 12.49776935577393 13.12554550170898 23.19867515563965
0.99968 1.00154 0.643296 0.0660129 0.0463557 0.0196572 0.00055145 1.28236e-06 3.15595e-05 9.07384e-06 0 12.49800682067871 13.12601280212402 23.24732780456543
0.999683 1.00154 0.643292 0.0660063 0.0463559 0.0196504 0.000548 1.25274e-06 3.15258e-05 6.1104e-07 0 12.49787044525146 13.12603569030762 23.24554634094238
0.999687 1.00154 0.643291 0.0660014 0.0463585 0.0196429 0.000543718 1.22348e-06 3.16738e-05 1.35432e-06 0 12.49769496917725 13.12633419036865 23.17217826843262
0.999685 1.00152 0.643279 0.066065 0.0464308 0.0196342 0.000611449 1.23937e-06 3.07774e-05 1.12996e-05 0 12.49764347076416 13.12770652770996 23.17972373962402
0.999676 1.00155 0.643307 0.0659945 0.046367 0.0196275 0.000592445 1.3126e-06 3.20041e-05 0.000121683 0 12.49794960021973 13.12886810302734 23.198486328125
0.999695 1.00157 0.643304 0.066085 0.0464657 0.0196193 0.000556949 1.16608e-06 3.29647e-05 3.37444e-05 0 12.49790954589844 13.12984848022461 23.21510696411133
0.999655 1.00152 0.643311 0.0660366 0.0464202 0.0196164 0.000598684 1.49076e-06 3.09746e-05 4.50879e-05 0 12.49793815612793 13.1310567855835 23.21190071105957
0.99967 1.00155 0.643311 0.0659794 0.0463701 0.0196093 0.00062929 1.36549e-06 3.18558e-05 0.000101081 0 12.49798107147217 13.13202285766602 23.2275505065918
0.999683 1.00156 0.64331 0.0660673 0.0464666 0.0196007 0.000650951 1.25984e-06 3.26214e-05 5.5094e-06 0 12.49799633026123 13.13258266448975 23.19679069519043
0.999676 1.00154 0.643299 0.0659719 0.0463791 0.0195928 0.000581773 1.31457e-06 3.14847e-05 8.96874e-06 0 12.49789810180664 13.13433837890625 23.26577568054199
0.999677 1.00153 0.643297 0.0660112 0.046426 0.0195852 0.000675882 1.30708e-06 3.13799e-05 4.63255e-05 0 12.49795818328857 13.1349573135376 23.17784309387207
0.999685 1.00158 0.643317 0.0660689 0.0464925 0.0195764 0.00059572 1.24153e-06 3.32016e-05 5.63729e-05 0 12.49800777435303 13.13628768920898 23.17795372009277
0.999656 1.00153 0.643312 0.0659644 0.0463957 0.0195687 0.000696994 1.47953e-06 3.10865e-05 0.00016975 0 12.49804878234863 13.13775730133057 23.17926216125488
0.999663 1.00154 0.643311 0.0659974 0.0464412 0.0195562 0.000809791 1.41884e-06 3.1496e-05 1.64628e-05 0 12.49802398681641 13.1395149230957 23.21541786193848
0.999678 1.00156 0.643311 0.0659524 0.0464064 0.019546 0.000611352 1.29712e-06 3.23665e-05 0.000132198 0 12.49791622161865 13.14088439941406 23.18350410461426
0.999684 1.00156 0.64331 0.066049 0.0465136 0.0195353 0.000593189 1.25224e-06 3.26549e-05 1.88121e-05 0 12.49814891815186 13.1424446105957 23.23283386230469
0.999665 1.00153 0.643306 0.0659823 0.046455 0.0195272 0.000561643 1.40417e-06 3.12572e-05 7.59101e-05 0 12.49764156341553 13.14317989349365 23.21010398864746
0.999665 1.00155 0.643316 0.0659524 0.0464359 0.0195165 0.000574805 1.40184e-06 3.19451e-05 4.25807e-05 0 12.49783515930176 13.14454460144043 23.18502807617188
0.99967 1.00155 0.643313 0.0659429 0.0464366 0.0195064 0.00056089 1.36136e-06 3.20257e-05 2.43873e-05 0 12.4979887008667 13.14621162414551 23.23327445983887
0.999676 1.00154 0.643303 0.0659118 0.0464173 0.0194944 0.000536348 1.31103e-06 3.17744e-05 9.57858e-07 0 12.49790954589844 13.14780330657959 23.18954467773438
0.999673 1.00154 0.643305 0.0659567 0.0464744 0.0194824 0.000509119 1.33688e-06 3.169e-05 0.000118355 0 12.4979133605957 13.14932632446289 23.21301460266113
0.999677 1.00155 0.643306 0.0659164 0.0464445 0.0194718 0.000511082 1.303e-06 3.20211e-05 2.18424e-05 0 12.49803161621094 13.15105056762695 23.24626350402832
0.999688 1.00156 0.6433 0.0659665 0.0465058 0.0194607 0.000685348 1.21682e-06 3.2324e-05 0.00020508 0 12.49765777587891 13.15270805358887 23.19785499572754
0.999676 1.00154 0.643302 0.0659133 0.046466 0.0194473 0.000593187 1.31138e-06 3.16879e-05 6.27797e-05 0 12.49774646759033 13.15517520904541 23.22060775756836
0.999676 1.00154 0.643301 0.0659088 0.0464764 0.0194324 0.00055098 1.31196e-06 3.16119e-05 6.73087e-05 0 12.49792575836182 13.15716171264648 23.20321464538574
0.999678 1.00157 0.643322 0.0659168 0.0464977 0.0194191 0.000560657 1.29607e-06 3.3096e-05 8.71418e-05 0 12.49801063537598 13.15925979614258 23.25681686401367
0.999642 1.00155 0.643342 0.0659888 0.0465858 0.019403 0.000730046 1.60334e-06 3.2169e-05 8.51577e-05 0 12.49777221679688 13.16095924377441 23.22752952575684
0.999662 1.00153 0.643308 0.065908 0.0465166 0.0193913 0.000955192 1.43105e-06 3.11965e-05 9.25399e-05 0 12.49778079986572 13.16310691833496 23.21795463562012
0.999654 1.00154 0.643322 0.0659513 0.0465755 0.0193758 0.000707068 1.49393e-06 3.16132e-05 0.000228433 0 12.49783897399902 13.16511058807373 23.21828651428223
0.999664 1.00155 0.643317 0.0659624 0.0466001 0.0193623 0.000706326 1.41389e-06 3.18889e-05 0.000141697 0 12.4979133605957 13.16746807098389 23.20865631103516
0.999656 1.00154 0.643318 0.0658866 0.046539 0.0193476 0.000754406 1.4762e-06 3.15075e-05 3.42279e-05 0 12.49787425994873 13.16990089416504 23.23717308044434
0.999666 1.00155 0.643318 0.0658607 0.0465312 0.0193295 0.000691332 1.39676e-06 3.20646e-05 2.4102e-05 0 12.49792194366455 13.17198753356934 23.2222785949707
0.999641 1.00152 0.643323 0.0658819 0.0465685 0.0193134 0.00108696 1.61078e-06 3.08564e-05 0.000352004 0 12.49805641174316 13.17417240142822 23.25290107727051
0.999653 1.00157 0.643344 0.0659096 0.0466132 0.0192963 0.00086765 1.50565e-06 3.29408e-05 0.000227739 0 12.49790191650391 13.17691421508789 23.23302268981934
0.999648 1.00153 0.64332 0.0658398 0.0465627 0.019277 0.000814566 1.55229e-06 3.1061e-05 9.11151e-05 0 12.4979133605957 13.17989158630371 23.23820114135742
0.999667 1.00156 0.643323 0.065882 0.0466211 0.0192609 0.000946133 1.38936e-06 3.24822e-05 4.02884e-05 0 12.49792289733887 13.18256378173828 23.24884033203125
0.999627 1.00155 0.643355 0.0657871 0.0465379 0.0192492 0.00078536 1.73994e-06 3.20708e-05 4.20822e-05 0 12.49749183654785 13.18592548370361 23.29289627075195
0.999632 1.00157 0.643361 0.0657933 0.0465621 0.0192312 0.000722019 1.69423e-06 3.27237e-05 4.7025e-05 0 12.4977331161499 13.18819618225098 23.2583179473877
0.999641 1.00155 0.643341 0.065798 0.0465861 0.0192119 0.000697867 1.6109e-06 3.20208e-05 0.000106513 0 12.49764347076416 13.19134616851807 23.28774452209473
0.999656 1.00157 0.64334 0.0657826 0.0465927 0.0191899 0.000747414 1.48097e-06 3.28624e-05 8.13303e-05 0 12.49776363372803 13.19401264190674 23.30005836486816
0.999645 1.00153 0.643325 0.0657606 0.0465898 0.0191708 0.000696141 1.57606e-06 3.12148e-05 6.04358e-05 0 12.49766635894775 13.1970043182373 23.26951217651367
0.999625 1.00151 0.643332 0.0657702 0.0466196 0.0191506 0.000843408 1.7541e-06 3.05054e-05 7.26538e-05 0 12.49778938293457 13.20058631896973 23.26558303833008
0.99964 1.00156 0.643351 0.0657509 0.0466223 0.0191286 0.00085038 1.61792e-06 3.26248e-05 5.28383e-05 0 12.49748229980469 13.20393371582031 23.28426551818848
0.999609 1.00153 0.643359 0.0657488 0.0466354 0.0191134 0.000807888 1.90862e-06 3.12166e-05 8.24071e-05 0 12.4976282119751 13.20731353759766 23.3066291809082
0.999634 1.00158 0.643369 0.0657025 0.0466115 0.019091 0.000750152 1.67525e-06 3.34081e-05 6.56832e-05 0 12.49756240844727 13.21122169494629 23.2813663482666
0.999633 1.00157 0.643362 0.065754 0.0466863 0.0190677 0.000836291 1.68354e-06 3.28873e-05 6.07207e-05 0 12.49778747558594 13.21440505981445 23.31053733825684
0.999608 1.00151 0.643345 0.065719 0.0466702 0.0190488 0.000699445 1.91644e-06 3.02745e-05 3.92769e-05 0 12.49730110168457 13.21690654754639 23.26894187927246
0.999632 1.00157 0.643365 0.0656829 0.0466566 0.0190264 0.000674972 1.69479e-06 3.30076e-05 1.52103e-05 0 12.49735546112061 13.22052764892578 23.28105926513672
0.999619 1.00154 0.643358 0.0656341 0.0466285 0.0190056 0.000643909 1.81536e-06 3.17785e-05 5.16552e-05 0 12.49747467041016 13.2243709564209 23.29303550720215
0.999625 1.00157 0.643369 0.0656301 0.0466472 0.0189828 0.000643481 1.75381e-06 3.28642e-05 0.00013336 0 12.49765682220459 13.2287425994873 23.29634666442871
0.999614 1.00155 0.643365 0.0656063 0.0466447 0.0189616 0.000613261 1.85857e-06 3.19084e-05 5.77645e-05 0 12.49752140045166 13.23265552520752 23.29488945007324
0.999623 1.00157 0.643374 0.0656092 0.0466717 0.0189375 0.000616453 1.77926e-06 3.30278e-05 3.1739e-05 0 12.49727439880371 13.2367992401123 23.30978965759277
0.999606 1.00156 0.643379 0.0655712 0.0466558 0.0189154 0.000605342 1.93845e-06 3.22987e-05 1.88939e-06 0 12.49746036529541 13.2411937713623 23.31116676330566
0.999605 1.00155 0.643374 0.0655671 0.0466752 0.0188918 0.000582158 1.94616e-06 3.19338e-05 4.29855e-05 0 12.49708271026611 13.244384765625 23.31766319274902
0.999606 1.00157 0.643387 0.0655594 0.0466936 0.0188658 0.000618835 1.94282e-06 3.28135e-05 5.53334e-05 0 12.49738502502441 13.24881076812744 23.30577850341797
0.999612 1.00155 0.64337 0.0655361 0.0466962 0.0188398 0.000584594 1.88347e-06 3.20851e-05 4.16168e-05 0 12.49738025665283 13.25353813171387 23.34314155578613
0.999601 1.00156 0.643387 0.0655361 0.0467217 0.0188144 0.000575145 1.99407e-06 3.24973e-05 3.39435e-05 0 12.49706268310547 13.25746440887451 23.33508491516113
0.999604 1.00155 0.643377 0.0655221 0.0467349 0.0187872 0.00055577 1.96498e-06 3.19859e-05 3.13505e-05 0 12.49735832214355 13.26191425323486 23.32829093933105
0.999607 1.00154 0.643365 0.0655128 0.0467531 0.0187597 0.000645624 1.9282e-06 3.14592e-05 2.87277e-05 0 12.49719524383545 13.26616287231445 23.31426429748535
0.999607 1.00156 0.643382 0.0654665 0.0467341 0.0187324 0.000576101 1.93295e-06 3.25695e-05 2.27583e-06 0 12.49727916717529 13.27076053619385 23.32361793518066
0.999601 1.00156 0.643386 0.0654454 0.0467415 0.0187039 0.000553918 1.98668e-06 3.24862e-05 1.03174e-06 0 12.49713897705078 13.27511692047119 23.32232666015625
0.999595 1.00156 0.643389 0.0654305 0.0467539 0.0186767 0.000587835 2.05169e-06 3.22784e-05 3.29562e-06 0 12.49724674224854 13.27997016906738 23.33586502075195
0.99959 1.00156 0.643397 0.0654117 0.0467641 0.0186476 0.000561205 2.104e-06 3.24328e-05 7.66775e-07 0 12.49703788757324 13.28454208374023 23.32793998718262
0.99959 1.00156 0.643396 0.065416 0.0468007 0.0186153 0.000576317 2.10558e-06 3.23464e-05 1.26903e-05 0 12.49702930450439 13.28931999206543 23.33759307861328
0.999583 1.00157 0.643413 0.0653936 0.0468081 0.0185855 0.000624452 2.17322e-06 3.307e-05 1.27589e-05 0 12.49703216552734 13.29459762573242 23.34679222106934
0.999572 1.00156 0.643417 0.0653599 0.0468045 0.0185554 0.000590197 2.2901e-06 3.26007e-05 1.29108e-06 0 12.49711799621582 13.29988193511963 23.34811401367188
0.99958 1.00158 0.643422 0.0653683 0.0468467 0.0185216 0.00134556 2.2102e-06 3.3424e-05 6.07405e-05 0 12.49696826934814 13.30508995056152 23.3608283996582
0.999577 1.00157 0.643417 0.06534 0.0468417 0.0184983 0.000971475 2.23249e-06 3.29639e-05 4.13282e-06 0 12.4970064163208 13.31061935424805 23.3674259185791
0.99956 1.00157 0.643431 0.0653176 0.0468502 0.0184673 0.000905869 2.41959e-06 3.27953e-05 2.54351e-06 0 12.49704647064209 13.31623268127441 23.37656211853027
0.999546 1.00155 0.64343 0.0653267 0.0468877 0.018439 0.000996387 2.57333e-06 3.18965e-05 1.28625e-05 0 12.49705123901367 13.32180213928223 23.36708068847656
0.999558 1.00157 0.643433 0.0652822 0.0468752 0.018407 0.000864 2.4388e-06 3.27855e-05 4.13697e-06 0 12.49697208404541 13.3276481628418 23.37077140808105
0.999537 1.00157 0.643454 0.065267 0.0468909 0.0183761 0.00101536 2.67973e-06 3.28417e-05 6.70887e-06 0 12.49689197540283 13.33323764801025 23.37692832946777
0.999539 1.00157 0.64345 0.0652402 0.046896 0.0183442 0.000797774 2.6522e-06 3.27115e-05 1.97954e-06 0 12.496826171875 13.33920288085938 23.38203811645508
0.999537 1.00159 0.643465 0.0652284 0.0469195 0.0183089 0.00106278 2.67563e-06 3.35976e-05 9.64329e-06 0 12.496826171875 13.34581470489502 23.40036773681641
0.999536 1.00157 0.643454 0.0652049 0.0469346 0.0182703 0.000821194 2.6865e-06 3.28332e-05 3.2326e-06 0 12.49674034118652 13.35194778442383 23.40403366088867
0.999535 1.00157 0.643457 0.0651833 0.0469481 0.0182351 0.00106353 2.70203e-06 3.29205e-05 9.34079e-07 0 12.49661636352539 13.3581657409668 23.40225028991699
0.999538 1.00158 0.64346 0.0651855 0.046983 0.0182024 0.000810281 2.66847e-06 3.33242e-05 1.84741e-06 0 12.49669647216797 13.36505126953125 23.42335319519043
0.999537 1.00158 0.643463 0.0651806 0.0470143 0.0181663 0.000774229 2.67634e-06 3.34614e-05 6.21576e-06 0 12.49667167663574 13.36986351013184 23.42084121704102
0.999525 1.00156 0.643457 0.065137 0.0470066 0.0181304 0.000732293 2.8171e-06 3.22689e-05 4.0505e-06 0 12.4964599609375 13.376296043396 23.42511558532715
0.999532 1.00159 0.64347 0.0651226 0.0470328 0.0180898 0.000769549 2.73711e-06 3.35463e-05 3.54791e-05 0 12.49628067016602 13.38218593597412 23.44385528564453
0.999521 1.00156 0.643465 0.0651056 0.0470521 0.0180536 0.000730349 2.87347e-06 3.25329e-05 3.93597e-05 0 12.49644088745117 13.38871479034424 23.43759155273438
0.999522 1.00159 0.643481 0.0650896 0.0470738 0.0180158 0.000759862 2.85855e-06 3.36539e-05 1.27782e-05 0 12.49617671966553 13.3951530456543 23.44544219970703
0.999515 1.00158 0.643482 0.0650294 0.047051 0.0179784 0.000708006 2.93743e-06 3.32676e-05 1.64974e-06 0 12.49619293212891 13.40174579620361 23.4479808807373
0.999509 1.00157 0.643482 0.0650125 0.047071 0.0179415 0.000736296 3.00863e-06 3.29598e-05 1.27837e-05 0 12.49617290496826 13.40903091430664 23.45972061157227
0.999511 1.00158 0.643488 0.0649915 0.0470859 0.0179056 0.000691666 2.98964e-06 3.34001e-05 8.12933e-06 0 12.49615859985352 13.4170093536377 23.46731948852539
0.999484 1.00156 0.643497 0.0650199 0.0471511 0.0178688 0.000681512 3.33089e-06 3.22889e-05 0.000343374 0 12.49615001678467 13.42428779602051 23.47408294677734
0.999501 1.00159 0.643501 0.0649572 0.0471267 0.0178306 0.000651077 3.11671e-06 3.36473e-05 5.93121e-05 0 12.49617862701416 13.43104934692383 23.49152946472168
0.999498 1.00157 0.643492 0.0649247 0.0471313 0.0177933 0.000870064 3.15062e-06 3.28375e-05 4.45376e-05 0 12.49617671966553 13.43855857849121 23.50716590881348
0.999491 1.00157 0.643501 0.0648989 0.047143 0.0177559 0.000723618 3.23533e-06 3.3014e-05 6.20986e-06 0 12.49602794647217 13.44603729248047 23.5033073425293
0.999482 1.00159 0.643518 0.0648968 0.0471763 0.0177205 0.000841565 3.35841e-06 3.35299e-05 2.75938e-05 0 12.49611473083496 13.45444107055664 23.51640892028809
0.999483 1.0016 0.643526 0.0648841 0.0472018 0.0176823 0.000747336 3.33759e-06 3.41767e-05 2.37007e-05 0 12.49596309661865 13.46201992034912 23.52603149414062
0.999475 1.00158 0.643523 0.0648576 0.0472148 0.0176428 0.000831304 3.44978e-06 3.33879e-05 5.5153e-05 0 12.49597454071045 13.46988201141357 23.53691482543945
0.999454 1.00161 0.64356 0.0648399 0.0472384 0.0176016 0.00132192 3.72528e-06 3.45742e-05 8.21902e-05 0 12.49590015411377 13.47767066955566 23.52550315856934
0.999438 1.00157 0.643551 0.0648357 0.0472716 0.0175642 0.00109735 3.94314e-06 3.29767e-05 2.53647e-05 0 12.49583053588867 13.48539543151855 23.53548049926758
0.999453 1.00154 0.643519 0.0647987 0.0472768 0.0175219 0.000909005 3.74492e-06 3.17654e-05 1.32652e-05 0 12.4958438873291 13.49289608001709 23.54293632507324
0.999462 1.00159 0.64354 0.0647582 0.0472784 0.0174798 0.000841378 3.61223e-06 3.37914e-05 3.32889e-05 0 12.49550724029541 13.5006799697876 23.57554817199707
0.999409 1.00161 0.643607 0.0647334 0.0472961 0.0174373 0.000908114 4.36961e-06 3.47837e-05 1.52427e-05 0 12.49570751190186 13.50861740112305 23.56331253051758
0.999432 1.00159 0.643566 0.0647499 0.0473547 0.0173952 0.000860662 4.03097e-06 3.3546e-05 9.00943e-05 0 12.49568843841553 13.51642799377441 23.565673828125
0.999449 1.00162 0.643571 0.0647329 0.0473806 0.0173522 0.000793744 3.79195e-06 3.49461e-05 9.02497e-05 0 12.49560737609863 13.52429676055908 23.57149887084961
0.999415 1.00157 0.64357 0.0647114 0.0474019 0.0173094 0.000775761 4.27795e-06 3.27075e-05 0.000379621 0 12.49548244476318 13.53176021575928 23.58814239501953
0.999441 1.00162 0.643579 0.0646225 0.0473603 0.0172622 0.000799764 3.90932e-06 3.49847e-05 1.48535e-05 0 12.4955005645752 13.53976917266846 23.60088920593262
0.999436 1.00161 0.643578 0.0646205 0.0474058 0.0172147 0.000741941 3.97533e-06 3.46249e-05 2.80739e-05 0 12.49538803100586 13.54811573028564 23.60739707946777
0.999435 1.00161 0.643579 0.0645712 0.0474034 0.0171678 0.000731912 3.98701e-06 3.4578e-05 0.000105405 0 12.49513626098633 13.55687808990479 23.61918449401855
0.999427 1.0016 0.643578 0.0646369 0.0475179 0.017119 0.000698987 4.11082e-06 3.3984e-05 2.08424e-05 0 12.49493789672852 13.56480407714844 23.63578796386719
0.999429 1.00161 0.643583 0.0645484 0.0474732 0.0170753 0.000788545 4.078e-06 3.44338e-05 5.3841e-05 0 12.49511814117432 13.57366371154785 23.63839530944824
0.999158 1.00173 0.643923 0.0645167 0.0474795 0.0170372 0.00178223 8.85802e-06 3.98757e-05 7.26946e-05 0 12.4952449798584 13.58252906799316 23.63919639587402
0.999371 1.00161 0.643643 0.0644733 0.0474781 0.0169952 0.00116624 4.94466e-06 3.47513e-05 1.18455e-05 0 12.49456596374512 13.59172344207764 23.64806365966797
0.999426 1.00166 0.64362 0.0644615 0.0475085 0.016953 0.00221482 4.11886e-06 3.67659e-05 1.91983e-05 0 12.49486064910889 13.60055255889893 23.67733001708984
0.999304 1.0016 0.643696 0.064422 0.0475144 0.0169076 0.00143806 6.04876e-06 3.40061e-05 5.15817e-05 0 12.49506759643555 13.6096076965332 23.69031524658203
0.999352 1.0016 0.643655 0.0644001 0.0475487 0.0168513 0.00129987 5.24982e-06 3.43113e-05 5.08475e-05 0 12.49464225769043 13.61880302429199 23.70097541809082
0.999394 1.0016 0.643611 0.0644029 0.0476067 0.0167962 0.00167207 4.59587e-06 3.40806e-05 2.22365e-05 0 12.49496650695801 13.62874698638916 23.68014335632324
0.99933 1.0016 0.643675 0.0643556 0.0476165 0.0167391 0.0015761 5.61375e-06 3.42032e-05 6.1626e-05 0 12.49491500854492 13.63887977600098 23.702880859375
0.999335 1.00159 0.643664 0.0643045 0.0476224 0.0166822 0.0013903 5.5205e-06 3.38799e-05 3.72595e-05 0 12.49490642547607 13.64888095855713 23.70169639587402
0.999326 1.0016 0.643678 0.064255 0.047628 0.0166271 0.00133252 5.67276e-06 3.41871e-05 3.36854e-05 0 12.49479389190674 13.65932178497314 23.75896644592285
0.999325 1.00163 0.6437 0.0642069 0.0476354 0.0165715 0.00122161 5.70459e-06 3.55638e-05 5.43396e-05 0 12.49481964111328 13.66867256164551 23.73658752441406
0.999336 1.00163 0.643686 0.0641903 0.0476747 0.0165156 0.00116138 5.51921e-06 3.53479e-05 3.98416e-06 0 12.49143409729004 13.67778587341309 23.7397518157959
0.999329 1.00163 0.643693 0.0641266 0.0476668 0.0164599 0.00112042 5.63263e-06 3.53474e-05 3.27748e-05 0 12.4940938949585 13.68600940704346 23.73904037475586
0.999246 1.0016 0.643757 0.0641255 0.0477318 0.0163937 0.00171059 7.10014e-06 3.42861e-05 0.000184913 0 12.49479007720947 13.69487857818604 23.75424957275391
0.999291 1.00165 0.643741 0.0641135 0.0477901 0.0163234 0.00161735 6.28929e-06 3.61265e-05 0.000100405 0 12.49327087402344 13.70505237579346 23.75720024108887
0.999291 1.00163 0.643728 0.0640614 0.0477996 0.0162618 0.00150388 6.28238e-06 3.52639e-05 8.77073e-05 0 12.49385452270508 13.71699333190918 23.77435111999512
0.99923 1.00163 0.643788 0.0640995 0.0478959 0.0162035 0.00189348 7.40888e-06 3.53154e-05 7.18706e-05 0 12.4943904876709 13.72870254516602 23.80334854125977
0.999236 1.00161 0.643772 0.064025 0.0478761 0.0161489 0.00178488 7.30496e-06 3.45818e-05 7.84672e-05 0 12.49358749389648 13.74126243591309 23.8082447052002
0.99924 1.00165 0.643795 0.0640089 0.0479186 0.0160903 0.00158196 7.225e-06 3.64367e-05 1.38693e-05 0 12.49364852905273 13.75355052947998 23.81119918823242
0.999231 1.00162 0.643784 0.0639178 0.0478841 0.0160337 0.00176983 7.40127e-06 3.50701e-05 7.34436e-05 0 12.49353313446045 13.76551342010498 23.81398582458496
0.999243 1.00164 0.643787 0.0638533 0.0478883 0.0159649 0.00147494 7.16774e-06 3.61023e-05 1.12619e-05 0 12.49352073669434 13.77758312225342 23.81768608093262
0.999224 1.00162 0.643789 0.0637934 0.0479009 0.0158926 0.00162663 7.53345e-06 3.49686e-05 2.92234e-05 0 12.49365901947021 13.78968715667725 23.83732986450195
0.999215 1.00157 0.643764 0.0637799 0.0479443 0.0158356 0.00199939 7.69736e-06 3.27948e-05 6.4431e-05 0 12.49357128143311 13.80183982849121 23.83337020874023
0.999222 1.00164 0.643801 0.0637295 0.0479508 0.0157787 0.00204109 7.56158e-06 3.56882e-05 4.77742e-05 0 12.49253082275391 13.81655693054199 23.86587142944336
0.999215 1.00164 0.643813 0.0637623 0.0480426 0.0157197 0.00167579 7.69999e-06 3.60334e-05 0.000121164 0 12.49308776855469 13.83176231384277 23.89505577087402
0.999204 1.00164 0.643823 0.0636587 0.0479972 0.0156616 0.00182017 7.92335e-06 3.5995e-05 0.00013701 0 12.4930944442749 13.84524631500244 23.89977836608887
0.999207 1.00163 0.643811 0.063665 0.0480633 0.0156017 0.00166575 7.86036e-06 3.53858e-05 1.28862e-05 0 12.49233627319336 13.85823631286621 23.94796943664551
0.999193 1.00164 0.643835 0.0635722 0.0480357 0.0155365 0.00149901 8.14188e-06 3.60819e-05 2.68691e-05 0 12.49240493774414 13.87022495269775 23.93803405761719
0.999161 1.00162 0.643848 0.0635462 0.0480829 0.0154633 0.00168913 8.79311e-06 3.48618e-05 7.12293e-05 0 12.49245929718018 13.88309955596924 23.95928764343262
0.999197 1.00164 0.64383 0.0634841 0.048089 0.0153951 0.00159866 8.07058e-06 3.60011e-05 1.79115e-05 0 12.49233245849609 13.89561748504639 23.94204902648926
0.999159 1.00158 0.643828 0.0634805 0.0481536 0.0153269 0.00149068 8.84829e-06 3.34299e-05 6.92615e-05 0 12.49248600006104 13.91075801849365 23.94416999816895
0.999191 1.00165 0.643839 0.0633874 0.0481274 0.01526 0.00139319 8.18753e-06 3.62223e-05 1.31044e-05 0 12.49226188659668 13.92684650421143 23.95042419433594
0.99921 1.00165 0.643821 0.0634892 0.048296 0.0151932 0.00130335 7.79693e-06 3.62778e-05 1.98231e-05 0 12.49214935302734 13.93953132629395 23.9721508026123
0.99916 1.00165 0.643873 0.0633543 0.0482267 0.0151276 0.00144532 8.82061e-06 3.65129e-05 6.04706e-05 0 12.49224185943604 13.95214939117432 23.97542190551758
0.999129 1.00163 0.64389 0.063265 0.0481991 0.0150659 0.00156293 9.47374e-06 3.56342e-05 1.9297e-05 0 12.49214649200439 13.96530914306641 24.02128791809082
0.99918 1.00165 0.643849 0.0632206 0.0482114 0.0150091 0.00138406 8.39683e-06 3.61905e-05 2.08242e-06 0 12.4920072555542 13.97830104827881 23.99857330322266
0.999248 1.00164 0.643776 0.0631966 0.0482434 0.0149531 0.00201841 7.07469e-06 3.56767e-05 2.12193e-05 0 12.49205207824707 13.99167346954346 24.03164291381836
0.999176 1.00166 0.643861 0.0631498 0.0482519 0.0148979 0.00159885 8.48109e-06 3.67718e-05 2.15144e-06 0 12.49188327789307 14.00632953643799 24.017822265625
0.999169 1.00165 0.643862 0.0631169 0.0482785 0.0148384 0.00151329 8.64164e-06 3.63524e-05 4.89519e-06 0 12.49147510528564 14.02285671234131 24.04146957397461
0.99917 1.00167 0.643874 0.0631007 0.0483246 0.0147761 0.00140007 8.61537e-06 3.72572e-05 2.93995e-05 0 12.49190902709961 14.03808689117432 24.04451560974121
0.999167 1.00167 0.643873 0.0630347 0.0483279 0.0147068 0.00141008 8.6706e-06 3.6997e-05 4.81569e-06 0 12.49144268035889 14.05359840393066 24.07682228088379
0.99909 1.00168 0.643957 0.0629859 0.0483424 0.0146435 0.00206042 1.03457e-05 3.76648e-05 1.08613e-05 0 12.49184799194336 14.06860733032227 24.06371116638184
0.999041 1.00169 0.644012 0.0629653 0.0483905 0.0145748 0.00202398 1.14896e-05 3.81953e-05 2.71962e-05 0 12.49208641052246 14.08364963531494 24.14797592163086
0.999065 1.0017 0.643993 0.0629084 0.0483949 0.0145135 0.00169506 1.09409e-05 3.84589e-05 2.73855e-05 0 12.49145603179932 14.09871292114258 24.11334800720215
0.999115 1.00174 0.643969 0.0630124 0.0485608 0.0144516 0.00147605 9.78685e-06 4.01783e-05 8.78844e-05 0 12.49107837677002 14.11285400390625 24.09952926635742
0.999119 1.00167 0.643922 0.0628911 0.0485014 0.0143898 0.00138201 9.70918e-06 3.71167e-05 3.44627e-05 0 12.49172687530518 14.12560749053955 24.105712890625
0.999104 1.00166 0.643932 0.0628131 0.0484852 0.014328 0.00126435 1.00435e-05 3.67859e-05 6.63093e-05 0 12.49255847930908 14.13816165924072 24.12171363830566
0.99911 1.00167 0.643933 0.0627354 0.0484705 0.0142649 0.00118366 9.89391e-06 3.73195e-05 3.1119e-06 0 12.49165821075439 14.151047706604 24.1259593963623
0.999111 1.00169 0.643945 0.0627118 0.0485115 0.0142002 0.00114389 9.88805e-06 3.82172e-05 7.34513e-05 0 12.49156856536865 14.16469383239746 24.13923454284668
0.999099 1.00166 0.643938 0.0626747 0.0485383 0.0141364 0.00112309 1.01545e-05 3.68758e-05 1.35108e-05 0 12.4915828704834 14.17899417877197 24.16226196289062
0.999096 1.00167 0.643942 0.0626053 0.0485384 0.0140669 0.00114111 1.02113e-05 3.70257e-05 5.52326e-06 0 12.49154567718506 14.19496059417725 24.16393852233887
0.999104 1.00169 0.643952 0.0625592 0.0485622 0.013997 0.00107174 1.00438e-05 3.81785e-05 2.10414e-05 0 12.49058723449707 14.20982360839844 24.17121124267578
0.99909 1.00169 0.643961 0.06252 0.0485889 0.0139311 0.00105401 1.03635e-05 3.79141e-05 0.000109116 0 12.48997783660889 14.22585105895996 24.19522666931152
0.999053 1.00169 0.643998 0.0624648 0.0486048 0.01386 0.00110991 1.12036e-05 3.80299e-05 1.06714e-05 0 12.49025917053223 14.23999118804932 24.19742393493652
0.999087 1.00169 0.643966 0.0624267 0.0486337 0.013793 0.00110407 1.04271e-05 3.80255e-05 6.012e-06 0 12.49089431762695 14.25419425964355 24.28042030334473
0.999073 1.00165 0.643957 0.0623862 0.0486636 0.0137225 0.001133 1.07488e-05 3.64956e-05 1.40247e-05 0 12.49094390869141 14.26856803894043 24.25067329406738
0.999057 1.00169 0.643997 0.0623287 0.0486698 0.0136589 0.00107361 1.1118e-05 3.82241e-05 1.61659e-05 0 12.49075126647949 14.28303241729736 24.24258422851562
0.999063 1.0017 0.643999 0.0622777 0.0486837 0.0135941 0.00101041 1.0971e-05 3.87752e-05 1.13179e-05 0 12.49084854125977 14.29773426055908 24.23523712158203
0.999051 1.00169 0.644002 0.0622328 0.0487065 0.0135263 0.000983656 1.12535e-05 3.81799e-05 1.01611e-06 0 12.49084758758545 14.31289291381836 24.25577354431152
0.999065 1.00169 0.643989 0.0621886 0.0487302 0.0134584 0.00101197 1.0921e-05 3.81983e-05 4.86154e-06 0 12.49069786071777 14.32791233062744 24.26912307739258
0.999071 1.00171 0.643997 0.0621422 0.0487562 0.013386 0.00113262 1.07848e-05 3.91778e-05 9.39202e-06 0 12.4906587600708 14.34426403045654 24.26918983459473
0.99903 1.00172 0.644042 0.0620952 0.0487715 0.0133238 0.000999159 1.17594e-05 3.95679e-05 7.49708e-05 0 12.49075984954834 14.36074542999268 24.2811222076416
0.999004 1.00175 0.644087 0.0621112 0.0488606 0.0132506 0.00120179 1.2401e-05 4.09702e-05 9.06899e-05 0 12.49057674407959 14.37636661529541 24.29444313049316
0.999024 1.00169 0.644028 0.0620381 0.0488548 0.0131832 0.00104758 1.19159e-05 3.80895e-05 1.43682e-05 0 12.49012184143066 14.39334774017334 24.30242156982422
0.999024 1.0017 0.644036 0.0619666 0.0488542 0.0131123 0.000946546 1.19101e-05 3.86983e-05 2.38591e-05 0 12.49054622650146 14.40915966033936 24.31684494018555
0.999006 1.00172 0.644065 0.0619571 0.048916 0.0130411 0.00101355 1.23479e-05 3.95006e-05 0.000108903 0 12.49036121368408 14.4259729385376 24.33181381225586
0.999007 1.00175 0.64408 0.0619077 0.0489365 0.0129713 0.00101691 1.23205e-05 4.0672e-05 0.000101548 0 12.49017143249512 14.44121742248535 24.33489418029785
0.998986 1.00168 0.644055 0.0618465 0.0489466 0.0128999 0.00103942 1.28485e-05 3.74406e-05 1.96821e-05 0 12.49024677276611 14.456711769104 24.34185600280762
0.999018 1.00172 0.644056 0.0617739 0.0489427 0.0128311 0.000971839 1.20546e-05 3.96874e-05 0.000200163 0 12.4900951385498 14.47301864624023 24.35323333740234
0.998984 1.00166 0.644045 0.0617441 0.0489772 0.0127669 0.00126701 1.29156e-05 3.6583e-05 2.46957e-05 0 12.49028873443604 14.4893217086792 24.3651237487793
0.99897 1.00172 0.6441 0.0616876 0.0489794 0.0127082 0.00100697 1.32582e-05 3.95266e-05 4.68158e-06 0 12.49034404754639 14.5067253112793 24.37808609008789
0.998966 1.00168 0.644076 0.0616976 0.0490589 0.0126387 0.00104568 1.33548e-05 3.76068e-05 3.95045e-05 0 12.48982715606689 14.52191734313965 24.3857364654541
0.998962 1.00171 0.6441 0.0617449 0.0491751 0.0125698 0.0010278 1.34708e-05 3.9002e-05 0.000124139 0 12.48951053619385 14.5397481918335 24.43031883239746
0.998956 1.0017 0.644102 0.0616044 0.0490976 0.0125068 0.00098262 1.36374e-05 3.87163e-05 6.47507e-05 0 12.48974990844727 14.5560474395752 24.42741584777832
0.998959 1.00169 0.644089 0.0615897 0.0491506 0.0124392 0.000913117 1.35481e-05 3.79743e-05 3.10526e-05 0 12.4897575378418 14.57333469390869 24.42711639404297
0.998966 1.00172 0.644105 0.0615387 0.0491664 0.0123723 0.000863189 1.33667e-05 3.96513e-05 5.44755e-05 0 12.48953723907471 14.59079360961914 24.4580078125
0.99895 1.00169 0.644102 0.0615293 0.0492245 0.0123047 0.00129539 1.37881e-05 3.83209e-05 5.89728e-05 0 12.48955726623535 14.60789394378662 24.46825790405273
0.998944 1.00175 0.644141 0.061422 0.0491837 0.0122383 0.00100844 1.3941e-05 4.06578e-05 7.99902e-05 0 12.48929023742676 14.62548351287842 24.47329139709473
0.998909 1.00175 0.64418 0.0613522 0.049176 0.0121762 0.00105168 1.48701e-05 4.10443e-05 6.47958e-05 0 12.4896821975708 14.6423282623291 24.47138023376465
0.998926 1.00172 0.644139 0.06131 0.049202 0.012108 0.000943291 1.44285e-05 3.92511e-05 4.74251e-05 0 12.48925113677979 14.65829181671143 24.48860168457031
0.998929 1.0017 0.644126 0.0612648 0.0492247 0.0120401 0.000922208 1.43377e-05 3.8555e-05 7.60476e-05 0 12.48908805847168 14.67287158966064 24.48967933654785
0.998944 1.00173 0.644133 0.0612389 0.049268 0.0119709 0.000868481 1.39399e-05 4.01104e-05 1.08154e-05 0 12.48904228210449 14.69012546539307 24.52942848205566
0.998883 1.00171 0.644175 0.061214 0.0493135 0.0119005 0.0010806 1.55986e-05 3.89206e-05 0.000239839 0 12.48898315429688 14.70730113983154 24.58754920959473
0.998892 1.0017 0.644163 0.0611746 0.0493452 0.0118294 0.00109881 1.53404e-05 3.86373e-05 3.05096e-05 0 12.4889030456543 14.72303009033203 24.54880523681641
0.998874 1.00175 0.644209 0.061098 0.0493295 0.0117684 0.00145198 1.58402e-05 4.06995e-05 2.17783e-05 0 12.48895168304443 14.73994922637939 24.57531356811523
0.998905 1.00175 0.644179 0.0610645 0.0493564 0.0117081 0.00117629 1.49788e-05 4.0702e-05 6.76696e-05 0 12.48903179168701 14.75669097900391 24.58317375183105
0.998904 1.00174 0.644174 0.0610026 0.0493567 0.0116459 0.00106723 1.50165e-05 4.02647e-05 5.62767e-06 0 12.48883819580078 14.77372264862061 24.61226654052734
0.998891 1.00174 0.644187 0.0609596 0.0493766 0.011583 0.0011011 1.53627e-05 4.03044e-05 4.2046e-06 0 12.48875617980957 14.7905158996582 24.59184837341309
0.99887 1.00177 0.644229 0.0609231 0.0494079 0.0115152 0.00129455 1.5966e-05 4.18941e-05 7.83438e-06 0 12.48832321166992 14.80630397796631 24.58798027038574
0.998864 1.00175 0.644219 0.0608893 0.0494286 0.0114607 0.00139941 1.61362e-05 4.07503e-05 5.69666e-06 0 12.4885311126709 14.82355880737305 24.60100936889648
0.99886 1.00173 0.644215 0.0608461 0.0494478 0.0113984 0.00135081 1.62418e-05 4.01527e-05 3.16877e-06 0 12.48856735229492 14.84083080291748 24.61237144470215
0.998832 1.00176 0.644256 0.0608046 0.0494667 0.0113379 0.00125527 1.70505e-05 4.11937e-05 1.41206e-05 0 12.48875617980957 14.85841751098633 24.63396835327148
0.998861 1.00174 0.64422 0.0607653 0.0494893 0.011276 0.00116166 1.62285e-05 4.05812e-05 4.23818e-05 0 12.48798847198486 14.87660312652588 24.65675163269043
0.998851 1.00174 0.64423 0.0607408 0.0495275 0.0112133 0.00109363 1.6518e-05 4.05633e-05 3.33864e-05 0 12.48811721801758 14.89479732513428 24.67258453369141
0.998866 1.00175 0.644216 0.0606898 0.0495381 0.0111517 0.00107103 1.60836e-05 4.06527e-05 4.20706e-05 0 12.48789024353027 14.91053485870361 24.66476631164551
0.998859 1.00174 0.64422 0.0606568 0.0495757 0.0110811 0.00125636 1.62726e-05 4.04401e-05 6.76552e-06 0 12.48827457427979 14.92601680755615 24.67819595336914
0.998858 1.00172 0.644206 0.0606116 0.0495912 0.0110204 0.00115669 1.62944e-05 3.93842e-05 7.09416e-05 0 12.48825168609619 14.94210433959961 24.67834281921387
0.998864 1.00176 0.644229 0.0606277 0.0496668 0.010961 0.00109563 1.61199e-05 4.1455e-05 4.53985e-05 0 12.4881067276001 14.95842266082764 24.68827819824219
0.998782 1.00181 0.644342 0.0605616 0.0496564 0.0109052 0.00142828 1.8548e-05 4.39161e-05 4.06886e-05 0 12.48782920837402 14.97612953186035 24.70392036437988
0.998855 1.00174 0.644221 0.0605324 0.0496879 0.0108446 0.00114461 1.6389e-05 4.02674e-05 1.62647e-05 0 12.48776721954346 14.99034690856934 24.71430969238281
0.998834 1.00175 0.64425 0.0604678 0.0496856 0.0107821 0.00118071 1.69932e-05 4.08528e-05 5.63454e-05 0 12.48771476745605 15.00664234161377 24.7238941192627
0.998812 1.00178 0.64429 0.0604157 0.0496894 0.0107264 0.0010628 1.76428e-05 4.22183e-05 1.52991e-05 0 12.48736095428467 15.0225887298584 24.73336982727051
0.998839 1.00176 0.644253 0.0603798 0.0497114 0.0106683 0.00104585 1.68374e-05 4.14994e-05 3.6852e-05 0 12.48771953582764 15.03875637054443 24.7446346282959
0.998786 1.00182 0.644341 0.0603495 0.0497458 0.0106037 0.00148237 1.84231e-05 4.4202e-05 2.88155e-05 0 12.48759078979492 15.05528926849365 24.76374244689941
0.998794 1.00178 0.644308 0.0603026 0.0497555 0.0105471 0.00116703 1.81877e-05 4.22558e-05 7.20145e-06 0 12.48778057098389 15.07154846191406 24.7690544128418
0.998838 1.00176 0.644251 0.0602599 0.0497718 0.0104881 0.00106597 1.68906e-05 4.11955e-05 2.63554e-06 0 12.48769855499268 15.09025859832764 24.78784942626953
0.998835 1.00177 0.644259 0.0602247 0.0497963 0.0104284 0.00100944 1.69634e-05 4.16019e-05 5.13266e-06 0 12.48769283294678 15.10639095306396 24.79559898376465
0.998817 1.00177 0.644278 0.0601852 0.0498116 0.0103736 0.00113128 1.75026e-05 4.16858e-05 4.69263e-06 0 12.48776054382324 15.12221431732178 24.83340644836426
0.998823 1.00175 0.644263 0.0601747 0.0498593 0.0103155 0.00105157 1.73111e-05 4.10292e-05 1.47371e-05 0 12.48672485351562 15.13733768463135 24.82821273803711
0.998816 1.00175 0.64427 0.0601361 0.0498759 0.0102602 0.00100778 1.75127e-05 4.10633e-05 2.68416e-05 0 12.48763847351074 15.15338802337646 24.84392166137695
0.998769 1.00181 0.644353 0.0601206 0.04992 0.0102006 0.00107353 1.89596e-05 4.38199e-05 2.64565e-05 0 12.48738670349121 15.17022037506104 24.84281921386719
0.998833 1.00176 0.644258 0.0600256 0.0498794 0.0101461 0.000976277 1.70239e-05 4.13537e-05 9.37382e-05 0 12.48710823059082 15.18529415130615 24.84466743469238
0.998779 1.00177 0.644316 0.0599836 0.0498872 0.0100964 0.00104553 1.86385e-05 4.17658e-05 2.55913e-06 0 12.48744869232178 15.20090579986572 24.85570907592773
0.998803 1.00176 0.644286 0.0599481 0.049904 0.0100442 0.000967291 1.78992e-05 4.13371e-05 9.08627e-07 0 12.48677825927734 15.21854782104492 24.87288665771484
0.998797 1.00176 0.644294 0.0599121 0.0499221 0.00998998 0.000924314 1.8088e-05 4.15098e-05 6.12919e-07 0 12.48688125610352 15.23391246795654 24.87773323059082
0.998801 1.00176 0.644289 0.0598772 0.0499418 0.00993544 0.000893331 1.79589e-05 4.1384e-05 6.10482e-07 0 12.4874324798584 15.24985790252686 24.88587951660156
0.99879 1.00174 0.644286 0.0598466 0.0499649 0.00988167 0.000957676 1.83023e-05 4.03798e-05 1.82867e-05 0 12.48739910125732 15.26619052886963 24.89817237854004
0.998806 1.00176 0.644281 0.0598088 0.0499806 0.00982818 0.000893785 1.78268e-05 4.1148e-05 8.39897e-07 0 12.48716163635254 15.2812442779541 24.90577507019043
0.998782 1.00178 0.644318 0.0597711 0.0499979 0.00977314 0.000871062 1.85605e-05 4.21364e-05 2.87704e-06 0 12.48725318908691 15.29719829559326 24.92965126037598
0.998803 1.00176 0.644285 0.0597373 0.0500249 0.00971236 0.000863314 1.79096e-05 4.1266e-05 2.04113e-06 0 12.48716163635254 15.31243705749512 24.93793869018555
0.99881 1.00176 0.644277 0.059701 0.0500413 0.00965968 0.000816078 1.77078e-05 4.11136e-05 6.36959e-07 0 12.4865665435791 15.32903861999512 24.9599781036377
0.998812 1.00177 0.644282 0.0596637 0.0500569 0.00960673 0.000802399 1.76355e-05 4.16516e-05 1.166e-06 0 12.48737907409668 15.34392356872559 24.93970108032227
0.998808 1.00174 0.644267 0.0596328 0.0500799 0.00955285 0.000878485 1.77673e-05 4.02933e-05 7.18407e-06 0 12.48669624328613 15.35789108276367 24.94357299804688
0.998791 1.00175 0.644294 0.0596028 0.0500979 0.00950491 0.000827922 1.82838e-05 4.10449e-05 7.02218e-06 0 12.48699378967285 15.37236404418945 24.95199012756348
0.998813 1.00174 0.644261 0.0595691 0.0501117 0.00945738 0.000800885 1.76036e-05 4.02209e-05 1.95584e-06 0 12.48691844940186 15.3875093460083 24.96104049682617
0.998806 1.00175 0.644274 0.0595592 0.0501513 0.0094079 0.000804682 1.78145e-05 4.06559e-05 8.54521e-05 0 12.48697471618652 15.402756690979 24.97089576721191
0.998813 1.00172 0.644249 0.0595012 0.0501448 0.00935641 0.000874982 1.76242e-05 3.93067e-05 2.01153e-06 0 12.48683071136475 15.41789150238037 24.98246383666992
0.998807 1.00175 0.644277 0.0594631 0.0501586 0.00930459 0.000914623 1.77965e-05 4.08919e-05 2.32514e-06 0 12.48703575134277 15.43289756774902 24.99032020568848
