A/A0 V/V0 Vr eb eb_bend eb_ad ea ega ev ek ee
1 1.00092 0.642589 0.109093 0.0496849 0.0594082 0.000367957 0 1.12357e-05 1.76331e-08 0
1.00212 1.00017 0.640077 0.106278 0.049729 0.056549 0.000658612 5.60226e-05 3.94096e-07 6.11026e-05 0
1.00163 1.00052 0.640767 0.104492 0.0497766 0.0547149 0.000786602 3.30741e-05 3.54229e-06 2.71173e-05 0
1.00188 1.00019 0.640311 0.102861 0.0498791 0.0529818 0.00127049 4.4412e-05 4.85034e-07 3.05053e-05 0
1.00189 1.00009 0.640238 0.101597 0.0499395 0.0516571 0.00143738 4.48776e-05 1.10678e-07 3.13725e-05 0
1.00179 1.00016 0.640383 0.100545 0.0499951 0.0505503 0.00149947 4.00911e-05 3.47165e-07 0.000117805 0
1.00185 1.00006 0.640263 0.0995881 0.0500362 0.0495519 0.0015698 4.27808e-05 5.22215e-08 3.2044e-05 0
1.00181 1.00002 0.640273 0.0987312 0.0501223 0.0486089 0.00197228 4.10701e-05 6.63751e-09 4.60619e-05 0
1.00172 1.00007 0.640393 0.0977756 0.0501334 0.0476422 0.00210742 3.67928e-05 5.67204e-08 6.78029e-05 0
1.00169 1.00007 0.64042 0.0969772 0.0502338 0.0467434 0.00204644 3.55826e-05 5.63745e-08 3.6948e-05 0
1.00169 1.00004 0.6404 0.0960515 0.0501556 0.0458958 0.00191254 3.59049e-05 2.57046e-08 5.69309e-05 0
1.00142 1.00012 0.640711 0.0953101 0.0502616 0.0450485 0.00333808 2.52454e-05 1.91613e-07 8.18449e-05 0
1.00137 1.00019 0.640804 0.0946062 0.0502877 0.0443185 0.00334437 2.34763e-05 4.7938e-07 7.39915e-05 0
1.00146 1.00008 0.640649 0.093732 0.0501579 0.0435741 0.00228077 2.66152e-05 8.64474e-08 7.80669e-05 0
1.00139 1.00007 0.640708 0.0930511 0.0502615 0.0427895 0.00270525 2.4173e-05 6.56799e-08 0.000120106 0
1.0014 1.00015 0.640749 0.0922359 0.0502015 0.0420344 0.00217626 2.45173e-05 2.94516e-07 6.56828e-05 0
1.00133 1.00016 0.640821 0.091426 0.0501207 0.0413053 0.00203689 2.21997e-05 3.41676e-07 6.36804e-05 0
1.0012 1.0002 0.640973 0.0906627 0.0500937 0.0405689 0.00268248 1.80889e-05 5.43345e-07 0.000110481 0
1.0011 1.00022 0.641084 0.0898926 0.0500948 0.0397978 0.00236815 1.51167e-05 6.47632e-07 0.000102207 0
1.00107 1.00031 0.641171 0.0891651 0.0500448 0.0391203 0.0018473 1.43035e-05 1.29927e-06 3.86253e-05 0
1.00107 1.00029 0.641163 0.0884951 0.0500714 0.0384237 0.00237073 1.42099e-05 1.15211e-06 9.61321e-05 0
1.00103 1.00029 0.641196 0.0877735 0.0500009 0.0377726 0.00207874 1.32711e-05 1.13146e-06 4.17283e-05 0
1.00099 1.00035 0.641277 0.087055 0.0499089 0.0371461 0.0020952 1.21332e-05 1.63239e-06 0.000147675 0
1.00091 1.0003 0.641318 0.0864209 0.0499096 0.0365113 0.0023685 1.02655e-05 1.17175e-06 3.54966e-05 0
1.00064 1.00046 0.641675 0.0858131 0.0499255 0.0358876 0.00434494 5.13368e-06 2.76505e-06 0.0001584 0
1.00068 1.00043 0.641622 0.0852359 0.0498861 0.0353499 0.00300213 5.80036e-06 2.49893e-06 4.83271e-05 0
1.0007 1.00045 0.641612 0.084533 0.0497498 0.0347832 0.00279634 6.13257e-06 2.65919e-06 0.000105843 0
1.00068 1.00046 0.641644 0.0839671 0.0497366 0.0342304 0.00272497 5.75957e-06 2.86371e-06 4.69949e-05 0
1.00068 1.00046 0.64164 0.083362 0.0496746 0.0336874 0.00232199 5.78676e-06 2.82032e-06 1.86855e-05 0
1.00061 1.00051 0.641743 0.0827812 0.0496299 0.0331512 0.00259144 4.60583e-06 3.46233e-06 7.11032e-05 0
1.00058 1.00048 0.641749 0.0821736 0.0495364 0.0326372 0.00241952 4.22728e-06 3.08374e-06 2.26593e-05 0
1.00056 1.0005 0.641777 0.0816002 0.0494484 0.0321518 0.00221474 3.949e-06 3.28636e-06 1.15979e-05 0
1.00047 1.00056 0.641905 0.0811081 0.0494201 0.031688 0.00233788 2.75446e-06 4.12404e-06 6.52934e-05 0
1.00043 1.00057 0.641951 0.0805858 0.0493786 0.0312072 0.00262981 2.29766e-06 4.27569e-06 4.95767e-05 0
1.00038 1.00057 0.642007 0.0800049 0.049271 0.0307339 0.00254581 1.75899e-06 4.38749e-06 4.11507e-05 0
1.00033 1.00064 0.642094 0.0794999 0.0492135 0.0302864 0.00228606 1.34725e-06 5.43572e-06 7.17776e-05 0
1.00034 1.00064 0.642087 0.0789715 0.0491232 0.0298483 0.00201554 1.4185e-06 5.47219e-06 1.0292e-05 0
1.00028 1.00061 0.642123 0.0784839 0.0490776 0.0294063 0.00190877 9.77314e-07 4.99009e-06 9.6247e-05 0
1.00015 1.00074 0.642332 0.0780375 0.0490601 0.0289774 0.00268515 2.84736e-07 7.37876e-06 0.000131648 0
1.00019 1.00071 0.642274 0.0775078 0.0489504 0.0285574 0.00210286 4.44712e-07 6.7282e-06 7.44113e-05 0
1.00015 1.00081 0.642376 0.0770819 0.0489428 0.0281391 0.0020895 2.70214e-07 8.6757e-06 7.15945e-05 0
1.00016 1.00075 0.642323 0.0765381 0.0487959 0.0277421 0.0020675 3.38189e-07 7.49555e-06 0.000115957 0
1.00012 1.00076 0.64237 0.0760913 0.048714 0.0273773 0.00196497 1.81242e-07 7.6456e-06 5.81467e-05 0
1.00013 1.00077 0.64237 0.0758496 0.048845 0.0270047 0.00384208 2.0659e-07 7.90821e-06 0.000216026 0
1 1.00075 0.642481 0.0752108 0.048578 0.0266328 0.00286139 2.42494e-12 7.47117e-06 0.000126882 0
0.999993 1.00085 0.642554 0.074737 0.0484522 0.0262848 0.00216241 6.8308e-10 9.67509e-06 2.54552e-05 0
0.999975 1.00083 0.64256 0.0743325 0.0483995 0.0259331 0.00197944 8.05332e-09 9.27869e-06 4.19554e-05 0
0.99994 1.00089 0.642628 0.0738653 0.0482649 0.0256004 0.0019516 4.47187e-08 1.05242e-05 1.64873e-05 0
0.999897 1.00091 0.642686 0.0734746 0.0481918 0.0252828 0.00206975 1.31892e-07 1.11507e-05 1.36309e-05 0
0.999814 1.00102 0.642832 0.0731123 0.0481425 0.0249698 0.00240232 4.32658e-07 1.37797e-05 7.25498e-05 0
0.999825 1.00095 0.642781 0.0727405 0.0480873 0.0246533 0.00185325 3.83423e-07 1.21169e-05 4.07897e-05 0
0.999767 1.00099 0.642863 0.0722648 0.0479253 0.0243395 0.00192022 6.76479e-07 1.31879e-05 3.63199e-05 0
0.999736 1.00094 0.642856 0.0719103 0.0478846 0.0240257 0.00232045 8.73974e-07 1.17106e-05 4.20531e-05 0
0.999662 1.00102 0.642979 0.0715242 0.0477771 0.0237471 0.00225781 1.42826e-06 1.38195e-05 3.77831e-05 0
0.999652 1.00103 0.642998 0.071104 0.047645 0.023459 0.0020271 1.51324e-06 1.42197e-05 1.32938e-05 0
0.999584 1.00109 0.643103 0.0707949 0.0475973 0.0231976 0.00199341 2.16224e-06 1.5951e-05 0.000103991 0
0.999562 1.0011 0.643131 0.0704887 0.0475493 0.0229394 0.00209261 2.39299e-06 1.62591e-05 3.84093e-05 0
0.999572 1.00113 0.643137 0.0701305 0.0474464 0.0226842 0.00185989 2.29012e-06 1.69599e-05 8.27769e-05 0
0.999521 1.00114 0.643192 0.0697348 0.0472934 0.0224414 0.00206902 2.87377e-06 1.72254e-05 0.000180715 0
0.999515 1.00116 0.643214 0.0693921 0.0471813 0.0222108 0.00193142 2.93685e-06 1.80353e-05 5.43238e-05 0
0.99952 1.0012 0.643235 0.0690966 0.0471095 0.0219871 0.00169272 2.877e-06 1.92811e-05 1.57567e-05 0
0.999551 1.00122 0.643216 0.0687945 0.0470276 0.021767 0.00218499 2.52035e-06 1.9833e-05 8.58929e-05 0
0.999442 1.00121 0.643314 0.0684881 0.0469247 0.0215634 0.0019612 3.89015e-06 1.94653e-05 2.54185e-05 0
0.999376 1.00125 0.643405 0.0682116 0.0468419 0.0213696 0.00209623 4.86435e-06 2.08783e-05 0.000107899 0
0.999404 1.00128 0.643397 0.06792 0.0467442 0.0211758 0.00171381 4.44137e-06 2.18554e-05 1.21767e-05 0
0.999413 1.00129 0.643392 0.0677221 0.0467259 0.0209962 0.00199727 4.30342e-06 2.2062e-05 8.95894e-05 0
0.999337 1.00131 0.643482 0.0675041 0.0466751 0.020829 0.00281536 5.49852e-06 2.29249e-05 0.000119263 0
0.999386 1.00135 0.643457 0.0672317 0.0465504 0.0206813 0.00207306 4.71973e-06 2.41793e-05 1.62606e-05 0
0.999344 1.00132 0.643481 0.0671206 0.0465762 0.0205445 0.00215528 5.38526e-06 2.32528e-05 6.99712e-05 0
0.999337 1.00139 0.643531 0.0669078 0.0464756 0.0204322 0.00241455 5.50108e-06 2.56663e-05 8.37079e-05 0
0.999345 1.00134 0.643491 0.0667233 0.0464247 0.0202987 0.0033636 5.35871e-06 2.38872e-05 8.45491e-05 0
0.999273 1.00142 0.643611 0.0665947 0.0463988 0.0201959 0.00295962 6.59867e-06 2.68173e-05 8.24672e-05 0
0.999346 1.00146 0.643571 0.0664839 0.0463867 0.0200972 0.00230331 5.34272e-06 2.86245e-05 3.78595e-05 0
0.999367 1.00148 0.643559 0.0663429 0.04632 0.020023 0.00197056 5.01228e-06 2.90542e-05 4.91299e-05 0
0.999419 1.00149 0.643518 0.06634 0.046384 0.019956 0.00175874 4.22067e-06 2.96367e-05 4.47998e-05 0
0.999394 1.00151 0.643555 0.0662989 0.0463863 0.0199126 0.00230265 4.59625e-06 3.0427e-05 7.98567e-05 0
0.999457 1.00152 0.6435 0.0662717 0.0463975 0.0198742 0.0018727 3.68778e-06 3.08361e-05 3.70204e-05 0
0.999344 1.00159 0.643654 0.0662756 0.0464258 0.0198498 0.00221724 5.37775e-06 3.37672e-05 4.40873e-05 0
0.999476 1.00154 0.643491 0.0661841 0.0463594 0.0198247 0.00219858 3.42835e-06 3.14514e-05 7.85451e-05 0
0.999513 1.00155 0.643467 0.0662173 0.0464102 0.019807 0.00198335 2.97034e-06 3.21313e-05 6.40358e-05 0
0.999572 1.00153 0.643395 0.0661886 0.0463902 0.0197984 0.00201023 2.29114e-06 3.12345e-05 3.14313e-05 0
0.999597 1.00152 0.643364 0.0661946 0.0464093 0.0197853 0.00168993 2.03364e-06 3.07381e-05 9.87613e-06 0
0.999597 1.00155 0.643381 0.0661748 0.0463917 0.0197831 0.00159265 2.0344e-06 3.18509e-05 4.68389e-05 0
0.999606 1.00152 0.643355 0.0661897 0.04641 0.0197797 0.00146315 1.93872e-06 3.07822e-05 4.11642e-05 0
0.999632 1.00151 0.643324 0.0662933 0.0465189 0.0197745 0.00138873 1.69685e-06 3.03586e-05 0.000101092 0
0.999621 1.00154 0.643355 0.0661535 0.0463794 0.019774 0.00135544 1.79621e-06 3.16939e-05 0.000123798 0
0.999621 1.00153 0.643347 0.066163 0.0463911 0.0197719 0.00127924 1.79308e-06 3.1212e-05 2.77307e-05 0
0.999638 1.00155 0.643342 0.0661557 0.0463868 0.0197689 0.00140012 1.63893e-06 3.19066e-05 7.02304e-06 0
0.999643 1.00154 0.643332 0.066116 0.0463502 0.0197658 0.00121516 1.59057e-06 3.16052e-05 1.95965e-05 0
0.999646 1.00153 0.643326 0.0661151 0.0463497 0.0197654 0.00117211 1.56837e-06 3.1377e-05 2.9173e-05 0
0.999649 1.00153 0.643321 0.066141 0.0463767 0.0197643 0.00112663 1.54006e-06 3.12196e-05 1.77505e-05 0
0.999651 1.00154 0.643328 0.0661117 0.0463487 0.019763 0.0010836 1.52498e-06 3.17908e-05 5.06785e-05 0
0.999626 1.00153 0.643343 0.0661929 0.0464289 0.019764 0.00127815 1.74903e-06 3.12197e-05 8.17493e-05 0
0.999631 1.00155 0.643351 0.066155 0.0463923 0.0197627 0.00108586 1.70507e-06 3.20407e-05 0.000351409 0
0.999651 1.00154 0.643328 0.0662063 0.0464447 0.0197616 0.00109265 1.52216e-06 3.1824e-05 0.000119854 0
0.999664 1.00154 0.643311 0.0661252 0.0463684 0.0197568 0.00104455 1.4088e-06 3.15583e-05 8.68334e-05 0
0.999661 1.00154 0.643318 0.0661216 0.0463665 0.0197551 0.000962952 1.43461e-06 3.17717e-05 5.24847e-06 0
0.999663 1.00153 0.64331 0.0661323 0.0463785 0.0197538 0.000965245 1.41887e-06 3.13964e-05 1.90343e-05 0
0.999667 1.00151 0.64329 0.066121 0.0463719 0.0197491 0.00121465 1.38331e-06 3.0385e-05 3.93504e-05 0
0.999666 1.00154 0.643311 0.0661174 0.0463669 0.0197505 0.00106728 1.39144e-06 3.16622e-05 1.33854e-05 0
0.999616 1.00147 0.643312 0.0661312 0.0463779 0.0197533 0.00119425 1.84381e-06 2.86651e-05 4.69161e-05 0
0.999652 1.00155 0.643331 0.0661351 0.0463844 0.0197507 0.00103367 1.51289e-06 3.20409e-05 5.62707e-05 0
0.999646 1.00154 0.643328 0.0661141 0.0463644 0.0197497 0.00119749 1.56987e-06 3.14462e-05 4.91148e-05 0
0.999623 1.00154 0.643354 0.0661036 0.0463527 0.0197509 0.00113806 1.77854e-06 3.17438e-05 2.6512e-05 0
0.999641 1.00153 0.64333 0.0661158 0.0463689 0.0197469 0.00118647 1.60862e-06 3.13547e-05 5.84475e-06 0
0.999642 1.00154 0.643334 0.0661928 0.0464492 0.0197436 0.00103839 1.60278e-06 3.16243e-05 5.94177e-05 0
0.999663 1.00156 0.643325 0.0661385 0.0463997 0.0197388 0.000956814 1.42326e-06 3.23311e-05 5.39683e-05 0
0.999644 1.0015 0.643305 0.0661611 0.0464248 0.0197364 0.000900108 1.58393e-06 2.99176e-05 7.2984e-05 0
0.999678 1.00154 0.643298 0.0661447 0.0464125 0.0197322 0.000850985 1.29329e-06 3.15632e-05 0.000154918 0
0.999662 1.00152 0.643303 0.0661111 0.0463805 0.0197306 0.000787417 1.4305e-06 3.08623e-05 5.76645e-05 0
0.999682 1.00155 0.643304 0.0662756 0.0465509 0.0197247 0.000759875 1.26747e-06 3.21683e-05 0.000162851 0
0.99966 1.00153 0.643311 0.0661617 0.0464399 0.0197218 0.00101312 1.44211e-06 3.12838e-05 0.000135976 0
0.999669 1.00155 0.643316 0.0661488 0.0464303 0.0197185 0.000887932 1.37087e-06 3.21527e-05 5.80045e-05 0
0.999664 1.00154 0.643311 0.0660988 0.0463811 0.0197177 0.000828693 1.4148e-06 3.15171e-05 8.99663e-06 0
0.999679 1.00154 0.643299 0.0660611 0.0463462 0.0197149 0.000743074 1.29088e-06 3.16661e-05 1.28863e-06 0
0.999685 1.00154 0.643294 0.0660983 0.0463864 0.0197119 0.000696613 1.24048e-06 3.17606e-05 0.000114907 0
0.999672 1.00152 0.64329 0.0661042 0.046395 0.0197093 0.000663852 1.34175e-06 3.06879e-05 0.000193502 0
0.999686 1.00148 0.643255 0.0661374 0.0464308 0.0197066 0.000776489 1.23618e-06 2.92938e-05 4.89776e-05 0
0.999666 1.00154 0.643311 0.0661591 0.0464563 0.0197028 0.000834679 1.39861e-06 3.1619e-05 0.000152401 0
0.999665 1.00157 0.643329 0.066102 0.0463974 0.0197046 0.000850106 1.40389e-06 3.27592e-05 0.000226372 0
0.999684 1.00156 0.643303 0.0661966 0.0464947 0.019702 0.000981113 1.24575e-06 3.22988e-05 9.8788e-05 0
0.999673 1.00156 0.643315 0.0661932 0.0464911 0.0197021 0.00082278 1.33549e-06 3.23338e-05 4.38641e-05 0
0.999659 1.00154 0.643318 0.0660452 0.0463444 0.0197009 0.000711622 1.45428e-06 3.16537e-05 0.000127234 0
0.999655 1.00155 0.643331 0.0660534 0.0463594 0.019694 0.00081182 1.49009e-06 3.22077e-05 0.000109516 0
0.99968 1.00153 0.643292 0.0660847 0.046397 0.0196877 0.000753331 1.28384e-06 3.12816e-05 7.17256e-05 0
0.999676 1.00157 0.643319 0.0661131 0.0464302 0.0196829 0.000682063 1.31441e-06 3.27511e-05 6.60129e-05 0
0.999678 1.00156 0.643311 0.0661005 0.0464238 0.0196767 0.000661363 1.29303e-06 3.23954e-05 1.35886e-05 0
0.999682 1.00154 0.643298 0.0661269 0.0464551 0.0196718 0.000609315 1.26678e-06 3.18007e-05 0.000105338 0
0.999683 1.00154 0.643296 0.0660626 0.0463936 0.019669 0.000620545 1.2553e-06 3.17244e-05 0.000146676 0
0.999675 1.00149 0.643269 0.0661919 0.0465315 0.0196604 0.000582665 1.32164e-06 2.95505e-05 2.78491e-05 0
0.99968 1.00154 0.643296 0.0660129 0.0463557 0.0196572 0.00055145 1.28236e-06 3.15595e-05 9.07384e-06 0
0.999683 1.00154 0.643292 0.0660063 0.0463559 0.0196504 0.000548 1.25274e-06 3.15258e-05 6.1104e-07 0
0.999687 1.00154 0.643291 0.0660014 0.0463585 0.0196429 0.000543718 1.22348e-06 3.16738e-05 1.35432e-06 0
0.999685 1.00152 0.643279 0.066065 0.0464308 0.0196342 0.000611449 1.23937e-06 3.07774e-05 1.12996e-05 0
0.999676 1.00155 0.643307 0.0659945 0.046367 0.0196275 0.000592445 1.3126e-06 3.20041e-05 0.000121683 0
0.999695 1.00157 0.643304 0.066085 0.0464657 0.0196193 0.000556949 1.16608e-06 3.29647e-05 3.37444e-05 0
0.999655 1.00152 0.643311 0.0660366 0.0464202 0.0196164 0.000598684 1.49076e-06 3.09746e-05 4.50879e-05 0
0.99967 1.00155 0.643311 0.0659794 0.0463701 0.0196093 0.00062929 1.36549e-06 3.18558e-05 0.000101081 0
0.999683 1.00156 0.64331 0.0660673 0.0464666 0.0196007 0.000650951 1.25984e-06 3.26214e-05 5.5094e-06 0
0.999676 1.00154 0.643299 0.0659719 0.0463791 0.0195928 0.000581773 1.31457e-06 3.14847e-05 8.96874e-06 0
0.999677 1.00153 0.643297 0.0660112 0.046426 0.0195852 0.000675882 1.30708e-06 3.13799e-05 4.63255e-05 0
0.999685 1.00158 0.643317 0.0660689 0.0464925 0.0195764 0.00059572 1.24153e-06 3.32016e-05 5.63729e-05 0
0.999656 1.00153 0.643312 0.0659644 0.0463957 0.0195687 0.000696994 1.47953e-06 3.10865e-05 0.00016975 0
0.999663 1.00154 0.643311 0.0659974 0.0464412 0.0195562 0.000809791 1.41884e-06 3.1496e-05 1.64628e-05 0
0.999678 1.00156 0.643311 0.0659524 0.0464064 0.019546 0.000611352 1.29712e-06 3.23665e-05 0.000132198 0
0.999684 1.00156 0.64331 0.066049 0.0465136 0.0195353 0.000593189 1.25224e-06 3.26549e-05 1.88121e-05 0
0.999665 1.00153 0.643306 0.0659823 0.046455 0.0195272 0.000561643 1.40417e-06 3.12572e-05 7.59101e-05 0
0.999665 1.00155 0.643316 0.0659524 0.0464359 0.0195165 0.000574805 1.40184e-06 3.19451e-05 4.25807e-05 0
0.99967 1.00155 0.643313 0.0659429 0.0464366 0.0195064 0.00056089 1.36136e-06 3.20257e-05 2.43873e-05 0
0.999676 1.00154 0.643303 0.0659118 0.0464173 0.0194944 0.000536348 1.31103e-06 3.17744e-05 9.57858e-07 0
0.999673 1.00154 0.643305 0.0659567 0.0464744 0.0194824 0.000509119 1.33688e-06 3.169e-05 0.000118355 0
0.999677 1.00155 0.643306 0.0659164 0.0464445 0.0194718 0.000511082 1.303e-06 3.20211e-05 2.18424e-05 0
0.999688 1.00156 0.6433 0.0659665 0.0465058 0.0194607 0.000685348 1.21682e-06 3.2324e-05 0.00020508 0
0.999676 1.00154 0.643302 0.0659133 0.046466 0.0194473 0.000593187 1.31138e-06 3.16879e-05 6.27797e-05 0
0.999676 1.00154 0.643301 0.0659088 0.0464764 0.0194324 0.00055098 1.31196e-06 3.16119e-05 6.73087e-05 0
0.999678 1.00157 0.643322 0.0659168 0.0464977 0.0194191 0.000560657 1.29607e-06 3.3096e-05 8.71418e-05 0
0.999642 1.00155 0.643342 0.0659888 0.0465858 0.019403 0.000730046 1.60334e-06 3.2169e-05 8.51577e-05 0
0.999662 1.00153 0.643308 0.065908 0.0465166 0.0193913 0.000955192 1.43105e-06 3.11965e-05 9.25399e-05 0
0.999654 1.00154 0.643322 0.0659513 0.0465755 0.0193758 0.000707068 1.49393e-06 3.16132e-05 0.000228433 0
0.999664 1.00155 0.643317 0.0659624 0.0466001 0.0193623 0.000706326 1.41389e-06 3.18889e-05 0.000141697 0
0.999656 1.00154 0.643318 0.0658866 0.046539 0.0193476 0.000754406 1.4762e-06 3.15075e-05 3.42279e-05 0
0.999666 1.00155 0.643318 0.0658607 0.0465312 0.0193295 0.000691332 1.39676e-06 3.20646e-05 2.4102e-05 0
0.999641 1.00152 0.643323 0.0658819 0.0465685 0.0193134 0.00108696 1.61078e-06 3.08564e-05 0.000352004 0
0.999653 1.00157 0.643344 0.0659096 0.0466132 0.0192963 0.00086765 1.50565e-06 3.29408e-05 0.000227739 0
0.999648 1.00153 0.64332 0.0658398 0.0465627 0.019277 0.000814566 1.55229e-06 3.1061e-05 9.11151e-05 0
0.999667 1.00156 0.643323 0.065882 0.0466211 0.0192609 0.000946133 1.38936e-06 3.24822e-05 4.02884e-05 0
0.999627 1.00155 0.643355 0.0657871 0.0465379 0.0192492 0.00078536 1.73994e-06 3.20708e-05 4.20822e-05 0
0.999632 1.00157 0.643361 0.0657933 0.0465621 0.0192312 0.000722019 1.69423e-06 3.27237e-05 4.7025e-05 0
0.999641 1.00155 0.643341 0.065798 0.0465861 0.0192119 0.000697867 1.6109e-06 3.20208e-05 0.000106513 0
0.999656 1.00157 0.64334 0.0657826 0.0465927 0.0191899 0.000747414 1.48097e-06 3.28624e-05 8.13303e-05 0
0.999645 1.00153 0.643325 0.0657606 0.0465898 0.0191708 0.000696141 1.57606e-06 3.12148e-05 6.04358e-05 0
0.999625 1.00151 0.643332 0.0657702 0.0466196 0.0191506 0.000843408 1.7541e-06 3.05054e-05 7.26538e-05 0
0.99964 1.00156 0.643351 0.0657509 0.0466223 0.0191286 0.00085038 1.61792e-06 3.26248e-05 5.28383e-05 0
0.999609 1.00153 0.643359 0.0657488 0.0466354 0.0191134 0.000807888 1.90862e-06 3.12166e-05 8.24071e-05 0
0.999634 1.00158 0.643369 0.0657025 0.0466115 0.019091 0.000750152 1.67525e-06 3.34081e-05 6.56832e-05 0
0.999633 1.00157 0.643362 0.065754 0.0466863 0.0190677 0.000836291 1.68354e-06 3.28873e-05 6.07207e-05 0
0.999608 1.00151 0.643345 0.065719 0.0466702 0.0190488 0.000699445 1.91644e-06 3.02745e-05 3.92769e-05 0
0.999632 1.00157 0.643365 0.0656829 0.0466566 0.0190264 0.000674972 1.69479e-06 3.30076e-05 1.52103e-05 0
0.999619 1.00154 0.643358 0.0656341 0.0466285 0.0190056 0.000643909 1.81536e-06 3.17785e-05 5.16552e-05 0
0.999625 1.00157 0.643369 0.0656301 0.0466472 0.0189828 0.000643481 1.75381e-06 3.28642e-05 0.00013336 0
0.999614 1.00155 0.643365 0.0656063 0.0466447 0.0189616 0.000613261 1.85857e-06 3.19084e-05 5.77645e-05 0
0.999623 1.00157 0.643374 0.0656092 0.0466717 0.0189375 0.000616453 1.77926e-06 3.30278e-05 3.1739e-05 0
0.999606 1.00156 0.643379 0.0655712 0.0466558 0.0189154 0.000605342 1.93845e-06 3.22987e-05 1.88939e-06 0
0.999605 1.00155 0.643374 0.0655671 0.0466752 0.0188918 0.000582158 1.94616e-06 3.19338e-05 4.29855e-05 0
0.999606 1.00157 0.643387 0.0655594 0.0466936 0.0188658 0.000618835 1.94282e-06 3.28135e-05 5.53334e-05 0
0.999612 1.00155 0.64337 0.0655361 0.0466962 0.0188398 0.000584594 1.88347e-06 3.20851e-05 4.16168e-05 0
0.999601 1.00156 0.643387 0.0655361 0.0467217 0.0188144 0.000575145 1.99407e-06 3.24973e-05 3.39435e-05 0
0.999604 1.00155 0.643377 0.0655221 0.0467349 0.0187872 0.00055577 1.96498e-06 3.19859e-05 3.13505e-05 0
0.999607 1.00154 0.643365 0.0655128 0.0467531 0.0187597 0.000645624 1.9282e-06 3.14592e-05 2.87277e-05 0
0.999607 1.00156 0.643382 0.0654665 0.0467341 0.0187324 0.000576101 1.93295e-06 3.25695e-05 2.27583e-06 0
0.999601 1.00156 0.643386 0.0654454 0.0467415 0.0187039 0.000553918 1.98668e-06 3.24862e-05 1.03174e-06 0
0.999595 1.00156 0.643389 0.0654305 0.0467539 0.0186767 0.000587835 2.05169e-06 3.22784e-05 3.29562e-06 0
0.99959 1.00156 0.643397 0.0654117 0.0467641 0.0186476 0.000561205 2.104e-06 3.24328e-05 7.66775e-07 0
0.99959 1.00156 0.643396 0.065416 0.0468007 0.0186153 0.000576317 2.10558e-06 3.23464e-05 1.26903e-05 0
0.999583 1.00157 0.643413 0.0653936 0.0468081 0.0185855 0.000624452 2.17322e-06 3.307e-05 1.27589e-05 0
0.999572 1.00156 0.643417 0.0653599 0.0468045 0.0185554 0.000590197 2.2901e-06 3.26007e-05 1.29108e-06 0
0.99958 1.00158 0.643422 0.0653683 0.0468467 0.0185216 0.00134556 2.2102e-06 3.3424e-05 6.07405e-05 0
0.999577 1.00157 0.643417 0.06534 0.0468417 0.0184983 0.000971475 2.23249e-06 3.29639e-05 4.13282e-06 0
0.99956 1.00157 0.643431 0.0653176 0.0468502 0.0184673 0.000905869 2.41959e-06 3.27953e-05 2.54351e-06 0
0.999546 1.00155 0.64343 0.0653267 0.0468877 0.018439 0.000996387 2.57333e-06 3.18965e-05 1.28625e-05 0
0.999558 1.00157 0.643433 0.0652822 0.0468752 0.018407 0.000864 2.4388e-06 3.27855e-05 4.13697e-06 0
0.999537 1.00157 0.643454 0.065267 0.0468909 0.0183761 0.00101536 2.67973e-06 3.28417e-05 6.70887e-06 0
0.999539 1.00157 0.64345 0.0652402 0.046896 0.0183442 0.000797774 2.6522e-06 3.27115e-05 1.97954e-06 0
0.999537 1.00159 0.643465 0.0652284 0.0469195 0.0183089 0.00106278 2.67563e-06 3.35976e-05 9.64329e-06 0
0.999536 1.00157 0.643454 0.0652049 0.0469346 0.0182703 0.000821194 2.6865e-06 3.28332e-05 3.2326e-06 0
0.999535 1.00157 0.643457 0.0651833 0.0469481 0.0182351 0.00106353 2.70203e-06 3.29205e-05 9.34079e-07 0
0.999538 1.00158 0.64346 0.0651855 0.046983 0.0182024 0.000810281 2.66847e-06 3.33242e-05 1.84741e-06 0
0.999537 1.00158 0.643463 0.0651806 0.0470143 0.0181663 0.000774229 2.67634e-06 3.34614e-05 6.21576e-06 0
0.999525 1.00156 0.643457 0.065137 0.0470066 0.0181304 0.000732293 2.8171e-06 3.22689e-05 4.0505e-06 0
0.999532 1.00159 0.64347 0.0651226 0.0470328 0.0180898 0.000769549 2.73711e-06 3.35463e-05 3.54791e-05 0
0.999521 1.00156 0.643465 0.0651056 0.0470521 0.0180536 0.000730349 2.87347e-06 3.25329e-05 3.93597e-05 0
0.999522 1.00159 0.643481 0.0650896 0.0470738 0.0180158 0.000759862 2.85855e-06 3.36539e-05 1.27782e-05 0
0.999515 1.00158 0.643482 0.0650294 0.047051 0.0179784 0.000708006 2.93743e-06 3.32676e-05 1.64974e-06 0
0.999509 1.00157 0.643482 0.0650125 0.047071 0.0179415 0.000736296 3.00863e-06 3.29598e-05 1.27837e-05 0
0.999511 1.00158 0.643488 0.0649915 0.0470859 0.0179056 0.000691666 2.98964e-06 3.34001e-05 8.12933e-06 0
0.999484 1.00156 0.643497 0.0650199 0.0471511 0.0178688 0.000681512 3.33089e-06 3.22889e-05 0.000343374 0
0.999501 1.00159 0.643501 0.0649572 0.0471267 0.0178306 0.000651077 3.11671e-06 3.36473e-05 5.93121e-05 0
0.999498 1.00157 0.643492 0.0649247 0.0471313 0.0177933 0.000870064 3.15062e-06 3.28375e-05 4.45376e-05 0
0.999491 1.00157 0.643501 0.0648989 0.047143 0.0177559 0.000723618 3.23533e-06 3.3014e-05 6.20986e-06 0
0.999482 1.00159 0.643518 0.0648968 0.0471763 0.0177205 0.000841565 3.35841e-06 3.35299e-05 2.75938e-05 0
0.999483 1.0016 0.643526 0.0648841 0.0472018 0.0176823 0.000747336 3.33759e-06 3.41767e-05 2.37007e-05 0
0.999475 1.00158 0.643523 0.0648576 0.0472148 0.0176428 0.000831304 3.44978e-06 3.33879e-05 5.5153e-05 0
0.999454 1.00161 0.64356 0.0648399 0.0472384 0.0176016 0.00132192 3.72528e-06 3.45742e-05 8.21902e-05 0
0.999438 1.00157 0.643551 0.0648357 0.0472716 0.0175642 0.00109735 3.94314e-06 3.29767e-05 2.53647e-05 0
0.999453 1.00154 0.643519 0.0647987 0.0472768 0.0175219 0.000909005 3.74492e-06 3.17654e-05 1.32652e-05 0
0.999462 1.00159 0.64354 0.0647582 0.0472784 0.0174798 0.000841378 3.61223e-06 3.37914e-05 3.32889e-05 0
0.999409 1.00161 0.643607 0.0647334 0.0472961 0.0174373 0.000908114 4.36961e-06 3.47837e-05 1.52427e-05 0
0.999432 1.00159 0.643566 0.0647499 0.0473547 0.0173952 0.000860662 4.03097e-06 3.3546e-05 9.00943e-05 0
0.999449 1.00162 0.643571 0.0647329 0.0473806 0.0173522 0.000793744 3.79195e-06 3.49461e-05 9.02497e-05 0
0.999415 1.00157 0.64357 0.0647114 0.0474019 0.0173094 0.000775761 4.27795e-06 3.27075e-05 0.000379621 0
0.999441 1.00162 0.643579 0.0646225 0.0473603 0.0172622 0.000799764 3.90932e-06 3.49847e-05 1.48535e-05 0
0.999436 1.00161 0.643578 0.0646205 0.0474058 0.0172147 0.000741941 3.97533e-06 3.46249e-05 2.80739e-05 0
0.999435 1.00161 0.643579 0.0645712 0.0474034 0.0171678 0.000731912 3.98701e-06 3.4578e-05 0.000105405 0
0.999427 1.0016 0.643578 0.0646369 0.0475179 0.017119 0.000698987 4.11082e-06 3.3984e-05 2.08424e-05 0
0.999429 1.00161 0.643583 0.0645484 0.0474732 0.0170753 0.000788545 4.078e-06 3.44338e-05 5.3841e-05 0
0.999158 1.00173 0.643923 0.0645167 0.0474795 0.0170372 0.00178223 8.85802e-06 3.98757e-05 7.26946e-05 0
0.999371 1.00161 0.643643 0.0644733 0.0474781 0.0169952 0.00116624 4.94466e-06 3.47513e-05 1.18455e-05 0
0.999426 1.00166 0.64362 0.0644615 0.0475085 0.016953 0.00221482 4.11886e-06 3.67659e-05 1.91983e-05 0
0.999304 1.0016 0.643696 0.064422 0.0475144 0.0169076 0.00143806 6.04876e-06 3.40061e-05 5.15817e-05 0
0.999352 1.0016 0.643655 0.0644001 0.0475487 0.0168513 0.00129987 5.24982e-06 3.43113e-05 5.08475e-05 0
0.999394 1.0016 0.643611 0.0644029 0.0476067 0.0167962 0.00167207 4.59587e-06 3.40806e-05 2.22365e-05 0
0.99933 1.0016 0.643675 0.0643556 0.0476165 0.0167391 0.0015761 5.61375e-06 3.42032e-05 6.1626e-05 0
0.999335 1.00159 0.643664 0.0643045 0.0476224 0.0166822 0.0013903 5.5205e-06 3.38799e-05 3.72595e-05 0
0.999326 1.0016 0.643678 0.064255 0.047628 0.0166271 0.00133252 5.67276e-06 3.41871e-05 3.36854e-05 0
0.999325 1.00163 0.6437 0.0642069 0.0476354 0.0165715 0.00122161 5.70459e-06 3.55638e-05 5.43396e-05 0
0.999336 1.00163 0.643686 0.0641903 0.0476747 0.0165156 0.00116138 5.51921e-06 3.53479e-05 3.98416e-06 0
0.999329 1.00163 0.643693 0.0641266 0.0476668 0.0164599 0.00112042 5.63263e-06 3.53474e-05 3.27748e-05 0
0.999246 1.0016 0.643757 0.0641255 0.0477318 0.0163937 0.00171059 7.10014e-06 3.42861e-05 0.000184913 0
0.999291 1.00165 0.643741 0.0641135 0.0477901 0.0163234 0.00161735 6.28929e-06 3.61265e-05 0.000100405 0
0.999291 1.00163 0.643728 0.0640614 0.0477996 0.0162618 0.00150388 6.28238e-06 3.52639e-05 8.77073e-05 0
0.99923 1.00163 0.643788 0.0640995 0.0478959 0.0162035 0.00189348 7.40888e-06 3.53154e-05 7.18706e-05 0
0.999236 1.00161 0.643772 0.064025 0.0478761 0.0161489 0.00178488 7.30496e-06 3.45818e-05 7.84672e-05 0
0.99924 1.00165 0.643795 0.0640089 0.0479186 0.0160903 0.00158196 7.225e-06 3.64367e-05 1.38693e-05 0
0.999231 1.00162 0.643784 0.0639178 0.0478841 0.0160337 0.00176983 7.40127e-06 3.50701e-05 7.34436e-05 0
0.999243 1.00164 0.643787 0.0638533 0.0478883 0.0159649 0.00147494 7.16774e-06 3.61023e-05 1.12619e-05 0
0.999224 1.00162 0.643789 0.0637934 0.0479009 0.0158926 0.00162663 7.53345e-06 3.49686e-05 2.92234e-05 0
0.999215 1.00157 0.643764 0.0637799 0.0479443 0.0158356 0.00199939 7.69736e-06 3.27948e-05 6.4431e-05 0
0.999222 1.00164 0.643801 0.0637295 0.0479508 0.0157787 0.00204109 7.56158e-06 3.56882e-05 4.77742e-05 0
0.999215 1.00164 0.643813 0.0637623 0.0480426 0.0157197 0.00167579 7.69999e-06 3.60334e-05 0.000121164 0
0.999204 1.00164 0.643823 0.0636587 0.0479972 0.0156616 0.00182017 7.92335e-06 3.5995e-05 0.00013701 0
0.999207 1.00163 0.643811 0.063665 0.0480633 0.0156017 0.00166575 7.86036e-06 3.53858e-05 1.28862e-05 0
0.999193 1.00164 0.643835 0.0635722 0.0480357 0.0155365 0.00149901 8.14188e-06 3.60819e-05 2.68691e-05 0
0.999161 1.00162 0.643848 0.0635462 0.0480829 0.0154633 0.00168913 8.79311e-06 3.48618e-05 7.12293e-05 0
0.999197 1.00164 0.64383 0.0634841 0.048089 0.0153951 0.00159866 8.07058e-06 3.60011e-05 1.79115e-05 0
0.999159 1.00158 0.643828 0.0634805 0.0481536 0.0153269 0.00149068 8.84829e-06 3.34299e-05 6.92615e-05 0
0.999191 1.00165 0.643839 0.0633874 0.0481274 0.01526 0.00139319 8.18753e-06 3.62223e-05 1.31044e-05 0
0.99921 1.00165 0.643821 0.0634892 0.048296 0.0151932 0.00130335 7.79693e-06 3.62778e-05 1.98231e-05 0
0.99916 1.00165 0.643873 0.0633543 0.0482267 0.0151276 0.00144532 8.82061e-06 3.65129e-05 6.04706e-05 0
0.999129 1.00163 0.64389 0.063265 0.0481991 0.0150659 0.00156293 9.47374e-06 3.56342e-05 1.9297e-05 0
0.99918 1.00165 0.643849 0.0632206 0.0482114 0.0150091 0.00138406 8.39683e-06 3.61905e-05 2.08242e-06 0
0.999248 1.00164 0.643776 0.0631966 0.0482434 0.0149531 0.00201841 7.07469e-06 3.56767e-05 2.12193e-05 0
0.999176 1.00166 0.643861 0.0631498 0.0482519 0.0148979 0.00159885 8.48109e-06 3.67718e-05 2.15144e-06 0
0.999169 1.00165 0.643862 0.0631169 0.0482785 0.0148384 0.00151329 8.64164e-06 3.63524e-05 4.89519e-06 0
0.99917 1.00167 0.643874 0.0631007 0.0483246 0.0147761 0.00140007 8.61537e-06 3.72572e-05 2.93995e-05 0
0.999167 1.00167 0.643873 0.0630347 0.0483279 0.0147068 0.00141008 8.6706e-06 3.6997e-05 4.81569e-06 0
0.99909 1.00168 0.643957 0.0629859 0.0483424 0.0146435 0.00206042 1.03457e-05 3.76648e-05 1.08613e-05 0
0.999041 1.00169 0.644012 0.0629653 0.0483905 0.0145748 0.00202398 1.14896e-05 3.81953e-05 2.71962e-05 0
0.999065 1.0017 0.643993 0.0629084 0.0483949 0.0145135 0.00169506 1.09409e-05 3.84589e-05 2.73855e-05 0
0.999115 1.00174 0.643969 0.0630124 0.0485608 0.0144516 0.00147605 9.78685e-06 4.01783e-05 8.78844e-05 0
0.999119 1.00167 0.643922 0.0628911 0.0485014 0.0143898 0.00138201 9.70918e-06 3.71167e-05 3.44627e-05 0
0.999104 1.00166 0.643932 0.0628131 0.0484852 0.014328 0.00126435 1.00435e-05 3.67859e-05 6.63093e-05 0
0.99911 1.00167 0.643933 0.0627354 0.0484705 0.0142649 0.00118366 9.89391e-06 3.73195e-05 3.1119e-06 0
0.999111 1.00169 0.643945 0.0627118 0.0485115 0.0142002 0.00114389 9.88805e-06 3.82172e-05 7.34513e-05 0
0.999099 1.00166 0.643938 0.0626747 0.0485383 0.0141364 0.00112309 1.01545e-05 3.68758e-05 1.35108e-05 0
0.999096 1.00167 0.643942 0.0626053 0.0485384 0.0140669 0.00114111 1.02113e-05 3.70257e-05 5.52326e-06 0
0.999104 1.00169 0.643952 0.0625592 0.0485622 0.013997 0.00107174 1.00438e-05 3.81785e-05 2.10414e-05 0
0.99909 1.00169 0.643961 0.06252 0.0485889 0.0139311 0.00105401 1.03635e-05 3.79141e-05 0.000109116 0
0.999053 1.00169 0.643998 0.0624648 0.0486048 0.01386 0.00110991 1.12036e-05 3.80299e-05 1.06714e-05 0
0.999087 1.00169 0.643966 0.0624267 0.0486337 0.013793 0.00110407 1.04271e-05 3.80255e-05 6.012e-06 0
0.999073 1.00165 0.643957 0.0623862 0.0486636 0.0137225 0.001133 1.07488e-05 3.64956e-05 1.40247e-05 0
0.999057 1.00169 0.643997 0.0623287 0.0486698 0.0136589 0.00107361 1.1118e-05 3.82241e-05 1.61659e-05 0
0.999063 1.0017 0.643999 0.0622777 0.0486837 0.0135941 0.00101041 1.0971e-05 3.87752e-05 1.13179e-05 0
0.999051 1.00169 0.644002 0.0622328 0.0487065 0.0135263 0.000983656 1.12535e-05 3.81799e-05 1.01611e-06 0
0.999065 1.00169 0.643989 0.0621886 0.0487302 0.0134584 0.00101197 1.0921e-05 3.81983e-05 4.86154e-06 0
0.999071 1.00171 0.643997 0.0621422 0.0487562 0.013386 0.00113262 1.07848e-05 3.91778e-05 9.39202e-06 0
0.99903 1.00172 0.644042 0.0620952 0.0487715 0.0133238 0.000999159 1.17594e-05 3.95679e-05 7.49708e-05 0
0.999004 1.00175 0.644087 0.0621112 0.0488606 0.0132506 0.00120179 1.2401e-05 4.09702e-05 9.06899e-05 0
0.999024 1.00169 0.644028 0.0620381 0.0488548 0.0131832 0.00104758 1.19159e-05 3.80895e-05 1.43682e-05 0
0.999024 1.0017 0.644036 0.0619666 0.0488542 0.0131123 0.000946546 1.19101e-05 3.86983e-05 2.38591e-05 0
0.999006 1.00172 0.644065 0.0619571 0.048916 0.0130411 0.00101355 1.23479e-05 3.95006e-05 0.000108903 0
0.999007 1.00175 0.64408 0.0619077 0.0489365 0.0129713 0.00101691 1.23205e-05 4.0672e-05 0.000101548 0
0.998986 1.00168 0.644055 0.0618465 0.0489466 0.0128999 0.00103942 1.28485e-05 3.74406e-05 1.96821e-05 0
0.999018 1.00172 0.644056 0.0617739 0.0489427 0.0128311 0.000971839 1.20546e-05 3.96874e-05 0.000200163 0
0.998984 1.00166 0.644045 0.0617441 0.0489772 0.0127669 0.00126701 1.29156e-05 3.6583e-05 2.46957e-05 0
0.99897 1.00172 0.6441 0.0616876 0.0489794 0.0127082 0.00100697 1.32582e-05 3.95266e-05 4.68158e-06 0
0.998966 1.00168 0.644076 0.0616976 0.0490589 0.0126387 0.00104568 1.33548e-05 3.76068e-05 3.95045e-05 0
0.998962 1.00171 0.6441 0.0617449 0.0491751 0.0125698 0.0010278 1.34708e-05 3.9002e-05 0.000124139 0
0.998956 1.0017 0.644102 0.0616044 0.0490976 0.0125068 0.00098262 1.36374e-05 3.87163e-05 6.47507e-05 0
0.998959 1.00169 0.644089 0.0615897 0.0491506 0.0124392 0.000913117 1.35481e-05 3.79743e-05 3.10526e-05 0
0.998966 1.00172 0.644105 0.0615387 0.0491664 0.0123723 0.000863189 1.33667e-05 3.96513e-05 5.44755e-05 0
0.99895 1.00169 0.644102 0.0615293 0.0492245 0.0123047 0.00129539 1.37881e-05 3.83209e-05 5.89728e-05 0
0.998944 1.00175 0.644141 0.061422 0.0491837 0.0122383 0.00100844 1.3941e-05 4.06578e-05 7.99902e-05 0
0.998909 1.00175 0.64418 0.0613522 0.049176 0.0121762 0.00105168 1.48701e-05 4.10443e-05 6.47958e-05 0
0.998926 1.00172 0.644139 0.06131 0.049202 0.012108 0.000943291 1.44285e-05 3.92511e-05 4.74251e-05 0
0.998929 1.0017 0.644126 0.0612648 0.0492247 0.0120401 0.000922208 1.43377e-05 3.8555e-05 7.60476e-05 0
0.998944 1.00173 0.644133 0.0612389 0.049268 0.0119709 0.000868481 1.39399e-05 4.01104e-05 1.08154e-05 0
0.998883 1.00171 0.644175 0.061214 0.0493135 0.0119005 0.0010806 1.55986e-05 3.89206e-05 0.000239839 0
0.998892 1.0017 0.644163 0.0611746 0.0493452 0.0118294 0.00109881 1.53404e-05 3.86373e-05 3.05096e-05 0
0.998874 1.00175 0.644209 0.061098 0.0493295 0.0117684 0.00145198 1.58402e-05 4.06995e-05 2.17783e-05 0
0.998905 1.00175 0.644179 0.0610645 0.0493564 0.0117081 0.00117629 1.49788e-05 4.0702e-05 6.76696e-05 0
0.998904 1.00174 0.644174 0.0610026 0.0493567 0.0116459 0.00106723 1.50165e-05 4.02647e-05 5.62767e-06 0
0.998891 1.00174 0.644187 0.0609596 0.0493766 0.011583 0.0011011 1.53627e-05 4.03044e-05 4.2046e-06 0
0.99887 1.00177 0.644229 0.0609231 0.0494079 0.0115152 0.00129455 1.5966e-05 4.18941e-05 7.83438e-06 0
0.998864 1.00175 0.644219 0.0608893 0.0494286 0.0114607 0.00139941 1.61362e-05 4.07503e-05 5.69666e-06 0
0.99886 1.00173 0.644215 0.0608461 0.0494478 0.0113984 0.00135081 1.62418e-05 4.01527e-05 3.16877e-06 0
0.998832 1.00176 0.644256 0.0608046 0.0494667 0.0113379 0.00125527 1.70505e-05 4.11937e-05 1.41206e-05 0
0.998861 1.00174 0.64422 0.0607653 0.0494893 0.011276 0.00116166 1.62285e-05 4.05812e-05 4.23818e-05 0
0.998851 1.00174 0.64423 0.0607408 0.0495275 0.0112133 0.00109363 1.6518e-05 4.05633e-05 3.33864e-05 0
0.998866 1.00175 0.644216 0.0606898 0.0495381 0.0111517 0.00107103 1.60836e-05 4.06527e-05 4.20706e-05 0
0.998859 1.00174 0.64422 0.0606568 0.0495757 0.0110811 0.00125636 1.62726e-05 4.04401e-05 6.76552e-06 0
0.998858 1.00172 0.644206 0.0606116 0.0495912 0.0110204 0.00115669 1.62944e-05 3.93842e-05 7.09416e-05 0
0.998864 1.00176 0.644229 0.0606277 0.0496668 0.010961 0.00109563 1.61199e-05 4.1455e-05 4.53985e-05 0
0.998782 1.00181 0.644342 0.0605616 0.0496564 0.0109052 0.00142828 1.8548e-05 4.39161e-05 4.06886e-05 0
0.998855 1.00174 0.644221 0.0605324 0.0496879 0.0108446 0.00114461 1.6389e-05 4.02674e-05 1.62647e-05 0
0.998834 1.00175 0.64425 0.0604678 0.0496856 0.0107821 0.00118071 1.69932e-05 4.08528e-05 5.63454e-05 0
0.998812 1.00178 0.64429 0.0604157 0.0496894 0.0107264 0.0010628 1.76428e-05 4.22183e-05 1.52991e-05 0
0.998839 1.00176 0.644253 0.0603798 0.0497114 0.0106683 0.00104585 1.68374e-05 4.14994e-05 3.6852e-05 0
0.998786 1.00182 0.644341 0.0603495 0.0497458 0.0106037 0.00148237 1.84231e-05 4.4202e-05 2.88155e-05 0
0.998794 1.00178 0.644308 0.0603026 0.0497555 0.0105471 0.00116703 1.81877e-05 4.22558e-05 7.20145e-06 0
0.998838 1.00176 0.644251 0.0602599 0.0497718 0.0104881 0.00106597 1.68906e-05 4.11955e-05 2.63554e-06 0
0.998835 1.00177 0.644259 0.0602247 0.0497963 0.0104284 0.00100944 1.69634e-05 4.16019e-05 5.13266e-06 0
0.998817 1.00177 0.644278 0.0601852 0.0498116 0.0103736 0.00113128 1.75026e-05 4.16858e-05 4.69263e-06 0
0.998823 1.00175 0.644263 0.0601747 0.0498593 0.0103155 0.00105157 1.73111e-05 4.10292e-05 1.47371e-05 0
