A/A0 V/V0 Vr eb eb_bend eb_ad ea ega ev ek ee  h0 h1 h2
1 1.00032 0.642203 0.111098 0.0495561 0.0615419 0.000329511 0 1.33674e-06 4.72937e-09 0 12.54967498779297 7.076537132263184 24.77803230285645
1.00238 0.998752 0.638912 0.104322 0.0501248 0.0541973 0.000989229 7.13532e-05 2.08956e-05 0.00288215 0 12.55191612243652 7.099239349365234 24.78083801269531
1.00276 0.999042 0.638736 0.099681 0.0506457 0.0490353 0.0012251 9.57919e-05 1.23068e-05 0.00403198 0 12.55719089508057 7.152495384216309 24.79019165039062
1.00075 1.00121 0.642056 0.0965442 0.0511136 0.0454306 0.00130846 7.03738e-06 1.96662e-05 0.00494168 0 12.57959938049316 7.916497230529785 25.0623950958252
1.00069 1.00107 0.642019 0.0930396 0.0513834 0.0416561 0.00203066 5.98464e-06 1.52335e-05 0.00542825 0 12.58433437347412 8.551446914672852 25.3228588104248
1.00137 1.00006 0.64072 0.0905213 0.0520533 0.038468 0.0017237 2.3562e-05 4.57259e-08 0.00535763 0 12.5590648651123 9.028687477111816 25.55680465698242
0.999832 1.00121 0.642938 0.0884748 0.0521619 0.0363129 0.00169637 3.54763e-07 1.96207e-05 0.00636918 0 12.55833148956299 9.535910606384277 25.6916618347168
1.00059 1.00059 0.641808 0.0863121 0.0523261 0.033986 0.00152717 4.40096e-06 4.65986e-06 0.00734331 0 12.56687545776367 9.978527069091797 26.02666091918945
1.00122 1.00021 0.640961 0.0848048 0.0527956 0.0320092 0.00191697 1.87064e-05 5.98246e-07 0.00862762 0 12.54755973815918 10.2991189956665 26.08093643188477
1.00015 1.00103 0.642514 0.0834915 0.0530218 0.0304697 0.00203264 2.84671e-07 1.41568e-05 0.0115687 0 12.55709934234619 10.64279651641846 26.16304779052734
1.00126 0.999986 0.64078 0.0819307 0.0534136 0.0285172 0.00232944 1.99159e-05 2.59157e-09 0.014165 0 12.56498527526855 10.94454574584961 26.39780235290527
1.00034 1.00066 0.642092 0.0814486 0.0545189 0.0269297 0.00194435 1.48033e-06 5.80966e-06 0.0150769 0 12.5515604019165 11.19389247894287 26.51091957092285
1.0003 1.0006 0.642094 0.0803667 0.0550867 0.02528 0.00214521 1.12925e-06 4.78436e-06 0.0174936 0 12.56549549102783 11.50713443756104 26.70674705505371
0.999777 1.00115 0.642952 0.0800796 0.0563309 0.0237488 0.00243529 6.26331e-07 1.76589e-05 0.0185372 0 12.55399513244629 11.77855682373047 27.25943946838379
0.999962 1.00103 0.642701 0.0790655 0.0566359 0.0224296 0.00250926 1.83741e-08 1.43735e-05 0.0214999 0 12.55342864990234 12.06478118896484 27.54335975646973
0.999744 1.00139 0.64314 0.0793859 0.0579509 0.021435 0.00237838 8.2157e-07 2.59998e-05 0.0228289 0 12.546875 12.34101104736328 28.16543006896973
0.999941 1.00129 0.642887 0.0798898 0.0592083 0.0206815 0.00179559 4.38287e-08 2.24089e-05 0.0246136 0 12.54920387268066 12.5833568572998 28.31791877746582
0.999778 1.00151 0.643183 0.0797557 0.0595985 0.0201572 0.00141619 6.16644e-07 3.05948e-05 0.0279594 0 12.54647922515869 12.77238368988037 28.97549057006836
1.00016 1.00143 0.642759 0.0803526 0.0605186 0.019834 0.00137595 3.30104e-07 2.72837e-05 0.0304332 0 12.54892730712891 12.91697883605957 29.60413360595703
0.999963 1.00149 0.642995 0.081963 0.062232 0.019731 0.00128491 1.73325e-08 2.99242e-05 0.0305094 0 12.5468921661377 13.02038288116455 29.79922676086426
1.00014 1.00146 0.642803 0.0817726 0.0620478 0.0197248 0.00123848 2.52648e-07 2.87754e-05 0.0333997 0 12.5517053604126 13.08287048339844 30.25927734375
1.00012 1.00149 0.642839 0.0828982 0.0631298 0.0197684 0.00116853 1.88119e-07 2.97988e-05 0.0324613 0 12.54920291900635 13.10415935516357 31.11603164672852
0.99986 1.00162 0.643174 0.0817459 0.0619036 0.0198422 0.00121505 2.45135e-07 3.51558e-05 0.0352785 0 12.55145263671875 13.10469627380371 31.02390480041504
1.00009 1.00149 0.642867 0.0825757 0.062694 0.0198817 0.0010278 1.05483e-07 2.97096e-05 0.0327123 0 12.5512056350708 13.09609699249268 31.56489181518555
1.00017 1.00154 0.642827 0.0830154 0.0631171 0.0198983 0.00118655 3.49074e-07 3.17836e-05 0.030148 0 12.54792404174805 13.08245182037354 30.95180130004883
1.00004 1.00149 0.642914 0.081576 0.0616868 0.0198891 0.000936498 2.14643e-08 2.96309e-05 0.030812 0 12.55083465576172 13.07368659973145 31.34698486328125
1.00007 1.00148 0.642886 0.0816141 0.0617944 0.0198197 0.000855391 5.8862e-08 2.9506e-05 0.0285575 0 12.55176448822021 13.07008075714111 31.55858039855957
1.0001 1.00153 0.642885 0.0800099 0.0603259 0.019684 0.000811497 1.3122e-07 3.15077e-05 0.0299216 0 12.55018424987793 13.07238483428955 30.84340286254883
1.00015 1.0015 0.642817 0.0794002 0.0598697 0.0195306 0.000781067 2.89767e-07 3.01969e-05 0.0298115 0 12.55053520202637 13.08609485626221 30.89718818664551
1.0002 1.00154 0.642798 0.0800413 0.0605812 0.0194601 0.000756212 4.9418e-07 3.18708e-05 0.0269292 0 12.55096817016602 13.11298751831055 30.16298675537109
1.00022 1.00157 0.64279 0.0798633 0.0603584 0.0195049 0.000714909 6.22675e-07 3.28789e-05 0.0259029 0 12.55158615112305 13.1434850692749 29.93485260009766
1.00012 1.00155 0.642878 0.0789964 0.0593634 0.0196329 0.000648308 1.90699e-07 3.23799e-05 0.0261246 0 12.55215549468994 13.15745162963867 30.29059600830078
1.00007 1.0015 0.642893 0.0791054 0.059342 0.0197635 0.000867783 6.9278e-08 3.02771e-05 0.0244344 0 12.55246257781982 13.14835643768311 30.1792049407959
0.999901 1.00148 0.643043 0.0776489 0.0578316 0.0198173 0.000680606 1.24075e-07 2.92177e-05 0.0257729 0 12.55120468139648 13.1231107711792 29.68174362182617
0.99982 1.00153 0.643157 0.077588 0.0578412 0.0197468 0.000627336 4.08359e-07 3.14645e-05 0.0245317 0 12.55061149597168 13.09725284576416 29.67096900939941
0.999907 1.00153 0.643074 0.0773518 0.057753 0.0195988 0.000616753 1.07661e-07 3.15915e-05 0.0236373 0 12.54842376708984 13.08723545074463 28.91576385498047
0.999903 1.00155 0.643088 0.0766472 0.0571753 0.019472 0.000603175 1.17396e-07 3.22346e-05 0.0241496 0 12.5474271774292 13.10158538818359 28.92056655883789
0.999952 1.00152 0.643024 0.0768819 0.0574806 0.0194013 0.000628562 2.83534e-08 3.1127e-05 0.0232643 0 12.54851055145264 13.13077163696289 28.87648773193359
0.999987 1.00156 0.643012 0.0764984 0.0570881 0.0194102 0.000600614 2.00849e-09 3.25683e-05 0.0238634 0 12.54848194122314 13.15621757507324 28.58760833740234
0.999982 1.0016 0.643044 0.0770389 0.0575594 0.0194795 0.000553068 3.90551e-09 3.43379e-05 0.0225017 0 12.54906940460205 13.17019176483154 28.74026298522949
0.999985 1.00152 0.642991 0.0770917 0.0575406 0.0195511 0.000531343 2.8394e-09 3.10677e-05 0.0223282 0 12.54951763153076 13.16826629638672 28.54407691955566
0.999927 1.00149 0.643029 0.0768471 0.0572712 0.0195759 0.000522979 6.75688e-08 2.98897e-05 0.0227337 0 12.54945182800293 13.15440273284912 28.77971458435059
0.999973 1.00154 0.643012 0.0769786 0.0574536 0.019525 0.00051237 8.91012e-09 3.16972e-05 0.0225156 0 12.54948902130127 13.14003467559814 28.770263671875
0.999992 1.00156 0.643009 0.0766349 0.0572024 0.0194325 0.000517049 7.88955e-10 3.26223e-05 0.0230198 0 12.54874610900879 13.13529586791992 28.63559532165527
0.999975 1.00154 0.643011 0.0761033 0.0567421 0.0193613 0.00050733 7.96345e-09 3.17088e-05 0.024105 0 12.54933452606201 13.14530944824219 28.72674942016602
1.00004 1.00153 0.642939 0.0771593 0.0578367 0.0193226 0.000499711 2.20542e-08 3.12547e-05 0.0219377 0 12.54958629608154 13.16379928588867 28.6011962890625
1.00003 1.00159 0.642993 0.0769246 0.0575864 0.0193382 0.000509433 1.02139e-08 3.39306e-05 0.0223911 0 12.54935073852539 13.17818355560303 28.37103843688965
0.99995 1.00158 0.643062 0.0769019 0.0575242 0.0193778 0.000497596 3.07892e-08 3.35073e-05 0.02265 0 12.550217628479 13.18570613861084 28.91837310791016
1.00003 1.00152 0.642946 0.0771986 0.0577957 0.019403 0.000491989 1.41776e-08 3.11367e-05 0.0221646 0 12.55003261566162 13.18264007568359 28.7932014465332
0.999941 1.00152 0.643035 0.0767304 0.0573132 0.0194173 0.000488529 4.40329e-08 3.11457e-05 0.0230814 0 12.54905128479004 13.1749439239502 28.76212882995605
0.999857 1.00155 0.643134 0.0766969 0.0572886 0.0194082 0.0004914 2.57673e-07 3.22706e-05 0.0228829 0 12.55009746551514 13.16959190368652 28.89788436889648
0.999934 1.00154 0.64305 0.0766392 0.0572702 0.019369 0.000492152 5.45236e-08 3.16857e-05 0.0228358 0 12.54894351959229 13.16704559326172 28.65655326843262
0.99989 1.00153 0.64309 0.0763904 0.0570673 0.0193231 0.000473894 1.50998e-07 3.15524e-05 0.0231873 0 12.54785537719727 13.16921329498291 28.64430236816406
0.999906 1.00157 0.643097 0.076677 0.0574048 0.0192723 0.000516362 1.11564e-07 3.29599e-05 0.0229583 0 12.54885101318359 13.17679405212402 28.63509750366211
0.999999 1.00156 0.643005 0.077421 0.0581856 0.0192354 0.000498388 2.34699e-11 3.28004e-05 0.021876 0 12.54829978942871 13.18618774414062 28.53362464904785
1 1.00157 0.643002 0.0773994 0.0581641 0.0192354 0.000502286 1.35719e-10 3.29193e-05 0.0221689 0 12.54851150512695 13.19638919830322 28.70238494873047
0.999993 1.00153 0.64299 0.0773278 0.0580635 0.0192644 0.000516644 6.98192e-10 3.14395e-05 0.0226376 0 12.54966354370117 13.20345211029053 29.09279441833496
1 1.00157 0.643002 0.0775452 0.0582582 0.019287 0.00050116 1.44079e-10 3.29174e-05 0.0222982 0 12.54971504211426 13.20345973968506 29.08206939697266
0.999973 1.00159 0.643045 0.0772914 0.0580025 0.0192889 0.00048632 9.00871e-09 3.37986e-05 0.0229273 0 12.54958534240723 13.19765949249268 29.0317497253418
1.00001 1.00154 0.642985 0.0773157 0.0580636 0.019252 0.000501901 3.90537e-10 3.19637e-05 0.0226889 0 12.54970836639404 13.19303798675537 29.12911033630371
1.00005 1.00156 0.642948 0.0779616 0.0587678 0.0191939 0.000523054 3.68828e-08 3.25994e-05 0.0213022 0 12.54933071136475 13.19278240203857 29.00130462646484
0.999986 1.00159 0.643034 0.0771807 0.0580281 0.0191526 0.000499553 2.40248e-09 3.38973e-05 0.0229054 0 12.54974460601807 13.2000675201416 29.03179168701172
1.00001 1.0016 0.643015 0.0775514 0.0584192 0.0191322 0.000496225 1.53508e-09 3.42501e-05 0.0222999 0 12.5503568649292 13.21164512634277 29.38391304016113
0.999958 1.00157 0.643045 0.0766641 0.0575169 0.0191472 0.000516821 2.19451e-08 3.2889e-05 0.0240559 0 12.54950904846191 13.22025108337402 29.01406669616699
0.999974 1.00156 0.643025 0.0775413 0.058375 0.0191663 0.000513327 8.58042e-09 3.25475e-05 0.0222104 0 12.54982280731201 13.22428035736084 29.20956611633301
0.999955 1.00157 0.64305 0.0771784 0.0579949 0.0191835 0.000524969 2.55517e-08 3.29854e-05 0.0226569 0 12.54915618896484 13.22146320343018 28.75847053527832
0.99992 1.00158 0.643091 0.0772628 0.0580909 0.0191719 0.000522032 8.09958e-08 3.34666e-05 0.0221975 0 12.54935359954834 13.21753597259521 29.18748664855957
0.999878 1.00152 0.643094 0.0765866 0.0574444 0.0191422 0.000499545 1.87675e-07 3.09892e-05 0.0235223 0 12.54911136627197 13.21411991119385 28.99746322631836
0.999973 1.00153 0.64301 0.0772238 0.0581294 0.0190943 0.000486861 9.11823e-09 3.15009e-05 0.021919 0 12.54867267608643 13.21659278869629 29.04545211791992
0.999967 1.00158 0.643046 0.077032 0.0579783 0.0190537 0.000490151 1.34817e-08 3.34819e-05 0.0220581 0 12.54813671112061 13.2227840423584 28.72217178344727
0.999951 1.00158 0.643059 0.0767709 0.057733 0.0190379 0.000481026 2.99154e-08 3.33072e-05 0.0224135 0 12.54934215545654 13.23208332061768 29.06473159790039
0.999966 1.0016 0.643063 0.076731 0.0576861 0.0190448 0.000472652 1.48058e-08 3.45331e-05 0.0221894 0 12.54927825927734 13.24037551879883 28.9891471862793
0.999973 1.00156 0.643027 0.0768232 0.0577713 0.0190519 0.000482445 9.01087e-09 3.26619e-05 0.0219384 0 12.54904174804688 13.24365520477295 28.86649513244629
0.999945 1.00154 0.643042 0.0765531 0.0574903 0.0190628 0.00058568 3.75899e-08 3.1829e-05 0.0222892 0 12.54923629760742 13.24216461181641 28.84305763244629
0.999959 1.00157 0.643045 0.0768318 0.0577723 0.0190595 0.000486868 2.15791e-08 3.28788e-05 0.0216338 0 12.54933452606201 13.24069786071777 28.88565063476562
0.99993 1.00157 0.643078 0.0765732 0.0575175 0.0190557 0.000478277 6.14793e-08 3.32463e-05 0.0220013 0 12.54897785186768 13.238600730896 28.74518013000488
0.999897 1.00154 0.643087 0.0763404 0.0573066 0.0190338 0.000458244 1.3285e-07 3.17845e-05 0.0221484 0 12.54916286468506 13.23922824859619 28.8861198425293
0.999909 1.00155 0.643086 0.0760082 0.0570067 0.0190015 0.000450227 1.04406e-07 3.24296e-05 0.0224539 0 12.54878902435303 13.24008655548096 28.75874519348145
0.999915 1.00157 0.64309 0.0761555 0.0571812 0.0189742 0.000436643 9.04022e-08 3.31062e-05 0.0220551 0 12.54838752746582 13.24469566345215 28.65334892272949
0.999906 1.00158 0.643106 0.0762046 0.057249 0.0189555 0.000441196 1.11295e-07 3.3527e-05 0.0219698 0 12.5485200881958 13.25119590759277 28.50337600708008
0.999896 1.00154 0.643092 0.0759362 0.0569835 0.0189528 0.000437957 1.34538e-07 3.203e-05 0.0224193 0 12.54860591888428 13.25670909881592 28.5905876159668
0.999899 1.00158 0.643113 0.0763493 0.0573951 0.0189542 0.000475505 1.29175e-07 3.35544e-05 0.0213939 0 12.54848480224609 13.26053619384766 28.62451553344727
0.999918 1.00156 0.643082 0.0764427 0.057496 0.0189467 0.000444013 8.46379e-08 3.27249e-05 0.0211574 0 12.54837512969971 13.26115798950195 28.49173545837402
0.999897 1.00156 0.6431 0.0765961 0.0576677 0.0189285 0.000448718 1.33884e-07 3.25859e-05 0.021377 0 12.54838180541992 13.26085090637207 28.69755744934082
0.999863 1.00156 0.643134 0.0762263 0.0573312 0.0188951 0.00043892 2.35464e-07 3.27039e-05 0.0224287 0 12.54864311218262 13.26228713989258 28.74798011779785
0.999896 1.00155 0.643098 0.0762674 0.057409 0.0188584 0.000443444 1.36969e-07 3.23913e-05 0.0224469 0 12.54839515686035 13.26611042022705 28.83380699157715
0.999899 1.00159 0.643115 0.0760484 0.0572185 0.0188299 0.000433518 1.26829e-07 3.37427e-05 0.0229325 0 12.54796028137207 13.273024559021 28.66561508178711
0.999963 1.00159 0.64306 0.076806 0.057996 0.01881 0.00041997 1.75874e-08 3.41132e-05 0.0214101 0 12.54837036132812 13.28036689758301 28.70445823669434
0.999973 1.00159 0.643049 0.076912 0.0581132 0.0187988 0.000404318 8.95739e-09 3.41009e-05 0.0211165 0 12.54839134216309 13.28617000579834 28.60923957824707
0.999872 1.00159 0.643146 0.0760081 0.0572189 0.0187892 0.000400482 2.05167e-07 3.40771e-05 0.0226199 0 12.54919624328613 13.28999328613281 28.99800872802734
0.999909 1.00161 0.643121 0.0762927 0.0575276 0.0187651 0.00040515 1.03302e-07 3.47718e-05 0.0217288 0 12.54933834075928 13.29223155975342 29.05660247802734
0.999909 1.00158 0.643102 0.0762821 0.0575418 0.0187403 0.0004706 1.04984e-07 3.34412e-05 0.0215411 0 12.54807281494141 13.29459762573242 28.60941696166992
0.999939 1.00161 0.643093 0.0768189 0.0581052 0.0187138 0.000455373 4.73253e-08 3.47688e-05 0.0204112 0 12.54854106903076 13.29936695098877 28.7637939453125
0.999876 1.00164 0.643171 0.0763429 0.0576516 0.0186912 0.000421838 1.94197e-07 3.59407e-05 0.0212872 0 12.54852294921875 13.30445957183838 28.77095413208008
0.999849 1.00161 0.643176 0.0762167 0.0575512 0.0186655 0.000442371 2.87097e-07 3.45747e-05 0.0215503 0 12.54892349243164 13.30975723266602 29.05256462097168
0.999922 1.00156 0.643076 0.0762899 0.0576612 0.0186287 0.000424875 7.56448e-08 3.26542e-05 0.021255 0 12.54810428619385 13.31459999084473 28.8257942199707
0.999858 1.0016 0.643162 0.0761426 0.0575344 0.0186082 0.000476917 2.52451e-07 3.42456e-05 0.0215788 0 12.54776477813721 13.31998538970947 28.77561187744141
0.999869 1.00162 0.643167 0.0761752 0.0575846 0.0185906 0.000416007 2.14196e-07 3.52657e-05 0.0214729 0 12.54869079589844 13.32723808288574 28.83061408996582
0.999936 1.00158 0.643078 0.0762541 0.0576728 0.0185813 0.000412121 5.18307e-08 3.36305e-05 0.0213362 0 12.54789543151855 13.33171558380127 28.76722145080566
0.999853 1.00163 0.643189 0.0762039 0.0576323 0.0185716 0.000402125 2.72531e-07 3.56686e-05 0.0213912 0 12.54804134368896 13.33528900146484 28.79229164123535
0.999864 1.00159 0.643152 0.0759273 0.0573792 0.0185481 0.000445341 2.32154e-07 3.39502e-05 0.0219075 0 12.54888534545898 13.33692646026611 28.83637428283691
0.999887 1.00152 0.643085 0.0761373 0.0576133 0.018524 0.000421448 1.60252e-07 3.10129e-05 0.0212689 0 12.54781246185303 13.33922863006592 28.81610298156738
0.999852 1.00165 0.643201 0.076 0.0574839 0.0185161 0.000410454 2.7644e-07 3.64517e-05 0.0215427 0 12.54796504974365 13.3440408706665 28.68960952758789
0.999894 1.00164 0.643154 0.075994 0.0574887 0.0185053 0.00040386 1.40719e-07 3.60371e-05 0.0218745 0 12.54825973510742 13.34889984130859 28.806640625
0.999875 1.00159 0.643144 0.0760777 0.0575839 0.0184938 0.000438217 1.95612e-07 3.40968e-05 0.0218975 0 12.54781055450439 13.35066318511963 28.74197196960449
0.999827 1.00159 0.643188 0.0759873 0.0575089 0.0184785 0.000443239 3.74417e-07 3.39493e-05 0.0222026 0 12.54834651947021 13.35272121429443 28.74439811706543
0.999859 1.00162 0.643179 0.0757969 0.0573415 0.0184554 0.000500671 2.51189e-07 3.54056e-05 0.0225102 0 12.54809474945068 13.35514640808105 28.79192352294922
0.999896 1.00161 0.643136 0.0764447 0.0580069 0.0184378 0.000435371 1.36118e-07 3.49274e-05 0.0210211 0 12.54750728607178 13.35851001739502 28.75439834594727
0.999858 1.00162 0.643175 0.0764941 0.0580706 0.0184235 0.000446257 2.52873e-07 3.50837e-05 0.020924 0 12.54790210723877 13.36313343048096 28.67075347900391
0.999877 1.00161 0.643154 0.0761909 0.0577831 0.0184079 0.000447427 1.91195e-07 3.4876e-05 0.0215415 0 12.54835414886475 13.36665534973145 29.00346565246582
0.999904 1.0016 0.643121 0.0761528 0.0577629 0.0183899 0.000465348 1.1525e-07 3.44237e-05 0.0217577 0 12.54788780212402 13.36973571777344 29.03529930114746
0.999787 1.00162 0.643243 0.0754178 0.0570406 0.0183772 0.000436066 5.71054e-07 3.50093e-05 0.0233003 0 12.54812622070312 13.37288570404053 28.89154052734375
0.999898 1.00161 0.643133 0.0765043 0.0581585 0.0183458 0.000445504 1.31544e-07 3.48098e-05 0.020922 0 12.54846000671387 13.37648773193359 28.88144493103027
0.999849 1.00163 0.643195 0.0756606 0.0573247 0.0183359 0.000492105 2.87589e-07 3.58013e-05 0.0225685 0 12.54699230194092 13.37954807281494 28.52033615112305
0.999863 1.0016 0.643162 0.0758992 0.0575807 0.0183184 0.000431688 2.36449e-07 3.45427e-05 0.0219878 0 12.5483980178833 13.3856029510498 29.07921600341797
0.999887 1.00161 0.643144 0.0762965 0.05799 0.0183065 0.000417975 1.60288e-07 3.49045e-05 0.0211291 0 12.54777717590332 13.38784599304199 28.6623363494873
0.999843 1.00163 0.6432 0.0758832 0.0575959 0.0182874 0.000423868 3.10699e-07 3.57516e-05 0.0220981 0 12.54793262481689 13.39140319824219 28.79039192199707
0.999882 1.00161 0.643145 0.0763048 0.058035 0.0182697 0.000410807 1.75857e-07 3.4597e-05 0.0214072 0 12.54824924468994 13.39379596710205 28.99500846862793
0.999873 1.00162 0.64316 0.0760598 0.0578086 0.0182512 0.000397778 2.03406e-07 3.50572e-05 0.0217818 0 12.54770565032959 13.39791584014893 28.79794502258301
0.999869 1.0016 0.643155 0.0760311 0.0578008 0.0182303 0.000426145 2.16881e-07 3.44284e-05 0.0220053 0 12.54819011688232 13.40140342712402 29.01750564575195
0.999849 1.00158 0.643159 0.0757644 0.0575535 0.0182109 0.00042288 2.84852e-07 3.34262e-05 0.0226923 0 12.54807472229004 13.40528297424316 28.90426254272461
0.999859 1.00163 0.643185 0.0763973 0.058211 0.0181863 0.000424655 2.48022e-07 3.58725e-05 0.0212471 0 12.54802703857422 13.4096508026123 28.90039825439453
0.999896 1.00163 0.643149 0.076773 0.0586188 0.0181542 0.000427182 1.35225e-07 3.58172e-05 0.02012 0 12.54779815673828 13.41373157501221 28.77679061889648
0.999857 1.0016 0.643165 0.07592 0.0577879 0.0181321 0.000412929 2.57961e-07 3.43284e-05 0.0216439 0 12.54789638519287 13.41881275177002 29.1054801940918
0.99975 1.00161 0.643274 0.0750884 0.0569791 0.0181092 0.000406021 7.86402e-07 3.46932e-05 0.0231064 0 12.54837322235107 13.42535018920898 29.30940818786621
0.999804 1.00167 0.643263 0.0758359 0.0577663 0.0180696 0.000400792 4.79971e-07 3.75868e-05 0.0216166 0 12.54788494110107 13.43007469177246 28.89393997192383
0.999847 1.00164 0.643197 0.0758968 0.0578597 0.0180372 0.000407362 2.91869e-07 3.59091e-05 0.0214891 0 12.54652976989746 13.43523597717285 28.48956489562988
0.999854 1.00165 0.643198 0.0761544 0.0581532 0.0180013 0.000463408 2.65839e-07 3.63896e-05 0.0213518 0 12.5472240447998 13.44329261779785 28.88315391540527
0.999875 1.00162 0.643162 0.0766506 0.0586789 0.0179716 0.000468846 1.95124e-07 3.53176e-05 0.0207187 0 12.54774951934814 13.44988059997559 28.92988777160645
0.999858 1.00163 0.643183 0.0761254 0.0581848 0.0179405 0.000436923 2.52561e-07 3.56442e-05 0.0219439 0 12.54783248901367 13.45734119415283 29.07658386230469
0.999793 1.00167 0.643268 0.0756352 0.0577173 0.0179179 0.000439767 5.36163e-07 3.72039e-05 0.0231571 0 12.54809188842773 13.46346569061279 29.33948707580566
0.999818 1.00163 0.643222 0.0760471 0.058155 0.0178921 0.000454125 4.17586e-07 3.56284e-05 0.0222621 0 12.54791164398193 13.47002792358398 29.09239959716797
0.99981 1.00165 0.64324 0.0758803 0.0580219 0.0178583 0.000438712 4.50942e-07 3.6413e-05 0.0223706 0 12.54709339141846 13.47501468658447 28.85866165161133
0.999822 1.00167 0.643247 0.07613 0.0583061 0.0178239 0.000539244 3.97383e-07 3.76459e-05 0.0219 0 12.54737949371338 13.48032665252686 29.07751846313477
0.999766 1.00162 0.643266 0.075779 0.0579882 0.0177909 0.000566188 6.8814e-07 3.51883e-05 0.0222044 0 12.5472993850708 13.48741054534912 29.01098251342773
0.999815 1.00164 0.643234 0.0760212 0.0582701 0.0177511 0.000523606 4.31192e-07 3.62391e-05 0.0217061 0 12.54744052886963 13.49457550048828 29.15303802490234
0.999812 1.00169 0.643266 0.0759223 0.0581982 0.0177241 0.000487761 4.43648e-07 3.83318e-05 0.0218786 0 12.54673004150391 13.50173091888428 28.9941291809082
0.999743 1.0017 0.643337 0.0757531 0.0580722 0.0176809 0.000512421 8.28104e-07 3.86061e-05 0.0222727 0 12.54734897613525 13.50990009307861 29.13504791259766
0.999849 1.00163 0.643192 0.0762737 0.0586469 0.0176268 0.000562027 2.8527e-07 3.56468e-05 0.020965 0 12.54731941223145 13.51559448242188 29.09910583496094
0.999709 1.00166 0.643347 0.0747752 0.0571803 0.0175949 0.000492049 1.06506e-06 3.6972e-05 0.0235562 0 12.54645919799805 13.52494716644287 29.03610992431641
0.999715 1.00168 0.643354 0.0752994 0.0577416 0.0175579 0.000481202 1.02079e-06 3.79219e-05 0.0223338 0 12.54778003692627 13.53592681884766 29.32348442077637
0.999809 1.00166 0.643248 0.0758068 0.0582942 0.0175126 0.000490372 4.59681e-07 3.68195e-05 0.0210842 0 12.54602241516113 13.54317760467529 28.59010696411133
0.999766 1.00166 0.64329 0.0759924 0.0585164 0.017476 0.000501968 6.8571e-07 3.68751e-05 0.020633 0 12.54608345031738 13.55098056793213 28.87080574035645
0.999719 1.00168 0.643352 0.0751073 0.0576822 0.017425 0.000474031 9.87487e-07 3.80807e-05 0.0223063 0 12.54727077484131 13.56022834777832 29.1470775604248
0.999755 1.00164 0.64329 0.0752622 0.0578802 0.017382 0.000458998 7.52295e-07 3.61318e-05 0.0222056 0 12.54674434661865 13.56812381744385 29.25821876525879
0.999725 1.00166 0.643333 0.0756293 0.0582969 0.0173324 0.000471282 9.4996e-07 3.71059e-05 0.0217737 0 12.54615592956543 13.57911491394043 28.84112930297852
0.999722 1.00168 0.643348 0.0752483 0.0579566 0.0172917 0.00058409 9.72425e-07 3.79146e-05 0.0225183 0 12.54659748077393 13.58808422088623 28.94011688232422
0.999751 1.00165 0.643301 0.0756969 0.0584605 0.0172364 0.000521767 7.81179e-07 3.66328e-05 0.0218404 0 12.54621696472168 13.5987434387207 29.14846992492676
0.999741 1.00169 0.643336 0.0760929 0.0588994 0.0171935 0.000575546 8.44891e-07 3.83764e-05 0.0209874 0 12.54618263244629 13.6074390411377 28.978271484375
0.999779 1.00166 0.643278 0.0758513 0.0587107 0.0171406 0.000580035 6.10367e-07 3.69169e-05 0.0212727 0 12.54653072357178 13.61910152435303 29.23024940490723
0.999692 1.0017 0.643389 0.0753241 0.0582317 0.0170923 0.000624083 1.19216e-06 3.87939e-05 0.0222669 0 12.54642009735107 13.62831687927246 29.44972991943359
0.999715 1.00172 0.643381 0.0752459 0.0582045 0.0170413 0.00054919 1.01775e-06 3.98646e-05 0.0222231 0 12.54689979553223 13.6394624710083 29.35536575317383
0.999691 1.0017 0.64339 0.0749725 0.0579814 0.0169911 0.000517136 1.19482e-06 3.88405e-05 0.0227331 0 12.54580211639404 13.65014171600342 29.1158332824707
0.99969 1.00169 0.643383 0.0756303 0.0586927 0.0169376 0.0005227 1.20253e-06 3.82494e-05 0.0213592 0 12.54610538482666 13.66097259521484 29.10224151611328
0.999711 1.0017 0.643367 0.0757011 0.0588184 0.0168827 0.000625313 1.04478e-06 3.85792e-05 0.0218106 0 12.54580688476562 13.67184352874756 28.99067497253418
0.999676 1.00166 0.643382 0.0753219 0.0584895 0.0168324 0.000545556 1.31993e-06 3.71788e-05 0.0227879 0 12.54578495025635 13.68333625793457 29.34636878967285
0.999727 1.0017 0.643356 0.075803 0.0590059 0.0167971 0.000550903 9.31942e-07 3.89158e-05 0.0219279 0 12.54605770111084 13.69511699676514 29.40921020507812
0.999697 1.00169 0.643377 0.0750789 0.0583198 0.016759 0.000533542 1.15414e-06 3.83053e-05 0.0235664 0 12.54558563232422 13.7060718536377 29.24475479125977
0.999701 1.00173 0.643398 0.0757846 0.0590829 0.0167016 0.000563188 1.1234e-06 4.00576e-05 0.0221822 0 12.54624462127686 13.7135009765625 29.5029411315918
0.999677 1.00169 0.6434 0.0756383 0.0590005 0.0166379 0.000556557 1.31187e-06 3.85299e-05 0.0223212 0 12.54588603973389 13.72184276580811 29.15991020202637
0.999685 1.0017 0.643392 0.0753677 0.0588007 0.016567 0.000550414 1.24133e-06 3.85811e-05 0.022586 0 12.54592895507812 13.73426246643066 29.54145050048828
0.999683 1.00171 0.643406 0.0751635 0.0586699 0.0164936 0.000518031 1.25744e-06 3.94676e-05 0.0226719 0 12.54562377929688 13.74818706512451 29.50024795532227
0.999615 1.00173 0.643484 0.0750106 0.0585903 0.0164203 0.000516045 1.85832e-06 4.02865e-05 0.0225124 0 12.54572582244873 13.76355266571045 29.40039253234863
0.999655 1.00172 0.643438 0.0754227 0.0590758 0.0163468 0.000527836 1.49031e-06 3.9774e-05 0.0217443 0 12.54569721221924 13.77953624725342 29.3349781036377
0.999634 1.0017 0.643444 0.0748046 0.0585303 0.0162742 0.000520246 1.68071e-06 3.87685e-05 0.0225933 0 12.54483795166016 13.79578018188477 29.29512596130371
0.999632 1.00171 0.643454 0.0751363 0.0589339 0.0162024 0.000509461 1.70298e-06 3.92785e-05 0.0215757 0 12.54535102844238 13.81169128417969 29.53793525695801
0.999606 1.00176 0.64351 0.0750673 0.058933 0.0161343 0.000515094 1.94823e-06 4.15245e-05 0.0224714 0 12.54509925842285 13.82769966125488 29.26514625549316
0.999667 1.00171 0.643419 0.0750508 0.0589904 0.0160604 0.000513659 1.3904e-06 3.92292e-05 0.0220519 0 12.54504108428955 13.84350109100342 29.46695709228516
0.999557 1.00173 0.643537 0.0743441 0.058353 0.0159911 0.000520097 2.46751e-06 4.00618e-05 0.0235699 0 12.54472255706787 13.8585901260376 29.46647071838379
0.999583 1.00169 0.64349 0.074375 0.0584635 0.0159115 0.000489849 2.18579e-06 3.84513e-05 0.0231849 0 12.54549598693848 13.874680519104 29.49517059326172
0.999615 1.0017 0.643466 0.0744863 0.0586652 0.0158211 0.000696592 1.86171e-06 3.8965e-05 0.0230658 0 12.544114112854 13.89039421081543 29.1765193939209
0.999574 1.00174 0.64353 0.0747104 0.058961 0.0157494 0.000523711 2.27676e-06 4.07626e-05 0.0224104 0 12.54443550109863 13.90793037414551 29.23174095153809
0.999596 1.00172 0.643496 0.0745263 0.0588445 0.0156818 0.000524226 2.04847e-06 3.98322e-05 0.0228438 0 12.54483604431152 13.92794513702393 29.33256149291992
0.999594 1.00176 0.64352 0.0752323 0.0596166 0.0156157 0.0005398 2.0699e-06 4.14489e-05 0.0214673 0 12.5443286895752 13.94404602050781 29.48052215576172
0.999576 1.00176 0.643539 0.074222 0.058672 0.0155499 0.0005548 2.25336e-06 4.15838e-05 0.0233838 0 12.54459571838379 13.95909118652344 29.4222469329834
0.999572 1.00176 0.643542 0.0743955 0.0589105 0.015485 0.000519565 2.29895e-06 4.14954e-05 0.0225521 0 12.54458904266357 13.97390556335449 29.80832099914551
