A/A0 V/V0 Vr eb eb_bend eb_ad ea ega ev ek ee  h0 h1 h2
1 1.00032 0.642203 0.111098 0.0495561 0.0615419 0.000329511 0 1.33674e-06 4.72937e-09 0 12.54967498779297 7.076537132263184 24.77803230285645
1.00124 1.00057 0.641178 0.108667 0.0497471 0.0589195 0.00039311 1.91915e-05 4.40636e-06 0.000677239 0 12.56519317626953 7.367416381835938 24.87356185913086
1.0021 0.999985 0.639976 0.10654 0.0499004 0.0566391 0.000747795 5.52189e-05 3.11233e-09 0.000628734 0 12.57599067687988 7.627543926239014 24.95023536682129
1.00241 0.999655 0.639466 0.104772 0.0499515 0.0548202 0.00105811 7.28718e-05 1.60028e-06 0.000649768 0 12.57991409301758 7.841518878936768 24.97572326660156
1.0023 0.99973 0.639622 0.103383 0.0500979 0.053285 0.00113872 6.61657e-05 9.79888e-07 0.000584416 0 12.57849216461182 8.027421951293945 25.04891777038574
1.00197 0.999938 0.640068 0.102189 0.0502391 0.0519502 0.00127675 4.87037e-05 5.20816e-08 0.000600478 0 12.57441139221191 8.192646980285645 25.1195182800293
1.00173 1.00014 0.640429 0.101096 0.0503175 0.0507785 0.0010729 3.75991e-05 2.77291e-07 0.000841429 0 12.57141017913818 8.33910083770752 25.15875625610352
1.00161 1.00017 0.640563 0.0999929 0.0503123 0.0496806 0.00173628 3.25765e-05 4.05631e-07 0.00116503 0 12.5698823928833 8.477156639099121 25.15615463256836
1.00165 1.0001 0.640477 0.0990319 0.0503513 0.0486806 0.00174698 3.42774e-05 1.41188e-07 0.00104406 0 12.57040214538574 8.603296279907227 25.1756420135498
1.00174 1.00004 0.640352 0.0982697 0.0505208 0.0477489 0.0014443 3.80657e-05 2.18624e-08 0.000670371 0 12.5715274810791 8.721675872802734 25.26041603088379
1.00176 0.999959 0.640281 0.0972413 0.0503642 0.0468771 0.00154384 3.89132e-05 2.29706e-08 0.000734882 0 12.57176494598389 8.83390998840332 25.18213081359863
1.00169 1 0.640377 0.0963343 0.0502833 0.046051 0.0014304 3.58427e-05 5.16899e-11 0.00074869 0 12.57087421417236 8.941760063171387 25.14162635803223
1.00161 1.00003 0.640467 0.0955572 0.0503095 0.0452477 0.001529 3.2689e-05 1.0485e-08 0.000566864 0 12.56993389129639 9.047613143920898 25.15474700927734
1.00153 1.00006 0.640569 0.0947471 0.0502665 0.0444806 0.00158968 2.93529e-05 5.08568e-08 0.000874051 0 12.56886291503906 9.149618148803711 25.13325119018555
1.00149 1.00009 0.640631 0.0940337 0.0502826 0.043751 0.00168721 2.76907e-05 1.14033e-07 0.000775731 0 12.56832122802734 9.247231483459473 25.1413402557373
1.00143 1.0001 0.640682 0.0932982 0.0502646 0.0430337 0.00164872 2.58145e-05 1.21968e-07 0.000780217 0 12.56768417358398 9.344038963317871 25.13225936889648
1.0014 1.0001 0.640717 0.0926372 0.0502894 0.0423478 0.00234243 2.4566e-05 1.26102e-07 0.000721108 0 12.56722927093506 9.437278747558594 25.14469718933105
1.00138 1.00011 0.640746 0.0920526 0.0503558 0.0416969 0.0017407 2.38796e-05 1.72258e-07 0.000608534 0 12.56698322296143 9.526396751403809 25.17786026000977
1.00136 1.00013 0.64078 0.0914254 0.05036 0.0410654 0.0015686 2.31244e-05 2.34121e-07 0.000915073 0 12.5667085647583 9.613515853881836 25.18002128601074
1.00129 1.00012 0.640834 0.0907501 0.050317 0.0404331 0.00216176 2.08775e-05 1.7883e-07 0.000821803 0 12.56585121154785 9.701666831970215 25.15846061706543
1.00118 1.00017 0.640975 0.0901493 0.05033 0.0398193 0.00215296 1.73843e-05 3.71489e-07 0.000831984 0 12.56444835662842 9.788173675537109 25.16494750976562
1.00117 1.00022 0.641014 0.0895635 0.0503402 0.0392233 0.00218224 1.72095e-05 6.38782e-07 0.000717146 0 12.56435680389404 9.872226715087891 25.17010116577148
1.0011 1.00022 0.641084 0.0888891 0.050232 0.0386572 0.0020114 1.51258e-05 6.35039e-07 0.000916568 0 12.56345272064209 9.953024864196777 25.11599159240723
1.00108 1.00023 0.641109 0.088348 0.0502597 0.0380883 0.00211543 1.45638e-05 6.84189e-07 0.000757922 0 12.56320667266846 10.03451156616211 25.12984466552734
1.00103 1.00022 0.641147 0.0877867 0.0502414 0.0375453 0.00239526 1.34381e-05 6.59421e-07 0.000707197 0 12.56267070770264 10.11299133300781 25.12068367004395
1.00098 1.00026 0.641227 0.0870913 0.0500534 0.0370379 0.00209667 1.20132e-05 9.27272e-07 0.000555135 0 12.5619478225708 10.18691158294678 25.02666854858398
1.00099 1.00027 0.641216 0.0866138 0.0500806 0.0365331 0.00188398 1.23777e-05 9.58393e-07 0.00066973 0 12.56213188171387 10.26058387756348 25.04032135009766
1.00095 1.00032 0.641288 0.086033 0.0499871 0.0360459 0.00179237 1.13339e-05 1.33817e-06 0.000706087 0 12.56159782409668 10.33248424530029 24.99358940124512
1.00091 1.00033 0.641336 0.0855518 0.0499836 0.0355681 0.00162802 1.04196e-05 1.48063e-06 0.000627737 0 12.56111526489258 10.4034309387207 24.9918270111084
1.00083 1.00033 0.641411 0.0852319 0.0501455 0.0350864 0.00212329 8.63252e-06 1.42017e-06 0.00104328 0 12.56007194519043 10.47566318511963 25.07274436950684
1.00084 1.00037 0.641434 0.0847065 0.0500789 0.0346276 0.0015022 8.77723e-06 1.86447e-06 0.00110701 0 12.56017017364502 10.54448699951172 25.03946304321289
1.0008 1.00037 0.641473 0.0841873 0.0500213 0.0341659 0.00165969 7.93583e-06 1.8488e-06 0.00117685 0 12.5596342086792 10.61444282531738 25.01067924499512
1.00077 1.00039 0.641509 0.0837273 0.0500244 0.0337028 0.00167903 7.44975e-06 2.03888e-06 0.00114117 0 12.55934524536133 10.68501663208008 25.01224517822266
1.00072 1.00045 0.641597 0.0832529 0.049999 0.033254 0.00145747 6.49025e-06 2.72706e-06 0.000974337 0 12.55869293212891 10.75401306152344 24.99945640563965
1.00069 1.00046 0.641629 0.082802 0.0499997 0.0328023 0.00153326 6.05624e-06 2.88231e-06 0.00105747 0 12.5584020614624 10.82375812530518 24.99989128112793
1.00065 1.00047 0.64168 0.0823173 0.0499563 0.0323609 0.001456 5.24534e-06 2.97299e-06 0.001035 0 12.55778121948242 10.89250564575195 24.9781551361084
1.00061 1.00049 0.641724 0.0818574 0.0499284 0.031929 0.00151099 4.71379e-06 3.21264e-06 0.000895754 0 12.55735683441162 10.96016502380371 24.96421051025391
1.00056 1.00053 0.641799 0.0813892 0.049881 0.0315082 0.00159369 3.91965e-06 3.7094e-06 0.00146996 0 12.55668354034424 11.0266284942627 24.9405345916748
1.00053 1.00051 0.641816 0.0809793 0.0498833 0.031096 0.00181355 3.53269e-06 3.47404e-06 0.00148696 0 12.55632209777832 11.09203433990479 24.94164085388184
1.0005 1.00056 0.641879 0.0805331 0.0498426 0.0306906 0.00169896 3.13084e-06 4.22593e-06 0.00143896 0 12.55593967437744 11.15680408477783 24.92131423950195
1.00045 1.00058 0.641941 0.0801574 0.0498518 0.0303056 0.00177774 2.52114e-06 4.52177e-06 0.00155106 0 12.55529975891113 11.21878528594971 24.92589950561523
1.0004 1.00064 0.642027 0.0798454 0.0499158 0.0299296 0.00222121 1.99613e-06 5.50491e-06 0.00152107 0 12.5546989440918 11.27972984313965 24.95786666870117
1.00038 1.0006 0.642017 0.0791617 0.0495988 0.0295629 0.00184609 1.82983e-06 4.82821e-06 0.00199226 0 12.55445289611816 11.33938694000244 24.79937744140625
1.00034 1.00065 0.642088 0.0791688 0.0499783 0.0291905 0.00172596 1.46007e-06 5.6606e-06 0.00146708 0 12.55393218994141 11.40043640136719 24.98918914794922
1.00028 1.00068 0.642169 0.0787245 0.0498995 0.028825 0.00188725 9.79976e-07 6.24476e-06 0.00178673 0 12.55318546295166 11.46085548400879 24.9497241973877
1.00027 1.00069 0.642181 0.078159 0.0496886 0.0284705 0.001749 9.30717e-07 6.41057e-06 0.00202956 0 12.55309104919434 11.51954555511475 24.84426498413086
1.00024 1.0007 0.642219 0.0778301 0.0497065 0.0281236 0.001812 7.1369e-07 6.56915e-06 0.00183512 0 12.55267715454102 11.57745265960693 24.85323143005371
1.00019 1.00071 0.64227 0.0774564 0.0496639 0.0277925 0.00176399 4.75988e-07 6.81162e-06 0.00173145 0 12.5521240234375 11.63313007354736 24.83194732666016
1.00019 1.00068 0.642252 0.0770212 0.0495581 0.027463 0.00207885 4.51626e-07 6.16461e-06 0.00173228 0 12.55203914642334 11.68867301940918 24.7790412902832
1.00005 1.00081 0.642467 0.0767142 0.0495798 0.0271344 0.00241512 3.65377e-08 8.77894e-06 0.00183758 0 12.55034732818604 11.74502277374268 24.78992652893066
1.00008 1.00078 0.642419 0.0764418 0.0496164 0.0268254 0.00210495 8.47948e-08 8.09752e-06 0.00161523 0 12.55067253112793 11.79755973815918 24.80819129943848
1.00007 1.0008 0.642447 0.0759008 0.0493854 0.0265154 0.00185967 5.6209e-08 8.51765e-06 0.00189055 0 12.55050373077393 11.85080718994141 24.69269180297852
0.999973 1.00085 0.64257 0.0755597 0.0493598 0.0262 0.00237686 8.97213e-09 9.62623e-06 0.00190674 0 12.54934978485107 11.90565395355225 24.67989158630371
0.999962 1.00082 0.642564 0.0753446 0.049437 0.0259075 0.00217084 1.79266e-08 9.06585e-06 0.0021188 0 12.5492000579834 11.95644092559814 24.71852111816406
0.999902 1.00084 0.642632 0.0748111 0.0491906 0.0256205 0.00222396 1.19879e-07 9.42603e-06 0.00201883 0 12.54844951629639 12.0067834854126 24.59530448913574
0.999919 1.00088 0.642644 0.0743992 0.0490642 0.0253349 0.00221031 8.33579e-08 1.03921e-05 0.00195832 0 12.54864025115967 12.0568151473999 24.5321044921875
0.999851 1.00091 0.642731 0.0740941 0.0490291 0.025065 0.00242711 2.76974e-07 1.12303e-05 0.00204402 0 12.54781055450439 12.104736328125 24.51455879211426
0.999816 1.00091 0.642759 0.0739394 0.0491448 0.0247946 0.00229289 4.24099e-07 1.10066e-05 0.00194961 0 12.54736328125 12.15284442901611 24.57242965698242
0.999833 1.00092 0.64275 0.0735505 0.0490229 0.0245276 0.00219357 3.48822e-07 1.13212e-05 0.00225534 0 12.54758834838867 12.20038986206055 24.51144409179688
0.999791 1.00098 0.642831 0.0730979 0.0488349 0.024263 0.00184292 5.49453e-07 1.28989e-05 0.0024915 0 12.54704570770264 12.24802207946777 24.41742897033691
0.999748 1.001 0.642884 0.0730293 0.0490314 0.0239979 0.00200424 7.98682e-07 1.33573e-05 0.00209687 0 12.54652404785156 12.295973777771 24.51568222045898
0.999763 1.00099 0.642862 0.0727331 0.0489821 0.0237511 0.0018152 7.05153e-07 1.30728e-05 0.00229888 0 12.54670143127441 12.34066104888916 24.49101638793945
0.999709 1.00103 0.642945 0.0721263 0.0486257 0.0235006 0.00174897 1.06619e-06 1.43504e-05 0.00259831 0 12.54601860046387 12.38652229309082 24.31286430358887
0.999685 1.00107 0.642989 0.0720468 0.0487848 0.023262 0.00198406 1.24708e-06 1.52677e-05 0.00272805 0 12.54572200775146 12.43029403686523 24.39243125915527
0.999689 1.00106 0.642982 0.0719179 0.0488876 0.0230303 0.00183354 1.21378e-06 1.5142e-05 0.00246702 0 12.54577827453613 12.47292518615723 24.44377326965332
0.999572 1.00112 0.643134 0.0716265 0.0488159 0.0228106 0.00202992 2.29556e-06 1.69646e-05 0.00229126 0 12.54432106018066 12.51407718658447 24.40790367126465
0.999564 1.00113 0.643144 0.0711386 0.0485472 0.0225914 0.00238619 2.38693e-06 1.7055e-05 0.00285003 0 12.54420471191406 12.55484580993652 24.27361488342285
0.99957 1.00112 0.643136 0.071006 0.0486186 0.0223874 0.00234351 2.32116e-06 1.6937e-05 0.00281161 0 12.54429149627686 12.59289836883545 24.30928421020508
0.999542 1.00113 0.643166 0.0707723 0.0485915 0.0221808 0.00241866 2.63719e-06 1.70728e-05 0.00271256 0 12.54393005371094 12.63177967071533 24.29576873779297
0.999541 1.00117 0.643193 0.0706108 0.0486226 0.0219881 0.0021069 2.64718e-06 1.82933e-05 0.00265993 0 12.54390144348145 12.66809844970703 24.31130409240723
0.999484 1.00119 0.643262 0.070105 0.0483042 0.0218008 0.00202691 3.34058e-06 1.90264e-05 0.00347743 0 12.54321765899658 12.70375633239746 24.15204048156738
0.999484 1.00121 0.643276 0.0699922 0.0483739 0.0216183 0.00216585 3.34382e-06 1.96924e-05 0.00306904 0 12.54320621490479 12.73842525482178 24.18693351745605
0.999461 1.00124 0.643316 0.0697151 0.0482765 0.0214386 0.00189501 3.64574e-06 2.06457e-05 0.00328644 0 12.54291725158691 12.77282905578613 24.13821601867676
0.999476 1.00123 0.643296 0.0696319 0.0483659 0.021266 0.00176449 3.44519e-06 2.03689e-05 0.00307684 0 12.54307842254639 12.80583190917969 24.18294715881348
0.999454 1.00125 0.643332 0.0697329 0.048633 0.0210999 0.00163215 3.73962e-06 2.11343e-05 0.00285546 0 12.54282665252686 12.83788871765137 24.31646919250488
0.999391 1.0013 0.643423 0.0696117 0.0486641 0.0209476 0.0019875 4.65736e-06 2.27307e-05 0.00259583 0 12.54202461242676 12.86754322052002 24.33205604553223
0.99943 1.00129 0.64338 0.069033 0.0482355 0.0207975 0.00173192 4.07614e-06 2.24396e-05 0.00332213 0 12.54252147674561 12.89648246765137 24.11776733398438
0.999401 1.00131 0.643418 0.0691717 0.0485179 0.0206539 0.00177271 4.49819e-06 2.30116e-05 0.00350908 0 12.54215717315674 12.92453670501709 24.25890922546387
0.999397 1.00134 0.643445 0.0688725 0.048349 0.0205235 0.00173501 4.5658e-06 2.42405e-05 0.00420869 0 12.54210567474365 12.94999027252197 24.17451095581055
0.999449 1.00137 0.64341 0.0688458 0.0484474 0.0203984 0.00154458 3.81353e-06 2.5118e-05 0.00428832 0 12.54274845123291 12.97428798675537 24.22370147705078
0.999394 1.00139 0.643475 0.0686147 0.0483273 0.0202874 0.00147556 4.61016e-06 2.58117e-05 0.00467607 0 12.54206466674805 12.99627017974854 24.16364669799805
0.999425 1.00141 0.64346 0.0687591 0.0485745 0.0201846 0.00137564 4.1422e-06 2.66745e-05 0.0048324 0 12.54247283935547 13.01638507843018 24.28725624084473
0.9994 1.00141 0.643484 0.068359 0.0482665 0.0200926 0.00152097 4.51344e-06 2.66858e-05 0.00573301 0 12.5421314239502 13.03466033935547 24.13323593139648
0.999402 1.00145 0.643508 0.0687226 0.0487134 0.0200092 0.00151376 4.48646e-06 2.82144e-05 0.00526535 0 12.54218673706055 13.05111598968506 24.35671615600586
0.999443 1.00146 0.643477 0.0686101 0.0486744 0.0199357 0.00140906 3.89394e-06 2.87457e-05 0.00570172 0 12.54268550872803 13.06552219390869 24.33722686767578
0.999472 1.00149 0.643468 0.0685307 0.0486569 0.0198738 0.00139246 3.49891e-06 2.99015e-05 0.00652052 0 12.54304313659668 13.07766914367676 24.32844924926758
0.999489 1.00151 0.643464 0.0690024 0.0491791 0.0198233 0.00137351 3.28179e-06 3.06463e-05 0.00608102 0 12.54327011108398 13.08766078948975 24.58954811096191
0.999478 1.00151 0.643471 0.0691432 0.0493572 0.019786 0.00179862 3.42113e-06 3.04302e-05 0.0065044 0 12.54312801361084 13.0951099395752 24.67859268188477
0.999601 1.00147 0.643327 0.0692815 0.0495319 0.0197496 0.00157532 1.99715e-06 2.89019e-05 0.00697727 0 12.54467105865479 13.10188102722168 24.76596450805664
0.999618 1.0015 0.64333 0.0699432 0.0502177 0.0197255 0.00148582 1.82683e-06 3.01514e-05 0.00633153 0 12.54487419128418 13.10662078857422 25.10885238647461
0.999618 1.00155 0.643361 0.0698055 0.0500982 0.0197073 0.00151878 1.83004e-06 3.20549e-05 0.00776761 0 12.54487800598145 13.11025238037109 25.04907035827637
0.999672 1.00151 0.643287 0.069946 0.0502572 0.0196889 0.0013372 1.34902e-06 3.06529e-05 0.00843897 0 12.54553508758545 13.1137228012085 25.12858772277832
0.999712 1.00153 0.643262 0.0701794 0.0505039 0.0196755 0.00126699 1.04442e-06 3.15199e-05 0.00780436 0 12.54604339599609 13.11620044708252 25.2519474029541
0.999697 1.0015 0.643256 0.0701757 0.0505061 0.0196697 0.00132665 1.15459e-06 3.01987e-05 0.00813517 0 12.54585361480713 13.11745357513428 25.25300788879395
0.999704 1.0015 0.64325 0.069505 0.0498396 0.0196654 0.00120296 1.09619e-06 3.03368e-05 0.00928837 0 12.5459623336792 13.11826419830322 24.91979598999023
0.999787 1.00155 0.6432 0.0707868 0.0511288 0.019658 0.00113514 5.68858e-07 3.21754e-05 0.00678563 0 12.54700565338135 13.11944103240967 25.56442832946777
0.999757 1.00151 0.643206 0.0701702 0.0505148 0.0196554 0.00120058 7.43159e-07 3.07035e-05 0.00825633 0 12.54660987854004 13.12005424499512 25.25735664367676
0.999749 1.00152 0.643221 0.0701123 0.0504607 0.0196516 0.00111131 7.88203e-07 3.11986e-05 0.00889891 0 12.54652690887451 13.12086772918701 25.2303295135498
0.999748 1.00155 0.64324 0.0704235 0.0507716 0.0196519 0.00109478 7.99316e-07 3.23317e-05 0.00818991 0 12.54651641845703 13.12080001831055 25.38580513000488
0.999715 1.00154 0.643264 0.0698411 0.0501911 0.0196501 0.00118144 1.02167e-06 3.18395e-05 0.00951234 0 12.54608917236328 13.12130546569824 25.09549713134766
0.999743 1.00152 0.643222 0.0700539 0.0504046 0.0196493 0.00112042 8.27548e-07 3.08867e-05 0.00897878 0 12.54645919799805 13.12134838104248 25.20229721069336
0.999784 1.00152 0.643182 0.0705893 0.0509409 0.0196484 0.00133972 5.84432e-07 3.09039e-05 0.00856388 0 12.54695510864258 13.12136173248291 25.47043991088867
0.999769 1.0015 0.643186 0.0705627 0.0509139 0.0196487 0.0010743 6.71856e-07 3.01784e-05 0.00922182 0 12.54677104949951 13.12133312225342 25.45698547363281
0.999749 1.00153 0.643227 0.070443 0.0507946 0.0196484 0.00102272 7.89538e-07 3.15732e-05 0.0088653 0 12.54653739929199 13.12147808074951 25.39729118347168
0.999748 1.00153 0.643223 0.0701909 0.0505465 0.0196444 0.000971615 7.98162e-07 3.12644e-05 0.00877228 0 12.54650783538818 13.12228107452393 25.27323913574219
0.99974 1.00153 0.643233 0.070055 0.0504128 0.0196422 0.00100413 8.45866e-07 3.14124e-05 0.00793992 0 12.54642009735107 13.12277317047119 25.20639801025391
0.999756 1.00153 0.64322 0.0699996 0.0503612 0.0196385 0.000989409 7.49632e-07 3.15176e-05 0.0084364 0 12.54659748077393 13.12345695495605 25.18059349060059
0.999751 1.00154 0.643227 0.0701628 0.0505259 0.0196369 0.00098747 7.80629e-07 3.16649e-05 0.00804992 0 12.54655838012695 13.12378025054932 25.26297760009766
0.999773 1.00153 0.643198 0.0701798 0.0505436 0.0196362 0.000926487 6.44661e-07 3.12315e-05 0.00779974 0 12.54681587219238 13.12383651733398 25.27180290222168
0.999762 1.00153 0.643215 0.0698634 0.0502281 0.0196354 0.000895868 7.09453e-07 3.15964e-05 0.00864884 0 12.54668521881104 13.12404441833496 25.11403274536133
0.999779 1.00153 0.643196 0.0703052 0.0506717 0.0196335 0.000925339 6.14067e-07 3.14141e-05 0.00765484 0 12.54690933227539 13.12435722351074 25.33585929870605
0.999782 1.00153 0.643189 0.0700641 0.0504312 0.0196329 0.000838597 5.93774e-07 3.12114e-05 0.00838764 0 12.54693031311035 13.12447738647461 25.21558380126953
0.999779 1.00153 0.643195 0.0700302 0.0504001 0.0196301 0.000837252 6.11251e-07 3.13775e-05 0.00836238 0 12.54690837860107 13.12503719329834 25.20005989074707
0.99977 1.00154 0.643213 0.0700588 0.050432 0.0196268 0.000843322 6.65502e-07 3.19527e-05 0.00819738 0 12.54679107666016 13.1257266998291 25.21599388122559
0.999792 1.00155 0.643196 0.0703109 0.0506866 0.0196243 0.000904605 5.40909e-07 3.22978e-05 0.00694299 0 12.54707622528076 13.12613487243652 25.34330558776855
0.999749 1.00154 0.643231 0.0693978 0.049775 0.0196227 0.000893018 7.92326e-07 3.17918e-05 0.00814058 0 12.54651641845703 13.12662220001221 24.8874683380127
0.999754 1.00153 0.643218 0.0693574 0.0497377 0.0196197 0.000821108 7.59464e-07 3.1287e-05 0.00863166 0 12.54659366607666 13.12723159790039 24.86885070800781
0.999783 1.00152 0.643187 0.0699382 0.0503207 0.0196175 0.000872654 5.89635e-07 3.11443e-05 0.00724747 0 12.54695606231689 13.12753772735596 25.16033744812012
0.999778 1.00152 0.643191 0.0696631 0.0500455 0.0196176 0.000843294 6.20763e-07 3.1015e-05 0.00750108 0 12.54689788818359 13.12755870819092 25.02275848388672
0.999767 1.00155 0.643218 0.069777 0.05016 0.019617 0.000855424 6.80015e-07 3.21162e-05 0.00715382 0 12.54674530029297 13.12769412994385 25.07999420166016
0.999751 1.00155 0.643237 0.0693679 0.049751 0.0196169 0.000838992 7.79665e-07 3.23121e-05 0.0076343 0 12.54654216766357 13.12777614593506 24.8754940032959
0.999782 1.00153 0.64319 0.0696515 0.0500397 0.0196118 0.000808677 5.97359e-07 3.12629e-05 0.0070508 0 12.5469331741333 13.12868309020996 25.01985168457031
0.999756 1.00155 0.643228 0.0696595 0.050047 0.0196124 0.000811517 7.48744e-07 3.20823e-05 0.00647443 0 12.54659843444824 13.12865161895752 25.02347946166992
0.999744 1.00154 0.643235 0.0692457 0.0496359 0.0196097 0.000841317 8.25182e-07 3.17692e-05 0.00716753 0 12.54645252227783 13.1292552947998 24.81795120239258
0.999791 1.00153 0.643186 0.06973 0.0501219 0.0196081 0.000820278 5.46875e-07 3.15339e-05 0.00645304 0 12.5470609664917 13.12938499450684 25.06097030639648
0.999713 1.00154 0.643266 0.0691349 0.0495242 0.0196108 0.000885193 1.03317e-06 3.18824e-05 0.00801106 0 12.54606914520264 13.12916088104248 24.76204299926758
0.999774 1.00155 0.643212 0.0697535 0.0501465 0.019607 0.000886853 6.388e-07 3.216e-05 0.00700408 0 12.54683589935303 13.12967777252197 25.0732536315918
0.999769 1.00151 0.643194 0.0698306 0.0502283 0.0196023 0.000845935 6.68294e-07 3.06913e-05 0.00720983 0 12.54676342010498 13.1306266784668 25.11411666870117
0.999802 1.00153 0.643174 0.0702976 0.050699 0.0195986 0.000843141 4.91645e-07 3.14804e-05 0.00669476 0 12.54717922210693 13.1312370300293 25.34947395324707
0.999745 1.00154 0.643232 0.0694857 0.0498866 0.0195991 0.00079211 8.17764e-07 3.16515e-05 0.00857266 0 12.54647731781006 13.13136577606201 24.94330596923828
0.99981 1.00154 0.643169 0.0702217 0.0506253 0.0195964 0.000846112 4.53091e-07 3.16557e-05 0.00690905 0 12.54727745056152 13.13165855407715 25.31263160705566
0.999811 1.00155 0.643179 0.0704527 0.0508602 0.0195925 0.000774232 4.49922e-07 3.23085e-05 0.0070586 0 12.54729557037354 13.13243389129639 25.4300594329834
0.999777 1.00154 0.643201 0.0698243 0.0502293 0.019595 0.000740139 6.26786e-07 3.163e-05 0.00813345 0 12.546875 13.13207626342773 25.11465454101562
0.99974 1.00154 0.643239 0.0693452 0.0497497 0.0195955 0.000711919 8.50983e-07 3.17682e-05 0.00933589 0 12.54641056060791 13.13210201263428 24.87489318847656
0.99978 1.00154 0.643203 0.0701195 0.0505268 0.0195928 0.000742894 6.04654e-07 3.20057e-05 0.00810567 0 12.54691982269287 13.132493019104 25.2634105682373
0.999791 1.00154 0.643188 0.069813 0.0502231 0.0195899 0.00076403 5.46104e-07 3.16894e-05 0.00809154 0 12.5470552444458 13.13304805755615 25.11157989501953
0.999778 1.00152 0.643189 0.0698184 0.0502308 0.0195877 0.000710769 6.16051e-07 3.09785e-05 0.00823856 0 12.54690265655518 13.13351917266846 25.11539649963379
0.999746 1.00154 0.643236 0.0695003 0.0499135 0.0195868 0.000701416 8.12591e-07 3.19716e-05 0.00863076 0 12.54648494720459 13.13382244110107 24.95673751831055
0.999778 1.00153 0.643196 0.069722 0.0501393 0.0195827 0.000681984 6.18273e-07 3.13889e-05 0.00811312 0 12.54689502716064 13.13451480865479 25.06967353820801
0.999748 1.00154 0.64323 0.0694939 0.0499119 0.019582 0.000709351 7.94299e-07 3.17198e-05 0.00922925 0 12.54652690887451 13.13476943969727 24.9559383392334
0.999811 1.00152 0.643161 0.0704506 0.0508716 0.019579 0.000696804 4.47928e-07 3.11871e-05 0.00752389 0 12.54730319976807 13.1351203918457 25.43582916259766
0.999793 1.00153 0.643183 0.0700265 0.0504472 0.0195794 0.000681339 5.361e-07 3.15114e-05 0.00824908 0 12.54709529876709 13.13511276245117 25.22356033325195
0.999775 1.00154 0.643207 0.0699804 0.0504013 0.0195791 0.000669189 6.369e-07 3.19166e-05 0.00858437 0 12.54686069488525 13.13527202606201 25.20066833496094
0.999828 1.00154 0.643154 0.0705858 0.0510092 0.0195766 0.000661089 3.72502e-07 3.1769e-05 0.00718104 0 12.54749965667725 13.13555526733398 25.50459861755371
0.999728 1.00154 0.643253 0.0697526 0.0501729 0.0195798 0.000760407 9.31784e-07 3.19293e-05 0.00942869 0 12.54625034332275 13.1353120803833 25.08646392822266
0.999809 1.00155 0.643182 0.070595 0.0510208 0.0195742 0.000723935 4.57336e-07 3.24429e-05 0.00784222 0 12.54728507995605 13.13609218597412 25.5103931427002
0.999836 1.00153 0.643141 0.0708551 0.0512867 0.0195684 0.00069351 3.3629e-07 3.14564e-05 0.00799716 0 12.54762554168701 13.13714122772217 25.64334869384766
0.99983 1.00153 0.643148 0.0708992 0.0513316 0.0195676 0.000694791 3.62228e-07 3.15278e-05 0.0075666 0 12.54754066467285 13.13733959197998 25.66579246520996
0.999844 1.00154 0.643139 0.0709402 0.0513766 0.0195636 0.000702724 3.04764e-07 3.18185e-05 0.00746421 0 12.54771709442139 13.13807487487793 25.68830490112305
0.999853 1.00155 0.643139 0.0709841 0.051425 0.0195591 0.000669643 2.71778e-07 3.23889e-05 0.00642937 0 12.54783916473389 13.13895606994629 25.71246337890625
0.999826 1.00154 0.643153 0.0705578 0.050997 0.0195609 0.000648662 3.78659e-07 3.16201e-05 0.00777265 0 12.54748058319092 13.13870143890381 25.49847412109375
0.999856 1.00153 0.643122 0.0710563 0.0514977 0.0195586 0.000666274 2.61264e-07 3.14601e-05 0.00699742 0 12.54786968231201 13.13903713226318 25.7488842010498
0.999812 1.00154 0.643169 0.0704069 0.0508469 0.0195599 0.000656303 4.43903e-07 3.17497e-05 0.00837393 0 12.54731273651123 13.1389331817627 25.42348670959473
0.999804 1.00154 0.64318 0.0702578 0.0506958 0.0195621 0.000653898 4.79672e-07 3.20085e-05 0.00791975 0 12.54723262786865 13.13854789733887 25.34787559509277
0.999811 1.00154 0.643172 0.0702049 0.0506471 0.0195579 0.000635545 4.49801e-07 3.18872e-05 0.00765203 0 12.54728603363037 13.13935279846191 25.32349395751953
0.999815 1.00154 0.643168 0.0701708 0.0506146 0.0195562 0.000628011 4.30346e-07 3.18957e-05 0.00716485 0 12.54735660552979 13.13968276977539 25.30732917785645
0.999797 1.00155 0.643188 0.0700097 0.0504565 0.0195532 0.000613639 5.17548e-07 3.2053e-05 0.0076454 0 12.547119140625 13.14034748077393 25.22823715209961
0.99981 1.00154 0.64317 0.0700577 0.0505066 0.0195511 0.000600696 4.53319e-07 3.17019e-05 0.00746332 0 12.54728221893311 13.14072513580322 25.25334930419922
0.999855 1.00155 0.643135 0.0705336 0.0509858 0.0195478 0.000594243 2.63793e-07 3.22291e-05 0.00622581 0 12.54785060882568 13.14120769500732 25.49291610717773
0.999805 1.00154 0.643178 0.0702185 0.0506723 0.0195462 0.00059202 4.7847e-07 3.18844e-05 0.00742224 0 12.54722595214844 13.14171981811523 25.33613395690918
0.999809 1.00152 0.643163 0.0701121 0.0505696 0.0195425 0.000664484 4.58354e-07 3.118e-05 0.00689748 0 12.54726505279541 13.1424446105957 25.28478050231934
0.999809 1.00152 0.643163 0.0700609 0.0505188 0.0195422 0.000614325 4.57873e-07 3.11664e-05 0.00764561 0 12.54728126525879 13.14250373840332 25.2594051361084
0.999797 1.00153 0.643175 0.0702352 0.0506927 0.0195425 0.000605597 5.15413e-07 3.12429e-05 0.0081478 0 12.54713344573975 13.14248847961426 25.34631538391113
0.999775 1.00153 0.643197 0.0696261 0.0500829 0.0195431 0.000591651 6.3457e-07 3.12466e-05 0.00906094 0 12.54684638977051 13.14244651794434 25.0414867401123
0.999736 1.00153 0.643235 0.0693726 0.0498287 0.0195439 0.00062835 8.72546e-07 3.12956e-05 0.00928892 0 12.54635906219482 13.1424446105957 24.91435623168945
0.999745 1.00153 0.643229 0.0693692 0.0498284 0.0195408 0.000620068 8.13881e-07 3.14957e-05 0.00913619 0 12.5464916229248 13.14303874969482 24.91419219970703
0.999758 1.00153 0.643213 0.0694443 0.0499076 0.0195367 0.000613866 7.36439e-07 3.12225e-05 0.00890243 0 12.54664516448975 13.1438102722168 24.95379638671875
0.999743 1.00153 0.64323 0.0692228 0.0496881 0.0195347 0.000615514 8.29679e-07 3.14014e-05 0.00970735 0 12.54645919799805 13.14427185058594 24.84403610229492
0.999759 1.00153 0.643217 0.0692928 0.0497623 0.0195305 0.000587879 7.27835e-07 3.15425e-05 0.00921968 0 12.54664897918701 13.14506053924561 24.88119125366211
0.99978 1.00154 0.643198 0.0697511 0.050223 0.0195281 0.000574806 6.08432e-07 3.16407e-05 0.00814375 0 12.5469331741333 13.14542293548584 25.11148452758789
0.999778 1.00156 0.643215 0.0697044 0.050178 0.0195264 0.000680784 6.15732e-07 3.26482e-05 0.00812519 0 12.54688549041748 13.14579391479492 25.0889949798584
0.999736 1.00155 0.643249 0.0691119 0.0495893 0.0195226 0.000606997 8.77707e-07 3.21556e-05 0.00959207 0 12.54635524749756 13.14672565460205 24.7946891784668
0.999767 1.00153 0.643205 0.069308 0.049788 0.01952 0.00056785 6.82849e-07 3.12764e-05 0.00867509 0 12.54675197601318 13.14709854125977 24.89401245117188
0.999734 1.00152 0.643235 0.0690681 0.0495498 0.0195183 0.000547809 8.90159e-07 3.11703e-05 0.00890137 0 12.54633903503418 13.14758586883545 24.77488136291504
0.99977 1.00154 0.643212 0.0696228 0.0501091 0.0195136 0.000533499 6.62646e-07 3.19317e-05 0.00800593 0 12.54678153991699 13.14836311340332 25.05457496643066
0.999766 1.00153 0.643205 0.0696465 0.0501338 0.0195126 0.000620011 6.88006e-07 3.12105e-05 0.00771377 0 12.54674625396729 13.1485767364502 25.0668888092041
0.999781 1.00152 0.643188 0.0697024 0.0501934 0.019509 0.000591115 6.0402e-07 3.10643e-05 0.00743282 0 12.54691886901855 13.14925193786621 25.09673309326172
0.999783 1.00155 0.643207 0.0697859 0.050278 0.0195078 0.000564193 5.9154e-07 3.24145e-05 0.00709193 0 12.54694652557373 13.14950942993164 25.13901901245117
0.99979 1.00153 0.643187 0.0697938 0.0502892 0.0195046 0.000554801 5.52457e-07 3.15678e-05 0.00744383 0 12.54705333709717 13.15012454986572 25.14459800720215
0.999791 1.00155 0.643196 0.0699832 0.0504826 0.0195006 0.00055878 5.47843e-07 3.22238e-05 0.00766249 0 12.54704761505127 13.15091419219971 25.24131202697754
0.999779 1.00154 0.643199 0.069577 0.0500788 0.0194982 0.000594617 6.14301e-07 3.16221e-05 0.00775911 0 12.54690551757812 13.15144538879395 25.03938865661621
0.999799 1.00154 0.643183 0.0698697 0.0503754 0.0194943 0.000593443 5.06883e-07 3.18377e-05 0.00663847 0 12.54716300964355 13.15214443206787 25.18771362304688
0.999777 1.00153 0.643199 0.0696579 0.0501678 0.0194902 0.000635286 6.21509e-07 3.15231e-05 0.00748332 0 12.5468807220459 13.15306186676025 25.08385467529297
0.999791 1.00154 0.64319 0.0696384 0.0501497 0.0194887 0.000576399 5.48435e-07 3.17874e-05 0.00749441 0 12.54704761505127 13.15328216552734 25.07483673095703
0.999768 1.00154 0.643214 0.0693866 0.0499 0.0194866 0.000560242 6.77693e-07 3.19166e-05 0.0073997 0 12.54675960540771 13.15381717681885 24.94998741149902
0.999776 1.00155 0.643209 0.0694155 0.0499325 0.019483 0.000557913 6.29237e-07 3.21053e-05 0.00723844 0 12.54687404632568 13.15447425842285 24.96626091003418
0.99981 1.00155 0.643179 0.0697283 0.0502507 0.0194776 0.000625115 4.53773e-07 3.22995e-05 0.00740854 0 12.54729652404785 13.15544033050537 25.12535858154297
0.999793 1.00153 0.643182 0.0697762 0.0503043 0.0194719 0.000567368 5.36308e-07 3.14232e-05 0.0073567 0 12.54708480834961 13.15664768218994 25.15213012695312
0.999766 1.00155 0.643219 0.0693826 0.0499107 0.0194719 0.000541482 6.89968e-07 3.20943e-05 0.00784972 0 12.54671955108643 13.15675830841064 24.95535087585449
0.999812 1.00154 0.643172 0.0698896 0.0504231 0.0194666 0.000538082 4.44984e-07 3.19191e-05 0.00654307 0 12.54729652404785 13.15767097473145 25.21152687072754
0.999764 1.00153 0.64321 0.0693508 0.0498852 0.0194656 0.000535409 6.98357e-07 3.14367e-05 0.00774147 0 12.54670524597168 13.15804195404053 24.94257354736328
0.999774 1.00153 0.6432 0.069416 0.0499527 0.0194633 0.000549471 6.40259e-07 3.14338e-05 0.00715648 0 12.54685688018799 13.15845775604248 24.97638511657715
0.999784 1.00154 0.643196 0.0696284 0.0501693 0.0194591 0.000551572 5.86886e-07 3.1738e-05 0.00696025 0 12.54694080352783 13.15924549102783 25.08463287353516
0.99979 1.00154 0.643191 0.0695613 0.0501091 0.0194523 0.000707393 5.54519e-07 3.18146e-05 0.00736289 0 12.54702949523926 13.16061782836914 25.05450630187988
0.999751 1.00154 0.643227 0.069297 0.0498447 0.0194523 0.00056518 7.80179e-07 3.16628e-05 0.0083346 0 12.54653549194336 13.16076755523682 24.9223461151123
0.999745 1.00155 0.643239 0.0695422 0.0500917 0.0194506 0.000706384 8.17321e-07 3.20998e-05 0.00817677 0 12.54647731781006 13.16114711761475 25.04585456848145
0.999772 1.00154 0.643212 0.0697554 0.0503078 0.0194476 0.000635616 6.52262e-07 3.20266e-05 0.00822968 0 12.54683303833008 13.16161823272705 25.15386962890625
0.999785 1.00154 0.643198 0.0698072 0.0503618 0.0194454 0.000603753 5.77796e-07 3.19921e-05 0.00776126 0 12.54699802398682 13.16201305389404 25.18089866638184
0.999773 1.00153 0.643199 0.0699586 0.0505181 0.0194405 0.000589325 6.47992e-07 3.12466e-05 0.00774549 0 12.546799659729 13.16305160522461 25.25908088684082
0.999762 1.00154 0.643218 0.0696277 0.0501911 0.0194365 0.000579612 7.1175e-07 3.18053e-05 0.00845733 0 12.54668617248535 13.16386699676514 25.09555053710938
0.999783 1.00154 0.643201 0.0700276 0.0505984 0.0194292 0.000575756 5.8998e-07 3.20048e-05 0.00781698 0 12.54694271087646 13.16527557373047 25.29920768737793
0.999765 1.00153 0.643207 0.0694273 0.050002 0.0194253 0.000563343 6.93469e-07 3.12741e-05 0.00820033 0 12.54673767089844 13.16611862182617 25.00100517272949
0.999736 1.00155 0.643251 0.069539 0.0501138 0.0194252 0.000615887 8.74285e-07 3.2336e-05 0.00747 0 12.54635810852051 13.16626739501953 25.05691337585449
0.999788 1.00156 0.643206 0.0697322 0.050311 0.0194212 0.000585875 5.66045e-07 3.26493e-05 0.00715206 0 12.54700374603271 13.16685199737549 25.15548515319824
0.999781 1.00153 0.643192 0.0697654 0.0503475 0.0194178 0.0005691 5.99288e-07 3.13571e-05 0.00703537 0 12.5469331741333 13.16757392883301 25.17373466491699
0.999771 1.00155 0.643216 0.0695421 0.0501271 0.019415 0.000596811 6.59023e-07 3.22092e-05 0.00763509 0 12.54678440093994 13.16817188262939 25.06351089477539
0.999779 1.00154 0.643203 0.0696165 0.0502049 0.0194116 0.000579788 6.11358e-07 3.18872e-05 0.00739136 0 12.54690456390381 13.16884708404541 25.10248947143555
0.999749 1.00153 0.643227 0.0691727 0.0497635 0.0194092 0.000550859 7.88968e-07 3.16179e-05 0.00824218 0 12.54652690887451 13.16941833496094 24.88174629211426
0.999802 1.00154 0.643183 0.0700878 0.0506884 0.0193994 0.00055173 4.92896e-07 3.19956e-05 0.00726822 0 12.5471773147583 13.17117881774902 25.34418106079102
0.999773 1.00155 0.643216 0.0697493 0.0503534 0.0193959 0.000627298 6.49197e-07 3.23291e-05 0.00755498 0 12.54681396484375 13.17201232910156 25.17669868469238
0.999798 1.00156 0.643194 0.0696022 0.0502083 0.019394 0.000594589 5.12003e-07 3.25073e-05 0.00745307 0 12.54713726043701 13.17230892181396 25.10411643981934
0.999764 1.00156 0.643229 0.0696462 0.050257 0.0193892 0.000573128 7.00515e-07 3.26579e-05 0.00705869 0 12.546706199646 13.1733865737915 25.12852096557617
0.999784 1.00154 0.643197 0.0697084 0.0503253 0.0193831 0.000563397 5.83309e-07 3.18399e-05 0.00672813 0 12.54696846008301 13.17455196380615 25.16266822814941
0.999793 1.00155 0.643192 0.0695842 0.0502049 0.0193793 0.000558899 5.37425e-07 3.20555e-05 0.00736871 0 12.54708576202393 13.17527198791504 25.10247039794922
0.999804 1.00153 0.643174 0.0700192 0.0506443 0.0193749 0.000557891 4.83916e-07 3.15616e-05 0.00645559 0 12.54720592498779 13.17612552642822 25.32213401794434
0.999728 1.00154 0.64325 0.0690371 0.0496627 0.0193744 0.000551124 9.262e-07 3.17465e-05 0.00843586 0 12.54625988006592 13.17649841308594 24.83133125305176
0.999772 1.00155 0.643212 0.0696108 0.0502428 0.0193679 0.00052832 6.52888e-07 3.20639e-05 0.00699067 0 12.54681396484375 13.17762660980225 25.12141227722168
0.999746 1.00154 0.643233 0.0692619 0.0498979 0.0193639 0.00060671 8.1044e-07 3.17787e-05 0.00783065 0 12.54649448394775 13.17853164672852 24.94897651672363
0.999778 1.00157 0.643222 0.0698584 0.0504995 0.019359 0.000565626 6.18259e-07 3.30914e-05 0.00682161 0 12.54689311981201 13.17941761016846 25.24974060058594
0.999775 1.00153 0.6432 0.0698502 0.0504966 0.0193536 0.000641215 6.36407e-07 3.14124e-05 0.00680132 0 12.54685211181641 13.18051433563232 25.2482852935791
0.99976 1.00153 0.643214 0.0694793 0.0501295 0.0193498 0.000693416 7.24295e-07 3.1384e-05 0.00709787 0 12.54666900634766 13.1813440322876 25.06474113464355
0.999764 1.00155 0.643224 0.0695231 0.050181 0.0193421 0.000610108 6.99035e-07 3.22931e-05 0.00700842 0 12.54670906066895 13.182861328125 25.09049797058105
0.999715 1.00155 0.643273 0.0689713 0.049633 0.0193383 0.000640244 1.02112e-06 3.23896e-05 0.00808023 0 12.54609203338623 13.18382263183594 24.81648063659668
0.999789 1.00155 0.643199 0.0696651 0.0503356 0.0193295 0.000599306 5.58751e-07 3.22756e-05 0.00645672 0 12.54702091217041 13.18528938293457 25.16780853271484
0.999784 1.00155 0.643205 0.0698344 0.0505115 0.0193229 0.000599039 5.86722e-07 3.23075e-05 0.00582725 0 12.54696369171143 13.1866512298584 25.25576019287109
0.999745 1.00155 0.643241 0.0692002 0.0498829 0.0193174 0.000569812 8.16799e-07 3.2252e-05 0.00674727 0 12.54648494720459 13.1879358291626 24.94142913818359
0.99976 1.00155 0.643226 0.069294 0.0499817 0.0193123 0.000548627 7.20211e-07 3.22235e-05 0.00697211 0 12.54667472839355 13.18887710571289 24.99086952209473
0.999713 1.00155 0.643269 0.068687 0.0493799 0.0193071 0.000615664 1.03057e-06 3.20793e-05 0.00834485 0 12.54606533050537 13.19010925292969 24.6899471282959
0.999757 1.00155 0.643227 0.069374 0.0500755 0.0192985 0.000575818 7.43014e-07 3.2068e-05 0.00698679 0 12.5466136932373 13.19170188903809 25.03775787353516
0.99975 1.00154 0.643233 0.0692808 0.0499879 0.0192929 0.00057182 7.8552e-07 3.20248e-05 0.00678267 0 12.54651737213135 13.19282341003418 24.99395179748535
0.999731 1.00154 0.643246 0.0689317 0.0496446 0.0192871 0.000541408 9.08918e-07 3.16733e-05 0.00709533 0 12.54629707336426 13.19406986236572 24.82228088378906
0.999782 1.00156 0.643213 0.0696563 0.0503763 0.01928 0.000527141 5.98159e-07 3.27297e-05 0.00617343 0 12.54693412780762 13.19532203674316 25.18816375732422
0.999744 1.00154 0.643238 0.0691489 0.0498747 0.0192743 0.00052521 8.21914e-07 3.19969e-05 0.00729459 0 12.54646015167236 13.19660472869873 24.93731689453125
0.999754 1.00155 0.643229 0.0693892 0.0501221 0.019267 0.000508833 7.56412e-07 3.20422e-05 0.00678892 0 12.54659748077393 13.19804096221924 25.06107139587402
0.99976 1.00156 0.643233 0.0693888 0.0501275 0.0192613 0.000595744 7.24676e-07 3.26032e-05 0.00722158 0 12.54665565490723 13.19917583465576 25.0637321472168
0.999754 1.00154 0.643229 0.0692933 0.0500391 0.0192542 0.000516522 7.61624e-07 3.19729e-05 0.00680662 0 12.54659843444824 13.20061302185059 25.01952171325684
0.999711 1.00155 0.643275 0.0687275 0.0494807 0.0192468 0.000506461 1.04607e-06 3.23519e-05 0.00811641 0 12.54605007171631 13.2022705078125 24.74037742614746
0.999762 1.00155 0.643227 0.0696943 0.0504583 0.019236 0.000518449 7.13048e-07 3.23882e-05 0.00715773 0 12.54667282104492 13.20426940917969 25.22917175292969
0.999753 1.00154 0.643225 0.0692318 0.0500007 0.0192311 0.000544407 7.67086e-07 3.16533e-05 0.00747061 0 12.5465669631958 13.20527839660645 25.00034713745117
0.999749 1.00155 0.643235 0.0694323 0.0502084 0.0192239 0.00051616 7.93164e-07 3.20545e-05 0.00684439 0 12.54652976989746 13.20677852630615 25.10424423217773
0.999765 1.00156 0.643226 0.0694821 0.0502656 0.0192165 0.000500956 6.9313e-07 3.25168e-05 0.00642159 0 12.54673290252686 13.2081823348999 25.13278579711914
0.999739 1.00154 0.643242 0.0691313 0.0499203 0.019211 0.000504689 8.52457e-07 3.19497e-05 0.00739486 0 12.54640579223633 13.20940113067627 24.96014595031738
0.99976 1.00152 0.64321 0.0695304 0.0503295 0.0192009 0.000520072 7.25552e-07 3.11597e-05 0.00682519 0 12.54665184020996 13.21134185791016 25.16477394104004
0.999742 1.00155 0.643245 0.0691199 0.0499247 0.0191951 0.00052092 8.36156e-07 3.23242e-05 0.00772177 0 12.54643058776855 13.21259593963623 24.96241188049316
0.99977 1.00155 0.643217 0.0696635 0.050478 0.0191855 0.000493405 6.64975e-07 3.22574e-05 0.00675073 0 12.54679584503174 13.21442127227783 25.23900604248047
0.999756 1.00155 0.643232 0.0693142 0.0501339 0.0191803 0.000479519 7.45664e-07 3.23397e-05 0.00676703 0 12.5466194152832 13.21554565429688 25.06696128845215
0.999786 1.00156 0.643207 0.0698002 0.0506284 0.0191719 0.000471365 5.75672e-07 3.25642e-05 0.00611668 0 12.54697513580322 13.21712207794189 25.31421852111816
0.999749 1.00156 0.643243 0.0694044 0.0502382 0.0191662 0.000467851 7.92196e-07 3.25659e-05 0.00689067 0 12.54653453826904 13.21839904785156 25.11910629272461
0.999749 1.00157 0.64325 0.0692352 0.0500764 0.0191588 0.000458261 7.91787e-07 3.30555e-05 0.00680745 0 12.54654121398926 13.21991348266602 25.03819847106934
0.999733 1.00154 0.643246 0.0689528 0.049804 0.0191487 0.000448985 8.94166e-07 3.17793e-05 0.00753164 0 12.54631900787354 13.22200965881348 24.90203094482422
0.99975 1.00154 0.643233 0.0693272 0.0501859 0.0191414 0.000445632 7.87023e-07 3.20301e-05 0.00695652 0 12.54654502868652 13.22343158721924 25.0929069519043
0.999741 1.00156 0.643252 0.0691401 0.0500078 0.0191323 0.000440452 8.39767e-07 3.26942e-05 0.00708309 0 12.54642963409424 13.22531127929688 25.00390815734863
0.999782 1.00154 0.643199 0.0697437 0.0506207 0.019123 0.000457647 5.9564e-07 3.18316e-05 0.00577227 0 12.5469388961792 13.22703075408936 25.31035614013672
0.99976 1.00155 0.643226 0.0694546 0.0503384 0.0191162 0.00044923 7.25332e-07 3.21651e-05 0.0060425 0 12.54667186737061 13.22849178314209 25.16923713684082
0.999735 1.00155 0.643253 0.0692953 0.0501876 0.0191077 0.000444719 8.84565e-07 3.23227e-05 0.00699957 0 12.54633331298828 13.23030948638916 25.09380340576172
0.999751 1.00155 0.643237 0.0694094 0.0503098 0.0190996 0.000433638 7.76621e-07 3.23431e-05 0.00630949 0 12.54654788970947 13.23189258575439 25.15488052368164
0.999748 1.00154 0.643231 0.0690479 0.0499579 0.01909 0.000434002 7.9816e-07 3.17581e-05 0.0062643 0 12.54651355743408 13.23385810852051 24.97894859313965
0.999743 1.00157 0.643256 0.0691773 0.0500959 0.0190814 0.00043655 8.30777e-07 3.30944e-05 0.00681368 0 12.54646015167236 13.23562335968018 25.04794120788574
0.999744 1.00155 0.643245 0.0692851 0.0502132 0.0190719 0.000435216 8.25562e-07 3.23932e-05 0.00664495 0 12.5464506149292 13.23752403259277 25.10657691955566
0.999735 1.00156 0.643258 0.0689359 0.0498712 0.0190647 0.000424165 8.79134e-07 3.27017e-05 0.00705059 0 12.54635524749756 13.23905086517334 24.93561363220215
0.99972 1.00156 0.643274 0.0689616 0.0499069 0.0190547 0.000419369 9.86621e-07 3.27875e-05 0.00718896 0 12.54615592956543 13.24112415313721 24.95340919494629
0.999737 1.00157 0.64326 0.0691864 0.0501422 0.0190442 0.000412885 8.68016e-07 3.29731e-05 0.00730116 0 12.54637622833252 13.24317836761475 25.07112121582031
0.999766 1.00156 0.643228 0.0694449 0.0504117 0.0190332 0.000408379 6.86818e-07 3.26941e-05 0.00611984 0 12.54673194885254 13.24532127380371 25.20583915710449
0.999763 1.00157 0.643234 0.0695285 0.0505067 0.0190219 0.000427055 7.02465e-07 3.29616e-05 0.00613972 0 12.5466947555542 13.2476167678833 25.25329971313477
0.99971 1.00156 0.643279 0.0686312 0.0496154 0.0190158 0.000416876 1.05793e-06 3.25052e-05 0.00758194 0 12.54604721069336 13.24905967712402 24.80770111083984
0.999701 1.00157 0.643293 0.0686583 0.0496521 0.0190062 0.000420531 1.12081e-06 3.28818e-05 0.00728036 0 12.54593181610107 13.25103378295898 24.82601547241211
0.999737 1.00156 0.643256 0.0690752 0.0500822 0.018993 0.000465495 8.66738e-07 3.2726e-05 0.00664273 0 12.54637813568115 13.25358772277832 25.04113960266113
0.999741 1.00157 0.643257 0.0692451 0.0502621 0.018983 0.000425817 8.43642e-07 3.30168e-05 0.00627881 0 12.54640865325928 13.25562000274658 25.13106918334961
0.999733 1.00156 0.643257 0.0691366 0.0501652 0.0189714 0.000436186 8.91618e-07 3.25172e-05 0.00661637 0 12.54631423950195 13.25799465179443 25.08260536193848
0.99973 1.00155 0.643257 0.0690922 0.0501305 0.0189616 0.000426148 9.11554e-07 3.23765e-05 0.00664403 0 12.54629707336426 13.25997734069824 25.06525611877441
0.999737 1.00157 0.643262 0.0692065 0.0502558 0.0189507 0.000433448 8.67134e-07 3.31196e-05 0.00665267 0 12.54638385772705 13.26218414306641 25.12788772583008
0.999748 1.00155 0.643241 0.0693332 0.0503957 0.0189375 0.000428685 7.97928e-07 3.2442e-05 0.00614432 0 12.54651165008545 13.26482105255127 25.19779586791992
0.999743 1.00157 0.643255 0.0692325 0.0503028 0.0189297 0.000415979 8.3129e-07 3.29876e-05 0.00608828 0 12.54644775390625 13.26643085479736 25.15140151977539
0.999714 1.00156 0.643279 0.0687786 0.0498592 0.0189194 0.000413354 1.02356e-06 3.27632e-05 0.0071179 0 12.54607677459717 13.26864337921143 24.92960357666016
0.999726 1.00157 0.643273 0.0691185 0.0502112 0.0189073 0.000430629 9.39087e-07 3.31313e-05 0.00654238 0 12.54623317718506 13.27105712890625 25.10558319091797
0.999739 1.00158 0.643263 0.0691102 0.0502137 0.0188965 0.000419949 8.51688e-07 3.33128e-05 0.00628972 0 12.54640865325928 13.27321147918701 25.10684013366699
0.999762 1.00157 0.643235 0.0696484 0.0507636 0.0188848 0.000412453 7.10397e-07 3.29156e-05 0.00549628 0 12.54670143127441 13.27550983428955 25.38179969787598
0.999715 1.00157 0.643281 0.0692084 0.0503341 0.0188744 0.000415189 1.02233e-06 3.29011e-05 0.00660164 0 12.5460786819458 13.27780151367188 25.16698455810547
0.999717 1.00157 0.643281 0.068995 0.0501321 0.0188629 0.000409134 1.00549e-06 3.30476e-05 0.00762949 0 12.5461368560791 13.28014469146729 25.0660572052002
0.999744 1.00154 0.643237 0.0694911 0.0506416 0.0188495 0.000418171 8.21036e-07 3.18925e-05 0.00628663 0 12.54647159576416 13.28275775909424 25.32076835632324
0.99973 1.00155 0.643257 0.0691616 0.050321 0.0188407 0.00040657 9.11866e-07 3.23416e-05 0.00631959 0 12.54628562927246 13.28463554382324 25.16047477722168
0.99973 1.00157 0.643267 0.069344 0.0505148 0.0188292 0.000400513 9.16258e-07 3.29664e-05 0.00614025 0 12.54627513885498 13.28695678710938 25.25737571716309
0.999721 1.00158 0.643283 0.0692413 0.0504229 0.0188184 0.000471924 9.79183e-07 3.34305e-05 0.00636706 0 12.54615879058838 13.28919982910156 25.21145820617676
0.999717 1.00155 0.643269 0.0689979 0.0501912 0.0188067 0.000441009 1.00797e-06 3.22947e-05 0.00682802 0 12.54609394073486 13.29159450531006 25.09559059143066
0.999712 1.00157 0.643285 0.0690956 0.0503004 0.0187952 0.000434485 1.04422e-06 3.30236e-05 0.00630715 0 12.54604244232178 13.29396438598633 25.15019798278809
0.999707 1.00158 0.643296 0.0690975 0.0503141 0.0187834 0.000415461 1.07995e-06 3.34274e-05 0.00638248 0 12.54598140716553 13.29641056060791 25.15705490112305
0.999719 1.00158 0.643285 0.0691186 0.0503493 0.0187694 0.000442769 9.90266e-07 3.35048e-05 0.00655483 0 12.5461311340332 13.29923439025879 25.17458534240723
0.999669 1.00156 0.643323 0.0684993 0.0497385 0.0187608 0.000415132 1.375e-06 3.27912e-05 0.00792226 0 12.5455207824707 13.30116844177246 24.86923789978027
0.99969 1.00156 0.643303 0.0687569 0.0500092 0.0187477 0.000408202 1.20908e-06 3.27808e-05 0.00707709 0 12.54578113555908 13.30376815795898 25.00460052490234
0.999713 1.00157 0.643285 0.0690763 0.05034 0.0187364 0.000401441 1.03264e-06 3.30738e-05 0.00677486 0 12.54607772827148 13.30598640441895 25.16996955871582
0.999721 1.00157 0.643281 0.0690629 0.0503388 0.0187241 0.000410135 9.78359e-07 3.32856e-05 0.00695778 0 12.5461597442627 13.30846118927002 25.16940689086914
0.999716 1.00157 0.643281 0.06926 0.0505478 0.0187122 0.000400016 1.01255e-06 3.2985e-05 0.00638668 0 12.54610157012939 13.3109188079834 25.2739086151123
0.999681 1.00158 0.643323 0.0685485 0.0498459 0.0187026 0.000406493 1.28029e-06 3.3561e-05 0.00815299 0 12.54567050933838 13.31302547454834 24.92291641235352
0.999717 1.00155 0.643269 0.0693076 0.050619 0.0186887 0.000405114 1.00746e-06 3.22661e-05 0.00668704 0 12.54611587524414 13.31573104858398 25.30948257446289
0.999705 1.00158 0.643297 0.0691781 0.0505024 0.0186757 0.000433985 1.09104e-06 3.33883e-05 0.00700851 0 12.54598712921143 13.31846714019775 25.25120544433594
0.999705 1.00157 0.643291 0.0691383 0.0504754 0.0186628 0.000412393 1.09012e-06 3.29676e-05 0.00709274 0 12.54597568511963 13.32106113433838 25.23771095275879
0.999676 1.00157 0.64332 0.0684639 0.0498098 0.0186542 0.000496265 1.31905e-06 3.30502e-05 0.00779235 0 12.54557323455811 13.32298374176025 24.90486335754395
0.999668 1.00159 0.64334 0.0686234 0.0499825 0.0186409 0.000425988 1.38584e-06 3.38492e-05 0.00791527 0 12.54550457000732 13.32571315765381 24.99122047424316
0.999703 1.00158 0.643298 0.068998 0.05037 0.018628 0.000417771 1.10965e-06 3.33089e-05 0.00714016 0 12.54594230651855 13.32823848724365 25.18500328063965
0.999712 1.00157 0.643288 0.0690302 0.0504168 0.0186134 0.000452962 1.0386e-06 3.32578e-05 0.00706992 0 12.5460729598999 13.33118438720703 25.20839691162109
0.999693 1.00159 0.643317 0.0689976 0.050395 0.0186026 0.000427594 1.18608e-06 3.39272e-05 0.00695585 0 12.54580402374268 13.33349323272705 25.1975154876709
0.999693 1.00158 0.643313 0.0690557 0.050468 0.0185877 0.000420341 1.18424e-06 3.36669e-05 0.00748592 0 12.54580688476562 13.33653259277344 25.23397636413574
0.999722 1.00156 0.643271 0.0691365 0.0505625 0.0185739 0.00041246 9.67507e-07 3.27362e-05 0.00677509 0 12.54618072509766 13.33926773071289 25.28128242492676
0.999686 1.00158 0.643315 0.0688794 0.0503178 0.0185616 0.000407769 1.23918e-06 3.33529e-05 0.00735643 0 12.54573535919189 13.34193801879883 25.15890884399414
0.999658 1.00158 0.643345 0.0684611 0.0499088 0.0185523 0.000402619 1.46655e-06 3.35542e-05 0.00775341 0 12.54537677764893 13.34396839141846 24.95442771911621
0.999713 1.00156 0.643277 0.0691481 0.050612 0.018536 0.000476666 1.03122e-06 3.25981e-05 0.00665264 0 12.54608726501465 13.34708309173584 25.30601501464844
0.999668 1.00158 0.643338 0.0686656 0.0501391 0.0185265 0.000509353 1.38278e-06 3.36958e-05 0.007382 0 12.54551029205322 13.34920883178711 25.0695629119873
0.999672 1.00158 0.643333 0.0688382 0.0503281 0.0185102 0.000484376 1.34922e-06 3.36439e-05 0.00742943 0 12.54554748535156 13.35256767272949 25.16402626037598
0.999713 1.00159 0.643297 0.0693326 0.0508367 0.0184959 0.000449771 1.033e-06 3.3881e-05 0.00633477 0 12.54607009887695 13.35535907745361 25.41836357116699
0.999685 1.00158 0.643316 0.0693036 0.0508228 0.0184808 0.000509874 1.24533e-06 3.33346e-05 0.00592087 0 12.54573249816895 13.35857486724854 25.4113712310791
0.999679 1.00157 0.64332 0.0690211 0.0505545 0.0184667 0.000461728 1.28933e-06 3.32851e-05 0.00719293 0 12.54564571380615 13.36149311065674 25.27727699279785
0.999701 1.00158 0.643305 0.0692325 0.0507813 0.0184512 0.000462683 1.12099e-06 3.36328e-05 0.00680145 0 12.54592418670654 13.36460876464844 25.3906421661377
0.999655 1.00159 0.643354 0.0688734 0.0504342 0.0184392 0.000485559 1.49173e-06 3.39798e-05 0.00713278 0 12.54534912109375 13.36725044250488 25.21713066101074
0.999697 1.00159 0.64331 0.0692338 0.0508101 0.0184237 0.000490398 1.15074e-06 3.37347e-05 0.00604341 0 12.54588031768799 13.37030792236328 25.40504455566406
0.999666 1.00156 0.643324 0.0687756 0.0503623 0.0184133 0.000501692 1.40017e-06 3.26464e-05 0.00709556 0 12.54548358917236 13.37255477905273 25.18111038208008
0.999669 1.00159 0.643342 0.0690642 0.0506654 0.0183988 0.000472315 1.37364e-06 3.40671e-05 0.00692625 0 12.5455322265625 13.37553119659424 25.33268737792969
0.999664 1.00158 0.643339 0.0689374 0.0505527 0.0183847 0.000495963 1.41893e-06 3.3542e-05 0.00708304 0 12.54544639587402 13.37846660614014 25.27632141113281
0.999694 1.00159 0.643314 0.0689158 0.0505453 0.0183704 0.000471205 1.17338e-06 3.38234e-05 0.00738489 0 12.54582786560059 13.38129425048828 25.27266120910645
0.999659 1.00161 0.643365 0.0688532 0.0504939 0.0183593 0.000748532 1.45735e-06 3.49313e-05 0.00756656 0 12.54540157318115 13.38372230529785 25.24694061279297
0.999656 1.00161 0.643363 0.0689568 0.0506093 0.0183474 0.00057586 1.48622e-06 3.45893e-05 0.00724668 0 12.54534912109375 13.38619995117188 25.30467987060547
0.999667 1.00158 0.643338 0.0690037 0.050672 0.0183318 0.000528294 1.39087e-06 3.36777e-05 0.00694803 0 12.54549503326416 13.38938617706299 25.33601379394531
0.999658 1.0016 0.643356 0.0690122 0.0506954 0.0183168 0.000504658 1.46861e-06 3.4255e-05 0.00718963 0 12.54538249969482 13.3925256729126 25.34768676757812
0.99968 1.0016 0.643334 0.0691994 0.0508989 0.0183005 0.000482518 1.28902e-06 3.42151e-05 0.00625491 0 12.54563808441162 13.39580917358398 25.44943618774414
0.999638 1.00159 0.643368 0.0687157 0.0504299 0.0182858 0.000578895 1.64585e-06 3.376e-05 0.0070412 0 12.54514598846436 13.39901351928711 25.21492195129395
0.999614 1.00159 0.643396 0.0686262 0.0503553 0.0182708 0.0005593 1.87118e-06 3.40819e-05 0.00752431 0 12.54481792449951 13.40220546722412 25.17772674560547
0.999644 1.00158 0.643357 0.0685559 0.0503016 0.0182543 0.000614984 1.58736e-06 3.34315e-05 0.00737361 0 12.54520130157471 13.40552520751953 25.15081214904785
0.999666 1.0016 0.643348 0.0690329 0.0507953 0.0182377 0.000627771 1.39979e-06 3.42273e-05 0.00629935 0 12.54546070098877 13.40889644622803 25.39765167236328
0.999615 1.0016 0.643401 0.0684825 0.0502581 0.0182244 0.000676883 1.85934e-06 3.45272e-05 0.00720489 0 12.54483985900879 13.4118185043335 25.12901878356934
0.999642 1.00159 0.643368 0.0686254 0.0504187 0.0182067 0.000621819 1.6076e-06 3.40738e-05 0.00737935 0 12.54517841339111 13.41540241241455 25.20936584472656
0.999609 1.0016 0.643406 0.0684955 0.0503034 0.0181922 0.000586578 1.91698e-06 3.44483e-05 0.00782018 0 12.54477024078369 13.41854476928711 25.15161895751953
0.999629 1.00159 0.64338 0.0685689 0.0503963 0.0181726 0.000563137 1.72869e-06 3.399e-05 0.00722625 0 12.54501724243164 13.42253303527832 25.19817352294922
0.999638 1.00161 0.643382 0.0687219 0.0505672 0.0181547 0.000562756 1.64863e-06 3.46931e-05 0.00662556 0 12.54512405395508 13.4262113571167 25.28361320495605
0.999634 1.00161 0.643385 0.0688136 0.0506758 0.0181378 0.000572147 1.68017e-06 3.46856e-05 0.00688459 0 12.54507446289062 13.429762840271 25.33790016174316
0.999663 1.0016 0.643355 0.0691116 0.0509923 0.0181193 0.000612714 1.42503e-06 3.45247e-05 0.00608484 0 12.54543495178223 13.43349075317383 25.49618339538574
0.999647 1.00161 0.643371 0.0691063 0.0510033 0.018103 0.000562031 1.55965e-06 3.45737e-05 0.00610344 0 12.54524993896484 13.43691444396973 25.50165176391602
0.999614 1.00161 0.643406 0.068582 0.0504944 0.0180876 0.000577209 1.86928e-06 3.48135e-05 0.00732885 0 12.54483604431152 13.44024562835693 25.24718856811523
0.999637 1.00161 0.643382 0.0688488 0.0507793 0.0180695 0.000698936 1.65664e-06 3.46245e-05 0.00695331 0 12.54512023925781 13.44393920898438 25.38964080810547
0.999612 1.00162 0.643413 0.0685457 0.0504935 0.0180522 0.000570422 1.88683e-06 3.51591e-05 0.00756419 0 12.54480361938477 13.44766521453857 25.24675559997559
0.999608 1.00159 0.643402 0.0684896 0.050457 0.0180326 0.000628701 1.93166e-06 3.40958e-05 0.00755696 0 12.54476070404053 13.45173072814941 25.22846794128418
0.999604 1.00158 0.643397 0.0686525 0.0506379 0.0180146 0.000594994 1.96303e-06 3.35875e-05 0.00772538 0 12.54471015930176 13.45551490783691 25.31895637512207
0.999597 1.00158 0.643405 0.0686135 0.0506201 0.0179934 0.000615981 2.03663e-06 3.36382e-05 0.0080198 0 12.54462814331055 13.45996856689453 25.31003761291504
0.999616 1.00161 0.643402 0.0685322 0.0505543 0.0179779 0.000589076 1.85072e-06 3.4619e-05 0.00782673 0 12.54486083984375 13.46311855316162 25.27715682983398
0.999617 1.00161 0.643407 0.0690494 0.0510909 0.0179584 0.000578468 1.84369e-06 3.4992e-05 0.00684255 0 12.5448522567749 13.46720504760742 25.54544448852539
0.999623 1.00159 0.643385 0.0686165 0.0506738 0.0179427 0.000556965 1.78766e-06 3.39562e-05 0.00726713 0 12.54493999481201 13.470458984375 25.33692932128906
0.999588 1.00158 0.643413 0.0684273 0.0505016 0.0179256 0.000550599 2.12637e-06 3.36183e-05 0.00737999 0 12.54452037811279 13.47413921356201 25.25079917907715
0.999581 1.00158 0.643419 0.0683277 0.0504216 0.0179061 0.000535665 2.20015e-06 3.35106e-05 0.0081228 0 12.54440975189209 13.47827053070068 25.21080589294434
0.999603 1.00158 0.643399 0.0688299 0.0509453 0.0178847 0.000552839 1.97988e-06 3.36041e-05 0.00728532 0 12.54469871520996 13.48268604278564 25.47262954711914
0.999611 1.0016 0.643405 0.068822 0.0509561 0.0178659 0.000533844 1.90088e-06 3.44738e-05 0.00708917 0 12.54479217529297 13.4865550994873 25.47804641723633
0.9996 1.00161 0.643417 0.0686809 0.0508336 0.0178473 0.000594761 2.00745e-06 3.45999e-05 0.0064942 0 12.54466342926025 13.49052429199219 25.41681671142578
0.999588 1.00161 0.643433 0.0685503 0.0507226 0.0178277 0.000564809 2.12615e-06 3.49515e-05 0.00685052 0 12.54449939727783 13.49466514587402 25.36130142211914
0.999636 1.00159 0.643375 0.0690263 0.0512199 0.0178065 0.000534956 1.66725e-06 3.41096e-05 0.0059618 0 12.54510498046875 13.49892997741699 25.60994148254395
0.999601 1.0016 0.643411 0.0687007 0.0509139 0.0177868 0.000530219 1.99592e-06 3.4298e-05 0.00644413 0 12.54467391967773 13.50319671630859 25.45693969726562
0.999581 1.00162 0.643444 0.0684037 0.0506375 0.0177662 0.000607796 2.20747e-06 3.51961e-05 0.00702778 0 12.54440593719482 13.50762176513672 25.31874084472656
0.999593 1.00162 0.643432 0.0688218 0.0510779 0.017744 0.000598515 2.08269e-06 3.51431e-05 0.00643363 0 12.54456329345703 13.51222229003906 25.53890037536621
0.999576 1.00163 0.643453 0.0685416 0.0508194 0.0177221 0.000575004 2.25618e-06 3.54957e-05 0.00714194 0 12.54436683654785 13.51688575744629 25.40970420837402
0.999582 1.00162 0.643443 0.0685327 0.0508307 0.017702 0.000561058 2.1961e-06 3.51497e-05 0.00692608 0 12.54442882537842 13.52108573913574 25.41533279418945
0.999568 1.00163 0.643466 0.0685104 0.0508269 0.0176835 0.00054341 2.3436e-06 3.57989e-05 0.00680395 0 12.54422855377197 13.52503395080566 25.41341781616211
0.999513 1.0016 0.643496 0.0680775 0.0504129 0.0176646 0.000648183 2.97061e-06 3.42768e-05 0.00726803 0 12.54355907440186 13.52922439575195 25.20643424987793
0.999562 1.00161 0.643455 0.0686828 0.0510425 0.0176403 0.000722221 2.40369e-06 3.47441e-05 0.00670307 0 12.54418659210205 13.53413391113281 25.521240234375
0.999588 1.00161 0.643434 0.068644 0.051027 0.017617 0.000616418 2.13158e-06 3.49782e-05 0.00666839 0 12.54450416564941 13.53897953033447 25.51349449157715
0.999516 1.00164 0.643523 0.0685765 0.0509788 0.0175976 0.000699931 2.93927e-06 3.62809e-05 0.00676545 0 12.54360866546631 13.54331302642822 25.48940277099609
0.999561 1.0016 0.643453 0.0682496 0.0506761 0.0175734 0.000622449 2.41629e-06 3.45237e-05 0.0074129 0 12.54417610168457 13.5482816696167 25.33808517456055
0.999543 1.00161 0.643472 0.0684993 0.0509474 0.0175519 0.000600151 2.61551e-06 3.46091e-05 0.00714937 0 12.54394245147705 13.55289363861084 25.47366333007812
0.999558 1.00163 0.643474 0.0686241 0.0510962 0.017528 0.00058776 2.4558e-06 3.56935e-05 0.00692813 0 12.54412460327148 13.55791091918945 25.54809188842773
0.999564 1.00161 0.643453 0.0684617 0.0509556 0.0175062 0.000655574 2.38465e-06 3.47066e-05 0.00751891 0 12.54421043395996 13.56247615814209 25.47777938842773
0.99953 1.00163 0.643498 0.0680914 0.0506083 0.0174831 0.000574085 2.77378e-06 3.54746e-05 0.00797317 0 12.54379081726074 13.5674877166748 25.30412864685059
0.99954 1.00161 0.64348 0.068327 0.0508667 0.0174603 0.000749137 2.65177e-06 3.495e-05 0.00756873 0 12.54391002655029 13.5722713470459 25.43337631225586
0.999496 1.00161 0.64352 0.0681664 0.0507279 0.0174386 0.000748119 3.19223e-06 3.47662e-05 0.0080229 0 12.54335498809814 13.57706832885742 25.36390686035156
0.999523 1.00163 0.643505 0.068297 0.0508838 0.0174132 0.000711165 2.85823e-06 3.548e-05 0.00740609 0 12.54368305206299 13.58233833312988 25.44185638427734
0.999527 1.00161 0.643489 0.0684703 0.0510801 0.0173902 0.000771208 2.80773e-06 3.47334e-05 0.00719953 0 12.54373359680176 13.58720016479492 25.54000282287598
0.999501 1.00165 0.643538 0.0681209 0.0507566 0.0173642 0.000730661 3.12275e-06 3.63709e-05 0.00827436 0 12.54339981079102 13.59282207489014 25.37833595275879
0.999496 1.00162 0.643527 0.0680762 0.0507365 0.0173397 0.000708271 3.19034e-06 3.52378e-05 0.00789015 0 12.54336071014404 13.59806537628174 25.36824035644531
0.999478 1.00162 0.643542 0.0680044 0.05069 0.0173144 0.000712376 3.42587e-06 3.50395e-05 0.00806149 0 12.54311656951904 13.60351181030273 25.34500885009766
0.999502 1.00162 0.64352 0.0679158 0.050626 0.0172898 0.000698379 3.11324e-06 3.51684e-05 0.00794836 0 12.54342460632324 13.60865688323975 25.3129711151123
0.999477 1.00163 0.643553 0.0678409 0.0505756 0.0172653 0.000709409 3.42668e-06 3.57793e-05 0.00882113 0 12.54309177398682 13.61394500732422 25.28780174255371
0.999517 1.00162 0.643509 0.0685665 0.0513279 0.0172386 0.000719933 2.9316e-06 3.54101e-05 0.00684236 0 12.54359340667725 13.61951446533203 25.66392517089844
0.999509 1.00165 0.643532 0.0680991 0.050888 0.0172111 0.000676798 3.02294e-06 3.64695e-05 0.00822479 0 12.54350471496582 13.62540149688721 25.44399833679199
0.999546 1.00163 0.643483 0.068681 0.0514993 0.0171817 0.000672381 2.58373e-06 3.55748e-05 0.00708198 0 12.5439567565918 13.6315393447876 25.74962615966797
0.999507 1.00165 0.643535 0.0682209 0.0510617 0.0171592 0.000726891 3.04697e-06 3.65567e-05 0.00726235 0 12.54348754882812 13.63648891448975 25.53083610534668
0.999505 1.00164 0.643531 0.068405 0.0512731 0.0171319 0.000721942 3.07656e-06 3.61364e-05 0.00750721 0 12.54345893859863 13.64231491088867 25.63653373718262
0.999481 1.00165 0.643558 0.0679073 0.0508026 0.0171048 0.000740977 3.38488e-06 3.63514e-05 0.00841811 0 12.5431661605835 13.64822959899902 25.40128326416016
0.999474 1.00161 0.643543 0.0679615 0.0508852 0.0170763 0.000937713 3.47869e-06 3.48364e-05 0.00820706 0 12.54306507110596 13.65434646606445 25.44252586364746
0.999496 1.00166 0.64355 0.0682598 0.0512093 0.0170505 0.000850214 3.18764e-06 3.68236e-05 0.00755793 0 12.54334163665771 13.65980529785156 25.60463333129883
0.999459 1.00167 0.643596 0.0680321 0.0510103 0.0170218 0.000937399 3.67564e-06 3.75054e-05 0.0073965 0 12.54287338256836 13.66609859466553 25.50513648986816
0.99949 1.0016 0.643522 0.0680119 0.0510218 0.0169901 0.000917612 3.25972e-06 3.4539e-05 0.00714684 0 12.54328060150146 13.67279148101807 25.51093482971191
0.999429 1.00166 0.643619 0.067868 0.0509074 0.0169606 0.000847512 4.08636e-06 3.71225e-05 0.00736894 0 12.54251098632812 13.67934608459473 25.45371055603027
0.999451 1.00165 0.64359 0.0678046 0.0508777 0.0169269 0.00083563 3.78626e-06 3.65695e-05 0.00727075 0 12.54277324676514 13.68652439117432 25.43882942199707
0.999459 1.00167 0.643591 0.0681832 0.05129 0.0168932 0.000898658 3.67385e-06 3.72125e-05 0.00671527 0 12.54287338256836 13.69372081756592 25.64498519897461
0.999493 1.00165 0.643548 0.068493 0.051632 0.0168611 0.000821853 3.23146e-06 3.64922e-05 0.0061148 0 12.54329395294189 13.70057392120361 25.81595230102539
0.99945 1.00165 0.643589 0.0680278 0.051199 0.0168288 0.000907571 3.79569e-06 3.64273e-05 0.00682423 0 12.54277801513672 13.70766544342041 25.59954071044922
0.999463 1.00166 0.643582 0.0679509 0.0511538 0.0167971 0.000948213 3.61519e-06 3.68553e-05 0.00663102 0 12.54294395446777 13.71446895599365 25.57687377929688
0.999448 1.00166 0.643597 0.0681835 0.0514188 0.0167647 0.00081876 3.82221e-06 3.68658e-05 0.00648922 0 12.54273986816406 13.72152233123779 25.70941925048828
0.999429 1.00167 0.643623 0.0677725 0.0510394 0.0167332 0.000758244 4.09369e-06 3.74268e-05 0.00722988 0 12.54249477386475 13.72841548919678 25.51969337463379
0.999472 1.00168 0.643586 0.0682082 0.0515098 0.0166983 0.000778164 3.49427e-06 3.77745e-05 0.00690617 0 12.54305553436279 13.73578834533691 25.75488471984863
0.999417 1.00163 0.643606 0.0675151 0.0508451 0.01667 0.000811331 4.26546e-06 3.54436e-05 0.00769846 0 12.54234504699707 13.74214935302734 25.42258644104004
0.999432 1.00167 0.643621 0.0681983 0.0515618 0.0166365 0.000767965 4.04991e-06 3.74344e-05 0.00659637 0 12.54253768920898 13.74933433532715 25.78091812133789
0.999456 1.00164 0.643579 0.0682627 0.0516631 0.0165996 0.000872916 3.71755e-06 3.61444e-05 0.00676777 0 12.54284572601318 13.75728034973145 25.83156776428223
0.999437 1.00169 0.643626 0.0683005 0.0517319 0.0165685 0.000843438 3.97697e-06 3.81602e-05 0.00665044 0 12.54260921478271 13.76409721374512 25.8659839630127
0.999416 1.00168 0.643643 0.0680891 0.0515532 0.0165358 0.000846681 4.27576e-06 3.79283e-05 0.00690043 0 12.54237174987793 13.77130031585693 25.77661895751953
0.999411 1.00165 0.643628 0.0677323 0.0512312 0.0165011 0.000859338 4.34984e-06 3.65709e-05 0.00792 0 12.54229259490967 13.77886295318604 25.61561584472656
0.999418 1.00167 0.643631 0.0679034 0.0514368 0.0164666 0.000873262 4.24815e-06 3.72169e-05 0.00709012 0 12.54236507415771 13.78637409210205 25.71838188171387
0.999389 1.00166 0.643654 0.0676515 0.051222 0.0164295 0.000834102 4.67771e-06 3.69059e-05 0.00783624 0 12.54200172424316 13.79456901550293 25.61102867126465
0.999402 1.00166 0.643645 0.0681403 0.0517459 0.0163944 0.000974264 4.48313e-06 3.71671e-05 0.00679716 0 12.54217624664307 13.80221271514893 25.87295532226562
0.999413 1.00166 0.643634 0.0678315 0.0514708 0.0163607 0.000799579 4.31703e-06 3.71109e-05 0.00698299 0 12.54230499267578 13.80951976776123 25.73537826538086
0.999375 1.00167 0.643674 0.0676897 0.0513669 0.0163227 0.000849051 4.9043e-06 3.73214e-05 0.00694385 0 12.54183197021484 13.81799221038818 25.68346786499023
0.999381 1.00167 0.64367 0.0674797 0.0511951 0.0162846 0.000848757 4.80805e-06 3.74413e-05 0.00716551 0 12.54191493988037 13.8263463973999 25.59756851196289
