5.6193840503692627e-01 -9.5470654964447021e-01 1.0755676031112671e-01
-1.0252375602722168e+00 3.0772989988327026e-01 -2.3054942488670349e-01
-3.7870803475379944e-01 -5.8367663621902466e-01 5.9817045927047729e-01
-6.6649943590164185e-01 4.1709190607070923e-01 5.4970049858093262e-01
1.6698661446571350e-01 -7.4928265810012817e-01 5.6084328889846802e-01
-8.1290346384048462e-01 1.6898620128631592e-01 5.2162766456604004e-01
-1.0236320495605469e+00 1.7664146423339844e-01 -2.9575923085212708e-01
2.1671649813652039e-01 -2.5344812870025635e-01 6.9936293363571167e-01
-6.4123672246932983e-01 -6.2709349393844604e-01 4.6880966424942017e-01
-2.3572815954685211e-01 -1.3401448726654053e-02 7.1089291572570801e-01
8.1484806537628174e-01 -7.0430976152420044e-01 -2.1552714705467224e-01
-9.4864182174205780e-02 2.4559432268142700e-01 7.0823192596435547e-01
4.6097379922866821e-01 9.4358837604522705e-01 2.7443450689315796e-01
3.0725833773612976e-01 -1.0392582416534424e+00 -1.9676235318183899e-01
-1.3033428788185120e-01 9.4882118701934814e-01 4.0836438536643982e-01
3.5340717434883118e-01 -2.7806749939918518e-01 6.7876803874969482e-01
1.1097981929779053e+00 -7.5020879507064819e-02 8.2527197897434235e-02
-1.0107929706573486e+00 1.6044521331787109e-01 3.2197922468185425e-01
1.9797147810459137e-01 5.1013183593750000e-01 6.5393227338790894e-01
2.9335016012191772e-01 -1.3363569974899292e-01 7.0099663734436035e-01
-1.1859607696533203e-01 -3.7851911783218384e-01 6.8904942274093628e-01
3.9545479416847229e-01 7.1740800142288208e-01 -5.2880108356475830e-01
4.6494135260581970e-01 -9.7325611114501953e-01 2.1103358268737793e-01
3.2960653305053711e-01 -9.8228037357330322e-01 2.9993203282356262e-01
8.0722731351852417e-01 6.5274661779403687e-01 2.9712337255477905e-01
-1.0788316726684570e+00 1.3997788727283478e-01 1.8648284673690796e-01
3.8761857151985168e-01 -4.6436303853988647e-01 -6.3502991199493408e-01
5.3531175851821899e-01 -1.9669423997402191e-01 -6.4687085151672363e-01
-2.1531137824058533e-01 1.0134570598602295e+00 3.0022883415222168e-01
5.1956009864807129e-01 -4.2593413591384888e-01 -6.0852193832397461e-01
1.2833587825298309e-01 1.0274224281311035e+00 3.0135440826416016e-01
4.4538700580596924e-01 1.2230189144611359e-01 6.7616325616836548e-01
-8.2889541983604431e-02 -4.3547153472900391e-03 7.2017085552215576e-01
-6.7722648382186890e-01 -7.6058006286621094e-01 -3.2916405797004700e-01
-5.2733761072158813e-01 -8.4986555576324463e-01 -3.5555070638656616e-01
8.1888705492019653e-01 3.7874794006347656e-01 4.6436709165573120e-01
-5.3486472368240356e-01 -8.4779989719390869e-01 3.5269886255264282e-01
-3.9878648519515991e-01 -8.4288394451141357e-01 4.3534070253372192e-01
-5.2503591775894165e-01 -6.1273801326751709e-01 5.3705489635467529e-01
9.7994405031204224e-01 -4.7208407521247864e-01 1.8383857607841492e-01
-3.9545276761054993e-01 -7.1741551160812378e-01 5.2879846096038818e-01
-5.8021724224090576e-02 -5.1559787988662720e-01 -6.6210395097732544e-01
1.1100945472717285e+00 -1.1906355619430542e-01 -4.4964551925659180e-02
-6.2948501110076904e-01 -6.1345505714416504e-01 -4.8360991477966309e-01
-2.8946739435195923e-01 -1.5764483809471130e-01 6.9998919963836670e-01
-4.6528312563896179e-01 -3.3529379963874817e-01 6.4579617977142334e-01
8.3972704410552979e-01 3.7322756648063660e-01 -4.4841378927230835e-01
-8.2543420791625977e-01 -5.2230203151702881e-01 -3.8630494475364685e-01
-3.5744126886129379e-02 9.2679250240325928e-01 -4.3995964527130127e-01
2.4942179024219513e-01 -2.3790879547595978e-01 -6.9792693853378296e-01
3.5848578810691833e-01 -8.1606030464172363e-01 -4.7364920377731323e-01
7.0687383413314819e-04 -1.1706256866455078e-01 7.1883165836334229e-01
-4.4538545608520508e-01 -1.2231111526489258e-01 -6.7616349458694458e-01
-8.6663484573364258e-01 4.3326401710510254e-01 -3.9469090104103088e-01
-8.6188220977783203e-01 3.0305963754653931e-01 -4.5349156856536865e-01
7.5584626197814941e-01 -8.0928242206573486e-01 -1.1037594079971313e-01
-4.6494036912918091e-01 9.7325372695922852e-01 -2.1103739738464355e-01
3.7875719368457794e-02 -8.5746866464614868e-01 -5.0057977437973022e-01
-4.6098434925079346e-01 -9.4358623027801514e-01 -2.7443012595176697e-01
5.0974452495574951e-01 2.3934789001941681e-01 6.4911282062530518e-01
-2.1834324300289154e-01 -9.3789529800415039e-01 -4.0233048796653748e-01
4.4716961681842804e-02 1.0794942378997803e+00 2.0553576946258545e-01
-3.7100115418434143e-01 -1.0288857221603394e+00 -1.6591462492942810e-01
1.1101843416690826e-01 7.6084911823272705e-01 -5.6011509895324707e-01
2.8236600756645203e-01 3.7434971332550049e-01 6.7446082830429077e-01
-5.0974279642105103e-01 -2.3935788869857788e-01 -6.4911234378814697e-01
-6.6302269697189331e-01 2.5799214839935303e-02 -6.1285698413848877e-01
-9.5405429601669312e-01 2.8573927283287048e-01 -3.6078047752380371e-01
-8.3695030212402344e-01 1.6661992669105530e-01 -5.0467103719711304e-01
-6.6830450296401978e-01 8.9601385593414307e-01 -1.8044412136077881e-03
-8.9292663335800171e-01 -2.5228592753410339e-01 -4.4030639529228210e-01
1.0255573987960815e+00 -3.0454665422439575e-01 -2.3385885357856750e-01
9.0296918153762817e-01 -6.5552467107772827e-01 4.8546016216278076e-02
-1.0016653537750244e+00 3.7278652191162109e-02 -3.5315454006195068e-01
-7.8981584310531616e-01 -2.3453158140182495e-01 -5.2603596448898315e-01
-8.1184154748916626e-01 7.3639088869094849e-01 -1.5837949514389038e-01
1.0788362026214600e+00 -1.3994991779327393e-01 -1.8648014962673187e-01
-4.0367445349693298e-01 4.1821753978729248e-01 -6.4326703548431396e-01
6.7721402645111084e-01 7.6058614253997803e-01 3.2916975021362305e-01
9.0607959032058716e-01 -6.0784971714019775e-01 1.7454993724822998e-01
5.2503758668899536e-01 6.1272871494293213e-01 -5.3705805540084839e-01
4.6184495091438293e-01 -8.5180103778839111e-02 -6.7439615726470947e-01
5.1850217580795288e-01 6.1783879995346069e-02 -6.6114902496337891e-01
2.1833877265453339e-01 9.3789249658584595e-01 4.0233418345451355e-01
1.1009460687637329e+00 1.6580201685428619e-01 -7.4835613369941711e-02
-8.3300447463989258e-01 -5.0341701507568359e-01 3.8937279582023621e-01
-7.2931933403015137e-01 -3.7111783027648926e-01 5.2955621480941772e-01
-7.4279648065567017e-01 5.5524170398712158e-02 5.7412576675415039e-01
9.7156977653503418e-01 5.1577448844909668e-01 1.4449577033519745e-01
-4.6184694766998291e-01 8.5170418024063110e-02 6.7439574003219604e-01
-1.1332549899816513e-01 -6.4131641387939453e-01 6.1748057603836060e-01
5.7070106267929077e-01 3.5877311229705811e-01 6.0791939496994019e-01
-6.3473325967788696e-01 -9.0139031410217285e-01 1.3329759240150452e-01
1.5877300500869751e-01 -6.2999713420867920e-01 6.1811864376068115e-01
-7.4740469455718994e-02 -2.1195709705352783e-03 -7.2040820121765137e-01
1.0870932042598724e-01 8.8758945465087891e-01 -4.7101527452468872e-01
-8.4612630307674408e-02 2.2302138805389404e-01 -7.1041864156723022e-01
-7.5583100318908691e-01 8.0929565429687500e-01 1.1037907004356384e-01
-6.1090177297592163e-01 9.1552102565765381e-01 1.4074170589447021e-01
-4.5589706301689148e-01 9.9513018131256104e-01 1.6308286786079407e-01
-5.7039886713027954e-01 -2.1462106704711914e-01 6.3374954462051392e-01
-1.3521960377693176e-01 1.0721619129180908e+00 2.0492535829544067e-01
-3.6022278666496277e-01 -2.3790307343006134e-01 -6.8258130550384521e-01
-1.5877361595630646e-01 6.2999290227890015e-01 -6.1811923980712891e-01
-9.7993469238281250e-01 4.7210165858268738e-01 -1.8384140729904175e-01
8.3695143461227417e-01 -1.6663131117820740e-01 5.0466829538345337e-01
1.1536837369203568e-01 5.0992941856384277e-01 -6.6069102287292480e-01
-4.8366504907608032e-01 2.9605543613433838e-01 -6.4785301685333252e-01
6.5700089931488037e-01 2.3847383260726929e-01 5.9701240062713623e-01
-6.4784860610961914e-01 6.8592429161071777e-01 4.2366024851799011e-01
9.1733759641647339e-01 6.3255268335342407e-01 6.5343141555786133e-02
-1.0221403837203979e-01 -1.0941112041473389e+00 1.4387258887290955e-01
-5.9924471378326416e-01 8.0406534671783447e-01 3.5196408629417419e-01
-3.4104219079017639e-01 -4.9393525719642639e-01 -6.3664591312408447e-01
-2.4942287802696228e-01 2.3790115118026733e-01 6.9792711734771729e-01
-4.4702920317649841e-01 6.8240863084793091e-01 -5.3111147880554199e-01
-1.7611475288867950e-01 8.7574589252471924e-01 -4.7185122966766357e-01
-4.5933371782302856e-01 9.0935456752777100e-01 -3.2863283157348633e-01
1.4148835837841034e-01 -3.6774381995201111e-01 6.8952733278274536e-01
-3.1979119777679443e-01 3.4986472129821777e-01 6.7328524589538574e-01
3.7457391619682312e-01 -1.0491743087768555e+00 -6.3868612051010132e-02
3.9878880977630615e-01 8.4287714958190918e-01 -4.3534433841705322e-01
-8.4671407938003540e-01 -7.2738695144653320e-01 4.2440652847290039e-02
-7.5055074691772461e-01 -8.0072206258773804e-01 1.5299764275550842e-01
-6.8562906980514526e-01 -8.6826181411743164e-01 -1.1536830663681030e-01
4.8366612195968628e-01 -2.9606425762176514e-01 6.4785134792327881e-01
8.6188334226608276e-01 -3.0306947231292725e-01 4.5348727703094482e-01
1.0016658306121826e+00 -3.7273257970809937e-02 3.5315382480621338e-01
5.8021746575832367e-02 5.1559060811996460e-01 6.6210544109344482e-01
-3.3719465136528015e-01 -3.0661612749099731e-01 6.7743182182312012e-01
1.0236349105834961e+00 -1.7662981152534485e-01 2.9575756192207336e-01
5.3983151912689209e-01 -9.0283817052841187e-01 -2.7111187577247620e-01
-4.8300683498382568e-01 -6.9952297210693359e-01 -5.0632721185684204e-01
3.9049756526947021e-01 6.0621142387390137e-01 5.8557832241058350e-01
7.5175184011459351e-01 7.6829087734222412e-01 2.2083058953285217e-01
-8.7022447586059570e-01 4.5313757658004761e-01 3.8099792599678040e-01
6.2077796459197998e-01 4.9538534879684448e-01 -5.4517084360122681e-01
2.8252762556076050e-01 -1.0793275833129883e+00 4.2187690734863281e-02
1.9009442627429962e-01 -1.0820616483688354e+00 1.4488047361373901e-01
1.1014009714126587e+00 2.4653397500514984e-02 -1.3832916319370270e-01
-6.0540169477462769e-01 3.1085723638534546e-01 6.0511028766632080e-01
-5.9257668256759644e-01 -9.4774162769317627e-01 -2.6012659072875977e-03
-5.3219628334045410e-01 -9.6222800016403198e-01 -1.4467686414718628e-01
-3.0725106596946716e-01 1.0392591953277588e+00 1.9676357507705688e-01
8.5294175148010254e-01 -3.1050351262092590e-01 -4.5944070816040039e-01
-9.4018870592117310e-01 -5.5109202861785889e-01 1.7726454138755798e-01
6.6384345293045044e-02 2.5216561555862427e-01 7.0849508047103882e-01
-1.1009514331817627e+00 -1.6576573252677917e-01 7.4836336076259613e-02
6.0539960861206055e-01 -3.1086766719818115e-01 -6.0510921478271484e-01
-7.0252311229705811e-01 6.9224047660827637e-01 -3.7427198886871338e-01
9.6692150831222534e-01 -5.5529803037643433e-01 -5.8778017759323120e-02
-1.0870802402496338e-01 -8.8759398460388184e-01 4.7101345658302307e-01
-8.0724066495895386e-01 -6.5273571014404297e-01 -2.9711723327636719e-01
5.4448962211608887e-01 -6.5784204006195068e-01 -5.0344085693359375e-01
9.0417593717575073e-01 -2.2308170795440674e-02 4.6257463097572327e-01
6.2352633476257324e-01 4.6958661079406738e-01 5.5310738086700439e-01
1.0221427679061890e-01 1.0941085815429688e+00 -1.4387723803520203e-01
6.3765841722488403e-01 8.4627205133438110e-01 -2.5574988126754761e-01
1.4945848286151886e-01 -4.9893504381179810e-01 6.6123849153518677e-01
9.9977499246597290e-01 1.1947591602802277e-01 -3.4674268960952759e-01
1.1952546983957291e-01 -7.4477499723434448e-01 -5.6859719753265381e-01
2.8658074140548706e-01 1.0762451887130737e+00 6.6167920827865601e-02
7.0496785640716553e-01 -8.4622609615325928e-01 1.3792863488197327e-01
-1.0659544169902802e-01 -9.7773075103759766e-01 3.7718659639358521e-01
8.4612943232059479e-02 -2.2302633523941040e-01 7.1041810512542725e-01
1.8243770301342010e-01 -9.6573591232299805e-01 3.7809979915618896e-01
2.3572714626789093e-01 1.3394743204116821e-02 -7.1089339256286621e-01
-6.5283238887786865e-01 4.4266968965530396e-01 -5.4857742786407471e-01
-9.7158420085906982e-01 -5.1574993133544922e-01 -1.4449071884155273e-01
2.4643713235855103e-01 -4.9212190508842468e-01 -6.5299654006958008e-01
2.6348027586936951e-01 -7.2733116149902344e-01 -5.5756902694702148e-01
3.1978958845138550e-01 -3.4987348318099976e-01 -6.7328447103500366e-01
1.8678417801856995e-01 -1.0375244617462158e+00 2.6535788178443909e-01
-7.4114829301834106e-01 7.0281988382339478e-01 3.2457846403121948e-01
-2.1892410516738892e-01 -1.0607118606567383e+00 -1.9855058193206787e-01
6.6831552982330322e-01 -8.9600616693496704e-01 1.8041133880615234e-03
-4.7802306711673737e-02 -9.5604169368743896e-01 -4.0890845656394958e-01
-4.8290526866912842e-01 -9.9770784378051758e-01 1.0393005609512329e-01
-1.9689519703388214e-01 -7.4595355987548828e-01 -5.5877029895782471e-01
4.2888784408569336e-01 -1.0264818668365479e+00 7.7089399099349976e-02
5.9256714582443237e-01 9.4774699211120605e-01 2.6005804538726807e-03
4.7584402561187744e-01 4.6637800335884094e-01 6.1088198423385620e-01
-4.6006780117750168e-02 1.1076222658157349e+00 9.9605083465576172e-02
4.0912330150604248e-01 -6.9732517004013062e-01 -5.3576588630676270e-01
4.4550690054893494e-01 -5.7232558727264404e-01 -5.8349025249481201e-01
-8.8448154926300049e-01 5.5038732290267944e-01 -2.8942561149597168e-01
3.6022403836250305e-01 2.3789441585540771e-01 6.8258160352706909e-01
-6.3243967294692993e-01 3.0821585655212402e-01 -5.9485501050949097e-01
2.1531702578067780e-01 -1.0134576559066772e+00 -3.0022692680358887e-01
-1.2833946943283081e-01 -1.0274236202239990e+00 -3.0135267972946167e-01
5.8454293012619019e-01 7.3600196838378906e-01 4.2740219831466675e-01
8.2542639970779419e-01 5.2230644226074219e-01 3.8631010055541992e-01
7.4279445409774780e-01 -5.5535644292831421e-02 -5.7412666082382202e-01
4.5000143349170685e-02 1.1157822608947754e+00 -4.0166378021240234e-03
-5.1956188678741455e-01 4.2592406272888184e-01 6.0852384567260742e-01
1.0419257879257202e+00 -4.0475690364837646e-01 -1.4498129487037659e-02
6.3472849130630493e-01 9.0139210224151611e-01 -1.3330045342445374e-01
-4.4550666213035583e-01 5.7231736183166504e-01 5.8349329233169556e-01
5.1929999142885208e-02 7.5169783830642700e-01 5.6904023885726929e-01
-3.8641804456710815e-01 2.0743110775947571e-01 6.8117040395736694e-01
1.0094852447509766e+00 2.6023063063621521e-01 -2.8905618190765381e-01
7.9473203420639038e-01 -5.6621217727661133e-01 3.8699847459793091e-01
-5.1397800445556641e-01 1.9373297691345215e-02 -6.6326731443405151e-01
1.0049756765365601e+00 4.8875737190246582e-01 2.1649137139320374e-02
-2.9334908723831177e-01 1.3362911343574524e-01 -7.0099741220474243e-01
1.5368610620498657e-02 -4.6561396121978760e-01 6.7490184307098389e-01
3.8675931096076965e-01 9.4439244270324707e-01 -3.2588246464729309e-01
9.0367114543914795e-01 5.2814990282058716e-01 2.8170961141586304e-01
8.1184893846511841e-01 -7.3638391494750977e-01 1.5837720036506653e-01
8.9292514324188232e-01 2.5228244066238403e-01 4.4030860066413879e-01
1.1332555860280991e-01 6.4131247997283936e-01 -6.1748111248016357e-01
1.7611302435398102e-01 -8.7575078010559082e-01 4.7184932231903076e-01
-2.8236493468284607e-01 -3.7435793876647949e-01 -6.7445993423461914e-01
-5.1850432157516479e-01 -6.1793863773345947e-02 6.6114789247512817e-01
-4.7584265470504761e-01 -4.6638751029968262e-01 -6.1087983846664429e-01
9.4017881155014038e-01 5.5110698938369751e-01 -1.7726776003837585e-01
6.6302448511123657e-01 -2.5810956954956055e-02 6.1285579204559326e-01
-6.1208838224411011e-01 -3.5964870452880859e-01 5.9177875518798828e-01
6.1208724975585938e-01 3.5963743925094604e-01 -5.9178191423416138e-01
7.9729872941970825e-01 1.0076680779457092e-01 -5.3960698843002319e-01
1.0107960700988770e+00 -1.6043421626091003e-01 -3.2197713851928711e-01
-2.4643839895725250e-01 4.9211370944976807e-01 6.5299820899963379e-01
-3.4463840723037720e-01 -7.2785258293151855e-01 -5.3779715299606323e-01
-6.5699928998947144e-01 -2.3848450183868408e-01 -5.9701174497604370e-01
-2.1671572327613831e-01 2.5344261527061462e-01 -6.9936364889144897e-01
7.7274489402770996e-01 -4.4111913442611694e-01 -4.7499337792396545e-01
6.4785671234130859e-01 -6.8592369556427002e-01 -4.2365479469299316e-01
7.0194095373153687e-01 -7.9095810651779175e-01 2.6023030281066895e-01
-2.9880177974700928e-01 9.1692698001861572e-01 4.0073779225349426e-01
6.8334919214248657e-01 -5.6008338928222656e-01 -4.7982338070869446e-01
9.1616660356521606e-01 -1.7827600240707397e-01 -4.3485757708549500e-01
-1.0732010602951050e+00 5.5462077260017395e-02 -2.2222506999969482e-01
-1.1097959280014038e+00 7.5058087706565857e-02 -8.2526080310344696e-02
4.1852438449859619e-01 -5.5057394504547119e-01 6.0011857748031616e-01
-1.1101786792278290e-01 -7.6085329055786133e-01 5.6011420488357544e-01
-1.1536876112222672e-01 -5.0993341207504272e-01 6.6069054603576660e-01
-6.8334448337554932e-01 5.6008088588714600e-01 4.7982767224311829e-01
-1.0679185390472412e+00 -1.4335523545742035e-01 2.1497538685798645e-01
1.3630676269531250e-01 -1.1083452701568604e+00 4.6465992927551270e-03
1.6125762462615967e-01 -1.0607919096946716e-01 -7.1449679136276245e-01
7.4740603566169739e-02 2.1138489246368408e-03 7.2040784358978271e-01
-1.0094892978668213e+00 -2.6022011041641235e-01 2.8905361890792847e-01
-1.0255489349365234e+00 3.0456846952438354e-01 2.3386332392692566e-01
5.7850998640060425e-01 -1.6726924479007721e-01 6.3632059097290039e-01
1.0252437591552734e+00 -3.0771219730377197e-01 2.3054733872413635e-01
8.3300340175628662e-01 5.0340902805328369e-01 -3.8937878608703613e-01
-8.5293996334075928e-01 3.1050017476081848e-01 4.5944318175315857e-01
6.2948018312454224e-01 6.1345171928405762e-01 4.8361456394195557e-01
9.7136354446411133e-01 -1.7852991819381714e-02 -3.9304313063621521e-01
4.8300307989120483e-01 6.9951748847961426e-01 5.0633198022842407e-01
1.0612256526947021e+00 2.2770115733146667e-01 1.9378583133220673e-01
-3.8762024044990540e-01 4.6435362100601196e-01 6.3503175973892212e-01
-5.4448580741882324e-01 6.5783691406250000e-01 5.0344550609588623e-01
8.1290227174758911e-01 -1.6899578273296356e-01 -5.2162724733352661e-01
-5.3531390428543091e-01 1.9668364524841309e-01 6.4687097072601318e-01
-3.4406757354736328e-01 -1.0582692623138428e+00 7.4399083852767944e-02
5.1397985219955444e-01 -1.9383013248443604e-02 6.6326642036437988e-01
-2.8658506274223328e-01 -1.0762448310852051e+00 -6.6169321537017822e-02
-9.9977660179138184e-01 -1.1947104334831238e-01 3.4674096107482910e-01
3.8641634583473206e-01 -2.0744031667709351e-01 -6.8117028474807739e-01
7.2866719961166382e-01 1.1580419540405273e-01 5.7786786556243896e-01
-3.7456691265106201e-01 1.0491759777069092e+00 6.3867598772048950e-02
-9.1735279560089111e-01 -6.3253134489059448e-01 -6.5339595079421997e-02
-1.6125826537609100e-01 1.0607272386550903e-01 7.1449655294418335e-01
1.4385020732879639e-01 1.1855322122573853e-01 7.1497476100921631e-01
9.5405739545822144e-01 -2.8573799133300781e-01 3.6077675223350525e-01
-2.2111067175865173e-01 -2.5708812475204468e-01 -6.9874441623687744e-01
5.9858435392379761e-01 -8.0087161064147949e-01 3.5632926225662231e-01
5.6730335950851440e-01 -5.6743502616882324e-01 5.4001420736312866e-01
4.6174335479736328e-01 -8.0716884136199951e-01 4.3794566392898560e-01
-3.1260997056961060e-01 7.8868401050567627e-01 -5.0803101062774658e-01
4.4702714681625366e-01 -6.8241661787033081e-01 5.3110873699188232e-01
-3.7015587091445923e-01 -4.6582639217376709e-02 6.9336247444152832e-01
1.0978294610977173e+00 6.5615177154541016e-02 1.4591339230537415e-01
1.9737077876925468e-02 -3.8622763752937317e-01 -6.9117957353591919e-01
9.4863653182983398e-02 -2.4560089409351349e-01 -7.0823180675506592e-01
6.3244068622589111e-01 -3.0822724103927612e-01 5.9485226869583130e-01
7.9613888263702393e-01 -3.5309806466102600e-02 5.4389029741287231e-01
2.9880735278129578e-01 -9.1692912578582764e-01 -4.0073397755622864e-01
4.2734220623970032e-02 -1.0694178342819214e+00 2.2902670502662659e-01
2.2785516083240509e-01 5.6221187114715576e-03 7.1163964271545410e-01
7.5021564960479736e-01 6.3005596399307251e-01 -3.8214913010597229e-01
1.9689397513866425e-01 7.4594706296920776e-01 5.5877381563186646e-01
7.4116122722625732e-01 -7.0281147956848145e-01 -3.2457280158996582e-01
-1.0959478616714478e+00 -2.0956757664680481e-01 -5.2658930420875549e-02
-1.5368800610303879e-02 4.6561005711555481e-01 -6.7490220069885254e-01
-7.7274191379547119e-01 4.4111618399620056e-01 4.7499677538871765e-01
-4.4717825949192047e-02 -1.0794949531555176e+00 -2.0553630590438843e-01
1.7056143283843994e-01 -6.2452661991119385e-01 -6.1925572156906128e-01
3.7870886921882629e-01 5.8366942405700684e-01 -5.9817224740982056e-01
-9.3194627761840820e-01 -3.6340969800949097e-01 3.5475659370422363e-01
-7.0193868875503540e-01 7.9095667600631714e-01 -2.6023456454277039e-01
-7.9613769054412842e-01 3.5297855734825134e-02 -5.4389160871505737e-01
-1.0978318452835083e+00 -6.5583154559135437e-02 -1.4591196179389954e-01
-9.6152865886688232e-01 -9.7110360860824585e-02 -3.9905691146850586e-01
-7.0496171712875366e-01 8.4622985124588013e-01 -1.3793116807937622e-01
-9.0417504310607910e-01 2.2301197052001953e-02 -4.6257585287094116e-01
-6.2352645397186279e-01 -4.6959477663040161e-01 -5.5310451984405518e-01
1.0459934473037720e+00 -3.6143827438354492e-01 1.1309947073459625e-01
1.0909056663513184e+00 -2.4033653736114502e-01 3.3928193151950836e-02
8.1570398807525635e-01 7.5614356994628906e-01 8.0905824899673462e-02
3.7015420198440552e-01 4.6574622392654419e-02 -6.9336324930191040e-01
-1.9349290430545807e-01 -1.0988831520080566e+00 4.0527522563934326e-02
9.9946373701095581e-01 3.9100700616836548e-01 -2.2370846569538116e-01
1.0142225027084351e+00 4.4611307978630066e-01 -1.0595476627349854e-01
1.0679153203964233e+00 1.4337772130966187e-01 -2.1497586369514465e-01
2.5013965368270874e-01 5.5096960067749023e-01 -6.3503056764602661e-01
1.0679054260253906e+00 3.2897868752479553e-01 -2.6389196515083313e-02
-5.7850831747055054e-01 1.6725865006446838e-01 -6.3632231950759888e-01
9.0514987707138062e-01 9.6611574292182922e-02 -4.5722711086273193e-01
-8.1571900844573975e-01 -7.5612831115722656e-01 -8.0901861190795898e-02
6.5283185243606567e-01 -4.4268119335174561e-01 5.4857397079467773e-01
-1.9797094166278839e-01 -5.1013952493667603e-01 -6.5393060445785522e-01
3.4104326367378235e-01 4.9392652511596680e-01 6.3664788007736206e-01
2.6179540902376175e-02 -7.1494191884994507e-01 5.8874154090881348e-01
-3.9049825072288513e-01 -6.0621929168701172e-01 -5.8557516336441040e-01
-6.3765931129455566e-01 -8.4627491235733032e-01 2.5574541091918945e-01
7.5081491470336914e-01 -3.1001216173171997e-01 5.3359925746917725e-01
4.7800984233617783e-02 9.5603835582733154e-01 4.0891173481941223e-01
-9.7136396169662476e-01 1.7853423953056335e-02 3.9304241538047791e-01
-9.6690708398818970e-01 5.5532258749008179e-01 5.8781683444976807e-02
-3.6465781927108765e-01 1.6397595405578613e-02 -6.9467747211456299e-01
-4.2888310551643372e-01 1.0264823436737061e+00 -7.7092349529266357e-02
-4.0912109613418579e-01 6.9731879234313965e-01 5.3577005863189697e-01
3.7099346518516541e-01 1.0288872718811035e+00 1.6591608524322510e-01
3.7534052133560181e-01 4.5050725340843201e-01 -6.4155542850494385e-01
5.7039684057235718e-01 2.1461039781570435e-01 -6.3375163078308105e-01
4.8290202021598816e-01 9.9770772457122803e-01 -1.0393321514129639e-01
6.6608989238739014e-01 8.0403178930282593e-02 -6.0970520973205566e-01
-1.6698777675628662e-01 7.4927812814712524e-01 -5.6084424257278442e-01
-1.0743641853332520e-01 5.0888597965240479e-01 6.6176861524581909e-01
8.7023180723190308e-01 -4.5313164591789246e-01 -3.8099324703216553e-01
-4.1852536797523499e-01 5.5056613683700562e-01 -6.0012042522430420e-01
8.6164450645446777e-01 -5.8463877439498901e-01 -2.9163146018981934e-01
8.8448643684387207e-01 -5.5038446187973022e-01 2.8942102193832397e-01
-5.7069945335388184e-01 -3.5878306627273560e-01 -6.0791808366775513e-01
-1.0612325668334961e+00 -2.2767427563667297e-01 -1.9378255307674408e-01
-1.0419136285781860e+00 4.0478843450546265e-01 1.4500945806503296e-02
-9.1616582870483398e-01 1.7827275395393372e-01 4.3485888838768005e-01
-9.9003446102142334e-01 -2.4237044155597687e-01 -3.2846879959106445e-01
-8.1888937950134277e-01 -3.7875175476074219e-01 -4.6436393260955811e-01
-4.6174526214599609e-01 8.0716204643249512e-01 -4.3794932961463928e-01
-1.1952535063028336e-01 7.4476838111877441e-01 5.6860053539276123e-01
-1.8243911862373352e-01 9.6573126316070557e-01 -3.7810289859771729e-01
4.5590704679489136e-01 -9.9512672424316406e-01 -1.6308110952377319e-01
2.5110980868339539e-01 1.0063183307647705e+00 -2.9802313446998596e-01
3.6465921998023987e-01 -1.6405344009399414e-02 6.9467675685882568e-01
1.0383293777704239e-01 1.0495444536209106e+00 -2.6439180970191956e-01
-5.8455079793930054e-01 -7.3600274324417114e-01 -4.2739665508270264e-01
-7.4093475937843323e-02 -2.2958061099052429e-01 7.1016049385070801e-01
-1.0679156780242920e+00 -3.2894459366798401e-01 2.6390895247459412e-02
-1.4384993910789490e-01 -1.1855947971343994e-01 -7.1497499942779541e-01
2.0315131545066833e-01 2.7079272270202637e-01 -6.9863057136535645e-01
-1.0142338275909424e+00 -4.4608715176582336e-01 1.0595445334911346e-01
2.2111126780509949e-01 2.5708085298538208e-01 6.9874453544616699e-01
1.0732020139694214e+00 -5.5438779294490814e-02 2.2222536802291870e-01
-6.4769268035888672e-01 -7.4811196327209473e-01 3.6998817324638367e-01
-8.6163139343261719e-01 5.8465230464935303e-01 2.9163748025894165e-01
5.9925580024719238e-01 -8.0406212806701660e-01 -3.5195854306221008e-01
-3.6916407942771912e-01 -9.1421723365783691e-01 -3.7450858950614929e-01
-2.6347938179969788e-01 7.2732460498809814e-01 5.5757260322570801e-01
1.1199854314327240e-01 6.3595187664031982e-01 6.1991190910339355e-01
-3.7875585258007050e-02 8.5746330022811890e-01 5.0058352947235107e-01
-2.0315241813659668e-01 -2.7079817652702332e-01 6.9862985610961914e-01
-3.7534099817276001e-01 -4.5051425695419312e-01 6.4155393838882446e-01
-2.5013965368270874e-01 -5.5097484588623047e-01 6.3502955436706543e-01
6.4123827219009399e-01 6.2708336114883423e-01 -4.6881434321403503e-01
6.4769303798675537e-01 7.4810546636581421e-01 -3.6999326944351196e-01
3.6915698647499084e-01 9.1421568393707275e-01 3.7451335787773132e-01
-4.4696161150932312e-01 8.8108259439468384e-01 3.7194406986236572e-01
6.8155694007873535e-01 -1.8379761278629303e-01 -5.9373480081558228e-01
6.6649919748306274e-01 -4.1710028052330017e-01 -5.4969811439514160e-01
-9.9408066272735596e-01 -3.8721525669097900e-01 -2.4065360426902771e-01
-1.0049895048141479e+00 -4.8872882127761841e-01 -2.1646454930305481e-02
-9.9947100877761841e-01 -3.9099106192588806e-01 2.2370573878288269e-01
-1.3630461692810059e-01 1.1083443164825439e+00 -4.6497583389282227e-03
-3.8675749301910400e-01 -9.4439750909805298e-01 3.2587859034538269e-01
-5.9858417510986328e-01 8.0086660385131836e-01 -3.5633373260498047e-01
-2.8252375125885010e-01 1.0793272256851196e+00 -4.2191028594970703e-02
-5.6730496883392334e-01 5.6742548942565918e-01 -5.4001724720001221e-01
-2.5236579775810242e-01 -8.1218236684799194e-01 5.0643408298492432e-01
6.8496078252792358e-01 -5.7217603921890259e-01 4.7269928455352783e-01
7.2821897268295288e-01 5.0225347280502319e-01 4.7934821248054504e-01
1.0124145746231079e+00 -4.3450266122817993e-01 -1.3765127956867218e-01
4.4696986675262451e-01 -8.8108295202255249e-01 -3.7193921208381653e-01
7.0252376794815063e-01 -6.9224607944488525e-01 3.7426710128784180e-01
-6.6384293138980865e-02 -2.5217202305793762e-01 -7.0849496126174927e-01
8.3985733985900879e-01 6.2150424718856812e-01 -2.8372049331665039e-01
3.8581672310829163e-01 1.0083751678466797e+00 -2.0814606547355652e-01
8.5525274276733398e-01 6.8037188053131104e-01 -1.6850964725017548e-01
7.8981649875640869e-01 2.3452214896678925e-01 5.2603715658187866e-01
1.0743563622236252e-01 -5.0889331102371216e-01 -6.6176706552505493e-01
7.2931879758834839e-01 3.7110489606857300e-01 -5.2956056594848633e-01
8.2673102617263794e-01 2.3511682450771332e-01 -4.9996167421340942e-01
-6.6609203815460205e-01 -8.0415099859237671e-02 6.0970342159271240e-01
-7.5081419944763184e-01 3.0999925732612610e-01 -5.3360295295715332e-01
-4.2733795940876007e-02 1.0694143772125244e+00 -2.2903075814247131e-01
8.7593382596969604e-01 -6.8682932853698730e-01 -7.5018614530563354e-02
3.4406498074531555e-01 1.0582685470581055e+00 -7.4402421712875366e-02
-6.8155902624130249e-01 1.8378666043281555e-01 5.9373497962951660e-01
9.6152818202972412e-01 9.7110912203788757e-02 3.9905726909637451e-01
-1.8678416311740875e-01 1.0375206470489502e+00 -2.6536184549331665e-01
5.3218489885330200e-01 9.6223318576812744e-01 1.4467900991439819e-01
1.3033686578273773e-01 -9.4882428646087646e-01 -4.0836104750633240e-01
2.8946599364280701e-01 1.5763816237449646e-01 -6.9998997449874878e-01
3.5743810236454010e-02 -9.2679697275161743e-01 4.3995743989944458e-01
8.2889124751091003e-02 4.3489336967468262e-03 -7.2017133235931396e-01
7.4092902243137360e-02 2.2957566380500793e-01 -7.1016097068786621e-01
5.2732747793197632e-01 8.4986686706542969e-01 3.5555616021156311e-01
3.4463605284690857e-01 7.2784626483917236e-01 5.3780126571655273e-01
-7.2866547107696533e-01 -1.1581544578075409e-01 -5.7786810398101807e-01
-1.0383219271898270e-01 -1.0495483875274658e+00 2.6438763737678528e-01
-7.5176680088043213e-01 -7.6827931404113770e-01 -2.2082522511482239e-01
-6.8496179580688477e-01 5.7216608524322510e-01 -4.7270369529724121e-01
-8.5526138544082642e-01 -6.8036252260208130e-01 1.6850696504116058e-01
-7.9473072290420532e-01 5.6620597839355469e-01 -3.8700389862060547e-01
6.1091488599777222e-01 -9.1551333665847778e-01 -1.4073923230171204e-01
-1.9009262323379517e-01 1.0820593833923340e+00 -1.4488476514816284e-01
-2.6179870590567589e-02 7.1493828296661377e-01 -5.8874201774597168e-01
4.6008378267288208e-02 -1.1076228618621826e+00 -9.9607467651367188e-02
-4.4999327510595322e-02 -1.1157834529876709e+00 4.0132999420166016e-03
-3.5848152637481689e-01 8.1605625152587891e-01 4.7365364432334900e-01
2.8522172570228577e-01 8.4212625026702881e-01 4.7552153468132019e-01
-5.1930569112300873e-02 -7.5170439481735229e-01 -5.6903690099716187e-01
-2.8522557020187378e-01 -8.4213066101074219e-01 -4.7551715373992920e-01
7.5054413080215454e-01 8.0072677135467529e-01 -1.5300020575523376e-01
1.9349162280559540e-01 1.0988819599151611e+00 -4.0531218051910400e-02
6.8561470508575439e-01 8.6827212572097778e-01 1.1537119746208191e-01
1.3522323966026306e-01 -1.0721619129180908e+00 -2.0492574572563171e-01
-9.0515118837356567e-01 -9.6618771553039551e-02 4.5722496509552002e-01
-9.0368258953094482e-01 -5.2813708782196045e-01 -2.8170329332351685e-01
-8.7591874599456787e-01 6.8684780597686768e-01 7.5022757053375244e-02
2.1891953051090240e-01 1.0607116222381592e+00 1.9855153560638428e-01
-1.0124015808105469e+00 4.3453013896942139e-01 1.3765622675418854e-01
4.6528169512748718e-01 3.3528515696525574e-01 -6.4579796791076660e-01
-1.4148810505867004e-01 3.6773926019668579e-01 -6.8952786922454834e-01
-1.1100901365280151e+00 1.1910195648670197e-01 4.4966951012611389e-02
8.4670126438140869e-01 7.2740185260772705e-01 -4.2439818382263184e-02
5.3486561775207520e-01 8.4779405593872070e-01 -3.5270351171493530e-01
-1.7056186497211456e-01 6.2451922893524170e-01 6.1925816535949707e-01
1.0959407091140747e+00 2.0960468053817749e-01 5.2661348134279251e-02
-7.5021618604660034e-01 -6.3006323575973511e-01 3.8214337825775146e-01
-6.2077724933624268e-01 -4.9539673328399658e-01 5.4516708850860596e-01
-3.5340607166290283e-01 2.7806067466735840e-01 -6.7876911163330078e-01
8.6663645505905151e-01 -4.3327105045318604e-01 3.9468544721603394e-01
9.3194282054901123e-01 3.6340993642807007e-01 -3.5476115345954895e-01
-1.1199884116649628e-01 -6.3595908880233765e-01 -6.1990940570831299e-01
-2.2785444557666779e-01 -5.6285262107849121e-03 -7.1164011955261230e-01
-8.1483286619186401e-01 7.0432412624359131e-01 2.1553251147270203e-01
-5.3981935977935791e-01 9.0284240245819092e-01 2.7111640572547913e-01
-8.3986169099807739e-01 -6.2150317430496216e-01 2.8371551632881165e-01
4.5933294296264648e-01 -9.0935915708541870e-01 3.2862913608551025e-01
-1.1014013290405273e+00 -2.4621479213237762e-02 1.3833007216453552e-01
-1.0908977985382080e+00 2.4037277698516846e-01 -3.3926248550415039e-02
3.1260788440704346e-01 -7.8869020938873291e-01 5.0802886486053467e-01
-5.6193333864212036e-01 9.5470803976058960e-01 -1.0755956172943115e-01
-9.0295636653900146e-01 6.5554261207580566e-01 -4.8544943332672119e-02
-1.4945854246616364e-01 4.9893072247505188e-01 -6.6123896837234497e-01
-1.0459835529327393e+00 3.6146685481071472e-01 -1.1309939622879028e-01
-7.9730010032653809e-01 -1.0077886283397675e-01 5.3960490226745605e-01
1.0659667104482651e-01 9.7772616147994995e-01 -3.7718963623046875e-01
-3.8581600785255432e-01 -1.0083785057067871e+00 2.0814180374145508e-01
-9.0607064962387085e-01 6.0786163806915283e-01 -1.7455238103866577e-01
3.3719319105148315e-01 3.0660936236381531e-01 -6.7743301391601562e-01
-2.5110813975334167e-01 -1.0063227415084839e+00 2.9801923036575317e-01
1.1859548091888428e-01 3.7851482629776001e-01 -6.8904995918273926e-01
-2.8738012909889221e-01 5.2864164113998413e-01 -6.3623428344726562e-01
-9.4744765758514404e-01 4.5250925421714783e-01 2.7558064460754395e-01
-1.9737398251891136e-02 3.8622084259986877e-01 6.9118028879165649e-01
-7.0699304342269897e-04 1.1705732345581055e-01 -7.1883213520050049e-01
-8.3972811698913574e-01 -3.7323796749114990e-01 4.4840881228446960e-01
9.9407064914703369e-01 3.8723510503768921e-01 2.4065855145454407e-01
9.9002993106842041e-01 2.4238070845603943e-01 3.2847180962562561e-01
-7.2822237014770508e-01 -5.0225698947906494e-01 -4.7934436798095703e-01
-3.2960730791091919e-01 9.8227620124816895e-01 -2.9993563890457153e-01
-8.2673227787017822e-01 -2.3512846231460571e-01 4.9995815753936768e-01
9.4745820760726929e-01 -4.5249417424201965e-01 -2.7557456493377686e-01
4.0367457270622253e-01 -4.1822502017021179e-01 6.4326560497283936e-01
2.8737974166870117e-01 -5.2864730358123779e-01 6.3623327016830444e-01
2.5236758589744568e-01 8.1217664480209351e-01 -5.0643616914749146e-01
2.4928615987300873e-01 9.2746806144714355e-01 -4.0526139736175537e-01
4.2766648530960083e-01 -1.5615862607955933e-01 6.7753475904464722e-01
4.2069599032402039e-01 3.5332262516021729e-01 6.5315157175064087e-01
5.9087920188903809e-01 1.2046341598033905e-01 6.3604021072387695e-01
-7.3563969135284424e-01 -8.4076249599456787e-01 2.6737630367279053e-02
-2.1026402711868286e-01 8.4025841951370239e-01 4.9439209699630737e-01
-4.3357363343238831e-01 -1.0291696786880493e+00 -3.1881332397460938e-02
-5.0139373540878296e-01 7.7590847015380859e-01 4.4377022981643677e-01
-3.9652835577726364e-02 1.0088893175125122e+00 -3.4134519100189209e-01
-9.4394558668136597e-01 3.1810313463211060e-01 3.6163124442100525e-01
-7.1247786283493042e-01 -3.5559839010238647e-01 -5.4397720098495483e-01
-5.3710919618606567e-01 -7.3815953731536865e-01 4.5437559485435486e-01
-4.2766490578651428e-01 1.5615054965019226e-01 -6.7753589153289795e-01
-2.0861675962805748e-02 5.9327870607376099e-01 -6.3897138833999634e-01
-1.0446174144744873e+00 -8.2843899726867676e-02 -2.7981078624725342e-01
-1.0613070726394653e+00 -2.8178614377975464e-01 1.5142260491847992e-01
-1.0515214204788208e+00 -3.1237751245498657e-03 2.7285712957382202e-01
-1.0788055658340454e+00 1.9390068948268890e-01 -1.5878570079803467e-01
-9.2746102809906006e-01 -2.3110848665237427e-01 4.1073614358901978e-01
-8.7566329166293144e-03 1.1331480741500854e-01 7.1906965970993042e-01
5.3711128234863281e-01 7.3815119266510010e-01 -4.5437955856323242e-01
7.1247833967208862e-01 3.5558941960334778e-01 5.4397922754287720e-01
7.1165722608566284e-01 2.3370872437953949e-01 -5.7182002067565918e-01
-7.7991807460784912e-01 5.7868885993957520e-01 3.9292645454406738e-01
7.3562854528427124e-01 8.4077191352844238e-01 -2.6737153530120850e-02
1.0747287273406982e+00 -2.8057086467742920e-01 -9.2599704861640930e-02
4.3356707692146301e-01 1.0291715860366821e+00 3.1880289316177368e-02
6.8534195423126221e-01 -8.1365323066711426e-01 -2.4650835990905762e-01
1.3383099436759949e-01 1.1007735729217529e+00 9.9042326211929321e-02
9.8553270101547241e-01 -5.1996260881423950e-01 6.3878089189529419e-02
-7.3282504081726074e-01 -5.0467091798782349e-01 4.7488525509834290e-01
7.2142136096954346e-01 -1.7467783391475677e-01 5.7548487186431885e-01
7.7992749214172363e-01 -5.7868361473083496e-01 -3.9292126893997192e-01
-2.4740688502788544e-01 -4.1742536425590515e-01 6.7053437232971191e-01
1.0612998008728027e+00 2.8181380033493042e-01 -1.5142318606376648e-01
-4.2130669951438904e-01 -1.9114962220191956e-01 6.7588484287261963e-01
-1.8084885179996490e-01 3.7574738264083862e-01 6.8559503555297852e-01
1.0788106918334961e+00 -1.9387140870094299e-01 1.5878568589687347e-01
-4.5581966638565063e-01 3.1764203310012817e-01 6.5129917860031128e-01
5.9062373638153076e-01 -6.9139951467514038e-01 4.5773050189018250e-01
9.2745906114578247e-01 2.3110438883304596e-01 -4.1073948144912720e-01
3.9652734994888306e-02 -1.0088937282562256e+00 3.4134182333946228e-01
5.1684880256652832e-01 -9.9020957946777344e-01 -2.8565317392349243e-02
7.4584758281707764e-01 -2.9611313343048096e-01 -5.4006838798522949e-01
2.0861405879259109e-02 -5.9328228235244751e-01 6.3897109031677246e-01
2.1026620268821716e-01 -8.4026324748992920e-01 -4.9438828229904175e-01
-1.3537798821926117e-01 -8.5424578189849854e-01 -4.9536943435668945e-01
7.2513633966445923e-01 6.3997483253479004e-01 3.9760243892669678e-01
-6.0638612508773804e-01 7.1440279483795166e-02 6.3336592912673950e-01
1.8084779381752014e-01 -3.7575483322143555e-01 -6.8559432029724121e-01
9.1008263826370239e-01 3.9387246966362000e-01 3.6751344799995422e-01
-5.9087711572647095e-01 -1.2047414481639862e-01 -6.3604044914245605e-01
2.4824300408363342e-01 6.7887169122695923e-01 -5.8501166105270386e-01
-4.3998189270496368e-02 1.0326770544052124e+00 3.0438718199729919e-01
-1.5737469494342804e-01 1.0948622226715088e-01 -7.1453088521957397e-01
1.5602879226207733e-01 1.2238764762878418e-01 -7.1403634548187256e-01
3.0977910757064819e-01 -6.0360819101333618e-01 -6.0603499412536621e-01
4.5581758022308350e-01 -3.1765216588973999e-01 -6.5129828453063965e-01
-2.5253260135650635e-01 -6.2637752294540405e-01 -6.0737550258636475e-01
1.5737526118755341e-01 -1.0949191451072693e-01 7.1453034877777100e-01
-4.2069438099861145e-01 -3.5333204269409180e-01 -6.5315049886703491e-01
-1.0468488931655884e+00 -3.6754626035690308e-01 -9.9967494606971741e-02
-9.1008877754211426e-01 -3.9386743307113647e-01 -3.6750873923301697e-01
-9.4032353162765503e-01 -5.9906613826751709e-01 5.7165309786796570e-02
-7.4599850177764893e-01 -7.4076086282730103e-01 2.7232450246810913e-01
-6.1348152160644531e-01 -8.6660718917846680e-01 -2.5085729360580444e-01
-7.2141993045806885e-01 1.7466515302658081e-01 -5.7548731565475464e-01
-2.2467543184757233e-01 1.0861130952835083e+00 9.7799152135848999e-02
-6.8532752990722656e-01 8.1366229057312012e-01 2.4651333689689636e-01
-7.6596873998641968e-01 4.4270405173301697e-01 -4.7925499081611633e-01
-2.4671074748039246e-01 -1.0615524053573608e+00 1.7784222960472107e-01
-1.3383240997791290e-01 -1.1007740497589111e+00 -9.9043846130371094e-02
-1.0747194290161133e+00 2.8060483932495117e-01 9.2603340744972229e-02
-7.2514575719833374e-01 -6.3997137546539307e-01 -3.9759689569473267e-01
-7.1165883541107178e-01 -2.3372146487236023e-01 5.7181692123413086e-01
-4.3115752935409546e-01 -8.1373810768127441e-01 -4.4654795527458191e-01
-2.7321621775627136e-01 3.9584022760391235e-01 -6.7157334089279175e-01
9.3800961971282959e-01 -1.5436613559722900e-01 4.1647255420684814e-01
-9.8552012443542480e-01 5.1998674869537354e-01 -6.3877716660499573e-02
-7.4584853649139404e-01 2.9610401391983032e-01 5.4006981849670410e-01
-3.2014837861061096e-01 9.0383017063140869e-01 -4.0702724456787109e-01
7.3282569646835327e-01 5.0465893745422363e-01 -4.7489035129547119e-01
-3.0977931618690491e-01 6.0360020399093628e-01 6.0603773593902588e-01
7.4599593877792358e-01 7.4075937271118164e-01 -2.7232933044433594e-01
-2.9662424325942993e-01 6.5621215105056763e-01 -5.8637869358062744e-01
2.5253221392631531e-01 6.2636995315551758e-01 6.0737830400466919e-01
1.3537605106830597e-01 8.5424077510833740e-01 4.9537324905395508e-01
2.4671125411987305e-01 1.0615494251251221e+00 -1.7784669995307922e-01
2.4740612506866455e-01 4.1741997003555298e-01 -6.7053520679473877e-01
6.1346811056137085e-01 8.6661362648010254e-01 2.5086209177970886e-01
9.4395083189010620e-01 -3.1809693574905396e-01 -3.6162728071212769e-01
4.3115159869194031e-01 8.1373476982116699e-01 4.4655317068099976e-01
7.6596862077713013e-01 -4.4271576404571533e-01 4.7925031185150146e-01
8.0177444219589233e-01 -7.7763271331787109e-01 3.2106280326843262e-02
2.7321660518646240e-01 -3.9584594964981079e-01 6.7157250642776489e-01
1.0515215396881104e+00 3.1400024890899658e-03 -2.7285701036453247e-01
1.0468369722366333e+00 3.6757794022560120e-01 9.9971286952495575e-02
1.0446155071258545e+00 8.2860201597213745e-02 2.7981179952621460e-01
8.0096334218978882e-01 -6.7690920829772949e-01 2.7746960520744324e-01
3.3104503154754639e-01 -1.0377150774002075e+00 1.7982080578804016e-01
-1.5602959692478180e-01 -1.2239342927932739e-01 7.1403580904006958e-01
-8.0176246166229248e-01 7.7764493227005005e-01 -3.2105594873428345e-02
-2.4928387999534607e-01 -9.2747342586517334e-01 4.0525841712951660e-01
-5.1684010028839111e-01 9.9021333456039429e-01 2.8564751148223877e-02
-2.4824205040931702e-01 -6.7887705564498901e-01 5.8501034975051880e-01
4.3999239802360535e-02 -1.0326783657073975e+00 -3.0438581109046936e-01
-5.9062516689300537e-01 6.9139128923416138e-01 -4.5773446559906006e-01
3.2014629244804382e-01 -9.0383559465408325e-01 4.0702426433563232e-01
2.9662290215492249e-01 -6.5621805191040039e-01 5.8637732267379761e-01
-8.0095970630645752e-01 6.7690938711166382e-01 -2.7747416496276855e-01
2.2467996180057526e-01 -1.0861128568649292e+00 -9.7800493240356445e-02
4.2130482196807861e-01 1.9114139676094055e-01 -6.7588603496551514e-01
-1.4172019064426422e-01 -3.8886055350303650e-01 -6.8618994951248169e-01
9.4031018018722534e-01 5.9908711910247803e-01 -5.7165130972862244e-02
8.7564652785658836e-03 -1.1332070827484131e-01 -7.1906989812850952e-01
6.0638380050659180e-01 -7.1451395750045776e-02 -6.3336658477783203e-01
5.0140011310577393e-01 -7.7591097354888916e-01 -4.4376492500305176e-01
-3.3104372024536133e-01 1.0377128124237061e+00 -1.7982485890388489e-01
1.4172059297561646e-01 3.8885346055030823e-01 6.8619072437286377e-01
-9.3800806999206543e-01 1.5436257421970367e-01 -4.1647499799728394e-01
-8.7235939502716064e-01 -6.5050244331359863e-01 -1.8499365448951721e-01
2.9491886496543884e-02 -6.3508653640747070e-01 -6.2395483255386353e-01
9.2502510547637939e-01 -5.7699799537658691e-01 -1.7885793745517731e-01
-8.6635804176330566e-01 3.7273228168487549e-02 4.9426645040512085e-01
-3.1199648976325989e-02 8.2752329111099243e-01 -5.2255129814147949e-01
-5.8920824527740479e-01 8.9040404558181763e-01 -2.3814964294433594e-01
-3.1272622942924500e-01 9.6879571676254272e-02 7.0037525892257690e-01
-5.3117936849594116e-01 4.3408924341201782e-01 -6.0279822349548340e-01
2.9564166069030762e-01 1.2176680564880371e-01 7.0142006874084473e-01
3.1199339777231216e-02 -8.2752740383148193e-01 5.2255022525787354e-01
-9.2501056194305420e-01 5.7701778411865234e-01 1.7886421084403992e-01
-3.8179099559783936e-01 9.7001665830612183e-01 2.8896236419677734e-01
1.1172519922256470e+00 4.5869864523410797e-02 3.9021412376314402e-03
2.9787248373031616e-01 9.9765944480895996e-01 2.9119676351547241e-01
-1.1172536611557007e+00 -4.5829601585865021e-02 -3.9011028129607439e-03
-8.5412812232971191e-01 -1.0779871046543121e-01 -4.9916294217109680e-01
3.8179990649223328e-01 -9.7001576423645020e-01 -2.8895887732505798e-01
5.1682204008102417e-01 9.3607759475708008e-01 -2.3441848158836365e-01
-2.9787939786911011e-01 -9.9765980243682861e-01 -2.9119360446929932e-01
3.1272497773170471e-01 -9.6887499094009399e-02 -7.0037555694580078e-01
5.0075209140777588e-01 4.7684335708618164e-01 -6.0028928518295288e-01
-5.1682162284851074e-01 -9.3608105182647705e-01 2.3441404104232788e-01
-2.9564076662063599e-01 -1.2177434563636780e-01 -7.0142024755477905e-01
8.6635690927505493e-01 -3.7282705307006836e-02 -4.9426728487014771e-01
-5.0075209140777588e-01 -4.7685229778289795e-01 6.0028684139251709e-01
-2.9492286965250969e-02 6.3507926464080811e-01 6.2395733594894409e-01
8.7234443426132202e-01 6.5051913261413574e-01 1.8499988317489624e-01
5.8920943737030029e-01 -8.9040631055831909e-01 2.3814556002616882e-01
5.3117913007736206e-01 -4.3409851193428040e-01 6.0279595851898193e-01
8.5412895679473877e-01 1.0778930783271790e-01 4.9916303157806396e-01
-9.1701376438140869e-01 -4.9043139815330505e-01 2.8969395160675049e-01
-9.5045274496078491e-01 4.1349774599075317e-01 -2.9585888981819153e-01
9.1700839996337891e-01 4.9043580889701843e-01 -2.8969877958297729e-01
9.5045799016952515e-01 -4.1349166631698608e-01 2.9585462808609009e-01
4.4810283929109573e-02 -1.1044439077377319e+00 1.0682943463325500e-01
9.7973970696330070e-03 -3.3430343866348267e-01 6.9855880737304688e-01
-4.4809117913246155e-02 1.1044418811798096e+00 -1.0683310031890869e-01
-9.7975451499223709e-03 3.3429902791976929e-01 -6.9855928421020508e-01
5.7568484544754028e-01 -5.3014171123504639e-01 -5.5057358741760254e-01
-5.2391558885574341e-01 -5.7479411363601685e-01 -5.5347281694412231e-01
-5.7568383216857910e-01 5.3013408184051514e-01 5.5057704448699951e-01
5.2391427755355835e-01 5.7478654384613037e-01 5.5347645282745361e-01
