0.0853859121763253 0.21674367368054875
0.12165532374164895 0.21156487766588472
0.18149690931309143 0.20342606880680755
0.2630856918589612 0.19417407747678644
0.3210942726405081 0.18898992962331979
0.3827260482914256 0.18380488979671936
0.49147808867996895 0.17602331617771677
0.6002221013103086 0.16934957319085553
0.6980885015743328 0.16378633675553694
0.7633274165782125 0.16081606622008549
0.8321975542096671 0.15673707307935886
0.9137461979645174 0.15302423491004452
0.9952921657999663 0.14968067361811066
1.0931505383057862 0.14522526781493345
1.1946294297615756 0.1411382469160029
1.2725495268082527 0.13816485447458327
1.3232876345764466 0.1363059824638082