0.08191792063223063, 0.19532650676561625
0.11095164613641845, 0.18867238718769794
0.14361659426818074, 0.1809095450045045
0.17628154239994293, 0.17314670282131106
0.22343659408978606, 0.16574956962296297
0.26515150163677087, 0.15909232813907648
0.31954759122655235, 0.1524319647492218
0.39026143732550783, 0.14392120309336284
0.44827269402645603, 0.13836777836251574
0.5171562112549171, 0.13244240083488687
0.5733505186823773, 0.12762797584536756
0.6440376055873198, 0.12280998296331316
0.721976434069806, 0.11725165238023033
0.7854064275584021, 0.1139125509539653
0.8379668364388866, 0.11057612544710158
0.8959593617040256, 0.10760763885791763
0.9539518869691646, 0.10463915226873372
1.0119417363149021, 0.10203994255693022
1.0953019775044377, 0.09832665840104898
1.1714104771164293, 0.09535371194619618
1.2239628582387099, 0.09312511707147383
1.2819500316650463, 0.09089518423705081
1.3236274763404128, 0.08940781903649064
