A/A0 V/V0 Vr eb eb_bend eb_ad ea ega ev ek ee
1 1.00092 0.642589 0.109093 0.0496849 0.0594082 0.000367957 0 1.12357e-05 7.05323e-10 0
1.00179 1.00077 0.640772 0.105564 0.0498352 0.0557287 0.00086304 4.00765e-05 7.89976e-06 0.00139262 0
1.00272 0.999269 0.638923 0.102692 0.0501686 0.0525233 0.00153256 9.24403e-05 7.13855e-06 0.0015636 0
1.00236 0.999568 0.639458 0.100704 0.0503355 0.0503682 0.00219315 6.96173e-05 2.49179e-06 0.00200386 0
1.00148 1.00039 0.640831 0.0989474 0.050367 0.0485804 0.00233234 2.73055e-05 2.06296e-06 0.00207378 0
1.00098 1.00073 0.641521 0.0972229 0.0504984 0.0467245 0.00184134 1.20386e-05 7.02982e-06 0.00192949 0
1.00104 1.00055 0.641353 0.0957368 0.0508566 0.0448803 0.0037646 1.35106e-05 4.04317e-06 0.00207549 0
1.0014 1.00032 0.640862 0.0943556 0.0510159 0.0433396 0.00383218 2.43305e-05 1.3376e-06 0.00188015 0
1.00125 1.00009 0.640856 0.0926831 0.0506569 0.0420262 0.00377467 1.94695e-05 1.00115e-07 0.00179251 0
1.00151 1.0002 0.64068 0.0912847 0.0506296 0.0406551 0.00231432 2.84854e-05 5.5306e-07 0.00170258 0
1.00116 1.00024 0.641036 0.0898064 0.0503203 0.0394861 0.00216933 1.68103e-05 7.40609e-07 0.00162451 0
1.00094 1.00031 0.641295 0.0885579 0.050239 0.0383189 0.00170214 1.10732e-05 1.30053e-06 0.00177167 0
1.00106 1.0003 0.641179 0.0872589 0.050198 0.0370608 0.00202669 1.39236e-05 1.22055e-06 0.00196621 0
1.00098 1.0001 0.641128 0.0859866 0.0501513 0.0358353 0.00300951 1.19074e-05 1.45399e-07 0.00219838 0
1.00084 1.00052 0.641527 0.0847624 0.0500599 0.0347025 0.00240535 8.80567e-06 3.61981e-06 0.0019819 0
1.00066 1.00047 0.641668 0.0836975 0.0500499 0.0336476 0.00245476 5.40821e-06 2.92704e-06 0.00185648 0
1.00067 1.00022 0.641496 0.0824777 0.0498806 0.0325971 0.00258472 5.67049e-06 6.75103e-07 0.00219596 0
1.00055 1.00048 0.641775 0.0815743 0.0499568 0.0316175 0.00221937 3.79204e-06 3.01447e-06 0.00188822 0
1.00039 1.00068 0.642054 0.0804136 0.0497404 0.0306731 0.00345225 1.94061e-06 6.08675e-06 0.00206262 0
1.00052 1.00053 0.64184 0.0794761 0.0497382 0.0297379 0.00238479 3.36398e-06 3.72886e-06 0.00177546 0
1.00033 1.00062 0.642076 0.0783108 0.0493999 0.0289109 0.00223408 1.40082e-06 5.14261e-06 0.00199287 0
1.00015 1.0007 0.64231 0.0774851 0.0493548 0.0281304 0.00198891 2.64265e-07 6.56949e-06 0.00165094 0
1.00022 1.00093 0.642386 0.0764989 0.0491436 0.0273553 0.00246442 6.13602e-07 1.16173e-05 0.00157321 0
1.00013 1.00074 0.642346 0.0756149 0.0489699 0.026645 0.00194485 2.13482e-07 7.22461e-06 0.00137543 0
0.999783 1.00074 0.642687 0.0746007 0.0486122 0.0259885 0.00351691 5.90202e-07 7.38148e-06 0.00341005 0
1.00015 1.00093 0.642453 0.0738175 0.0484749 0.0253426 0.00184733 2.84462e-07 1.1594e-05 0.00143505 0
0.999885 1.00097 0.642737 0.0729867 0.0482544 0.0247323 0.00176106 1.66379e-07 1.2676e-05 0.0014008 0
0.999721 1.00102 0.642921 0.0722717 0.048124 0.0241476 0.00150018 9.72805e-07 1.37812e-05 0.00136128 0
0.999737 1.00106 0.642936 0.0714804 0.0479157 0.0235647 0.00155036 8.64365e-07 1.50634e-05 0.00132699 0
0.999748 1.00102 0.642901 0.0707766 0.0477563 0.0230202 0.00150222 7.95818e-07 1.39986e-05 0.0012773 0
0.999499 1.00114 0.643216 0.0700279 0.0475001 0.0225278 0.00183849 3.13275e-06 1.73957e-05 0.00153371 0
0.999722 1.00112 0.64299 0.0696712 0.0476074 0.0220638 0.00206397 9.65791e-07 1.68869e-05 0.00179623 0
0.999451 1.00117 0.64328 0.0690328 0.0473842 0.0216486 0.00187957 3.76211e-06 1.8244e-05 0.0018938 0
0.99936 1.00124 0.643414 0.0684557 0.0472057 0.02125 0.00412083 5.12374e-06 2.05153e-05 0.00272643 0
0.999566 1.00124 0.643217 0.0678428 0.0469587 0.020884 0.00186022 2.35514e-06 2.06159e-05 0.00188513 0
0.999228 1.00149 0.643699 0.0675822 0.0470126 0.0205696 0.00209354 7.45567e-06 2.94431e-05 0.00144432 0
0.999603 1.00129 0.643211 0.0670466 0.0467751 0.0202715 0.00176009 1.96677e-06 2.22004e-05 0.0014569 0
0.999349 1.00157 0.643636 0.0666803 0.0466296 0.0200506 0.00211084 5.29643e-06 3.28464e-05 0.0015763 0
0.999595 1.00148 0.643344 0.0666103 0.0467371 0.0198732 0.00195078 2.05068e-06 2.93934e-05 0.00147824 0
0.999308 1.00184 0.64385 0.0666528 0.0468675 0.0197853 0.00337362 5.97939e-06 4.52299e-05 0.00225339 0
0.999605 1.0011 0.64309 0.066553 0.0468149 0.0197381 0.00197043 1.94615e-06 1.62846e-05 0.00163683 0
0.999354 1.00165 0.643682 0.0667493 0.0469879 0.0197615 0.00171543 5.21113e-06 3.63176e-05 0.00147938 0
0.999622 1.00132 0.64321 0.0669854 0.0472006 0.0197849 0.00179519 1.78595e-06 2.31508e-05 0.00187291 0
0.999468 1.00154 0.643504 0.0672726 0.0474441 0.0198285 0.00213004 3.53758e-06 3.17633e-05 0.00197005 0
0.999592 1.00139 0.643286 0.0670174 0.0471718 0.0198456 0.00148719 2.08009e-06 2.58036e-05 0.00170898 0
0.999492 1.00157 0.643499 0.0668032 0.0469524 0.0198508 0.00184831 3.22054e-06 3.2993e-05 0.00166656 0
0.999603 1.00137 0.643265 0.0669511 0.0471429 0.0198083 0.0014536 1.96657e-06 2.52198e-05 0.0013276 0
0.999657 1.00149 0.643287 0.0668049 0.0470469 0.019758 0.00126587 1.47009e-06 2.95946e-05 0.00153066 0
0.999624 1.0015 0.643322 0.0665614 0.0468569 0.0197045 0.00114291 1.76486e-06 2.98246e-05 0.00162282 0
0.999698 1.00151 0.643263 0.0666868 0.047033 0.0196537 0.00116932 1.14294e-06 3.0542e-05 0.00126452 0
0.999762 1.0014 0.643127 0.066559 0.0469353 0.0196238 0.00178255 7.09891e-07 2.60295e-05 0.00128944 0
0.99968 1.00162 0.643352 0.066526 0.0468986 0.0196274 0.001079 1.28134e-06 3.51961e-05 0.00108867 0
0.999876 1.00168 0.643199 0.0665477 0.0469118 0.019636 0.000985633 1.91017e-07 3.77301e-05 0.000995311 0
0.999691 1.00157 0.643307 0.0664899 0.0468199 0.01967 0.000865238 1.19564e-06 3.29045e-05 0.000727731 0
0.999677 1.00158 0.643326 0.066491 0.0468028 0.0196882 0.000795647 1.30655e-06 3.32702e-05 0.000902605 0
0.999721 1.00156 0.643274 0.0666179 0.0469238 0.0196942 0.000782364 9.76644e-07 3.26507e-05 0.000892839 0
0.99956 1.00146 0.643363 0.0667328 0.0470437 0.0196891 0.00110711 2.42504e-06 2.84996e-05 0.00113953 0
0.999802 1.00175 0.643312 0.0666524 0.0470037 0.0196488 0.000852601 4.92074e-07 4.06549e-05 0.0012037 0
0.9996 1.00173 0.643496 0.0667097 0.0470843 0.0196255 0.0014825 2.00253e-06 3.98913e-05 0.00134388 0
0.999576 1.00147 0.643352 0.066506 0.0469117 0.0195942 0.0011006 2.24718e-06 2.88001e-05 0.00126175 0
0.999577 1.00148 0.643359 0.066415 0.0468431 0.0195719 0.000920994 2.23761e-06 2.92863e-05 0.000943256 0
0.999644 1.00154 0.64333 0.066316 0.0467627 0.0195533 0.000804834 1.58137e-06 3.15456e-05 0.000985372 0
0.999674 1.00157 0.643323 0.0663454 0.0467997 0.0195457 0.000742402 1.32803e-06 3.29556e-05 0.000619302 0
0.999625 1.00152 0.64334 0.0662852 0.0467394 0.0195458 0.000716889 1.75536e-06 3.10097e-05 0.000562357 0
0.999655 1.00149 0.64329 0.066211 0.0466726 0.0195384 0.000659847 1.49025e-06 2.96605e-05 0.00052441 0
0.999693 1.00154 0.643284 0.0662534 0.0467321 0.0195213 0.00075786 1.17745e-06 3.15668e-05 0.000502157 0
0.999607 1.00147 0.643323 0.0663355 0.0468345 0.019501 0.000771124 1.92659e-06 2.88746e-05 0.000662567 0
0.999638 1.00149 0.643307 0.0662404 0.0467762 0.0194643 0.000698543 1.63852e-06 2.9673e-05 0.000882341 0
0.999635 1.00152 0.643329 0.0662073 0.0467885 0.0194188 0.000764183 1.66947e-06 3.08386e-05 0.00108504 0
0.999674 1.00157 0.643325 0.0663037 0.0469284 0.0193753 0.00103452 1.32582e-06 3.30462e-05 0.000922604 0
0.999684 1.00146 0.643243 0.0663511 0.0470127 0.0193384 0.0008578 1.25062e-06 2.8452e-05 0.00103197 0
0.999701 1.00153 0.643271 0.0663688 0.0470585 0.0193103 0.000698859 1.11623e-06 3.12787e-05 0.00085795 0
0.999662 1.00154 0.643312 0.0663545 0.047058 0.0192965 0.000696165 1.42604e-06 3.14667e-05 0.00080715 0
0.999671 1.00155 0.643309 0.0662244 0.0469391 0.0192853 0.000849579 1.35081e-06 3.18529e-05 0.00102812 0
0.999596 1.00151 0.643361 0.0665736 0.0472958 0.0192778 0.000906224 2.03656e-06 3.05288e-05 0.000909126 0
0.999649 1.00157 0.643348 0.0664438 0.0471931 0.0192507 0.000761816 1.53651e-06 3.29747e-05 0.00131014 0
0.999574 1.00154 0.643398 0.0661268 0.046905 0.0192218 0.000635378 2.26478e-06 3.1562e-05 0.00147901 0
0.999566 1.00155 0.643416 0.0662285 0.0470513 0.0191772 0.000648545 2.35972e-06 3.21321e-05 0.000850625 0
0.999634 1.00153 0.643338 0.0662299 0.0470985 0.0191314 0.000650688 1.6768e-06 3.136e-05 0.000810738 0
0.999561 1.00148 0.643374 0.0661634 0.0470739 0.0190895 0.00060197 2.41072e-06 2.92549e-05 0.000558011 0
0.999657 1.00161 0.643365 0.0660407 0.0469975 0.0190432 0.000615491 1.47349e-06 3.45903e-05 0.000653645 0
0.999527 1.00145 0.643388 0.0660881 0.0470809 0.0190072 0.000658176 2.79241e-06 2.81307e-05 0.000903521 0
0.999654 1.0016 0.643362 0.066069 0.0471071 0.018962 0.000691466 1.49426e-06 3.42478e-05 0.00104299 0
0.99956 1.00155 0.643422 0.0659867 0.0470579 0.0189288 0.000677268 2.41844e-06 3.22024e-05 0.00107336 0
0.999576 1.00147 0.643355 0.0661338 0.047246 0.0188878 0.000934071 2.2522e-06 2.89256e-05 0.00110028 0
0.999636 1.00151 0.643322 0.0661027 0.047258 0.0188446 0.000624151 1.65967e-06 3.05137e-05 0.000683245 0
0.999478 1.00157 0.64351 0.0659354 0.0471305 0.018805 0.000896482 3.40547e-06 3.27845e-05 0.00114786 0
0.999599 1.00163 0.643431 0.0659635 0.0472162 0.0187473 0.000759751 2.00799e-06 3.53275e-05 0.00143287 0
0.999614 1.0016 0.643397 0.0662346 0.047547 0.0186876 0.000685114 1.86592e-06 3.3985e-05 0.000935666 0
0.999613 1.00159 0.643393 0.0658221 0.047189 0.0186331 0.000640052 1.87443e-06 3.36682e-05 0.00158474 0
0.999514 1.00163 0.643514 0.0658208 0.0472412 0.0185796 0.000654285 2.9562e-06 3.53175e-05 0.00158043 0
0.999611 1.0015 0.64334 0.0659514 0.0474401 0.0185114 0.000584013 1.89247e-06 3.01216e-05 0.000893853 0
0.999675 1.00169 0.643396 0.0659228 0.0474755 0.0184473 0.000578946 1.32451e-06 3.78991e-05 0.000745108 0
0.999523 1.00154 0.64345 0.0655629 0.0471607 0.0184022 0.000517073 2.84739e-06 3.17161e-05 0.00122634 0
0.9995 1.00146 0.643421 0.065767 0.0474314 0.0183356 0.000530581 3.12339e-06 2.85162e-05 0.000669672 0
0.999558 1.00159 0.643445 0.0656454 0.0473748 0.0182707 0.00066953 2.44347e-06 3.3591e-05 0.000754741 0
0.999499 1.00161 0.643516 0.065345 0.0471323 0.0182127 0.000767369 3.13614e-06 3.4546e-05 0.00118434 0
0.999542 1.00155 0.643435 0.0656945 0.0475666 0.0181278 0.000825181 2.61758e-06 3.19718e-05 0.000716072 0
0.999561 1.00169 0.643508 0.0655593 0.0475051 0.0180542 0.000627926 2.4143e-06 3.80368e-05 0.00159956 0
0.999517 1.00167 0.643539 0.0658177 0.047847 0.0179707 0.000775397 2.91176e-06 3.73161e-05 0.00139828 0
0.999468 1.00142 0.643426 0.0660016 0.0481104 0.0178912 0.00077327 3.53621e-06 2.69565e-05 0.00117358 0
0.999453 1.00164 0.643579 0.0653855 0.0475724 0.0178131 0.000725001 3.73642e-06 3.58082e-05 0.00184267 0
0.999554 1.00166 0.643495 0.0654061 0.0476977 0.0177084 0.000773893 2.49076e-06 3.66417e-05 0.00083932 0
0.999457 1.00162 0.643564 0.0651403 0.0475217 0.0176186 0.00083612 3.68298e-06 3.50294e-05 0.000732632 0
0.999434 1.00162 0.643586 0.064963 0.0474373 0.0175256 0.000706717 4.00244e-06 3.5012e-05 0.000616209 0
0.99949 1.00159 0.643512 0.064967 0.0475388 0.0174282 0.00074876 3.2477e-06 3.37002e-05 0.000602581 0
0.999452 1.0016 0.643556 0.0651148 0.0477817 0.017333 0.000730097 3.75306e-06 3.41609e-05 0.000659463 0
0.999378 1.00155 0.643595 0.0650337 0.047804 0.0172297 0.000710754 4.83921e-06 3.2008e-05 0.000911651 0
0.999474 1.00172 0.643612 0.0648773 0.0477508 0.0171266 0.000655738 3.46522e-06 3.94167e-05 0.00132155 0
0.999418 1.00168 0.643643 0.0648899 0.0478601 0.0170298 0.000707045 4.23264e-06 3.78581e-05 0.001209 0
0.999431 1.00156 0.643552 0.0650957 0.0481715 0.0169243 0.000652149 4.05181e-06 3.25131e-05 0.000516623 0
0.999424 1.00171 0.643652 0.0646573 0.0478371 0.0168202 0.000558018 4.15418e-06 3.88861e-05 0.00137526 0
0.999397 1.00166 0.643647 0.0649327 0.0482291 0.0167036 0.000532718 4.53861e-06 3.67551e-05 0.00115202 0
0.999344 1.00159 0.643656 0.0647084 0.0481161 0.0165923 0.000746848 5.3749e-06 3.39025e-05 0.00138143 0
0.999361 1.00155 0.643613 0.0651901 0.0487128 0.0164773 0.000795952 5.10367e-06 3.21455e-05 0.00107408 0
0.999353 1.00151 0.643594 0.0648469 0.0484791 0.0163678 0.00069318 5.22945e-06 3.04413e-05 0.000990369 0
0.999333 1.00163 0.643688 0.0645728 0.0483052 0.0162676 0.00104786 5.56558e-06 3.53065e-05 0.000901568 0
0.999336 1.00166 0.643706 0.0642657 0.0481048 0.0161609 0.000843805 5.51157e-06 3.67277e-05 0.000976092 0
0.999302 1.00163 0.643722 0.0641302 0.0480787 0.0160515 0.000787289 6.08547e-06 3.556e-05 0.00105134 0
0.999257 1.00162 0.643756 0.064115 0.0481744 0.0159406 0.000858162 6.89552e-06 3.49716e-05 0.000943102 0
0.99933 1.00173 0.643759 0.0640169 0.0481938 0.0158231 0.00147106 5.6119e-06 4.00144e-05 0.00124809 0
0.999152 1.0017 0.643911 0.0638965 0.048175 0.0157216 0.00110415 8.99193e-06 3.8632e-05 0.000898537 0
0.999202 1.00152 0.643749 0.0639647 0.0483545 0.0156101 0.00176428 7.96916e-06 3.09661e-05 0.000712296 0
0.999243 1.0017 0.64382 0.0638601 0.0483538 0.0155063 0.00127116 7.1675e-06 3.83515e-05 0.000574059 0
0.999203 1.0018 0.643923 0.0636 0.0482006 0.0153994 0.00137293 7.93926e-06 4.31058e-05 0.000790887 0
0.999218 1.0016 0.643785 0.0636626 0.0483741 0.0152884 0.00134357 7.64679e-06 3.43629e-05 0.000745783 0
0.999141 1.00169 0.643912 0.0634375 0.0482643 0.0151732 0.00117612 9.2352e-06 3.79368e-05 0.000672029 0
0.999199 1.0016 0.643798 0.0634506 0.0484083 0.0150424 0.00107085 8.02172e-06 3.39542e-05 0.000378834 0
0.999108 1.0016 0.643886 0.0633625 0.0484498 0.0149127 0.00127849 9.94035e-06 3.40117e-05 0.000445355 0
0.999164 1.00171 0.643908 0.0632791 0.0484868 0.0147922 0.00110462 8.74078e-06 3.91835e-05 0.000553067 0
0.999161 1.00168 0.643891 0.0632499 0.0485974 0.0146525 0.00187428 8.81003e-06 3.77891e-05 0.000785548 0
0.998985 1.00151 0.64395 0.0632874 0.0487269 0.0145605 0.00237699 1.28842e-05 3.04397e-05 0.000837576 0
0.99913 1.0016 0.643865 0.0632551 0.0488148 0.0144403 0.00149211 9.47098e-06 3.40106e-05 0.000492182 0
0.99914 1.0017 0.643924 0.0631729 0.0488544 0.0143185 0.00135236 9.25223e-06 3.86839e-05 0.000388839 0
0.999061 1.00177 0.64404 0.0630007 0.0488022 0.0141985 0.001449 1.10177e-05 4.16022e-05 0.000432406 0
0.999182 1.00165 0.643848 0.0628799 0.0488157 0.0140642 0.00124234 8.37228e-06 3.62186e-05 0.000327644 0
0.998962 1.00169 0.644088 0.0627542 0.0488151 0.0139391 0.00150592 1.3461e-05 3.81733e-05 0.000560735 0
0.99906 1.00164 0.643958 0.0627255 0.0489317 0.0137939 0.00136334 1.1043e-05 3.56944e-05 0.000676176 0
0.999084 1.00171 0.643982 0.0625631 0.048901 0.0136621 0.00110617 1.04794e-05 3.90059e-05 0.000457983 0
0.999105 1.00178 0.644004 0.0626557 0.0491309 0.0135248 0.00130969 1.00169e-05 4.20586e-05 0.00068317 0
0.998962 1.00176 0.644133 0.0623668 0.0489731 0.0133937 0.00165648 1.34626e-05 4.14088e-05 0.000737891 0
0.998918 1.00162 0.644085 0.0622857 0.0490168 0.0132689 0.00136487 1.46393e-05 3.50009e-05 0.000406643 0
0.999025 1.00166 0.644004 0.0621428 0.0489955 0.0131473 0.00113705 1.18725e-05 3.65631e-05 0.00042883 0
0.998989 1.00171 0.644071 0.0620725 0.049052 0.0130205 0.00114757 1.27824e-05 3.87995e-05 0.000374311 0
0.998984 1.0017 0.644075 0.0620321 0.0491448 0.0128873 0.000965183 1.28971e-05 3.87593e-05 0.000269594 0
0.999023 1.00166 0.644006 0.0619009 0.0491546 0.0127463 0.00117884 1.19221e-05 3.65633e-05 0.00042004 0
0.998938 1.00178 0.64417 0.0618652 0.0492573 0.0126079 0.000991802 1.40958e-05 4.24172e-05 0.000383208 0
0.998968 1.00171 0.644097 0.0616953 0.0492238 0.0124716 0.0008743 1.33235e-05 3.91276e-05 0.000756572 0
0.998981 1.00168 0.644063 0.0619309 0.049605 0.0123259 0.00118462 1.2982e-05 3.76997e-05 0.000447834 0
0.998975 1.00174 0.644107 0.0615727 0.0493837 0.012189 0.00126066 1.31323e-05 4.04034e-05 0.000873018 0
0.998906 1.00171 0.644152 0.0615907 0.0495293 0.0120614 0.000996116 1.49534e-05 3.88453e-05 0.000539509 0
0.998916 1.00168 0.644125 0.0613707 0.0494411 0.0119297 0.000862005 1.46974e-05 3.75669e-05 0.000654863 0
0.99891 1.00174 0.644173 0.0612662 0.0494655 0.0118007 0.00092863 1.48561e-05 4.06047e-05 0.000666293 0
0.998864 1.00169 0.644181 0.0612018 0.0495322 0.0116696 0.000888409 1.61267e-05 3.804e-05 0.000561897 0
0.998868 1.00173 0.644203 0.0611402 0.049592 0.0115483 0.000973218 1.60303e-05 3.98538e-05 0.000370481 0
0.998951 1.00179 0.644161 0.0610446 0.0496097 0.0114348 0.00115111 1.37509e-05 4.26593e-05 0.000556543 0
0.998918 1.00171 0.644141 0.0610415 0.0497103 0.0113313 0.000897571 1.46309e-05 3.8883e-05 0.000358204 0
0.998907 1.00174 0.644174 0.0609218 0.0497086 0.0112132 0.00104902 1.49454e-05 4.04739e-05 0.000428238 0
0.998789 1.00181 0.644329 0.0609224 0.0498202 0.0111022 0.000919833 1.8344e-05 4.34743e-05 0.000516686 0
0.998953 1.00173 0.64412 0.060847 0.0498662 0.0109808 0.00088188 1.36941e-05 3.97955e-05 0.00036832 0
0.998848 1.00166 0.644181 0.0607535 0.0498874 0.0108661 0.00118936 1.65845e-05 3.69285e-05 0.000705996 0
0.998828 1.00181 0.644297 0.0607587 0.050001 0.0107577 0.000879948 1.71769e-05 4.38849e-05 0.000537004 0
0.998953 1.00171 0.64411 0.0606442 0.0499973 0.0106469 0.000808579 1.36921e-05 3.90862e-05 0.000348853 0
0.998879 1.00176 0.644215 0.0604832 0.04994 0.0105432 0.000783501 1.56979e-05 4.15317e-05 0.000635366 0
0.998824 1.00173 0.644246 0.0603821 0.049944 0.0104381 0.000819608 1.72915e-05 3.98956e-05 0.000501012 0
0.9989 1.00172 0.644166 0.0603085 0.0499788 0.0103297 0.000810148 1.51201e-05 3.94253e-05 0.000682989 0
0.998929 1.00183 0.64421 0.0603841 0.0501675 0.0102166 0.000740134 1.4337e-05 4.47043e-05 0.00053869 0
0.998779 1.00168 0.644257 0.0602991 0.0501899 0.0101092 0.000758745 1.8652e-05 3.75686e-05 0.000257407 0
0.998817 1.00166 0.644211 0.0600847 0.0500799 0.0100048 0.000874076 1.74982e-05 3.69267e-05 0.000544981 0
0.998875 1.00172 0.644189 0.0600245 0.0501192 0.00990525 0.00090193 1.58348e-05 3.92694e-05 0.000429775 0
0.998855 1.00179 0.644257 0.0599104 0.0500945 0.00981592 0.000866337 1.63815e-05 4.28834e-05 0.000629164 0
0.998934 1.00181 0.644194 0.0599281 0.0502109 0.00971722 0.000789744 1.42051e-05 4.38689e-05 0.000279752 0
0.998921 1.00175 0.644164 0.0598415 0.0502157 0.00962585 0.000776219 1.45589e-05 4.07527e-05 0.000149294 0
0.998831 1.00168 0.644205 0.0597956 0.0502528 0.00954285 0.000754496 1.70764e-05 3.7455e-05 0.000222277 0
0.998884 1.00167 0.644153 0.0597494 0.0502997 0.00944968 0.000822078 1.55629e-05 3.74338e-05 0.000224021 0
0.998875 1.00165 0.644148 0.0596887 0.0503201 0.00936857 0.00086926 1.58227e-05 3.64668e-05 0.000189701 0
0.998908 1.00171 0.644154 0.0595222 0.0502431 0.00927903 0.000824786 1.49062e-05 3.91199e-05 0.000309184 0
0.998894 1.00169 0.64415 0.059505 0.0503119 0.00919303 0.000773016 1.52974e-05 3.78981e-05 0.000165448 0
0.998877 1.00167 0.644154 0.0594683 0.0503594 0.00910897 0.000771686 1.57568e-05 3.70419e-05 0.000233134 0
0.998924 1.00171 0.644135 0.0595562 0.0505325 0.00902365 0.000768337 1.4471e-05 3.88468e-05 0.000174987 0
0.998875 1.00168 0.644168 0.0593807 0.0504331 0.00894766 0.000753632 1.58302e-05 3.78153e-05 0.000861061 0
0.998925 1.00173 0.644149 0.0595983 0.0507332 0.00886518 0.00120807 1.44426e-05 3.99104e-05 0.000800966 0
0.998874 1.00159 0.644109 0.0597378 0.0509502 0.00878754 0.000935307 1.58486e-05 3.37699e-05 0.00038669 0
0.998924 1.00169 0.644123 0.0595284 0.0508123 0.00871608 0.000899228 1.4481e-05 3.80062e-05 0.000610261 0
0.998991 1.00164 0.644029 0.0594222 0.0507744 0.00864773 0.000839612 1.27387e-05 3.60009e-05 0.000416673 0
0.99898 1.00156 0.643988 0.0592653 0.0506799 0.00858549 0.00118921 1.30056e-05 3.25763e-05 0.000389421 0
0.998912 1.00163 0.644099 0.0592118 0.0506875 0.00852429 0.0012159 1.48117e-05 3.55262e-05 0.00050286 0
0.998885 1.00164 0.644128 0.059152 0.0506851 0.00846695 0.00106844 1.55389e-05 3.57999e-05 0.000521633 0
0.999035 1.00155 0.643925 0.0592767 0.050874 0.00840265 0.00110491 1.16436e-05 3.19119e-05 0.000290056 0
0.999023 1.00159 0.643964 0.0591069 0.0507533 0.00835357 0.0012489 1.19248e-05 3.37192e-05 0.000478609 0
0.999018 1.00158 0.643965 0.0590877 0.0507891 0.00829863 0.000948384 1.20492e-05 3.35083e-05 0.000530876 0
0.998993 1.00151 0.643942 0.0591427 0.0508925 0.00825023 0.00113732 1.26841e-05 3.04043e-05 0.00073219 0
0.999054 1.00161 0.643944 0.0590172 0.050815 0.00820223 0.00104461 1.11803e-05 3.44062e-05 0.000350123 0
0.999126 1.00149 0.643798 0.0591707 0.0510209 0.00814974 0.000935031 9.55825e-06 2.94283e-05 0.000175357 0
0.999139 1.00145 0.64376 0.0591831 0.0510825 0.00810059 0.00193617 9.26552e-06 2.79393e-05 0.000798818 0
0.998954 1.00147 0.643956 0.0589838 0.0509182 0.00806568 0.00184268 1.36723e-05 2.89821e-05 0.00105871 0
0.998971 1.00151 0.643964 0.0590424 0.0510084 0.00803395 0.0012563 1.32444e-05 3.04558e-05 0.000745796 0
0.999145 1.00142 0.643737 0.0590455 0.0510593 0.00798616 0.00109746 9.13498e-06 2.69067e-05 0.000640562 0
0.99917 1.00149 0.643759 0.0589383 0.0509932 0.00794509 0.00113265 8.61764e-06 2.97038e-05 0.000406385 0
0.999078 1.00163 0.643934 0.0588216 0.0509122 0.00790937 0.00139616 1.06227e-05 3.52869e-05 0.00070309 0
0.999072 1.00152 0.643873 0.0587981 0.0509299 0.00786822 0.00109484 1.07754e-05 3.08661e-05 0.000478727 0
0.999145 1.00137 0.643705 0.058784 0.0509508 0.00783319 0.00120628 9.14602e-06 2.50428e-05 0.000859011 0
0.999123 1.00142 0.643758 0.0588453 0.0510424 0.00780286 0.00108276 9.6127e-06 2.69098e-05 0.000671065 0
0.999185 1.00136 0.643662 0.0589506 0.0511818 0.00776879 0.000996284 8.29699e-06 2.48454e-05 0.000606872 0
0.999302 1.00138 0.643562 0.058918 0.051186 0.00773197 0.000881013 6.09964e-06 2.55367e-05 0.000569497 0
0.999263 1.00141 0.643616 0.0588907 0.0511906 0.00770009 0.000828946 6.79654e-06 2.64474e-05 0.000686389 0
0.999253 1.00133 0.643575 0.0589581 0.0512923 0.00766584 0.00109472 6.96763e-06 2.36527e-05 0.00056201 0
0.999193 1.00131 0.643619 0.0587872 0.0511415 0.00764572 0.000971231 8.13912e-06 2.28295e-05 0.00073457 0
0.999331 1.00137 0.643528 0.0587432 0.0511275 0.00761569 0.00103202 5.59922e-06 2.52031e-05 0.000774939 0
0.999315 1.00139 0.643552 0.0588288 0.0512338 0.00759502 0.00086686 5.85857e-06 2.56974e-05 0.000627956 0
0.99929 1.00136 0.643558 0.0588053 0.0512333 0.00757201 0.000857797 6.30447e-06 2.46549e-05 0.000611263 0
0.999326 1.0014 0.643546 0.0586291 0.0510758 0.00755333 0.000753416 5.6723e-06 2.60082e-05 0.000542262 0
0.999381 1.00126 0.643408 0.0586626 0.0511295 0.00753308 0.000717721 4.79382e-06 2.12721e-05 0.000324238 0
0.999365 1.00121 0.643393 0.0585842 0.0510659 0.00751828 0.00114425 5.0433e-06 1.96932e-05 0.000365034 0
0.999429 1.00124 0.643348 0.0588099 0.051319 0.00749083 0.00164637 4.07516e-06 2.05874e-05 0.000646071 0
0.999166 1.00134 0.643666 0.0589232 0.0514249 0.00749836 0.00124515 8.69919e-06 2.40093e-05 0.000458097 0
0.999313 1.00122 0.643446 0.0587034 0.0512278 0.00747561 0.000973555 5.89465e-06 1.98909e-05 0.000794862 0
0.999509 1.0012 0.643242 0.0586985 0.0512348 0.00746371 0.000902909 3.0166e-06 1.91147e-05 0.000702144 0
0.999516 1.00108 0.643162 0.0586989 0.0512436 0.0074553 0.000825542 2.93007e-06 1.56401e-05 0.000546936 0
0.999483 1.00125 0.643299 0.0585187 0.051074 0.00744464 0.000741337 3.34729e-06 2.07036e-05 0.000771401 0
0.999432 1.00122 0.643328 0.0586093 0.0511814 0.00742793 0.000675088 4.03127e-06 1.97066e-05 0.000558354 0
0.999385 1.00116 0.643337 0.058633 0.0512222 0.00741083 0.000732718 4.72666e-06 1.79117e-05 0.000442357 0
0.999409 1.00126 0.643376 0.0585498 0.0511545 0.00739531 0.000670113 4.36326e-06 2.10209e-05 0.000609208 0
0.999536 1.00122 0.643232 0.0586917 0.0513191 0.00737265 0.000636228 2.6947e-06 1.99208e-05 0.000505499 0
0.999467 1.00111 0.643225 0.0586994 0.0513372 0.0073622 0.000700315 3.54634e-06 1.63769e-05 0.000645107 0
0.999537 1.00116 0.643189 0.0586243 0.0512796 0.00734461 0.000606732 2.68521e-06 1.78209e-05 0.000527504 0
0.99957 1.00119 0.64318 0.0586521 0.0513216 0.00733053 0.000670065 2.31457e-06 1.89358e-05 0.000415085 0
0.999565 1.00113 0.643146 0.0586416 0.0513232 0.00731836 0.000622541 2.3655e-06 1.71044e-05 0.000324479 0
0.999579 1.00105 0.643082 0.0587212 0.0514145 0.00730669 0.000582453 2.2184e-06 1.47636e-05 0.000199711 0
0.999654 1.00118 0.643088 0.0585623 0.0512668 0.00729542 0.000547859 1.49494e-06 1.84416e-05 0.000267854 0
0.999597 1.00103 0.643049 0.0586177 0.0513295 0.00728823 0.000523913 2.03441e-06 1.41084e-05 0.000392784 0
0.999581 1.00099 0.64304 0.0586031 0.0513245 0.00727863 0.000625753 2.19135e-06 1.3123e-05 0.000405908 0
0.999564 1.00109 0.64312 0.0584395 0.051167 0.00727246 0.000529021 2.37247e-06 1.58379e-05 0.000637032 0
0.999657 1.00117 0.643084 0.0585535 0.0512943 0.00725919 0.000496779 1.47021e-06 1.83859e-05 0.000431521 0
0.999646 1.00108 0.643033 0.0584972 0.0512452 0.00725197 0.000491796 1.56925e-06 1.54596e-05 0.000558849 0
0.999679 1.00105 0.642984 0.0584423 0.0512014 0.00724091 0.000461212 1.28745e-06 1.47076e-05 0.000788709 0
0.999702 1.00109 0.642989 0.0585008 0.0512687 0.00723213 0.00043373 1.10755e-06 1.59615e-05 0.000422 0
0.999697 1.00105 0.642966 0.0585564 0.051333 0.00722337 0.000475094 1.15065e-06 1.46959e-05 0.000221916 0
0.999728 1.00108 0.642953 0.0585626 0.0513466 0.00721595 0.000424456 9.24893e-07 1.54594e-05 0.000271931 0
0.999699 1.00099 0.642928 0.0584654 0.0512537 0.00721174 0.000419646 1.12979e-06 1.31757e-05 0.000488686 0
0.999701 1.00095 0.642895 0.0585789 0.051372 0.00720687 0.000430511 1.11617e-06 1.19168e-05 0.000353604 0
0.999751 1.00105 0.642913 0.0585958 0.0513964 0.00719943 0.000394782 7.72386e-07 1.46635e-05 0.00030565 0
0.999664 1.00098 0.642951 0.0584328 0.0512323 0.00720045 0.000380992 1.40782e-06 1.27479e-05 0.000859356 0
0.999786 1.00103 0.642869 0.0586588 0.0514664 0.00719236 0.000364362 5.74335e-07 1.42054e-05 0.000162006 0
0.999768 1.00098 0.642853 0.0583727 0.051185 0.00718778 0.000405877 6.74543e-07 1.28076e-05 0.000462124 0
0.999786 1.00097 0.642828 0.0584592 0.0512771 0.00718204 0.000377911 5.71706e-07 1.25175e-05 0.000206336 0
0.999764 1.00098 0.642856 0.0584229 0.0512427 0.00718021 0.000444749 6.95366e-07 1.2796e-05 0.000314909 0
0.999757 1.001 0.642878 0.0585881 0.0514092 0.00717894 0.000389392 7.35365e-07 1.34371e-05 0.000321075 0
0.999708 1.00104 0.642946 0.0586435 0.0514615 0.00718199 0.000482296 1.06756e-06 1.42951e-05 0.000328019 0
0.999761 1.00099 0.642868 0.0585209 0.0513445 0.00717639 0.000779217 7.11253e-07 1.31893e-05 0.000514328 0
0.999732 1.00099 0.642895 0.0585074 0.0513246 0.00718278 0.00060235 8.96538e-07 1.31078e-05 0.00036201 0
0.999717 1.00097 0.642895 0.0584496 0.0512649 0.00718469 0.00085855 1.00373e-06 1.25253e-05 0.000386141 0
0.999727 1.00091 0.642851 0.0583875 0.0512038 0.00718377 0.000652307 9.34868e-07 1.1156e-05 0.000187658 0
0.999785 1.00093 0.642808 0.0583581 0.051177 0.00718109 0.000643109 5.79838e-07 1.16495e-05 0.000165842 0
0.99978 1.00099 0.64285 0.0583575 0.0511716 0.00718597 0.000679285 6.05059e-07 1.31924e-05 0.000127813 0
0.999833 1.00099 0.642797 0.0583373 0.0511557 0.00718162 0.000620526 3.48619e-07 1.31015e-05 0.000128984 0
0.999773 1.00094 0.64282 0.0583429 0.0511616 0.00718137 0.000509781 6.42843e-07 1.17164e-05 9.17498e-05 0
0.999738 1.00099 0.642886 0.058373 0.0511932 0.00717973 0.000558094 8.58858e-07 1.2981e-05 0.000329708 0
0.999748 1.00103 0.642902 0.0584829 0.0513083 0.00717459 0.000475498 7.95381e-07 1.40574e-05 0.000556939 0
0.999731 1.00095 0.64287 0.0585869 0.0514177 0.00716922 0.000452967 9.02853e-07 1.20978e-05 0.000732011 0
0.999704 1.00087 0.642841 0.0586116 0.0514451 0.00716648 0.000583835 1.09695e-06 9.98646e-06 0.000935894 0
0.999729 1.00089 0.642831 0.0586815 0.0515148 0.00716673 0.000455235 9.1985e-07 1.04816e-05 0.000445532 0
0.999832 1.00105 0.642837 0.0586668 0.0515034 0.00716336 0.000456342 3.52251e-07 1.47651e-05 0.000493494 0
0.99977 1.00095 0.642829 0.0586144 0.0514515 0.00716285 0.000447111 6.60796e-07 1.19376e-05 0.000588896 0
0.999808 1.00096 0.642804 0.0585429 0.0513842 0.00715874 0.000401728 4.61772e-07 1.24112e-05 0.000568731 0
0.99982 1.00091 0.642757 0.0587034 0.0515459 0.00715744 0.000391089 4.04179e-07 1.10299e-05 0.000443804 0
0.999805 1.00086 0.642741 0.0587982 0.0516418 0.00715632 0.000372845 4.73224e-07 9.91826e-06 0.000543683 0
0.999874 1.00098 0.642749 0.0588055 0.0516545 0.00715099 0.000362356 1.98203e-07 1.2764e-05 0.000659973 0
0.999826 1.00089 0.642739 0.058629 0.0514851 0.00714382 0.000586764 3.77187e-07 1.05772e-05 0.00115342 0
0.999785 1.00097 0.642829 0.0586738 0.0515318 0.007142 0.000485207 5.75923e-07 1.25133e-05 0.000950437 0
0.999679 1.00094 0.642912 0.0585573 0.0514119 0.00714542 0.000544242 1.2872e-06 1.17486e-05 0.000880373 0
0.999718 1.00095 0.642884 0.0587054 0.0515583 0.00714711 0.00049674 9.9345e-07 1.21381e-05 0.000702646 0
0.999822 1.00095 0.64278 0.0586241 0.0514783 0.00714574 0.000459758 3.9689e-07 1.1969e-05 0.000457674 0
0.999884 1.00095 0.642723 0.0585859 0.0514372 0.00714875 0.000436928 1.6827e-07 1.20931e-05 0.000476652 0
0.999873 1.00087 0.642682 0.0585214 0.051373 0.00714843 0.00104387 2.0189e-07 1.0125e-05 0.000661229 0
0.999752 1.00095 0.642846 0.0585308 0.0513761 0.00715479 0.000598639 7.68636e-07 1.19325e-05 0.000554274 0
0.999743 1.00104 0.642912 0.0584742 0.0513213 0.00715287 0.000536405 8.22586e-07 1.43184e-05 0.000878999 0
0.999717 1.00089 0.642846 0.0585419 0.051395 0.00714685 0.000608526 1.00115e-06 1.06209e-05 0.000609664 0
0.999781 1.00097 0.642831 0.0587853 0.0516373 0.00714802 0.000547847 5.99603e-07 1.24382e-05 0.000547902 0
0.99977 1.00086 0.642771 0.058723 0.0515713 0.00715166 0.000509363 6.62062e-07 9.75955e-06 0.000648646 0
0.999891 1.00094 0.642708 0.0587666 0.051615 0.00715166 0.000485823 1.49021e-07 1.17754e-05 0.000690724 0
0.999807 1.00092 0.642779 0.0585382 0.0513782 0.00716003 0.000471595 4.65032e-07 1.13772e-05 0.000926926 0
0.999775 1.00094 0.642821 0.0585134 0.0513507 0.00716269 0.000456421 6.35462e-07 1.17776e-05 0.000844577 0
0.999767 1.0009 0.642803 0.0588 0.0516411 0.00715899 0.000417545 6.80771e-07 1.08092e-05 0.000582124 0
0.999777 1.001 0.642859 0.0586909 0.0515322 0.00715877 0.000400878 6.2251e-07 1.34351e-05 0.000507818 0
0.999786 1.001 0.642848 0.0585778 0.0514206 0.00715724 0.000380933 5.72841e-07 1.33098e-05 0.000721981 0
0.999761 1.00098 0.642858 0.0583921 0.0512331 0.00715894 0.000447622 7.12436e-07 1.27676e-05 0.000834235 0
0.999757 1.00099 0.64287 0.0584567 0.0512967 0.00716002 0.00041239 7.40098e-07 1.30546e-05 0.000725628 0
0.999789 1.00097 0.642825 0.0584557 0.0512989 0.00715683 0.000633299 5.54849e-07 1.25381e-05 0.000658935 0
0.999753 1.00096 0.642857 0.0585108 0.051351 0.00715988 0.000438965 7.60648e-07 1.24124e-05 0.000488614 0
0.999824 1.00102 0.642826 0.0585525 0.0513984 0.0071541 0.000403197 3.88174e-07 1.39408e-05 0.000460794 0
0.999777 1.00094 0.642817 0.0585891 0.0514347 0.00715433 0.000398975 6.19372e-07 1.17462e-05 0.000614647 0
0.999777 1.00095 0.642825 0.0586498 0.0514997 0.00715005 0.000490009 6.19773e-07 1.20598e-05 0.000604941 0
0.999789 1.00096 0.64282 0.0585665 0.0514194 0.00714708 0.000401967 5.59229e-07 1.22792e-05 0.000413578 0
0.999779 1.00093 0.642812 0.0584297 0.0512842 0.00714546 0.000374907 6.124e-07 1.15922e-05 0.000537005 0
0.999802 1.00093 0.642791 0.0584563 0.0513127 0.00714363 0.000400095 4.88859e-07 1.16556e-05 0.000622671 0
0.999829 1.00092 0.642753 0.0585329 0.0513932 0.00713975 0.000431955 3.66213e-07 1.12014e-05 0.000601288 0
0.999825 1.0009 0.642744 0.0586616 0.0515268 0.00713475 0.000376419 3.81236e-07 1.07256e-05 0.000467416 0
0.99985 1.00099 0.642783 0.0586647 0.0515355 0.00712919 0.000361339 2.81807e-07 1.32055e-05 0.000512786 0
0.999795 1.00091 0.642779 0.0586401 0.0515135 0.00712656 0.000337072 5.2346e-07 1.09482e-05 0.00062657 0
0.999783 1.00082 0.642736 0.0587537 0.0516295 0.0071242 0.000337345 5.90394e-07 8.97047e-06 0.000491698 0
0.999871 1.00097 0.64275 0.0586678 0.0515482 0.00711963 0.000319658 2.09156e-07 1.26713e-05 0.000456529 0
0.999805 1.00086 0.642737 0.0585148 0.0513945 0.00712031 0.00047825 4.76572e-07 9.75541e-06 0.000593309 0
0.999782 1.00083 0.642746 0.0585734 0.0514569 0.00711655 0.000361872 5.95445e-07 9.2841e-06 0.000542703 0
0.999851 1.00094 0.642749 0.0586305 0.0515199 0.00711054 0.000465721 2.77859e-07 1.18422e-05 0.000348436 0
0.999832 1.001 0.642802 0.0584667 0.051356 0.00711065 0.000413935 3.51873e-07 1.3287e-05 0.000417859 0
0.999762 1.00088 0.642792 0.0584372 0.0513227 0.00711458 0.000359579 7.09107e-07 1.02419e-05 0.000435739 0
0.999849 1.00091 0.642731 0.058458 0.0513447 0.00711328 0.000334578 2.86281e-07 1.1079e-05 0.000289161 0
0.999849 1.00086 0.642699 0.0584859 0.0513708 0.00711507 0.000318607 2.84173e-07 9.91265e-06 0.00024502 0
0.999792 1.00086 0.642756 0.0583582 0.0512385 0.0071197 0.000304399 5.42271e-07 9.97396e-06 0.000483498 0
0.999794 1.00089 0.642771 0.0583765 0.0512562 0.00712028 0.000499748 5.28873e-07 1.06323e-05 0.000407228 0
0.999791 1.00094 0.642805 0.0583385 0.0512189 0.0071196 0.00048844 5.45754e-07 1.17949e-05 0.000315393 0
0.999797 1.00091 0.642783 0.0583371 0.0512193 0.0071178 0.000384196 5.14571e-07 1.11676e-05 0.000328117 0
0.999851 1.00089 0.642714 0.0583545 0.0512458 0.00710874 0.000434753 2.78015e-07 1.05442e-05 0.000391891 0
0.99984 1.00096 0.642768 0.0584626 0.0513574 0.00710524 0.000352987 3.19122e-07 1.21987e-05 0.000209959 0
0.999743 1.00086 0.642797 0.0584062 0.0513046 0.00710153 0.000814231 8.27709e-07 9.75972e-06 0.000266848 0
0.999741 1.00098 0.642881 0.058318 0.0512162 0.00710179 0.000628724 8.39817e-07 1.28888e-05 0.000444293 0
0.999772 1.00099 0.642853 0.0583458 0.0512473 0.00709849 0.000685758 6.50401e-07 1.29912e-05 0.000537996 0
0.999808 1.00095 0.642798 0.0583215 0.051224 0.00709749 0.00054113 4.61608e-07 1.21571e-05 0.00021623 0
0.999855 1.00086 0.642692 0.0583025 0.0512059 0.0070966 0.000893981 2.6307e-07 9.85587e-06 0.000301297 0
0.999873 1.00089 0.642692 0.058334 0.0512387 0.00709527 0.00068521 2.02891e-07 1.04984e-05 0.000200568 0
0.999842 1.00085 0.642701 0.0583055 0.0512176 0.00708787 0.000577725 3.13472e-07 9.74749e-06 0.000206039 0
0.999815 1.00089 0.642749 0.0583039 0.051223 0.00708095 0.000572117 4.2643e-07 1.05527e-05 0.000221808 0
0.999749 1.00094 0.642846 0.0582539 0.0511755 0.00707842 0.000534728 7.88857e-07 1.17909e-05 0.000304052 0
0.999713 1.00089 0.642851 0.0582019 0.051128 0.00707393 0.000480748 1.03262e-06 1.06717e-05 0.000289512 0
0.999801 1.00089 0.642764 0.0582763 0.0512087 0.00706758 0.000894645 4.94487e-07 1.06073e-05 0.000480385 0
0.999901 1.00084 0.642633 0.0582893 0.0512277 0.00706157 0.000566517 1.23665e-07 9.33104e-06 0.00028162 0
0.999876 1.00083 0.64265 0.0582515 0.0511858 0.00706567 0.000666765 1.93511e-07 9.08768e-06 0.000472419 0
0.999805 1.00086 0.642738 0.0583555 0.0512846 0.00707098 0.000691146 4.74412e-07 9.79451e-06 0.000383816 0
0.999798 1.00092 0.642788 0.0582897 0.0512206 0.00706912 0.000561068 5.10994e-07 1.13793e-05 0.000501971 0
0.999831 1.00091 0.642747 0.0582768 0.0512136 0.00706312 0.000544126 3.58406e-07 1.10283e-05 0.000535865 0
0.999853 1.00091 0.642726 0.0583327 0.0512724 0.00706028 0.000495727 2.69361e-07 1.10431e-05 0.000641045 0
0.999831 1.00087 0.642719 0.0583658 0.0513069 0.00705889 0.000556282 3.58069e-07 9.98777e-06 0.000606663 0
0.999859 1.00097 0.642759 0.0582943 0.0512385 0.00705583 0.000471861 2.47485e-07 1.25675e-05 0.000356556 0
0.999838 1.00088 0.642725 0.0583094 0.0512568 0.00705266 0.000437301 3.30036e-07 1.04419e-05 0.000219568 0
0.999823 1.00086 0.642724 0.0582609 0.051209 0.00705184 0.000418303 3.90164e-07 9.9126e-06 0.000184482 0
0.999859 1.00093 0.642731 0.0582188 0.0511732 0.00704562 0.000396496 2.47115e-07 1.14957e-05 0.000192844 0
0.999845 1.00087 0.642705 0.0582567 0.0512146 0.00704213 0.000503613 3.00623e-07 9.98921e-06 0.000279755 0
0.999834 1.0009 0.642738 0.0582531 0.0512136 0.00703951 0.000437625 3.46209e-07 1.07981e-05 0.000304501 0
0.999835 1.0009 0.642736 0.0582604 0.0512237 0.00703679 0.000408191 3.41675e-07 1.07701e-05 0.000389125 0
0.999824 1.00086 0.64272 0.0582924 0.0512586 0.00703382 0.000469908 3.86717e-07 9.82493e-06 0.000305054 0
0.999839 1.00087 0.642714 0.0584127 0.0513828 0.00702987 0.000430221 3.22456e-07 1.01215e-05 0.000218281 0
