A/A0 V/V0 Vr eb eb_bend eb_ad ea ega ev ek ee
1 1.00032 0.642203 0.111098 0.0495561 0.0615419 0.000329511 0 1.33674e-06 7.56699e-10 0
1.00072 1.00162 0.642346 0.11045 0.0495495 0.0609006 0.000344972 6.51619e-06 3.52539e-05 0.000192141 0
1.00098 1.00147 0.642001 0.109915 0.0496152 0.0602994 0.000328442 1.20684e-05 2.91244e-05 0.00015378 0
1.00119 1.00103 0.641519 0.109369 0.0496324 0.059737 0.000357723 1.76869e-05 1.42411e-05 0.000197508 0
1.00145 1.00073 0.641075 0.108833 0.0496356 0.0591976 0.00039922 2.64184e-05 7.2141e-06 0.000182259 0
1.0017 1.0005 0.64068 0.108345 0.0496629 0.0586822 0.000453032 3.64711e-05 3.30875e-06 0.000152903 0
1.00192 1.00027 0.640334 0.10788 0.0496779 0.0582016 0.000507005 4.60618e-05 9.99738e-07 0.000136506 0
1.00209 1.0001 0.640056 0.107426 0.0496882 0.0577383 0.000649961 5.48204e-05 1.34033e-07 0.00016205 0
1.00222 0.999962 0.639847 0.106997 0.049697 0.0572997 0.000701715 6.16782e-05 1.96583e-08 0.00016136 0
1.0023 0.999868 0.639708 0.106604 0.0497229 0.0568814 0.000826773 6.63368e-05 2.35061e-07 0.000198713 0
1.00234 0.999819 0.639636 0.106246 0.0497494 0.0564967 0.000828711 6.88101e-05 4.38442e-07 0.0001608 0
1.00234 0.999798 0.639622 0.105884 0.0497625 0.0561218 0.000950808 6.88491e-05 5.46898e-07 0.000126325 0
1.00232 0.999813 0.639657 0.105546 0.049784 0.055762 0.000952055 6.72991e-05 4.69865e-07 0.000139546 0
1.00227 0.99986 0.639729 0.105191 0.0497785 0.0554127 0.000869891 6.47578e-05 2.64859e-07 0.000177731 0
1.00221 0.999901 0.639812 0.10489 0.0498093 0.0550809 0.00105437 6.14534e-05 1.30297e-07 0.000139747 0
1.00214 0.999949 0.639915 0.104573 0.0498149 0.0547576 0.00102749 5.72913e-05 3.50163e-08 0.000159482 0
1.00207 0.999981 0.639999 0.104277 0.0498417 0.0544358 0.00115337 5.3776e-05 4.9133e-09 0.000159267 0
1.00201 1.00004 0.640102 0.10402 0.0499017 0.0541185 0.00101951 5.0453e-05 2.61158e-08 0.000100374 0
1.00194 1.00006 0.640174 0.103704 0.0498891 0.0538147 0.00115145 4.72245e-05 4.50982e-08 0.000186573 0
1.0019 1.0001 0.640236 0.103451 0.0499361 0.0535153 0.00112686 4.53008e-05 1.21667e-07 0.000126734 0
1.00188 1.0001 0.640258 0.103126 0.0499001 0.0532263 0.000977076 4.44625e-05 1.43926e-07 0.000216584 0
1.00188 1.00009 0.640247 0.102915 0.0499778 0.0529376 0.00100261 4.45329e-05 1.07282e-07 0.000197658 0
1.00189 1.00007 0.640226 0.102656 0.0499965 0.0526593 0.000924045 4.49289e-05 6.35218e-08 0.000244065 0
1.00191 1.00004 0.640194 0.102351 0.0499612 0.0523895 0.000986175 4.5581e-05 1.98821e-08 0.000319932 0
1.00187 0.999993 0.640196 0.102115 0.0500131 0.0521018 0.00132355 4.40104e-05 7.03281e-10 0.000284693 0
1.00192 0.999991 0.640149 0.101867 0.0500216 0.0518452 0.00127752 4.63119e-05 1.10609e-09 0.000230537 0
1.00193 0.999968 0.640122 0.101632 0.050037 0.0515952 0.001222 4.69518e-05 1.34991e-08 0.000181147 0
1.00195 0.999946 0.640091 0.101393 0.050041 0.0513522 0.00115769 4.77951e-05 3.8557e-08 0.000222007 0
1.00196 0.999933 0.640071 0.101148 0.0500338 0.0511145 0.00108877 4.83788e-05 5.99173e-08 0.000222072 0
1.00196 0.999921 0.640064 0.100926 0.0500443 0.0508818 0.00117547 4.83345e-05 8.43237e-08 0.000225818 0
1.00196 0.999928 0.64007 0.100678 0.0500253 0.0506524 0.00107448 4.82631e-05 6.87368e-08 0.000214357 0
1.00192 0.999927 0.640106 0.10044 0.0500159 0.0504245 0.00134696 4.63811e-05 7.16286e-08 0.00020172 0
1.00192 0.999932 0.640112 0.100234 0.0500311 0.0502032 0.00132544 4.62905e-05 6.14443e-08 0.000167478 0
1.00185 0.999931 0.640177 0.100028 0.0500415 0.0499865 0.00155096 4.30249e-05 6.40668e-08 0.000167765 0
1.00183 0.999958 0.640219 0.0998457 0.05006 0.0497856 0.00144365 4.18434e-05 2.32226e-08 0.000174821 0
1.00183 0.999996 0.640244 0.0996292 0.0500413 0.049588 0.00165769 4.17993e-05 2.47446e-10 0.000203441 0
1.00181 1.00001 0.640269 0.0994574 0.050064 0.0493934 0.0013882 4.10752e-05 1.6203e-09 0.000179621 0
1.0018 1 0.640269 0.0992444 0.0500466 0.0491978 0.00137184 4.07841e-05 3.53981e-11 0.000217433 0
1.0018 0.999997 0.640273 0.0990867 0.0500851 0.0490015 0.00134456 4.04717e-05 9.53729e-11 0.000143488 0
1.00176 1 0.640316 0.0989136 0.0501172 0.0487964 0.00164434 3.86842e-05 2.31219e-10 0.000138817 0
1.00175 0.999997 0.640314 0.0987274 0.0501168 0.0486106 0.00198925 3.85604e-05 1.09578e-10 0.000159675 0
1.00174 0.999977 0.640318 0.0985105 0.0500903 0.0484203 0.00165069 3.7785e-05 7.056e-09 0.000195408 0
1.00172 0.999992 0.640339 0.0983374 0.0501137 0.0482237 0.00204146 3.72521e-05 9.51507e-10 0.00015059 0
1.00173 0.999995 0.640333 0.0981227 0.0500755 0.0480473 0.00195654 3.76283e-05 3.81117e-10 0.000148547 0
1.00174 1.00001 0.640339 0.0979671 0.0500996 0.0478675 0.00164834 3.78826e-05 2.13829e-09 0.000132883 0
1.00175 0.999984 0.640308 0.0978187 0.0501239 0.0476948 0.00153237 3.84397e-05 3.2882e-09 0.000121732 0
1.00173 0.999991 0.640328 0.0976151 0.0500991 0.047516 0.00157542 3.77485e-05 1.14505e-09 0.000146764 0
1.00173 1 0.640337 0.0974513 0.0501099 0.0473415 0.00144111 3.75952e-05 1.07414e-13 0.000101388 0
1.00172 1 0.640347 0.0972509 0.0500842 0.0471667 0.00146181 3.71446e-05 3.67229e-12 0.000180373 0
1.00171 1.00001 0.640361 0.0970825 0.0500917 0.0469908 0.00141584 3.67164e-05 6.6859e-10 0.000176113 0
1.00167 1.00001 0.640398 0.0969433 0.0501282 0.0468151 0.00162916 3.50862e-05 8.17842e-10 0.000111693 0
1.00166 1.00003 0.640423 0.0967182 0.0500713 0.0466469 0.0014719 3.46152e-05 1.21956e-08 0.000100721 0
1.0016 1.00006 0.640506 0.0965623 0.0500866 0.0464757 0.00163325 3.20488e-05 5.62581e-08 0.000102077 0
1.0016 1.00003 0.640484 0.0963584 0.050045 0.0463134 0.00166924 3.19437e-05 9.56807e-09 9.21346e-05 0
1.00162 1.00005 0.640474 0.096206 0.0500563 0.0461497 0.00150704 3.28599e-05 2.77155e-08 6.51834e-05 0
1.00163 1.00004 0.640467 0.0960558 0.0500678 0.045988 0.001469 3.31555e-05 2.68538e-08 8.41754e-05 0
1.0016 1.00002 0.640479 0.0958821 0.0500576 0.0458246 0.00161199 3.20311e-05 6.55584e-09 8.19152e-05 0
1.00162 1.00005 0.640473 0.0957283 0.0500663 0.0456621 0.00149115 3.28924e-05 2.73193e-08 8.79198e-05 0
1.00161 1.00002 0.640458 0.0955473 0.0500452 0.0455021 0.00160412 3.27317e-05 3.51092e-09 8.89921e-05 0
1.00162 1.00001 0.640451 0.0954089 0.0500652 0.0453437 0.00165845 3.29079e-05 1.80325e-09 9.90435e-05 0
1.0016 1.00003 0.640483 0.0952503 0.0500685 0.0451818 0.00160759 3.2072e-05 1.22819e-08 0.000136663 0
1.00159 1 0.640475 0.0951018 0.0500787 0.0450231 0.0017593 3.17328e-05 2.54582e-10 0.000117007 0
1.00159 1.00001 0.640484 0.0949358 0.0500644 0.0448714 0.00158392 3.15501e-05 1.83783e-09 0.000141767 0
1.00157 1.00004 0.640512 0.0947904 0.0500716 0.0447188 0.00187094 3.11253e-05 2.08741e-08 0.000118074 0
1.00154 1.00006 0.640556 0.0946565 0.0500877 0.0445687 0.00196436 2.98525e-05 4.77225e-08 8.57147e-05 0
1.00151 1.00007 0.640589 0.094489 0.050071 0.0444179 0.00180009 2.87852e-05 6.63027e-08 8.11828e-05 0
1.00152 1.00006 0.640577 0.0943342 0.0500639 0.0442703 0.00174624 2.91018e-05 5.42144e-08 0.00010363 0
1.00152 1.00006 0.640584 0.0941641 0.0500435 0.0441206 0.00180394 2.88276e-05 5.38569e-08 0.000140546 0
1.00145 1.00006 0.640647 0.0940098 0.0500398 0.04397 0.00195522 2.63752e-05 5.40617e-08 0.000191757 0
1.00147 1.00009 0.640642 0.0939074 0.0500789 0.0438285 0.00182648 2.7158e-05 1.01577e-07 0.000115464 0
1.00145 1.00009 0.640665 0.0937252 0.0500397 0.0436855 0.00189339 2.63692e-05 1.12267e-07 0.000141381 0
1.00145 1.0001 0.640667 0.0936013 0.0500557 0.0435456 0.00197468 2.63989e-05 1.21542e-07 0.000116354 0
1.00144 1.0001 0.640682 0.093448 0.0500436 0.0434044 0.00178828 2.60386e-05 1.43253e-07 9.53076e-05 0
1.00144 1.0001 0.640679 0.0933102 0.0500453 0.043265 0.00169884 2.603e-05 1.30967e-07 9.03117e-05 0
1.00144 1.0001 0.640685 0.0931546 0.050029 0.0431256 0.00162854 2.59253e-05 1.4676e-07 6.29938e-05 0
1.00142 1.0001 0.640692 0.0930215 0.0500322 0.0429893 0.00166918 2.54644e-05 1.23262e-07 8.23434e-05 0
1.00143 1.0001 0.64069 0.092875 0.0500237 0.0428513 0.00163654 2.5721e-05 1.42535e-07 7.0257e-05 0
1.00142 1.00009 0.640691 0.0927258 0.0500129 0.042713 0.00168939 2.54672e-05 1.18799e-07 9.20642e-05 0
1.00143 1.00012 0.640706 0.0925889 0.0500124 0.0425765 0.00199881 2.55484e-05 1.95855e-07 0.000102117 0
1.00136 1.00012 0.640774 0.092462 0.0500223 0.0424397 0.00182153 2.31409e-05 2.04187e-07 0.00011062 0
1.00138 1.00012 0.640756 0.0923412 0.0500342 0.0423071 0.00169979 2.37798e-05 2.06881e-07 8.13401e-05 0
1.00137 1.00011 0.640755 0.0921914 0.0500175 0.0421739 0.00191465 2.36044e-05 1.74174e-07 0.000138916 0
1.00135 1.00011 0.640775 0.0920747 0.0500344 0.0420403 0.00176664 2.28739e-05 1.71789e-07 0.000118954 0
1.00138 1.0001 0.64074 0.0919404 0.0500342 0.0419062 0.00173935 2.3915e-05 1.47008e-07 0.000102046 0
1.00138 1.00011 0.640743 0.0917905 0.0500192 0.0417713 0.00181216 2.38518e-05 1.53098e-07 0.000110749 0
