(progn
  (merge-baseap appearance {
    face
    -edge
    vect
    -transparent
    evert
    shading flat
    normscale 1
    -normal
    linewidth 1 
    patchdice 10 10
    material {
      shininess 15.000000
      ka 0.300000
      kd 1.000000
      ks 0.300000
      alpha 1.000000
      ambient 1.000000 1.000000 1.000000
      diffuse 1.000000 1.000000 1.000000
      specular 1.000000 1.000000 1.000000
      edgecolor 0.000000 0.000000 0.000000
      normalcolor 1.000000 1.000000 1.000000
    }
    lighting {
      ambient 0.2 0.2 0.2
      localviewer 1
      attenconst 1
      attenmult 0
      replacelights
      light {
        ambient 0.000000 0.000000 0.000000
        color 0.750000 0.750000 0.750000
        position 0.000000 0.000000 10.000000 0.000000
      }
      light {
        ambient 0.000000 0.000000 0.000000
        color 0.600000 0.600000 0.600000
        position 0.000000 1.000000 -1.000000 0.000000
      }
      light {
        ambient 0.000000 0.000000 0.000000
        color 0.400000 0.400000 0.400000
        position 1.000000 -2.000000 -1.000000 0.000000
      }
    }
  }
  ) # end base appearance
(xform-set "worldgeom" transform {
    0.99296016   0.091139182  -0.075783573             0
    0.09156204   -0.18376242    0.97870559             0
   0.075273268   -0.97873574   -0.19081636             0
             0             0             0             1

  }
)
  (new-geometry "[g1]"	# obj
    {
      appearance {
        edge
        material {
          ks 0.000000
        }
      }
      INST
      geom {
        define "./prolate_Vr0.95.off"
NOFF
642 1280 1920

-0.58797109 0.39228302 0.49552241  0.79907334 -0.54485029 -0.25420451
0.33275247 -0.6593526 0.0099299233  -0.43468368 0.89890963 -0.054877128
-0.65592968 -0.28693441 -0.31094274  0.89928657 0.40269634 0.17064391
-0.053758599 -0.5597471 -0.7814678  0.13113871 0.82283145 0.5529477
-0.74494922 0.073696896 -0.056132026  0.99283504 -0.097058289 0.069701545
-0.25568789 -0.62200409 -0.52461427  0.38388279 0.87863606 0.28395879
0.28658468 -0.66952151 0.12707238  0.39114779 -0.91491866 0.099635787
-0.63359529 0.11206798 -0.55688506  0.9103598 -0.18936694 0.36794725
-0.59363538 -0.4390555 -0.10796801  -0.79520911 -0.60308456 -0.062700979
-0.45087996 -0.18222727 -0.84250563  -0.71963042 -0.25939387 -0.64408594
-0.3755542 0.54463506 0.61844599  -0.51493251 0.77620095 0.36380824
-0.21714394 -0.0023154293 -1.0410058  0.39450604 -0.0097289737 0.9188419
0.37625462 0.39586896 -0.78977758  -0.51409352 -0.63453811 0.57712156
-0.55805123 0.16136563 0.77898061  0.7947275 -0.21409123 -0.56795526
0.33727473 -0.09024743 -1.0092443  -0.49265811 0.10442094 0.86393541
-0.59875071 0.23461096 -0.55174363  0.85721809 -0.35996497 0.36824241
-0.01790976 0.73669243 0.075220123  0.012229579 -0.99991524 -0.0044546691
-0.022564266 -0.71150959 -0.37765566  0.065026566 0.98268318 0.17350891
-0.052467871 0.27520782 -1.0071157  0.12139525 -0.47830689 0.86976188
-0.56985331 0.17065233 -0.66134638  0.84159231 -0.28001854 0.46185711
-0.63872886 -0.10787679 -0.55619872  0.92316496 0.13265361 0.36079004
0.69240701 0.2776739 -0.055726252  0.91829348 0.39590001 0.00057431159
-0.65924549 0.31050444 0.39923102  0.89035887 -0.4171198 -0.18240701
-0.71477926 0.20379798 0.3000941  0.95449996 -0.27419931 -0.11723739
0.22083943 0.65199077 -0.4131465  -0.26856464 -0.93519628 0.2308268
0.0088560125 -0.72813368 -0.26676172  0.010543516 0.99434674 0.10565647
0.12755433 0.28712422 1.0093803  0.24718322 0.45025748 0.85800272
0.22301593 0.44715571 0.85279477  -0.36392641 -0.66669148 -0.65044612
0.44445768 -0.14504176 -0.9207918  0.63912201 -0.2102643 -0.73980534
0.033425584 0.38292232 0.96884555  -0.10504127 -0.59030199 -0.80031866
0.46025509 0.11328031 -0.90251493  -0.67055786 -0.20434107 0.71315974
-0.40953201 0.33028346 -0.76919782  0.63009262 -0.52085674 0.57592672
-0.41702503 -0.079013705 -0.90712196  0.68451059 0.088911854 0.72356057
-0.1858086 -0.53020555 0.74174201  -0.24895395 -0.82356858 0.50966334
-0.23211786 -0.37856123 0.90345144  0.32784089 0.62451446 -0.70887381
0.0076171691 0.62908697 -0.58778477  0.025068112 -0.92706597 0.37405926
-0.68626171 -0.29299098 0.0971241  0.90670419 0.4212521 -0.020837352
-0.69743443 -0.26354218 -0.034787685  -0.9288705 -0.36800796 -0.042066563
-0.60440636 -0.40325221 -0.23874784  0.82249045 0.55350006 0.13094693
-0.33438477 0.66346276 0.18162335  -0.44073734 0.89678562 0.039066143
-0.65872997 -0.32484218 -0.17716891  0.88366425 0.45780084 0.097754329
0.12556608 -0.063299805 1.0702792  -0.22160393 0.14608814 -0.96413171
0.049624763 0.73006535 0.20472148  -0.065134205 -0.99615896 -0.058521416
-0.05907125 -0.54428607 0.75582772  -0.057418026 -0.84388405 0.53344434
-0.50812483 -0.23243387 -0.74595082  0.77763689 0.32084775 0.54068261
-0.58712399 -0.32752866 -0.49511328  0.83888721 0.45288742 0.30192927
0.48515907 0.52696002 0.31622726  0.67565578 0.71870273 0.16418178
-0.0023244312 -0.64257425 0.55355233  0.027569583 -0.94088274 0.33760861
0.74758446 -0.022793656 -0.19985786  -0.99818593 0.019117534 0.057091746
0.32973924 0.22004826 0.94150001  -0.55767375 -0.3388693 -0.75773847
-0.23105299 0.27499723 0.99651498  0.30583358 -0.40196735 -0.86306906
-0.51746756 0.012138712 -0.79631662  -0.79466259 0.055228163 -0.60453391
0.3522732 -0.33875018 0.82600957  -0.56001133 0.54261297 -0.62606585
0.45376787 -0.58625412 0.0013983783  -0.5921213 0.8041845 -0.051765665
0.47226161 -0.55185646 0.17570789  0.62840152 -0.76668108 0.13157396
-0.45030564 0.4560093 0.67259485  0.62276781 -0.65023798 -0.43514457
0.63482857 -0.33948869 -0.438528  -0.84836739 0.49032637 0.19963154
-0.26392385 0.049975391 1.0450191  -0.38160148 0.020422228 0.92410129
-0.35666221 -0.35421938 0.84806526  -0.51059079 -0.57595998 0.63840991
-0.33066124 0.42200613 -0.75549996  -0.52401334 0.64601302 -0.55504704
-0.36434194 -0.16066913 0.96160191  0.52245134 0.28509793 -0.80359429
0.51345104 -0.0033937299 -0.86728585  -0.76612884 -0.036450189 0.64165252
-0.46936697 -0.29966933 0.78589511  0.67302293 0.48693106 -0.55672091
0.73059589 0.1620698 -0.038416531  0.97267616 0.23168974 0.014861453
-0.19776174 0.32665539 -0.93359375  0.35214806 -0.55854911 0.75100905
0.25295451 -0.36292508 0.88000458  -0.41709042 0.59018624 -0.69116986
0.37979308 -0.48980221 0.60031188  -0.55410886 0.73951155 -0.38221201
0.40460438 -0.61075425 0.1090942  -0.5411225 0.83566254 -0.094098337
0.41111216 -0.57336658 0.29768795  -0.5706116 0.79966187 -0.18693167
0.45562324 -0.49427733 -0.59878933  -0.62149662 0.7045418 0.34258246
0.11267628 -0.64267635 0.51365948  -0.19347341 0.93229318 -0.3056097
0.046052299 0.69898725 0.43828869  -0.091401562 -0.96937376 -0.22794808
-0.332849 0.63935775 0.397021  0.45129082 -0.87374353 -0.18140799
0.19900955 -0.6915763 0.20542118  -0.27821133 0.95116013 -0.13376364
0.25180185 -0.58402163 0.55754608  -0.37479594 0.85911846 -0.34848738
0.60458046 -0.42342657 -0.31969702  0.8055442 -0.58124816 -0.11510479
0.04710374 0.71988583 0.32451782  0.10382462 0.9850722 0.13730711
0.61662555 -0.325488 0.36678264  0.85284358 -0.47129625 0.22480571
0.10815014 0.54058999 -0.74871594  -0.11812483 -0.83809406 0.53258318
-0.4364323 0.59875822 0.26977676  -0.55878371 0.82386523 0.094904743
0.6587835 0.34131438 0.056332026  -0.87978309 -0.47306547 -0.046806674
0.31799108 0.37450004 0.85403156  0.5305779 0.53206176 0.6598466
0.40931255 0.3678627 0.77092063  0.64047384 0.5364337 0.54957461
0.37133998 0.19221659 -0.9453975  0.53713191 0.33805317 -0.77279317
0.19343087 0.709602 0.027772762  0.26278889 0.96482462 -0.0074505801
-0.50896531 -0.53472805 -0.07528837  0.6767472 0.7353158 0.036385935
-0.45221266 -0.55955482 -0.28391737  0.63721532 0.75806153 0.13892208
-0.35185903 -0.55648905 -0.55823582  -0.52601165 -0.77858895 -0.34221491
0.020263679 0.70231068 -0.32235497  -0.020840654 -0.98210287 0.18718883
-0.36297855 -0.41510624 -0.77397501  0.57139546 0.6042701 0.55530614
-0.71333647 -0.075516909 -0.30287293  0.97738886 0.10006335 0.18627487
-0.23068652 0.50087214 -0.73475558  -0.3668654 0.76776332 -0.52530867
-0.51408815 -0.46980801 0.42802733  0.69060761 0.68575364 -0.22978923
-0.72702801 0.11347447 -0.18396205  0.97859275 -0.15781961 0.1320954
0.51207858 -0.07123813 0.79541701  -0.79028493 0.14377281 -0.59563333
0.74321729 0.091461837 -0.14188631  -0.9918046 -0.12432977 0.029421644
0.62905633 -0.06317839 0.58969152  0.9161185 -0.10255431 0.38756868
0.36449721 -0.52523714 -0.6731168  0.48369074 -0.7661953 -0.4230698
0.44331604 -0.43026742 -0.7226494  -0.62619233 0.62646478 0.46413916
0.44982943 -0.34584361 -0.80641699  -0.6270287 0.51244622 0.58671445
-0.51176947 -0.39077505 -0.58284438  0.75015533 0.55174303 0.3644813
0.53127134 -0.12643066 -0.83392727  -0.76497388 0.15649568 0.62475926
0.28325564 -0.25185043 0.93949544  0.48724893 -0.42437235 0.76321459
0.72165573 -0.092186734 0.22714739  0.97950816 -0.1333373 0.15094665
0.41716465 -0.61211431 -0.24148886  0.52459079 -0.84829021 -0.072167978
-0.51332062 0.48649922 -0.31943446  0.69983906 -0.68300325 0.20912147
0.70681775 0.10286129 0.3134076  0.97157604 0.14444038 0.18755519
0.54893339 -0.37790114 0.47776476  -0.78599465 0.54286557 -0.29582
-0.13279355 0.58437467 -0.65047795  -0.21948087 0.87422621 -0.43307823
0.19540504 -0.50424045 -0.83036804  -0.25849661 0.75759226 0.599361
0.16117041 0.69100004 -0.29328325  0.1992144 0.9661501 -0.16391332
-0.6850819 -0.15682988 0.4778541  0.93377686 0.25785509 -0.24813604
0.24994767 -0.42868033 -0.88675994  -0.34312424 0.629646 0.69700199
0.047463261 -0.28936499 1.005336  0.12809049 -0.49017778 0.86215925
-0.26205483 -0.22888264 -0.97879696  0.45897949 0.32164258 0.82818109
0.69790107 -0.25444549 0.085568868  -0.93475378 0.34452435 -0.086823031
0.74953502 -0.051425692 -0.084746078  0.99742842 -0.07165049 0.0016837539
0.70325553 -0.25110263 -0.23531547  -0.94055253 0.33162445 0.07339029
-0.6536299 0.18955773 -0.44536573  -0.91509736 0.28512213 -0.2851356
-0.19850224 -0.31556669 -0.96807986  0.35713035 0.469937 0.80722809
-0.60481799 0.25103521 0.64380264  0.8545292 -0.34234428 -0.39061522
0.6616978 0.33393618 -0.17035566  -0.88218176 -0.46726829 0.058444355
-0.43682337 -0.55376238 0.37054414  0.58060926 0.79027581 -0.19584934
-0.55433059 -0.45915866 0.31799239  0.72771364 0.66616231 -0.16328099
-0.3176116 -0.49497882 0.70742905  0.43840262 0.76790142 -0.46704462
-0.53983873 0.35364127 -0.54060709  0.77439326 -0.51922005 0.36155993
-0.4702397 0.55038631 -0.21976273  0.62990332 -0.76140565 0.15324265
-0.27811289 0.67177886 -0.17690648  -0.37173656 0.91993326 -0.12463858
-0.054951008 0.15505455 -1.0598745  -0.14199054 0.30958134 -0.94021171
-0.55005288 -0.28937107 -0.63033253  -0.81796479 -0.3959457 -0.41732553
-0.32428414 0.66409576 -0.057228789  -0.44006941 0.89541364 -0.06762711
-0.43392783 0.31352222 0.84363556  0.61881173 -0.47108158 -0.62861288
-0.1099177 -0.38661575 0.93452919  -0.13713869 -0.64328957 0.7532407
0.04957201 0.35077387 -0.96568793  0.019467844 0.58213383 -0.81285995
0.24961033 0.56051576 -0.64461035  0.33278126 0.84738678 -0.41375387
0.0039015026 -0.65687668 -0.59666377  0.036552157 0.93908018 0.3417488
0.62116492 0.38952667 0.17208576  0.83571565 0.54077858 0.095592409
-0.67028821 0.17039742 0.5465048  -0.92475605 0.22684805 0.30555883
-0.71582949 0.081015393 0.43241295  0.97271675 -0.088567987 -0.21442443
0.17136113 0.71074545 0.19550386  0.23871277 0.96841943 0.071972311
-0.16527371 -0.55015802 -0.75086039  0.28094354 0.80779207 0.51821101
-0.44443256 -0.44158989 0.64342844  0.60389662 0.68767178 -0.40300924
-0.408914 -0.40369135 0.74532497  -0.56982481 -0.64147633 0.51362228
0.50449693 -0.24407251 -0.81714171  -0.72190666 0.34241924 0.60133171
0.075285971 0.60805726 0.69284773  0.16058904 0.87833059 0.45027393
-0.43466812 -0.5883342 0.16164537  0.564147 0.82170129 -0.080901302
-0.19587363 0.12182061 -1.0336506  0.37131852 -0.23248243 0.89892966
-0.10274701 -0.72637451 0.05148017  -0.1427307 -0.98849463 0.050062001
0.085534684 0.47552115 0.87822437  0.16693908 0.71624881 0.67758328
0.62326217 -0.41570616 -0.098725364  -0.82720125 0.56186891 -0.0064403745
-0.20451963 0.68327385 0.41920319  0.26165062 -0.94457871 -0.19826734
-0.73057467 -0.15664062 -0.041073013  -0.97377485 -0.22191221 -0.050175145
-0.13903028 -0.63146603 0.5497449  0.18254618 0.92709142 -0.32738107
-0.14440818 0.47364798 0.87719899  0.1730112 -0.70622438 -0.68652332
-0.41343045 0.56496155 -0.34407219  0.55892712 -0.80104858 0.21429315
-0.11205839 0.52610058 -0.75728333  0.18379925 -0.82051903 0.54126376
0.66698301 0.11628076 -0.56945938  0.92416263 0.18942177 -0.331727
0.49026275 0.52242959 -0.32227576  -0.63988709 -0.7528888 0.15395774
-0.69790632 0.1566619 -0.30666903  0.95420563 -0.2217999 0.2007397
0.28237972 0.66214651 0.29085851  -0.39145723 -0.91237891 -0.11969107
-0.13680567 0.049898524 1.0823163  0.19033214 -0.089048862 -0.97767276
0.54735202 0.22011936 -0.74590367  0.77526003 0.37260565 -0.51003629
-0.52125674 0.49187905 0.44650254  -0.69420642 0.68705183 0.21456303
-0.73511344 -0.12127894 0.22548206  0.97975028 0.18407427 -0.078778572
-0.58405828 0.057621066 -0.68215179  0.87349582 -0.11698417 0.4725672
-0.74302483 0.11698409 0.18429092  -0.98749876 0.14937408 0.050334062
0.50097919 0.17578962 0.78719491  0.78389227 0.23794113 0.57349545
0.56952327 -0.45665056 0.16830918  0.75880939 -0.63901025 0.12599272
-0.3021006 -0.63018143 0.3718254  -0.40981016 -0.88859367 0.20605078
0.098181494 0.16715281 1.0636921  -0.20251162 -0.23980376 -0.94946474
-0.14811584 0.16978247 1.0594867  0.20339398 -0.26806748 -0.94168502
0.2164562 0.20725231 1.011729  0.40423587 0.30322433 0.86293018
-0.7362293 0.086059287 0.30904147  -0.98576611 0.10827106 0.12861788
0.25655982 -0.54377055 -0.73838776  0.34143493 -0.80129623 -0.49127033
-0.52659667 -0.18009773 0.79873621  -0.75878245 -0.30652386 0.57471067
-0.50095165 0.46502289 0.56815767  0.67385751 -0.66526282 -0.32146755
-0.37691587 -0.048667241 0.98048639  0.55421281 0.1007715 -0.82625258
-0.52641916 -0.40278006 0.56160039  0.7161237 0.61917287 -0.32216737
-0.13828906 -0.17235194 1.054177  -0.18170497 -0.30066851 0.93625945
-0.63852239 0.28520566 0.52335632  0.87633979 -0.38740468 -0.28626242
0.43958274 0.48942894 -0.56290054  -0.59780234 -0.72997606 0.33131143
-0.12994277 0.45133489 -0.85103655  -0.23096836 0.72037792 -0.65399486
0.59633482 -0.083243243 -0.7489413  0.85410732 -0.080667265 -0.51380289
-0.10931865 0.28239173 1.025885  -0.14166462 0.42237958 0.89528012
-0.07965178 0.38697675 0.96703184  0.075569429 -0.59066176 -0.8033728
0.47336227 -0.57565057 -0.1342995  -0.62895769 0.77737945 0.0096731763
-0.3157199 0.3270447 -0.86162233  0.51384699 -0.53959548 0.66693175
0.53548855 -0.43834049 0.3796069  0.74328375 -0.62658894 0.23434071
-0.48376718 0.10281833 0.88774621  0.70620149 -0.14170581 -0.693685
-0.46973062 -0.11769509 0.8896116  -0.68224639 -0.21483596 0.69884574
0.13477196 0.46595034 -0.84597671  -0.15995267 -0.75960392 0.63041013
0.10545399 0.64625317 -0.52389657  -0.12890048 -0.94463634 0.30173963
0.3012113 0.54838336 0.64611995  -0.46216956 -0.78261817 -0.41702297
0.65196365 0.004489738 -0.64353752  0.9119817 0.039895192 -0.40828639
-0.14082633 -0.47516981 -0.86196649  0.26476359 0.72146195 0.63983822
-0.19805381 0.70164603 0.30257672  0.22723781 -0.96664619 -0.1181447
0.52441853 0.45716557 -0.44599384  0.69676578 0.67906606 -0.23105574
-0.0091300867 -0.39156431 -0.96607989  0.061682045 0.59677744 0.8000325
0.16849351 0.029875519 -1.0755873  -0.20984067 -0.09975484 0.97263348
-0.31635374 -0.33339131 -0.88632041  0.52489954 0.47860262 0.70386082
0.36415675 0.63112909 0.20130892  -0.49189845 -0.86703879 -0.079244576
-0.52324271 0.53708845 0.078330971  0.66854763 -0.74357849 0.011620289
0.40104675 -0.41387081 0.6951648  -0.6080569 0.63027525 -0.48272127
0.21365777 0.69138014 -0.19221148  0.27339122 0.95641434 -0.10260995
0.51188719 -0.29943943 0.66346484  0.76375532 -0.46088225 0.45195726
-0.68399006 0.083072998 -0.42085958  -0.95425272 0.12540816 -0.27143061
0.66285998 0.27105349 -0.39942938  -0.89144492 -0.41014251 0.19263713
-0.019780833 0.67024869 -0.46091825  0.024764609 -0.96231049 0.27082324
-0.43505687 0.57817084 0.39166689  0.58397263 -0.79228169 -0.17682089
-0.19291615 0.64988363 -0.43031484  -0.29385278 0.91944051 -0.26130393
0.71366119 0.16282724 0.19892778  -0.96647805 -0.22558132 -0.12261052
-0.7523762 0.041402966 0.074447282  -0.99912471 0.041272882 -0.0068178331
0.17738731 -0.26901683 0.98329908  0.3208082 -0.4603869 0.82772338
-0.42319146 -0.44556373 -0.65805089  -0.63403714 -0.6487577 -0.42084476
0.086983159 -0.45631284 0.85789585  -0.16265044 0.73342431 -0.66002554
0.38141295 0.62782407 -0.076826915  -0.49685711 -0.86697882 0.03847973
-0.36122507 0.47209716 -0.65368068  0.53418541 -0.71810544 0.4460611
-0.52846098 -0.43495136 -0.45902553  0.7536636 0.60347319 0.26040599
0.55954152 0.41482297 0.41324562  0.77945048 0.58506083 0.22396593
0.37883526 0.53926969 0.55727851  -0.5679304 -0.75691801 -0.32331103
0.17212217 0.67560297 0.43904814  -0.25298145 -0.9440757 -0.2114746
-0.12970577 -0.20842104 -1.0411769  0.27426565 0.29158276 0.91638309
-0.077981047 -0.28278446 1.0120198  -0.071244985 -0.49707201 0.86477953
0.28071079 -0.52150822 0.66021878  0.42896402 -0.78771883 0.44214141
0.59356201 -0.19298537 0.60174131  -0.86627108 0.29144865 -0.4057487
-0.047451306 0.62676018 0.66892654  0.030441007 -0.90514886 -0.42400339
-0.25721934 0.4687621 0.83906794  0.3490046 -0.70233732 -0.62041765
-0.52973974 0.51301372 0.32409471  0.69897139 -0.70356762 -0.12818626
0.31694743 -0.18999732 -0.99702168  -0.45519432 0.28384101 0.84393865
-0.13178572 0.55481303 0.78256875  0.15612359 -0.8161661 -0.55632573
0.13701516 0.65368092 0.55049354  0.21724603 0.92388338 0.31502947
0.20022467 -0.70700878 0.046000339  -0.27722275 0.95862794 -0.064653315
0.10475983 -0.73085302 -0.044051576  -0.13144264 0.99110395 -0.020878982
-0.64662468 0.3352285 -0.22192819  0.86733931 -0.47281304 0.155468
-0.7283026 -0.11449243 -0.16894343  0.98025775 0.16173108 0.11374445
-0.68695331 -0.031389229 -0.43056732  -0.96256495 -0.035297208 -0.2687428
0.077197455 -0.53427804 -0.82392216  -0.061768431 0.80268604 0.59319454
-0.15806964 -0.71870053 -0.057738155  0.22972977 0.97325319 0.0015599355
-0.68404013 0.055580154 0.5571447  -0.94611287 0.051754877 0.3196744
0.439432 0.13828696 0.87332886  0.70266199 0.19463345 0.68438578
-0.42426482 0.026948519 -0.89853352  0.67564201 -0.093552656 0.73127002
-0.30026892 -0.67213625 -0.06256903  -0.38944501 -0.920995 -0.01003964
0.10608725 -0.70697224 -0.38728651  0.0932668 -0.98029459 -0.17413759
-0.46012992 0.44217205 -0.55609429  0.65952629 -0.65858632 0.3623386
-0.28567952 0.68607593 0.073173463  -0.35693744 0.93405521 -0.011679562
0.50449735 0.53864229 0.052528463  -0.67703307 -0.73541892 -0.028022606
-0.14050211 -0.65382624 -0.54749447  -0.2205618 -0.92387491 -0.31274214
0.0022240616 0.50996161 -0.80454427  -0.031217299 0.80469429 -0.59286791
0.28172195 0.64247054 0.40827489  -0.40372837 -0.89499044 -0.18972503
0.15141015 0.39353174 -0.91726035  -0.18596625 -0.65817761 0.7295332
-0.031284593 0.72548217 -0.14601219  0.046876542 -0.99426377 0.096136197
-0.12501036 -0.38684291 -0.94848478  0.23345689 0.59645176 0.76794738
0.10102405 -0.44702688 -0.91900271  -0.11865977 0.66888273 0.73383623
0.18563057 0.5981428 0.65092015  -0.30890262 -0.85887051 -0.40855938
-0.26050916 -0.49228913 -0.7726171  -0.4159551 -0.72959316 -0.54284
-0.59327084 -0.295598 0.58182746  -0.81393051 -0.46860123 0.34340942
-0.45053267 0.38160402 -0.66507035  -0.67476869 0.56977862 -0.46908385
-0.57141006 -0.22306311 0.70234144  0.80303824 0.37664533 -0.46180943
-0.21964833 -0.69935006 -0.15919712  0.30529693 0.95050454 0.057747576
0.25357777 0.31457159 0.9406122  0.41793188 0.48395538 0.76884335
-0.23758785 0.60085154 -0.5314616  -0.35190043 0.87104708 -0.34269977
0.53852504 -0.327169 -0.70491201  0.76187921 -0.46455008 -0.4513683
-0.36353418 -0.57394129 0.46469125  0.48455027 0.83443993 -0.26252806
-0.32503143 -0.096811078 -0.97630131  0.53429002 0.13025683 0.83520502
-0.31696138 0.13520956 -0.96447933  0.56377161 -0.24128705 0.78990006
-0.40666127 0.61131632 -0.12788756  -0.53976548 0.83481699 -0.10832315
0.33629063 -0.12750992 0.9565134  0.55781168 -0.2306377 0.79727805
-0.61570954 0.42293501 0.25076932  0.80959016 -0.581379 -0.081007548
-0.6790514 0.30816895 -0.083439767  0.9033981 -0.4192974 0.08978653
-0.67086387 0.34263897 0.15080588  -0.88377744 0.46716189 0.026405094
0.73843515 -0.11818045 0.032389209  0.98619241 -0.1547184 0.059048239
-0.70208412 0.27347934 0.041101862  0.92968172 -0.36718416 0.029457035
-0.41177192 -0.30402184 -0.82009107  0.66383106 0.42337659 0.61650687
-0.079096921 0.73124516 -0.029290669  -0.10002004 0.993729 -0.049986467
0.24287896 -0.023399189 1.0304987  -0.42789844 0.071523421 -0.90099239
0.34266311 0.11150205 0.96440399  -0.57593149 -0.15219541 -0.80320579
-0.53294265 0.42374596 -0.4303987  0.74594671 -0.60473204 0.27903882
-0.36271191 0.52871883 -0.54518682  -0.51691204 0.7788406 -0.35525942
-0.37917906 0.1714548 0.95869094  0.57162225 -0.23589091 -0.78587759
-0.73495317 -0.03248911 0.33291888  -0.98748428 -0.062436905 0.1448328
-0.42614198 0.1303781 -0.87558854  0.70139974 -0.22783987 0.67537212
0.55607504 0.48815164 -0.063492939  -0.73396587 -0.67889929 0.019743849
0.1711863 0.1579515 -1.0490155  -0.22172725 -0.30808669 0.92515928
-0.33833218 0.50254285 0.73461735  0.45752019 -0.74351782 -0.48770526
-0.0085208109 -0.72454137 0.15962011  -0.00071873231 0.9949643 -0.10022693
0.7106238 -0.016372051 0.32678467  -0.97911727 0.02629045 -0.20158891
0.016165089 -0.60804784 -0.70917487  0.0058184895 0.8877492 0.46029073
-0.56305313 -0.060545102 0.79357851  0.81012917 0.11872742 -0.57410324
-0.027891463 0.15908891 1.0772109  0.034064736 -0.24499156 -0.96892661
0.67696446 0.28089559 0.18523905  -0.9143126 -0.39027256 -0.10825792
-0.40103254 -0.61890715 -0.04064095  -0.54101306 -0.8408621 -0.015995979
0.64472711 -0.37769026 -0.21657994  0.86096507 -0.505588 -0.055856179
0.32147291 -0.60443127 0.3936038  -0.46233502 0.85585594 -0.23185545
0.10914582 -0.72090757 0.11090992  -0.13504685 0.9868347 -0.088991813
0.14303894 -0.67994475 0.3529872  -0.19385661 0.95929515 -0.20535956
0.55414933 -0.46992612 -0.39616323  -0.73618168 0.65384388 0.1747133
0.25448328 -0.65469933 0.30689651  -0.35117167 0.91696948 -0.18932888
0.067609161 -0.53326261 0.76340729  -0.1380485 0.81819582 -0.55812019
-0.20873067 0.70983654 0.18545194  0.25437146 -0.96561575 -0.053679779
-0.080457278 0.73093605 0.17465779  0.08617267 -0.99532092 -0.043710321
0.32696301 0.59706676 -0.46200857  0.42294154 0.87137824 -0.24863739
0.4815731 0.27746922 0.75565207  0.753829 0.38924038 0.52937108
-0.63765961 -0.18492249 0.59562683  0.88512063 0.30380768 -0.35250852
0.41601849 0.60725391 0.069839507  0.55877465 0.82894659 0.024870995
0.27132919 0.6813181 -0.061294246  0.35374001 0.93433112 -0.043514334
0.26142997 0.68361568 0.14783812  -0.36892959 -0.92796654 -0.052622329
0.67791444 0.22868876 0.30967024  -0.93225729 -0.31563705 -0.17683195
0.14604545 0.71481568 -0.10201083  -0.2079428 -0.97599781 0.064715244
0.45832664 -0.46919361 0.50433671  -0.65531445 0.68869197 -0.3102681
0.37251514 0.58083594 0.45207152  -0.547759 -0.80379784 -0.23209701
-0.35597116 -0.52796662 0.60194683  -0.47584066 -0.80243319 0.36010647
-0.62000477 0.40689892 -0.11192884  0.81788862 -0.56603909 0.10323766
0.11135937 -0.17952117 1.0424554  -0.22257167 0.3339653 -0.91593069
-0.090733126 0.36645871 -0.94084871  0.17592925 -0.59335744 0.78547812
-0.73755556 -0.0046971585 -0.17030744  -0.99258667 -0.0059065204 -0.12139565
0.0075682346 -0.38451433 0.94252169  -0.054455981 0.64168 -0.76503676
-0.65644854 -0.33755803 0.21697295  0.87133938 0.48296419 -0.086679474
-0.57306999 0.44701585 -0.21873994  0.76513767 -0.6248318 0.15540123
0.37296242 0.061674379 -0.98442662  -0.53813308 -0.12636736 0.83333319
-0.13481337 -0.70894241 -0.30974194  -0.20828037 -0.96912313 -0.13198356
0.34942579 -0.6171093 -0.45462173  0.46151179 -0.86134619 -0.21234317
0.44234243 -0.30928251 0.7555933  -0.69364941 0.45978445 -0.55448055
0.6085543 -0.32679477 -0.55295503  -0.8328563 0.46277055 0.30363417
0.078096963 -0.3275556 -1.0089916  0.079605013 -0.50242138 -0.86095047
0.46631962 0.32322407 -0.76981062  -0.65386331 -0.52305228 0.54669839
0.62044275 0.31073457 0.41603604  0.87469321 0.41974014 0.2423428
0.48546776 0.37555736 0.65487397  -0.73008889 -0.53069186 -0.43050706
0.52824748 0.40412539 -0.56088591  -0.72270042 -0.61175025 0.32166073
0.40512642 0.4595961 0.66497171  -0.61281306 -0.66106755 -0.43295491
0.74249399 -0.027171662 0.09838625  0.99513257 -0.043684091 0.088333465
-0.10295402 -0.074540332 -1.0759822  0.22627616 0.088021927 0.97007793
-0.14466712 0.62526089 0.6466862  0.19034639 -0.89678597 -0.39942849
0.66627991 -0.28853109 0.22074422  0.90135998 -0.40576294 0.15134968
-0.27081171 0.5957002 0.62672162  0.35189986 -0.85396117 -0.38329735
-0.44160232 0.60140461 0.14954364  0.5776934 -0.81597042 -0.021509465
0.20110862 -0.45349973 0.81769431  -0.30989337 0.72578871 -0.61416346
-0.014745201 -0.70483321 0.30814236  -0.0012236168 0.98413384 -0.17742364
0.26205209 -0.68467021 -0.27865568  -0.35175598 0.93212402 0.086096331
-0.15115283 -0.68347919 -0.42849079  0.22634915 0.94949102 0.21733117
0.042729545 -0.67885518 0.4159078  -0.071048878 0.96776944 -0.24160765
0.14748521 -0.59398091 0.62023544  0.2346504 -0.88686538 0.3980062
0.72345334 -0.20062566 -0.039985131  0.96191263 -0.27206773 0.026520228
0.11189558 -0.082782224 -1.0855684  0.13853173 -0.10254448 -0.98503488
0.73354214 -0.12108685 -0.27057633  -0.98346537 0.15292917 0.096998028
-0.54194915 0.26672441 0.74793696  -0.77310258 0.37228054 0.51353633
0.66245162 0.20920412 -0.50136566  -0.91044515 -0.31573617 0.26720837
-0.48543948 0.23767102 -0.75388509  0.73943919 -0.38431418 0.55274975
0.70917279 0.15018098 -0.37674293  -0.9577691 -0.23184016 0.17008407
-0.15753704 -0.46759015 0.84055722  -0.19984709 -0.75221407 0.62788153
-0.59425253 -0.048188061 -0.6697365  0.882626 0.048653327 0.46755135
-0.20202366 -0.69931996 0.14484388  0.28725022 0.95473677 -0.077233113
0.42919159 -0.095526591 0.88589108  -0.6906057 0.18383071 -0.69947839
0.63370955 0.15292242 0.55070627  -0.90947348 -0.21179567 -0.35777175
-0.30890289 -0.65559042 0.18864913  -0.41514504 -0.90449709 0.097671889
-0.28419387 0.23437166 -0.94466031  -0.47288468 0.40311229 -0.78350526
-0.21401706 0.70571733 -0.044348806  0.26939154 -0.96117717 0.059721764
-0.63099766 -0.39291567 0.076816171  0.82549679 0.56383252 -0.025453392
0.12613587 -0.64394563 -0.61080825  -0.14351791 0.92145377 0.36100632
-0.31483051 0.37444004 0.89167958  0.45876953 -0.56050414 -0.68946767
-0.31347758 -0.2788291 0.93548089  0.4472782 0.46689776 -0.76285565
0.0585768 -0.22342849 -1.0582042  -0.068562455 0.31709135 0.94591343
0.058789805 0.1075776 -1.0785406  -0.030511633 -0.21394798 0.97636837
0.26907244 -0.021202695 -1.0463203  0.36395782 0.0024818205 -0.9314121
-0.56801218 -0.15443216 -0.68959296  -0.857687 -0.21614356 -0.46653521
-0.64309406 -0.24349685 -0.4381879  0.90372598 0.34499776 0.25348741
-0.67377555 -0.14293636 -0.43068552  0.94463003 0.19279169 0.2655288
0.58860624 0.44817311 0.058536783  -0.78748125 -0.61517364 -0.037877247
0.59167683 0.43827039 -0.18354924  0.7886886 0.61069274 -0.070883848
0.35970992 0.30908892 -0.88347596  -0.51832914 -0.510162 0.6863451
0.29337984 -0.30189595 -0.95900726  -0.41123644 0.46535289 0.78379285
0.21908419 0.52930164 0.75183636  -0.34253848 -0.78730118 -0.51266384
-0.018018285 0.56502837 0.78025675  -0.038432594 -0.82580197 -0.56264907
-0.12724267 -0.68887711 0.33649451  -0.1589375 -0.96925873 0.18781982
-0.22598088 -0.67615759 0.28304452  -0.3023302 -0.94132882 0.14998837
-0.35422197 -0.64419961 0.077923745  -0.45481339 -0.88923454 0.049058761
0.64495051 -0.120638 -0.64211071  -0.91062945 0.14832264 0.38568696
-0.70547885 -0.22890255 0.22534485  0.93745208 0.33750582 -0.085284665
0.68875033 -0.2990244 -0.12318404  -0.91658866 0.39970481 0.010060261
0.62358314 -0.24652989 -0.61075532  0.87769824 -0.32125577 -0.35558477
0.64056319 -0.36385757 0.12930587  -0.85779065 0.50235111 -0.10880497
-0.70086324 -0.22595546 -0.16881789  0.94395733 0.31201261 0.10766924
-0.57602084 0.47752029 -0.013045851  0.75166482 -0.65709537 0.056794867
0.12918815 0.59463036 -0.64720857  -0.15956652 -0.89053237 0.42601714
-0.081457995 0.70648032 0.40688118  -0.080729917 0.98097175 0.17657022
-0.34079769 0.27513972 0.94402254  0.48697555 -0.41021389 -0.77108973
-0.60413367 0.44811684 0.12661119  -0.79117811 0.61148518 0.011093344
0.34684935 -0.0039203526 0.96957761  -0.58240414 0.032990038 -0.81222969
0.50959855 0.52578348 -0.18788134  0.67926413 0.72926044 -0.082337886
0.60198843 0.31729218 -0.53085542  -0.82645762 -0.47802556 0.29742107
0.41984361 0.59221101 -0.21939418  -0.55790877 -0.82406747 0.098236948
-0.11215787 0.63213867 -0.54665369  -0.17650449 0.92771071 -0.32893619
0.1195837 0.052790929 1.0742362  0.25834993 0.049155142 0.96479994
0.56506765 0.44319987 0.29070035  -0.78408897 -0.60356009 -0.14463662
0.47428378 0.50418293 0.43027624  -0.6660012 -0.70596105 -0.24095942
-0.44354504 -0.49266714 -0.53717929  0.64735907 0.69610572 0.31042397
0.5127396 -0.49385753 0.27858153  -0.69460124 0.69674921 -0.17907979
0.70839357 0.074156016 -0.45108661  0.96583837 0.12700292 -0.22589052
-0.30967805 0.62288892 0.50588191  0.39955461 -0.87523359 -0.27262124
0.53610623 0.32592961 -0.66421425  -0.74949747 -0.51127911 0.42053202
-0.23354462 -0.58461976 -0.64379311  0.37064704 0.83440095 0.40791649
-0.28577155 0.63736904 -0.34515995  0.40591401 -0.88987696 0.20821328
0.72055733 -0.063861169 -0.41612855  0.9762882 -0.091241635 -0.19630696
0.35494804 0.48566979 -0.68894732  0.46946535 0.75460899 -0.45844045
-0.381715 0.061480507 0.97958344  0.56545115 -0.079862364 -0.82090622
0.57308835 0.17485914 0.66965115  -0.84780681 -0.25794885 -0.4633421
-0.74752855 -0.078906409 0.090820938  0.99234176 0.12339171 -0.005695113
0.5258975 0.044844609 0.78580821  -0.80910188 -0.044889037 -0.58595157
0.63846058 0.044912387 0.57216489  -0.93233794 -0.041406944 -0.3592093
0.27646974 0.43831238 -0.81711912  0.35624754 0.70772195 -0.6100961
0.16129628 0.28098559 -0.99630517  0.20538567 0.49887848 -0.84198397
0.34762132 -0.5571382 0.49726945  0.49728936 -0.81408477 0.2999489
-0.71308893 -0.14867269 0.35654536  0.96006685 0.22924291 -0.16037209
-0.22575298 -0.57163793 0.64056885  0.3028836 0.86341137 -0.40346283
0.60881054 -0.4281559 0.027370386  0.80259389 -0.59311295 0.063718572
-0.48749366 -0.53585643 0.25684351  -0.648633 -0.75169408 0.11929432
0.54567027 -0.50945187 -0.068365581  -0.71947396 0.69408822 -0.024468007
-0.49074745 0.36472219 0.73024356  0.68226868 -0.53185594 -0.50163597
0.68128598 -0.13922393 -0.52974576  -0.94106317 0.17528826 0.28926489
0.73549199 0.10845362 0.086126566  0.98637193 0.14647906 0.074929275
-0.63635629 0.021650577 0.67771614  -0.89562714 -0.012131869 0.44464016
-0.67205578 -0.064562127 0.57916486  0.93185276 0.12572619 -0.34035769
0.19165522 -0.24709925 -1.0269234  -0.25636369 0.38410753 0.8869831
0.27037817 0.2377338 -0.98174828  -0.38039252 -0.42183289 0.8230179
-0.13415517 -0.062341288 1.0787358  -0.17813961 -0.10186218 0.97871876
-0.25418916 -0.17966792 1.0126176  0.37444916 0.33146074 -0.86598021
0.38437256 0.59612858 -0.33763057  -0.5057292 -0.84669656 0.16535704
0.616225 0.12337349 -0.68462282  -0.86664259 -0.21219786 0.45155576
0.34440339 0.55083776 -0.56951559  -0.45252711 -0.82609361 0.33584014
-0.57087177 0.05060339 0.78893948  0.81946671 -0.059308872 -0.57004988
-0.24515793 -0.67902708 -0.27993196  -0.36033016 -0.92525208 -0.11862071
-0.20442224 -0.64983153 0.4369553  0.25332347 0.93679225 -0.24134508
0.34101555 -0.58731616 -0.56707931  0.4621549 -0.82991904 -0.31248572
0.53700942 0.12614515 -0.81178474  -0.77808249 -0.22182736 0.58769059
0.23920056 -0.67651075 -0.39865935  -0.29428002 0.93964505 0.17454639
0.54597634 0.37370485 0.53281468  -0.80077243 -0.50329691 -0.32473946
0.64868033 -0.1494613 0.49468857  -0.91756135 0.24370551 -0.31414765
0.053731784 -0.73435539 -0.16236371  -0.048822209 0.99784571 0.04382246
0.28841159 0.64770901 -0.3174789  -0.3642599 -0.91673815 0.16403037
0.6414026 0.34849697 -0.28974083  -0.85161167 -0.50956464 0.12288791
-0.010144673 -0.13721973 -1.0809145  0.075816341 0.19828612 0.97720754
0.053262915 0.73190552 -0.046380416  -0.079258092 -0.9958393 0.044969026
-0.56817526 -0.47615981 0.018404834  0.75639713 0.65411121 0.0013807183
-0.53660369 -0.4691011 -0.32984227  0.74081403 0.64943248 0.17155735
0.57576638 -0.29117602 0.54482412  0.83308017 -0.4287712 0.34947503
-0.46840987 0.57835865 -0.028773604  0.60705334 -0.79216391 0.062949084
0.46062502 0.56632191 0.19209516  -0.61991453 -0.7801773 -0.083841257
-0.0032572225 -0.067512743 1.085737  -0.01400381 0.16295707 -0.98653376
0.46826258 -0.19543368 0.80176461  -0.73439437 0.3125813 -0.60245985
0.24125525 -0.60464567 -0.63492978  -0.31703657 0.8652997 0.38825789
0.35642067 -0.36569342 -0.87349588  0.50400656 -0.54082572 -0.6734128
-0.53911579 -0.50243634 0.1372253  -0.71058154 -0.70132375 0.056734845
-0.67573142 0.31567097 0.27629906  -0.89620203 0.43211484 0.10049256
-0.041041423 -0.73524958 -0.090758637  0.054959562 0.99847978 0.0041803531
0.17592254 -0.71689886 -0.16333345  -0.23431908 0.97153395 0.03487622
-0.73692971 0.15934715 0.05288012  0.97813159 -0.20700589 0.020176468
0.55247319 -0.43777543 -0.49772829  0.74767351 -0.61114138 -0.25978932
0.46317559 -0.55866671 -0.3837935  -0.59735012 0.78617722 0.15842393
0.68895882 -0.13202304 0.36373162  -0.95424831 0.1958244 -0.22597122
0.31059748 -0.67078727 -0.18161739  0.39025357 -0.91993779 -0.037638266
-0.36429632 -0.59098297 -0.43377033  0.52605188 0.81617135 0.2390265
0.73352587 0.10463361 -0.263275  0.98122525 0.16859159 -0.093669355
-0.58748591 -0.37297994 0.45966476  -0.78693312 -0.5680474 0.24095322
0.50905198 -0.53763235 -0.27263531  -0.6818195 0.72628427 0.087368757
0.60510683 0.26406664 0.5273155  -0.87440652 -0.36433399 -0.32042795
-0.67713392 -0.26108393 0.34571797  -0.90774953 -0.38686585 0.16225131
0.68129593 0.073667876 0.4391574  -0.95914865 -0.089598857 -0.26833922
0.68048388 -0.21650453 0.29717964  -0.932684 0.30775788 -0.18811069
0.10781457 -0.68377364 -0.49391732  -0.12181918 0.95957804 0.25371251
-0.096673012 0.045560338 -1.0762081  -0.19025528 0.11620207 -0.97483325
0.58082467 -0.065289967 0.68934661  0.86625069 -0.12209386 0.48446146
-0.43599948 -0.5891639 -0.15988216  -0.59460002 -0.80037957 -0.076441616
-0.086424761 0.70743793 -0.26223689  0.10160735 -0.98354137 0.14940663
-0.20174155 0.6821419 -0.27499929  0.26098725 -0.94974625 0.17282268
0.03754355 -0.59460247 0.66160142  -0.089943677 0.88946438 -0.44806612
0.70865309 -0.18325838 -0.36361364  -0.95726222 0.2502726 0.14495718
-0.35906768 -0.62274969 -0.30594689  0.51150805 0.8471027 0.14414108
-0.070273571 0.68069881 0.52195394  0.078439884 -0.9553203 -0.28497434
-0.60460556 0.3104718 -0.44169417  0.84532803 -0.45155242 0.28551883
-0.69530195 0.23334336 -0.19659109  -0.93646514 0.32043475 -0.14266922
0.71402359 0.21299367 -0.16712549  -0.95178396 -0.30278951 0.049253304
0.69688785 0.23573461 -0.2789408  -0.93030989 -0.35011297 0.10928985
-0.52389413 0.28926215 -0.6478194  0.7845903 -0.43503305 0.44177413
-0.23307547 0.41378659 -0.83820611  0.39823112 -0.65590936 0.64124483
-0.25625736 0.54737842 -0.63159096  0.40109599 -0.81506568 0.41807887
-0.44641566 -0.4993251 0.51879972  0.6010443 0.74390537 -0.29214841
0.19113806 -0.14207222 -1.0599633  -0.27821931 0.20109223 0.93923151
-0.51975876 -0.33378547 0.6792562  0.71729422 0.54195577 -0.43791899
0.18410668 -0.36370829 -0.96399707  -0.24776304 0.54421318 0.80152696
0.73574132 0.003449471 -0.32894847  -0.99028748 -0.037667617 0.13383499
-0.026912816 -0.68819606 -0.49022835  0.058982775 0.96815813 0.24329191
0.18198772 -0.52902007 0.72368133  0.28875756 -0.81560683 0.50140262
-0.64909446 -0.3618297 -0.045810957  0.85841566 0.51189315 0.03298334
0.48319355 -0.39124411 0.59878552  0.70971608 -0.58997613 0.3850081
0.73113322 0.034758549 0.20058349  -0.99001968 -0.048842717 -0.1321948
0.086102791 -0.70757473 0.24564576  0.12095313 -0.98209298 0.14444286
-0.24150395 -0.69273722 0.037680581  0.3095485 0.95016599 -0.036938306
-0.10258828 -0.72495794 -0.19861495  0.13399096 0.98923123 0.058889478
0.23961595 -0.70000094 -0.068364508  -0.32237914 0.94652677 -0.012605361
-0.33806705 -0.64830291 -0.18438251  0.45338154 0.8885296 0.070429176
-0.31648153 0.029850505 -0.98561156  0.54981554 -0.071028002 0.83226073
0.63098776 0.39219707 -0.059158307  -0.83692831 -0.54722995 0.0095054731
-0.0071502258 0.58085763 -0.69050837  -0.03338911 0.8762368 -0.4807227
0.47126621 0.46258837 0.54398668  -0.69623888 -0.64107907 -0.32290721
0.13389717 -0.58943969 -0.72540522  -0.17733459 0.8578878 0.48226652
0.43591833 0.53678238 -0.44101205  -0.56983948 -0.78626525 0.23889317
-0.075145625 0.72390997 0.28870791  0.083150752 -0.99180782 -0.096969523
0.45067674 0.41973376 -0.67298973  -0.62659419 -0.64447361 0.43821624
-0.38657576 0.41766495 0.79646742  0.54586542 -0.61258185 -0.57164186
0.58743167 0.028289698 -0.76255625  -0.84640372 -0.079541713 0.52656794
-0.31726119 0.66277564 0.29281813  0.38393292 -0.91708487 -0.10747483
-0.53081805 -0.50111884 -0.20135161  -0.71590161 -0.69084179 -0.10110591
-0.44585425 0.50684232 -0.44549546  0.62038076 -0.73192489 0.28180438
-0.22932446 0.55490524 0.73521942  0.30675894 -0.8153013 -0.49110356
-0.6081503 -0.21223895 -0.57116306  0.88857353 0.29118043 0.35447279
0.32479474 0.65993148 0.052958746  -0.42788598 -0.90373355 -0.013392122
-0.46678734 -0.34719539 -0.71482259  0.71753651 0.49535379 0.48965913
-0.21672273 -0.12330322 -1.0302515  0.39233577 0.16701256 0.90453279
-0.16225317 0.72203642 0.068656586  0.18399426 -0.98290461 0.0066792946
-0.24888232 -0.41522294 -0.86681271  -0.41282085 -0.6130603 -0.67359936
-0.64641345 0.38388559 0.024261063  0.85465878 -0.51766974 0.039704327
0.39341232 0.59632939 0.32489395  -0.53590041 -0.83118707 -0.14811763
-0.7494303 -0.0048119393 0.20283362  0.99776924 0.020087609 -0.063662052
-0.56097424 0.3615911 0.6179176  -0.77218002 0.50791371 0.38178751
0.11160642 0.5378626 0.79268897  0.20859443 0.79162127 0.57430327
-0.71669328 0.036465477 -0.29902253  0.97975576 -0.058601167 0.19142765
-0.26572371 0.16010669 1.0283394  0.38516968 -0.22693145 -0.89450908
-0.2606371 -0.062448326 1.04083  0.37917119 0.16107494 -0.91119921
0.21778807 0.61714011 -0.53631246  0.29333001 0.90000063 -0.32242286
-0.32844144 -0.5133937 -0.67390221  0.51431638 0.7336117 0.44417608
0.23237005 0.096669257 1.0313656  0.41624278 0.11621333 0.90179622
-0.10391559 0.68096709 -0.38768259  0.1449609 -0.96307313 0.22688434
0.30803069 -0.44102937 0.75698906  -0.4621439 0.69446331 -0.55149227
0.70676076 0.22915511 0.072655328  -0.94642842 -0.31706631 -0.061173007
0.43399554 -0.029683314 -0.94670469  -0.65397102 0.01281103 0.75641114
0.54055262 -0.18256035 0.70883381  -0.80401266 0.30406064 -0.51099002
0.58310997 0.068934441 0.69248569  -0.88061297 -0.082220457 -0.4666481
0.010307288 0.27192411 1.036625  -0.050046004 -0.42872739 -0.90204668
0.15546928 0.38624915 0.93564498  -0.27468255 -0.58506829 -0.76304954
-0.010962912 -0.17963889 1.060215  -0.049909942 0.3196106 -0.94623357
-0.50854766 0.12670237 -0.7783829  0.794173 -0.21650918 0.56781429
0.13809128 -0.36819452 0.92953408  -0.2450151 0.61979067 -0.74553818
-0.10822065 -0.71289313 0.20196839  0.141761 0.98244089 -0.12129973
-0.072504446 -0.67075008 0.44976646  -0.086363487 -0.96422172 0.25063479
-0.37252018 -0.61264426 0.27755025  -0.48469144 -0.86390054 0.13693124
-0.59549636 -0.43153638 0.20226698  0.7783826 0.62120771 -0.090672955
-0.28227633 -0.44578528 0.80538213  -0.39013204 -0.71378481 0.58164269
0.43912333 -0.52471435 0.40234345  0.60744792 -0.75715512 0.24025665
0.58214426 -0.21261713 -0.72240889  -0.83073187 0.27620357 0.48331788
0.3427231 -0.46290922 -0.79000014  -0.46928591 0.67930031 0.56420016
0.53124368 -0.51453459 0.063430741  -0.6884014 0.72069597 -0.081857741
-0.64677101 -0.26697904 0.46909517  0.87377673 0.41855696 -0.24763714
-0.61587924 -0.10057594 0.69411534  0.86701494 0.19377214 -0.45906159
0.14261751 -0.71575946 -0.28291458  -0.1698074 0.98033947 0.10049856
-0.091780879 -0.59730822 0.65209067  0.11255036 0.89814097 -0.42505908
-0.45478407 -0.5294649 -0.40984219  0.64226389 0.73704594 0.21038131
-0.19423917 -0.28693444 0.9852246  0.27006799 0.49123493 -0.8281011
0.63503617 -0.24605732 0.43684378  -0.88930392 0.36973798 -0.26913264
-0.35958508 0.62020171 -0.24727544  0.49601856 -0.8530426 0.16212343
0.36213499 -0.6316238 -0.33967081  -0.46275821 0.87644941 0.13300827
-0.10883719 -0.61940712 -0.65407085  -0.18670131 -0.88764524 -0.42098528
0.73314285 -0.16199385 -0.14980417  -0.97681266 0.21222684 0.028225996
0.54344296 0.49035031 0.17538071  -0.73743582 -0.66981578 -0.086805046
-0.058035206 -0.28294021 -1.0285385  -0.13682954 -0.43124694 -0.89179802
0.56929559 0.44554001 -0.30800843  -0.75323915 -0.64292318 0.13885434
0.71675915 -0.16918172 0.15608799  -0.96479827 0.23464091 -0.11877683
0.057865977 0.23161443 -1.0362898  -0.036499202 -0.41404352 0.90952504
0.27819791 0.11213671 -1.0257477  -0.39296082 -0.22209828 0.89233077
0.60688704 0.23344019 -0.6257183  -0.85013229 -0.3626917 0.38174573
0.6645785 0.18874493 0.42311716  -0.93242013 -0.25989017 -0.25109705
0.23074755 0.50967485 -0.74907213  -0.28640836 -0.80504853 0.51948738
0.031114075 0.66223085 0.57313323  -0.077830605 -0.94119269 -0.32878396
0.25703108 0.3513937 -0.91361791  -0.36468455 -0.58820266 0.72181904
-0.52784461 0.51617163 -0.11971216  0.69468367 -0.7113108 0.10701179
-0.42253265 0.55472028 0.51332748  0.55914938 -0.78737259 -0.25960812
-0.65768504 0.26236722 -0.33474064  0.89953029 -0.37997404 0.21555768
0.16526012 0.69841635 0.31696725  -0.26808339 -0.95298195 -0.14126837
0.063835926 0.71774781 -0.20943451  -0.086629845 -0.98915678 0.11859292
-0.15713896 0.71088356 -0.14604302  -0.19469181 0.97540498 -0.10334545
-0.5348438 0.52248687 0.20787004  0.69641638 -0.71563172 -0.053623542
-0.69645464 0.19730684 0.42276448  0.94538474 -0.25641388 -0.20124537
-0.51341188 -0.087596074 -0.79484546  0.80081332 0.13424589 0.58367455
0.45236951 -0.53748888 -0.49753293  -0.61100566 0.75246102 0.24591589
-0.72545546 -0.18714032 0.093025535  0.96090853 0.27650869 -0.014067023
0.52943814 -0.40361637 -0.61877525  -0.73002964 0.57967573 0.3619847
-0.69458306 -0.18410401 -0.29676604  0.95091814 0.25219929 0.17930482
-0.48330516 -0.006802463 0.89600724  0.70780873 0.033877719 -0.70559138
0.67370617 -0.32540211 -0.0064992351  -0.8923282 0.44898355 -0.046521783
-0.71703219 0.23052517 0.17026171  -0.94946343 0.31144252 0.039021853
-0.72198325 0.19306614 -0.073685184  -0.96159816 0.26215866 -0.081251182
0.56715703 -0.48488846 -0.19803771  0.75199884 -0.65792781 -0.040358163
-0.62984782 0.13605985 0.66900986  0.87929267 -0.18456171 -0.43906879
0.55096895 0.27853793 0.63988113  0.8287226 0.38004979 0.41082966
0.23154485 -0.14432599 1.012993  -0.39754623 0.27458301 -0.87553477
0.32100672 0.65125895 -0.18839598  0.42679653 0.89915979 -0.096727908
0.44245157 0.025095312 0.88684309  -0.71308422 -0.0090040471 -0.7010206
0.3226907 0.46613374 0.75342965  -0.51059258 -0.67552733 -0.53193802
-0.20043389 0.38033932 0.94621134  0.28335676 -0.56480312 -0.77505249
0.67953813 -0.22158539 -0.46573824  -0.92609966 0.30156878 0.22670609
-0.16513015 0.22467275 -1.0067204  0.28484225 -0.42451933 0.85944647
0.34582281 -0.62874758 0.22904269  -0.46351638 0.87316859 -0.15076202
-0.2689493 -0.59926677 0.53179955  0.35718623 0.88310516 -0.30420914
-0.0061122095 0.045771085 1.0942776  -0.041676942 -0.030219981 -0.99867398
-0.18965003 0.65559733 0.53535539  0.24692914 -0.92222649 -0.29753038
-0.26323754 -0.65227574 -0.40109262  0.37398759 0.90763193 0.1906241
0.74876517 0.035766289 -0.016482538  -0.99838567 -0.04670538 -0.032320991
0.67025197 -0.30705622 -0.33299476  0.90245414 -0.41112426 -0.12865934
-0.3601644 -0.21316679 -0.91835958  -0.60667902 -0.30079743 -0.73584068
0.60182023 -0.38818744 0.26879019  -0.81270295 0.55615783 -0.17378834
-0.39558595 0.23088524 -0.85930699  0.62418103 -0.39194965 0.67585015
-0.74761331 -0.043492809 -0.037104454  0.99618435 0.066018283 0.057080701
0.22844581 -0.65208131 -0.51392651  -0.29632035 0.9149316 0.27403367
0.40782696 -0.24919192 -0.91113627  0.58256066 -0.38356233 -0.71659124
0.099679053 0.72806287 0.081727952  -0.13710192 -0.99050134 -0.010494861
0.45553821 0.23523884 -0.85078019  0.66166753 0.38824391 -0.64145356
0.011697311 -0.73376989 0.026847862  -0.012896656 0.99877113 -0.047853053
0.21123466 -0.63670987 0.44868222  -0.33316243 0.90434068 -0.26677868
-0.46773356 0.2163208 0.86737299  -0.67743075 0.30596623 0.66893357
0.60081232 0.37330633 -0.4175809  0.80322134 0.55671465 -0.21190602
-0.42466664 -0.23812011 0.87765121  0.61381018 0.40463942 -0.67786723
0.3944549 0.26617095 0.86318982  -0.65448934 -0.38200995 -0.65246624
0.63081884 0.34276268 0.29605293  0.8650375 0.47536069 0.16044402
-0.62263542 -0.3638702 0.34220615  0.83130246 0.53152698 -0.16252793
0.38246009 -0.22713187 0.87732875  0.63023335 -0.37399474 0.68039256
0.26159757 0.61583662 0.53797925  -0.39518455 -0.86672521 -0.30432969
-0.60058212 -0.36871353 -0.36986497  0.83749533 0.50433522 0.21035087
0.022849344 -0.00087862147 -1.0927738  0.016829064 -0.023552282 0.99958092
0.099805415 0.67810297 -0.40787274  -0.12010071 -0.96635729 0.22744088
-0.60389662 0.41520914 0.37044191  0.80830944 -0.56731933 -0.15743159
-0.59703928 0.37901223 -0.32989788  0.81457311 -0.53871906 0.21506383
-0.33028418 0.58781719 -0.44395107  0.46350345 -0.84182578 0.27657542
-0.47109443 -0.56841129 0.04548895  0.62437028 0.78080922 -0.022334386
0.3778086 -0.63962042 -0.097335234  -0.48513526 0.87440771 -0.0074174167
0.46597162 0.57086641 -0.072280191  -0.61783117 -0.7857067 0.030815607
-0.39552677 0.63161647 0.044422131  0.51932997 -0.85429329 0.021893069
-0.71116084 -0.037919294 0.45673689  0.96871519 0.085023008 -0.23315635
-0.64820838 0.0079789227 -0.5496431  0.9319042 -0.030745387 0.36139891
0.69288129 -0.015547411 -0.53263742  -0.9541887 0.0036127481 0.29918364
0.67749768 -0.037295695 0.45780906  -0.95574647 0.066719256 -0.2865262
-0.027106114 0.48398739 0.88291299  0.012604821 -0.72647595 -0.68707621
-0.035467971 -0.47441682 0.85331869  0.0074462704 0.76005298 -0.64981842
-0.02237726 -0.4855136 -0.88177902  -0.086920515 -0.71985161 -0.68866426
0.00031984539 0.43760568 -0.89003181  -0.020281611 0.70909756 -0.70481867

3	 1 67 6
3	 67 599 6
3	 231 1 6
3	 1 53 67
3	 296 615 294
3	 294 73 296
3	 73 599 296
3	 73 294 494
3	 293 232 231
3	 232 293 614
3	 73 293 231
3	 231 232 497
3	 599 73 6
3	 293 73 494
3	 1 231 497
3	 6 73 231
3	 297 639 43
3	 43 553 473
3	 473 490 297
3	 297 43 473
3	 152 600 430
3	 152 542 47
3	 47 553 152
3	 542 152 430
3	 74 70 615
3	 223 340 74
3	 47 340 473
3	 70 74 340
3	 473 553 47
3	 339 47 542
3	 340 490 473
3	 340 47 70
3	 145 630 374
3	 350 374 495
3	 353 543 145
3	 145 374 353
3	 614 284 147
3	 147 541 350
3	 374 350 353
3	 541 147 284
3	 168 600 262
3	 168 543 373
3	 372 373 541
3	 122 168 262
3	 350 495 147
3	 350 541 373
3	 373 543 353
3	 353 350 373
3	 294 615 70
3	 47 339 70
3	 294 336 494
3	 294 70 339
3	 430 600 168
3	 430 373 372
3	 336 542 372
3	 373 430 168
3	 284 614 293
3	 284 494 336
3	 336 541 284
3	 494 284 293
3	 372 542 430
3	 372 541 336
3	 336 294 339
3	 542 336 339
3	 3 640 236
3	 236 503 286
3	 286 559 3
3	 3 236 286
3	 610 357 448
3	 467 489 135
3	 286 357 135
3	 357 467 135
3	 338 603 5
3	 399 246 5
3	 246 489 338
3	 338 5 246
3	 357 286 503
3	 135 489 246
3	 135 559 286
3	 559 135 246
3	 631 458 104
3	 631 497 458
3	 104 337 558
3	 497 631 1
3	 232 452 436
3	 436 552 453
3	 453 232 436
3	 232 453 497
3	 433 610 320
3	 433 558 337
3	 337 552 433
3	 558 433 320
3	 458 497 453
3	 453 552 337
3	 337 104 458
3	 458 453 337
3	 374 630 290
3	 290 498 241
3	 241 374 290
3	 374 241 495
3	 319 603 338
3	 258 319 496
3	 258 498 429
3	 319 258 429
3	 452 147 237
3	 147 495 237
3	 237 496 452
3	 147 452 614
3	 241 498 258
3	 496 237 258
3	 237 495 241
3	 241 258 237
3	 433 467 610
3	 433 552 242
3	 489 242 17
3	 467 433 242
3	 452 232 614
3	 436 496 25
3	 25 552 436
3	 496 436 452
3	 603 319 429
3	 338 17 319
3	 25 319 17
3	 17 338 489
3	 242 552 25
3	 319 25 496
3	 242 489 467
3	 242 25 17
3	 20 635 349
3	 349 580 363
3	 363 20 349
3	 20 363 513
3	 9 606 272
3	 272 515 44
3	 580 44 363
3	 9 272 44
3	 45 624 364
3	 45 513 129
3	 100 129 515
3	 513 45 364
3	 44 580 9
3	 44 515 129
3	 129 513 363
3	 363 44 129
3	 3 194 640
3	 140 559 399
3	 254 194 140
3	 194 3 140
3	 5 459 87
3	 87 528 399
3	 399 5 87
3	 246 399 559
3	 272 199 89
3	 518 89 199
3	 254 528 89
3	 89 518 254
3	 559 140 3
3	 399 254 140
3	 194 254 518
3	 254 399 528
3	 290 630 85
3	 85 510 470
3	 470 498 290
3	 290 85 470
3	 442 624 217
3	 554 442 217
3	 86 510 442
3	 442 554 86
3	 475 603 429
3	 429 498 475
3	 475 554 459
3	 603 475 459
3	 510 86 470
3	 554 475 86
3	 475 470 86
3	 470 475 498
3	 199 272 606
3	 515 89 213
3	 89 515 272
3	 213 89 528
3	 459 5 603
3	 459 394 87
3	 213 87 394
3	 394 459 554
3	 217 624 45
3	 129 100 45
3	 217 394 554
3	 217 45 100
3	 87 213 528
3	 394 217 100
3	 100 515 213
3	 213 394 100
3	 634 411 111
3	 279 163 411
3	 111 464 550
3	 411 634 279
3	 405 609 151
3	 405 582 163
3	 163 521 405
3	 582 405 151
3	 621 550 464
3	 550 621 461
3	 411 376 464
3	 316 464 376
3	 163 279 521
3	 376 163 582
3	 464 111 411
3	 376 411 163
3	 235 635 20
3	 20 365 235
3	 235 524 205
3	 635 235 205
3	 364 624 2
3	 364 584 365
3	 513 365 20
3	 584 364 2
3	 609 234 151
3	 314 524 90
3	 90 584 234
3	 234 314 90
3	 365 513 364
3	 365 584 90
3	 90 235 365
3	 235 90 524
3	 630 441 85
3	 450 356 441
3	 85 8 510
3	 441 630 450
3	 464 316 621
3	 36 491 356
3	 356 316 36
3	 316 356 544
3	 38 624 442
3	 38 510 8
3	 40 8 491
3	 510 38 442
3	 356 450 544
3	 441 491 8
3	 8 85 441
3	 491 441 356
3	 234 609 314
3	 234 584 380
3	 380 151 234
3	 151 380 37
3	 2 624 38
3	 8 40 38
3	 2 380 584
3	 2 38 40
3	 316 376 36
3	 36 582 37
3	 491 36 37
3	 582 36 376
3	 380 2 40
3	 40 37 380
3	 151 37 582
3	 37 40 491
3	 348 639 132
3	 132 34 348
3	 33 43 348
3	 639 348 43
3	 359 618 58
3	 58 545 34
3	 34 555 359
3	 359 58 34
3	 412 600 152
3	 412 553 33
3	 124 33 545
3	 553 412 152
3	 34 132 555
3	 545 348 34
3	 43 33 553
3	 348 545 33
3	 420 634 111
3	 111 550 302
3	 302 551 420
3	 420 111 302
3	 123 461 621
3	 177 486 255
3	 255 550 461
3	 461 177 255
3	 62 618 174
3	 174 257 62
3	 62 486 142
3	 257 174 551
3	 302 550 255
3	 257 255 486
3	 257 551 302
3	 255 257 302
3	 145 450 630
3	 414 543 122
3	 414 544 450
3	 450 145 414
3	 262 600 310
3	 262 484 122
3	 168 122 543
3	 484 262 310
3	 621 544 123
3	 544 621 316
3	 122 92 123
3	 461 123 92
3	 543 414 145
3	 92 122 484
3	 123 544 414
3	 414 122 123
3	 58 618 62
3	 486 62 257
3	 142 545 58
3	 58 62 142
3	 461 92 177
3	 177 484 141
3	 141 486 177
3	 484 177 92
3	 310 600 412
3	 33 124 412
3	 141 310 124
3	 310 412 124
3	 142 486 141
3	 310 141 484
3	 545 142 124
3	 142 141 124
3	 229 371 225
3	 371 144 225
3	 331 229 225
3	 371 229 638
3	 253 623 230
3	 230 144 253
3	 370 144 523
3	 144 230 570
3	 602 331 476
3	 333 512 331
3	 225 476 331
3	 331 602 333
3	 144 371 523
3	 476 225 570
3	 229 331 512
3	 570 225 144
3	 245 303 445
3	 303 514 200
3	 445 520 46
3	 445 303 200
3	 84 612 139
3	 139 305 84
3	 305 514 84
3	 159 139 575
3	 623 309 248
3	 248 520 159
3	 248 575 220
3	 520 248 309
3	 200 514 305
3	 139 159 305
3	 159 200 305
3	 200 159 520
3	 244 39 298
3	 298 509 195
3	 517 298 299
3	 39 244 633
3	 476 150 602
3	 195 383 505
3	 195 509 150
3	 383 195 150
3	 42 612 16
3	 16 299 42
3	 299 505 42
3	 299 16 517
3	 509 298 39
3	 298 505 299
3	 298 517 244
3	 505 298 195
3	 220 623 248
3	 575 248 159
3	 71 230 220
3	 623 220 230
3	 139 612 42
3	 42 505 76
3	 76 139 42
3	 139 76 575
3	 150 476 383
3	 476 570 71
3	 76 383 71
3	 383 476 71
3	 220 76 71
3	 383 76 505
3	 230 71 570
3	 76 220 575
3	 138 238 137
3	 238 590 137
3	 579 137 179
3	 238 138 634
3	 344 616 131
3	 344 522 120
3	 344 590 13
3	 590 344 120
3	 0 627 22
3	 179 22 579
3	 179 522 0
3	 22 179 0
3	 137 590 120
3	 120 522 179
3	 137 579 138
3	 137 120 179
3	 153 638 229
3	 229 226 153
3	 596 226 358
3	 226 229 512
3	 333 397 10
3	 55 283 10
3	 283 512 333
3	 333 10 283
3	 131 384 358
3	 384 596 358
3	 358 507 131
3	 384 131 616
3	 226 512 283
3	 226 507 358
3	 226 596 153
3	 507 226 283
3	 39 633 334
3	 334 578 79
3	 79 509 39
3	 39 334 79
3	 227 162 208
3	 162 573 208
3	 79 227 208
3	 162 227 627
3	 397 602 150
3	 150 509 72
3	 573 72 208
3	 397 150 72
3	 227 79 578
3	 72 573 397
3	 72 509 79
3	 79 208 72
3	 616 344 13
3	 131 507 416
3	 416 522 344
3	 344 131 416
3	 397 333 602
3	 175 10 573
3	 507 55 416
3	 573 10 397
3	 162 627 0
3	 0 522 175
3	 175 573 162
3	 162 0 175
3	 55 507 283
3	 10 175 55
3	 55 522 416
3	 522 55 175
3	 7 205 118
3	 205 524 158
3	 158 574 118
3	 118 205 158
3	 314 609 4
3	 4 588 93
3	 93 524 314
3	 314 4 93
3	 574 628 477
3	 233 574 478
3	 268 478 588
3	 628 574 233
3	 158 524 93
3	 93 478 158
3	 478 574 158
3	 478 93 588
3	 279 634 138
3	 138 579 172
3	 172 521 279
3	 279 138 172
3	 22 627 451
3	 451 587 23
3	 579 23 172
3	 22 451 23
3	 211 609 405
3	 211 521 165
3	 454 165 587
3	 521 211 405
3	 23 579 22
3	 23 587 165
3	 165 172 23
3	 172 165 521
3	 201 633 444
3	 444 381 201
3	 201 578 334
3	 633 201 334
3	 233 317 628
3	 519 311 268
3	 311 572 317
3	 311 519 381
3	 267 627 227
3	 267 578 385
3	 269 385 519
3	 578 267 227
3	 381 444 572
3	 385 381 519
3	 385 578 201
3	 381 385 201
3	 4 211 454
3	 165 454 211
3	 454 588 4
3	 211 4 609
3	 451 627 267
3	 385 269 267
3	 269 587 451
3	 451 267 269
3	 311 233 268
3	 268 588 271
3	 271 519 268
3	 478 268 233
3	 271 587 269
3	 269 519 271
3	 588 454 271
3	 587 271 454
3	 247 181 155
3	 91 181 482
3	 108 155 91
3	 181 91 155
3	 186 608 31
3	 256 59 31
3	 59 482 186
3	 186 31 59
3	 209 260 629
3	 35 108 390
3	 108 483 260
3	 390 108 260
3	 91 482 59
3	 216 91 59
3	 155 108 501
3	 91 483 108
3	 205 7 635
3	 477 118 574
3	 19 164 7
3	 635 164 349
3	 477 276 125
3	 125 481 15
3	 118 477 15
3	 477 125 15
3	 346 280 539
3	 346 539 19
3	 19 481 346
3	 280 346 608
3	 118 15 7
3	 15 481 19
3	 164 19 539
3	 7 15 19
3	 444 130 265
3	 127 265 130
3	 265 572 444
3	 572 265 126
3	 511 629 277
3	 154 511 105
3	 126 154 105
3	 629 511 154
3	 317 233 311
3	 572 311 381
3	 105 628 317
3	 628 105 276
3	 154 126 557
3	 276 105 511
3	 317 572 126
3	 126 105 317
3	 31 608 346
3	 346 256 31
3	 91 216 483
3	 256 346 481
3	 276 477 628
3	 276 243 125
3	 125 256 481
3	 243 276 511
3	 277 629 260
3	 483 277 260
3	 243 277 216
3	 277 483 216
3	 256 125 243
3	 277 243 511
3	 59 256 216
3	 256 243 216
3	 303 632 215
3	 304 593 203
3	 215 514 303
3	 514 215 304
3	 110 626 88
3	 110 576 203
3	 437 203 593
3	 576 110 88
3	 84 440 612
3	 304 84 514
3	 576 307 203
3	 440 84 307
3	 593 304 215
3	 307 576 440
3	 84 304 307
3	 304 203 307
3	 181 247 641
3	 78 501 382
3	 134 382 527
3	 501 247 155
3	 260 209 390
3	 207 390 530
3	 108 35 501
3	 530 390 209
3	 191 24 527
3	 24 191 626
3	 390 207 35
3	 626 191 207
3	 382 501 35
3	 35 207 191
3	 191 527 382
3	 382 35 191
3	 130 633 244
3	 355 244 517
3	 265 557 126
3	 130 444 633
3	 16 440 273
3	 577 273 250
3	 517 273 355
3	 273 517 16
3	 400 629 154
3	 400 557 127
3	 472 127 577
3	 557 400 154
3	 244 355 130
3	 355 577 127
3	 265 127 557
3	 130 355 127
3	 88 626 207
3	 530 88 207
3	 576 471 250
3	 88 530 471
3	 209 629 400
3	 127 472 400
3	 472 530 209
3	 209 400 472
3	 440 16 612
3	 440 576 250
3	 273 577 355
3	 273 440 250
3	 471 530 472
3	 471 577 250
3	 471 576 88
3	 577 471 472
3	 190 641 247
3	 501 78 247
3	 408 249 190
3	 641 190 249
3	 427 527 300
3	 382 569 78
3	 300 527 24
3	 569 382 134
3	 324 368 12
3	 12 571 408
3	 402 408 569
3	 571 12 368
3	 247 78 190
3	 190 569 408
3	 249 408 571
3	 569 190 78
3	 389 632 387
3	 157 387 563
3	 389 593 215
3	 632 389 215
3	 563 196 157
3	 504 157 196
3	 389 157 425
3	 157 504 425
3	 24 110 437
3	 203 437 110
3	 425 300 437
3	 24 437 300
3	 387 157 389
3	 300 425 504
3	 425 593 389
3	 593 425 437
3	 156 636 193
3	 193 508 426
3	 426 567 156
3	 156 193 426
3	 613 161 432
3	 324 398 161
3	 426 432 161
3	 161 613 324
3	 327 617 388
3	 388 398 327
3	 327 506 180
3	 398 388 567
3	 432 426 508
3	 567 161 398
3	 161 567 426
3	 398 324 506
3	 110 24 626
3	 300 504 427
3	 402 134 427
3	 527 427 134
3	 196 617 327
3	 506 327 398
3	 504 180 427
3	 196 327 180
3	 368 324 613
3	 506 12 402
3	 12 506 324
3	 408 402 12
3	 180 504 196
3	 180 402 427
3	 134 402 569
3	 402 180 506
3	 252 640 197
3	 197 562 323
3	 323 252 197
3	 252 323 487
3	 439 625 342
3	 342 485 360
3	 360 562 439
3	 439 342 360
3	 228 369 421
3	 421 487 323
3	 421 485 228
3	 369 228 611
3	 323 562 360
3	 360 485 421
3	 487 421 369
3	 323 360 421
3	 133 641 249
3	 249 571 409
3	 409 565 133
3	 133 249 409
3	 83 613 30
3	 83 566 422
3	 422 571 368
3	 368 83 422
3	 625 198 342
3	 361 565 282
3	 282 566 198
3	 198 361 282
3	 409 571 422
3	 422 566 282
3	 282 565 409
3	 409 422 282
3	 193 636 375
3	 375 547 182
3	 182 508 193
3	 193 375 182
3	 143 611 28
3	 28 101 143
3	 101 547 143
3	 101 28 533
3	 432 30 613
3	 432 508 61
3	 61 533 30
3	 30 432 61
3	 182 547 101
3	 101 533 61
3	 61 508 182
3	 182 101 61
3	 198 625 361
3	 198 566 362
3	 362 485 342
3	 342 198 362
3	 613 83 368
3	 30 533 318
3	 318 566 83
3	 83 30 318
3	 28 611 228
3	 228 485 14
3	 14 533 28
3	 28 228 14
3	 362 566 318
3	 318 533 14
3	 14 485 362
3	 362 318 14
3	 185 631 104
3	 456 104 558
3	 462 185 104
3	 185 462 589
3	 320 610 431
3	 581 320 431
3	 456 558 320
3	 320 581 456
3	 75 605 291
3	 291 589 75
3	 462 295 75
3	 56 75 295
3	 104 456 462
3	 295 456 581
3	 75 589 462
3	 295 462 456
3	 236 640 252
3	 252 112 109
3	 503 109 173
3	 236 252 109
3	 449 611 99
3	 548 99 98
3	 112 369 449
3	 369 112 487
3	 357 610 467
3	 448 503 173
3	 97 173 548
3	 503 448 357
3	 112 252 487
3	 109 548 173
3	 109 503 236
3	 548 109 112
3	 375 417 378
3	 378 597 322
3	 378 547 375
3	 417 375 636
3	 75 56 605
3	 455 583 322
3	 322 56 455
3	 56 322 597
3	 99 611 143
3	 143 261 99
3	 98 261 583
3	 261 143 547
3	 597 378 417
3	 322 583 261
3	 261 547 378
3	 378 322 261
3	 431 610 448
3	 173 97 448
3	 69 431 97
3	 431 448 97
3	 611 449 369
3	 99 548 449
3	 449 548 112
3	 261 98 99
3	 56 295 455
3	 581 455 295
3	 69 583 455
3	 455 581 69
3	 97 548 98
3	 98 583 69
3	 431 69 581
3	 97 98 69
3	 457 637 435
3	 457 556 466
3	 285 103 493
3	 637 457 285
3	 77 607 332
3	 466 564 103
3	 466 556 77
3	 77 332 466
3	 329 604 418
3	 329 493 103
3	 103 564 329
3	 493 329 418
3	 556 457 435
3	 466 103 457
3	 103 285 457
3	 564 466 332
3	 53 631 185
3	 415 589 149
3	 415 53 185
3	 53 415 549
3	 117 291 605
3	 586 377 341
3	 149 589 291
3	 291 377 149
3	 379 607 167
3	 413 167 549
3	 586 379 413
3	 167 413 379
3	 589 415 185
3	 149 413 415
3	 413 549 415
3	 413 149 586
3	 401 636 396
3	 396 488 401
3	 597 401 474
3	 636 401 417
3	 95 116 48
3	 560 48 116
3	 343 488 48
3	 48 560 343
3	 605 597 474
3	 597 605 56
3	 343 117 474
3	 605 474 117
3	 401 488 343
3	 117 343 560
3	 401 597 417
3	 401 343 474
3	 332 607 379
3	 379 586 115
3	 115 564 332
3	 332 379 115
3	 291 117 377
3	 377 560 341
3	 377 586 149
3	 560 377 117
3	 270 604 329
3	 329 564 270
3	 341 116 270
3	 604 270 116
3	 115 341 270
3	 116 341 560
3	 270 564 115
3	 341 115 586
3	 632 281 387
3	 366 245 561
3	 367 387 281
3	 281 632 245
3	 136 289 80
3	 80 500 366
3	 366 561 136
3	 136 80 366
3	 196 563 617
3	 438 563 367
3	 121 367 500
3	 617 563 438
3	 245 366 281
3	 281 500 367
3	 387 367 563
3	 500 281 366
3	 465 637 285
3	 285 493 106
3	 106 568 465
3	 465 285 106
3	 418 604 63
3	 532 418 63
3	 210 493 418
3	 418 532 210
3	 306 620 325
3	 325 568 306
3	 210 289 306
3	 620 306 289
3	 106 493 210
3	 289 210 532
3	 306 568 106
3	 106 210 306
3	 396 156 345
3	 345 156 567
3	 347 488 396
3	 156 396 636
3	 206 617 438
3	 347 206 480
3	 345 567 388
3	 388 206 345
3	 116 95 604
3	 48 488 460
3	 479 460 480
3	 95 48 460
3	 396 345 347
3	 347 480 460
3	 460 488 347
3	 206 347 345
3	 289 136 620
3	 80 532 21
3	 21 500 80
3	 532 80 289
3	 63 604 95
3	 460 479 95
3	 21 63 479
3	 63 95 479
3	 617 206 388
3	 367 121 438
3	 438 480 206
3	 480 438 121
3	 63 21 532
3	 479 480 121
3	 121 21 479
3	 21 121 500
3	 313 641 133
3	 18 133 565
3	 64 181 313
3	 641 313 181
3	 361 468 128
3	 128 598 18
3	 565 128 18
3	 128 565 361
3	 354 608 186
3	 186 482 64
3	 64 598 354
3	 354 186 64
3	 133 18 313
3	 313 598 64
3	 181 64 482
3	 598 313 18
3	 251 640 194
3	 251 518 119
3	 251 562 197
3	 640 251 197
3	 114 606 263
3	 221 114 516
3	 119 518 199
3	 199 114 119
3	 625 439 330
3	 439 562 221
3	 221 516 330
3	 330 439 221
3	 518 251 194
3	 114 221 119
3	 119 562 251
3	 562 119 221
3	 164 635 7
3	 164 539 51
3	 349 51 580
3	 51 349 164
3	 608 264 280
3	 264 499 240
3	 280 51 539
3	 280 264 240
3	 32 606 9
3	 9 580 32
3	 32 499 263
3	 606 32 263
3	 51 280 240
3	 240 499 32
3	 32 580 51
3	 51 240 32
3	 468 625 330
3	 330 11 468
3	 146 128 468
3	 468 361 625
3	 606 114 199
3	 263 499 11
3	 263 516 114
3	 516 263 11
3	 264 608 354
3	 146 354 598
3	 146 499 264
3	 354 146 264
3	 11 330 516
3	 11 499 146
3	 128 146 598
3	 468 11 146
3	 132 639 315
3	 113 222 315
3	 222 555 132
3	 132 315 222
3	 601 423 446
3	 178 526 424
3	 178 446 423
3	 446 178 538
3	 60 618 359
3	 359 555 424
3	 424 526 60
3	 60 359 424
3	 222 538 178
3	 526 178 423
3	 555 178 424
3	 178 555 222
3	 184 638 153
3	 184 596 183
3	 183 536 184
3	 596 184 153
3	 278 616 188
3	 384 525 50
3	 50 596 384
3	 525 384 278
3	 288 160 601
3	 183 288 536
3	 160 525 57
3	 160 288 170
3	 183 596 50
3	 50 525 170
3	 288 183 170
3	 183 50 170
3	 238 634 420
3	 420 551 419
3	 419 590 238
3	 238 420 419
3	 174 618 189
3	 189 585 287
3	 287 551 174
3	 174 189 287
3	 188 616 13
3	 13 590 428
3	 428 585 188
3	 188 13 428
3	 419 551 287
3	 287 585 428
3	 428 590 419
3	 419 287 428
3	 423 601 160
3	 525 160 170
3	 57 526 423
3	 423 160 57
3	 616 278 384
3	 188 403 278
3	 403 525 278
3	 403 188 585
3	 189 618 60
3	 60 526 176
3	 176 585 189
3	 189 60 176
3	 57 525 403
3	 403 585 176
3	 176 526 57
3	 57 403 176
3	 407 637 465
3	 465 568 352
3	 535 352 404
3	 407 465 352
3	 218 620 392
3	 591 434 326
3	 463 568 325
3	 325 434 463
3	 301 619 166
3	 535 166 406
3	 326 301 591
3	 301 166 404
3	 352 568 463
3	 352 591 404
3	 352 535 407
3	 591 352 463
3	 303 245 632
3	 520 445 200
3	 445 561 245
3	 561 445 46
3	 309 623 219
3	 219 393 309
3	 309 46 520
3	 393 219 502
3	 392 620 136
3	 136 561 392
3	 218 46 393
3	 620 218 325
3	 46 309 393
3	 502 218 393
3	 392 561 46
3	 46 218 392
3	 148 638 29
3	 29 537 148
3	 27 523 148
3	 638 148 371
3	 49 81 259
3	 81 595 27
3	 27 537 259
3	 259 81 27
3	 192 623 253
3	 253 370 192
3	 370 595 192
3	 144 370 253
3	 148 537 27
3	 27 595 370
3	 148 523 371
3	 523 27 370
3	 325 218 434
3	 434 502 326
3	 434 591 463
3	 218 502 434
3	 219 623 192
3	 192 595 328
3	 502 328 326
3	 219 192 328
3	 82 619 301
3	 591 301 404
3	 82 595 81
3	 619 82 81
3	 328 502 219
3	 328 82 326
3	 301 326 82
3	 82 328 595
3	 315 639 214
3	 315 540 113
3	 222 113 538
3	 540 315 214
3	 266 622 351
3	 592 102 266
3	 65 212 540
3	 102 592 212
3	 601 41 391
3	 538 41 446
3	 312 592 41
3	 41 538 312
3	 113 540 212
3	 212 592 312
3	 312 538 113
3	 113 212 312
3	 96 637 407
3	 96 535 469
3	 224 469 534
3	 535 96 407
3	 166 239 406
3	 239 594 406
3	 535 406 469
3	 239 166 619
3	 351 622 447
3	 447 534 94
3	 94 594 351
3	 351 447 94
3	 166 535 404
3	 406 594 94
3	 94 534 469
3	 469 406 94
3	 29 638 184
3	 29 536 26
3	 26 537 29
3	 536 29 184
3	 169 601 391
3	 391 529 169
3	 169 536 288
3	 601 169 288
3	 81 49 619
3	 26 259 537
3	 275 171 529
3	 49 259 171
3	 26 536 169
3	 169 529 171
3	 259 26 171
3	 26 169 171
3	 622 266 102
3	 351 386 266
3	 274 266 386
3	 386 351 594
3	 239 619 49
3	 171 275 49
3	 275 594 239
3	 239 49 275
3	 41 601 446
3	 41 592 274
3	 274 529 391
3	 391 41 274
3	 386 594 275
3	 386 529 274
3	 266 274 592
3	 529 386 275
3	 53 1 631
3	 549 67 53
3	 599 54 68
3	 67 549 54
3	 395 607 187
3	 187 546 395
3	 54 167 395
3	 607 395 167
3	 292 615 296
3	 599 292 296
3	 68 546 292
3	 292 599 68
3	 167 54 549
3	 395 546 68
3	 54 599 67
3	 54 395 68
3	 435 96 224
3	 469 224 96
3	 435 443 556
3	 96 435 637
3	 321 622 52
3	 202 204 321
3	 321 534 447
3	 534 321 204
3	 187 77 107
3	 556 107 77
3	 443 492 107
3	 107 556 443
3	 224 204 443
3	 204 492 443
3	 443 435 224
3	 204 224 534
3	 214 639 297
3	 297 490 335
3	 540 335 65
3	 214 297 335
3	 615 410 74
3	 74 66 223
3	 340 223 490
3	 66 74 410
3	 52 102 65
3	 212 65 102
3	 65 531 52
3	 102 52 622
3	 531 490 223
3	 335 531 65
3	 335 540 214
3	 490 531 335
3	 77 187 607
3	 107 492 308
3	 308 546 187
3	 187 107 308
3	 622 321 447
3	 52 202 321
3	 204 202 492
3	 202 52 531
3	 410 615 292
3	 308 410 546
3	 202 223 66
3	 546 410 292
3	 66 492 202
3	 223 202 531
3	 410 308 66
3	 492 66 308
      }
    }
  ) # end geometry "[g1]" obj
  (merge-ap "[g1]" appearance {
    *face
    *edge
    *-vect
    *evert
    *-texturing
    *-shadelines
    *shading smooth
    *normscale 1
    *-mipmap
    *-mipinterp
    *-linear
    *-normal
    *linewidth 1 
    material {
      *edgecolor 0.000000 0.000000 0.000000
    }
  }
  ) # end appearance "[g1]" obj
  (bbox-draw "[g1]" off)
  (bbox-color "[g1]" 0.000000 0.000000 0.000000)
  (normalization "[g1]" each)
  (name-object "[g1]" "obj")

  (window default { position 120 538 807 1417 })
  (camera "Camera" camera {
    camtoworld transform {
             1             0             0             0
             0             1             0             0
             0             0             1             0
             0             0             3             1

    }
    perspective 1  stereo 0
    fov 20.5433
    frameaspect 0.685761
    focus 3
    near 0.1
    far 100
    bgcolor 1 1 1 0
  }
  ) # camera "Camera" ...
  (backcolor "Camera" 1.000000 1.000000 1.000000)
  (window "Camera" window { size 419 611 position 120 538 807 1417 resize curpos 120 538 807 1417 viewport 0 418 0 610 }
  )
  # end camera Camera

  (ui-target "obj")
)
