A/A0 V/V0 Vr eb eb_bend eb_ad ea ega ev ek ee  h0 h1 h2
1 1.00032 0.642203 0.111098 0.0495561 0.0615419 0.000329511 0 1.33674e-06 1.89175e-08 0 12.54967498779297 7.076537132263184 24.77803230285645
1.0019 1.00026 0.640345 0.107542 0.0497908 0.0577509 0.000621329 4.51258e-05 9.1562e-07 0.000785927 0 12.57347774505615 7.498563289642334 24.89542961120605
1.0024 0.999697 0.639497 0.104956 0.0499636 0.0549928 0.00104346 7.25687e-05 1.23207e-06 0.000919946 0 12.57984924316406 7.820912837982178 24.98180961608887
1.00202 0.999987 0.640048 0.103045 0.0501979 0.0528474 0.00099401 5.13769e-05 2.40701e-09 0.00072492 0 12.57507133483887 8.082426071166992 25.09897232055664
1.00176 1.00014 0.640398 0.101392 0.050353 0.0510394 0.00109266 3.89074e-05 2.61979e-07 0.00100015 0 12.57177257537842 8.30649471282959 25.17651176452637
1.00185 0.999989 0.640217 0.100007 0.0505411 0.0494655 0.00142923 4.28669e-05 1.73466e-09 0.000866078 0 12.57285404205322 8.502758979797363 25.27054023742676
1.00178 0.999954 0.640258 0.0985945 0.0505074 0.0480871 0.00192045 3.9864e-05 2.804e-08 0.000900755 0 12.57204723358154 8.678122520446777 25.25367736816406
1.00168 1.00001 0.640392 0.0973916 0.0505491 0.0468426 0.00151252 3.5447e-05 1.44923e-09 0.0010167 0 12.57075977325439 8.838865280151367 25.27454566955566
1.00165 1.00003 0.64043 0.0962783 0.0506161 0.0456622 0.00155828 3.42478e-05 1.06462e-08 0.00113389 0 12.57040405273438 8.992890357971191 25.30804061889648
1.00158 1.00005 0.640511 0.0952358 0.0506914 0.0445444 0.00181947 3.13354e-05 2.89015e-08 0.00209773 0 12.56950950622559 9.140850067138672 25.34567070007324
1.00152 1.0001 0.640605 0.0944243 0.0509147 0.0435097 0.00151773 2.88431e-05 1.26554e-07 0.00186217 0 12.56870937347412 9.27943229675293 25.45737266540527
1.00144 1.0001 0.640682 0.0935112 0.0510035 0.0425077 0.00164655 2.58965e-05 1.2962e-07 0.00156863 0 12.56770133972168 9.415321350097656 25.50173568725586
1.00141 1.00011 0.640715 0.0926134 0.0510323 0.0415811 0.00182865 2.50475e-05 1.74013e-07 0.00203097 0 12.56739234924316 9.542097091674805 25.51613235473633
1.00132 1.00016 0.640834 0.0915483 0.0508635 0.0406848 0.0016633 2.17919e-05 3.34919e-07 0.00223366 0 12.56622791290283 9.666491508483887 25.4317569732666
1.00125 1.00021 0.640935 0.0907828 0.0509644 0.0398184 0.00214362 1.94948e-05 5.79846e-07 0.00232445 0 12.56532573699951 9.787922859191895 25.48220825195312
1.00119 1.00021 0.640991 0.0900401 0.0510544 0.0389857 0.00175274 1.76916e-05 5.72256e-07 0.00205144 0 12.56457138061523 9.905795097351074 25.52718925476074
1.00111 1.00023 0.641076 0.0891594 0.0509745 0.0381849 0.0020626 1.55965e-05 7.12148e-07 0.0024579 0 12.56365966796875 10.0204381942749 25.48724746704102
1.00105 1.0003 0.641178 0.0885202 0.0511016 0.0374186 0.00223171 1.38792e-05 1.17502e-06 0.00219891 0 12.56286430358887 10.13124561309814 25.55079078674316
1.00103 1.00027 0.641181 0.0876238 0.0509258 0.036698 0.00195615 1.33005e-05 9.52513e-07 0.00344843 0 12.56260776519775 10.23624324798584 25.4628734588623
1.00099 1.00033 0.641256 0.087353 0.0513503 0.0360027 0.00166504 1.22967e-05 1.41889e-06 0.00273975 0 12.56208801269531 10.33863639831543 25.67513465881348
1.00097 1.00034 0.641289 0.086758 0.0514328 0.0353252 0.00150181 1.17309e-05 1.56108e-06 0.00231049 0 12.56180477142334 10.43927764892578 25.71640205383301
1.00088 1.00042 0.641421 0.0857757 0.0511061 0.0346696 0.00162643 9.71486e-06 2.32769e-06 0.00333316 0 12.56070804595947 10.5379467010498 25.5530948638916
1.00081 1.00041 0.641479 0.0852563 0.0512449 0.0340114 0.00160368 8.33361e-06 2.25987e-06 0.00357308 0 12.55991172790527 10.63778400421143 25.62246322631836
1.00081 1.00045 0.641502 0.0850042 0.0516322 0.033372 0.00154649 8.31775e-06 2.65795e-06 0.0032636 0 12.55987930297852 10.7354097366333 25.81613540649414
1.00072 1.00044 0.641591 0.0841902 0.0514406 0.0327496 0.00178884 6.47615e-06 2.59549e-06 0.00366146 0 12.5586986541748 10.83178329467773 25.7203254699707
1.00068 1.0005 0.641667 0.0836153 0.0514808 0.0321345 0.00151719 5.83466e-06 3.39701e-06 0.00367754 0 12.5582332611084 10.92766189575195 25.74037170410156
1.00066 1.00051 0.641692 0.082997 0.0514643 0.0315326 0.00139025 5.4062e-06 3.42248e-06 0.00367171 0 12.55792140960693 11.02229022979736 25.7321662902832
1.00057 1.00053 0.641797 0.0817949 0.0508373 0.0309577 0.00196995 4.03069e-06 3.8184e-06 0.0043259 0 12.55676746368408 11.11385822296143 25.41863250732422
1.00052 1.00056 0.641859 0.0812875 0.0508843 0.0304031 0.00152204 3.39375e-06 4.21068e-06 0.00524764 0 12.55622005462646 11.20277309417725 25.44218254089355
1.00046 1.00062 0.641953 0.0809555 0.0510863 0.0298692 0.00161847 2.68474e-06 5.1571e-06 0.00493573 0 12.55548095703125 11.28920745849609 25.54315185546875
1.00037 1.00065 0.64206 0.081034 0.0516939 0.0293401 0.00177569 1.75329e-06 5.7518e-06 0.00469159 0 12.55437278747559 11.37576961517334 25.84698677062988
1.00031 1.00066 0.642123 0.0799437 0.051108 0.0288358 0.00210947 1.22198e-06 5.83515e-06 0.00529222 0 12.55358791351318 11.45890045166016 25.55397605895996
1.00033 1.00069 0.642132 0.0799536 0.0516166 0.028337 0.00257272 1.33443e-06 6.48142e-06 0.00460022 0 12.55376529693604 11.54147624969482 25.80826377868652
1.00026 1.0007 0.642196 0.0792088 0.0513375 0.0278713 0.00191044 8.78131e-07 6.61344e-06 0.00558302 0 12.55299472808838 11.61956691741943 25.66876983642578
1.00024 1.00073 0.642242 0.0789456 0.0515261 0.0274194 0.00185526 7.12275e-07 7.22872e-06 0.0048317 0 12.5526647567749 11.69582939147949 25.76303672790527
1.00013 1.00076 0.642363 0.0777585 0.05079 0.0269686 0.00181012 2.18458e-07 7.80812e-06 0.00603585 0 12.55131912231445 11.77289485931396 25.39498138427734
1.00012 1.0008 0.642403 0.0776347 0.0511039 0.0265309 0.00181602 1.69345e-07 8.61931e-06 0.00537011 0 12.55114459991455 11.84791851043701 25.55191421508789
1.00009 1.00081 0.64243 0.0775132 0.051413 0.0261002 0.00201017 1.08662e-07 8.80723e-06 0.00498639 0 12.55086040496826 11.92237091064453 25.70649528503418
1 1.00087 0.642555 0.0767734 0.0511001 0.0256733 0.00218731 1.85017e-10 1.01642e-05 0.0053615 0 12.54971313476562 11.99708366394043 25.55004501342773
1.00001 1.00086 0.642538 0.076303 0.0510278 0.0252752 0.00200955 1.79979e-09 9.84404e-06 0.00526532 0 12.54983901977539 12.06690979003906 25.51393127441406
0.999967 1.00089 0.642602 0.0760866 0.0512023 0.0248844 0.0019652 1.3772e-08 1.05723e-05 0.00552144 0 12.54925346374512 12.13623332977295 25.60111618041992
0.999886 1.00097 0.642735 0.0752686 0.0507588 0.0245098 0.00189039 1.63145e-07 1.27314e-05 0.00680053 0 12.54824256896973 12.20332527160645 25.37939643859863
0.999849 1.001 0.642785 0.0750725 0.0509295 0.024143 0.00186373 2.86967e-07 1.32932e-05 0.00669319 0 12.54776954650879 12.2693452835083 25.46472549438477
0.999864 1.00097 0.642751 0.0751424 0.0513468 0.0237956 0.00175389 2.32558e-07 1.25008e-05 0.00691714 0 12.54795455932617 12.33212566375732 25.67341613769531
0.999857 1.00103 0.642797 0.0751935 0.0517432 0.0234503 0.00197486 2.55842e-07 1.41631e-05 0.00651961 0 12.54786586761475 12.39508152008057 25.87156105041504
0.999769 1.00105 0.642896 0.0743442 0.0512192 0.023125 0.00203575 6.69332e-07 1.47783e-05 0.00681006 0 12.54676723480225 12.45515060424805 25.6096019744873
0.999687 1.0011 0.643007 0.0741154 0.0513025 0.0228129 0.00212454 1.23282e-06 1.6175e-05 0.00681767 0 12.54574298858643 12.51315879821777 25.65124893188477
0.99969 1.00111 0.64301 0.0734384 0.0509313 0.0225071 0.00193275 1.20538e-06 1.64614e-05 0.00722763 0 12.54577159881592 12.5700511932373 25.46567535400391
0.999633 1.00115 0.643093 0.0732414 0.0510345 0.0222069 0.00190571 1.6881e-06 1.77902e-05 0.00765767 0 12.54507923126221 12.62649536132812 25.51726722717285
0.999584 1.00119 0.643168 0.0726994 0.0507663 0.0219331 0.00195817 2.17281e-06 1.91205e-05 0.00838084 0 12.54446315765381 12.67830467224121 25.38314628601074
0.999624 1.00118 0.643119 0.0728871 0.0512229 0.0216641 0.00172919 1.77091e-06 1.86533e-05 0.00820795 0 12.54494094848633 12.72915172576904 25.61147499084473
0.999574 1.00123 0.643199 0.0727698 0.0513542 0.0214156 0.00169 2.27261e-06 2.02298e-05 0.00853254 0 12.54433536529541 12.77674293518066 25.67709159851074
0.999585 1.00124 0.643198 0.0730108 0.0518304 0.0211804 0.00169972 2.15749e-06 2.07421e-05 0.00982072 0 12.54445743560791 12.82185459136963 25.91522216796875
0.999596 1.00128 0.643212 0.0732539 0.0522836 0.0209703 0.00156926 2.04391e-06 2.20353e-05 0.0117849 0 12.54462051391602 12.86232376098633 26.14179039001465
0.999592 1.0013 0.643228 0.0730626 0.0522872 0.0207754 0.00138524 2.08527e-06 2.26762e-05 0.0121459 0 12.54457855224609 12.90014171600342 26.14360809326172
0.999693 1.00136 0.643168 0.0747414 0.0541456 0.0205958 0.00134718 1.18132e-06 2.47373e-05 0.0116307 0 12.54583168029785 12.93468761444092 27.07282829284668
0.999578 1.00135 0.643272 0.0733293 0.0528833 0.020446 0.00153161 2.23256e-06 2.43901e-05 0.0151077 0 12.5443811416626 12.96443271636963 26.44169425964355
0.999691 1.00137 0.643178 0.07477 0.0544684 0.0203015 0.00142255 1.19659e-06 2.52215e-05 0.0121813 0 12.54578495025635 12.99231052398682 27.23421478271484
0.999706 1.0014 0.643182 0.0746162 0.0544325 0.0201836 0.00126635 1.08411e-06 2.62657e-05 0.0144401 0 12.54599094390869 13.01546382904053 27.21623992919922
0.999676 1.00145 0.643246 0.0746195 0.0545387 0.0200808 0.00132143 1.31956e-06 2.8372e-05 0.0162709 0 12.54560661315918 13.03587341308594 27.26935958862305
0.999751 1.00145 0.643174 0.0750721 0.0550859 0.0199862 0.0014246 7.75142e-07 2.84034e-05 0.0162039 0 12.54656028747559 13.05428314208984 27.54291915893555
0.999691 1.00145 0.643229 0.0749454 0.0550316 0.0199137 0.00140335 1.19893e-06 2.82234e-05 0.018854 0 12.54578304290771 13.0689058303833 27.51582908630371
0.999771 1.00147 0.643167 0.0753471 0.0554952 0.019852 0.00129219 6.60903e-07 2.91227e-05 0.017889 0 12.54678535461426 13.08082580566406 27.74755096435547
0.999756 1.0015 0.643196 0.0748249 0.0550184 0.0198065 0.00123541 7.45684e-07 3.00455e-05 0.0181899 0 12.54662227630615 13.08995628356934 27.50919342041016
0.9999 1.00148 0.643049 0.0758559 0.0560929 0.0197631 0.00118454 1.25645e-07 2.95462e-05 0.0161666 0 12.54840278625488 13.09801769256592 28.04641532897949
0.999909 1.00151 0.643058 0.0760696 0.0563357 0.0197339 0.00111326 1.03903e-07 3.06348e-05 0.0172923 0 12.54852294921875 13.10379123687744 28.16784286499023
0.999922 1.00151 0.643042 0.0763892 0.056674 0.0197152 0.00116624 7.65813e-08 3.0422e-05 0.0179524 0 12.54870223999023 13.10747337341309 28.33700180053711
0.99987 1.00151 0.643097 0.0750443 0.055339 0.0197053 0.00126198 2.13018e-07 3.07416e-05 0.0183823 0 12.5480318069458 13.10966110229492 27.66948127746582
0.99993 1.00152 0.643043 0.0755896 0.0558961 0.0196935 0.00110623 6.23163e-08 3.09641e-05 0.0173186 0 12.54880428314209 13.11178588867188 27.94802093505859
0.999851 1.00152 0.643119 0.0747498 0.0550635 0.0196864 0.00122072 2.78909e-07 3.09395e-05 0.0206588 0 12.54779624938965 13.11350727081299 27.53175163269043
0.999931 1.0015 0.643032 0.0755525 0.0558789 0.0196736 0.00107987 5.9489e-08 3.03259e-05 0.018944 0 12.54880619049072 13.11573219299316 27.9394588470459
0.999988 1.00151 0.642984 0.0762033 0.0565294 0.019674 0.00102698 1.86232e-09 3.07861e-05 0.0172046 0 12.54951000213623 13.11545085906982 28.26467895507812
0.999905 1.00153 0.643075 0.0752148 0.0555436 0.0196713 0.00105588 1.13626e-07 3.1473e-05 0.0187636 0 12.54848003387451 13.1163330078125 27.77177238464355
0.999973 1.0015 0.642992 0.0759809 0.0563158 0.019665 0.0011475 9.47988e-09 3.03752e-05 0.0171591 0 12.54933166503906 13.11729621887207 28.1579418182373
0.999956 1.0015 0.643003 0.0757923 0.0561279 0.0196644 0.00110331 2.41453e-08 3.00592e-05 0.0170342 0 12.5491247177124 13.11749267578125 28.06392669677734
0.999884 1.00151 0.643081 0.0745734 0.0549097 0.0196637 0.00116265 1.70145e-07 3.05731e-05 0.0212619 0 12.54821968078613 13.11790180206299 27.4548282623291
0.999825 1.00152 0.643146 0.0740866 0.0544229 0.0196638 0.000997689 3.86299e-07 3.10504e-05 0.0228345 0 12.54749011993408 13.11813163757324 27.2114200592041
0.999971 1.00154 0.643017 0.0758427 0.0561851 0.0196576 0.00103974 1.0668e-08 3.18181e-05 0.0185727 0 12.54930973052979 13.11877155303955 28.0925350189209
0.999952 1.00154 0.643035 0.0757543 0.056101 0.0196533 0.00106894 2.91728e-08 3.17913e-05 0.0182276 0 12.54906558990479 13.11971664428711 28.05049324035645
0.999971 1.00156 0.643028 0.0756563 0.056003 0.0196532 0.00097158 1.03496e-08 3.25839e-05 0.0176223 0 12.5493106842041 13.11964988708496 28.00153350830078
0.999938 1.00155 0.643054 0.0754481 0.0558002 0.0196479 0.00112956 4.81161e-08 3.21762e-05 0.0170565 0 12.54890251159668 13.12086772918701 27.90007781982422
1 1.00152 0.642974 0.0761019 0.0564633 0.0196386 0.000971376 6.79176e-12 3.09554e-05 0.0156828 0 12.5496883392334 13.12244415283203 28.23167037963867
0.999977 1.00151 0.642994 0.0760077 0.0563704 0.0196373 0.000927431 6.36085e-09 3.07757e-05 0.0164011 0 12.54939365386963 13.12282276153564 28.18520927429199
0.99993 1.00152 0.643041 0.0749299 0.0552949 0.019635 0.00105503 6.17019e-08 3.0852e-05 0.017916 0 12.54878234863281 13.12345314025879 27.6474494934082
0.999845 1.00152 0.643122 0.0736286 0.0539875 0.0196411 0.000976813 3.00007e-07 3.08317e-05 0.021315 0 12.54772090911865 13.1225757598877 26.99375152587891
1.00001 1.00154 0.642977 0.0755456 0.0559136 0.019632 0.000928727 2.42144e-09 3.19415e-05 0.0161341 0 12.54986381530762 13.12370777130127 27.95675659179688
0.999929 1.00153 0.643051 0.07469 0.0550561 0.019634 0.000904788 6.2889e-08 3.14266e-05 0.0184634 0 12.54880142211914 13.12366962432861 27.52803421020508
1.00004 1.00154 0.642944 0.0765646 0.0569364 0.0196283 0.000882565 2.3506e-08 3.16581e-05 0.0162704 0 12.55021667480469 13.12436103820801 28.46818923950195
0.99999 1.00153 0.64299 0.0757133 0.0560873 0.0196259 0.000883712 1.35549e-09 3.12578e-05 0.0172438 0 12.5495433807373 13.12504196166992 28.04368209838867
0.999927 1.00155 0.643066 0.074841 0.0552055 0.0196355 0.000898293 6.64566e-08 3.23024e-05 0.0176233 0 12.54878520965576 13.12337779998779 27.60272026062012
0.999952 1.00155 0.643044 0.0751208 0.0554862 0.0196345 0.000854244 2.91563e-08 3.23937e-05 0.0168123 0 12.54906272888184 13.12347507476807 27.74312782287598
1 1.00153 0.642982 0.0757312 0.0561144 0.0196168 0.000831736 3.80093e-11 3.14802e-05 0.0162544 0 12.54970741271973 13.12681102752686 28.05718803405762
0.999931 1.00153 0.643049 0.0746875 0.0550619 0.0196256 0.000867587 6.024e-08 3.13768e-05 0.0173875 0 12.54880428314209 13.12534236907959 27.53090667724609
0.999892 1.00154 0.643096 0.0740364 0.0544084 0.019628 0.000811246 1.46052e-07 3.20107e-05 0.0190676 0 12.54831409454346 13.12500095367432 27.2042121887207
0.999892 1.00154 0.643093 0.0742649 0.05464 0.019625 0.000797557 1.4607e-07 3.1821e-05 0.0180972 0 12.54831218719482 13.12561893463135 27.32000923156738
0.999892 1.00152 0.643082 0.0737272 0.0541066 0.0196206 0.000784003 1.45464e-07 3.11809e-05 0.0168712 0 12.5483226776123 13.12646389007568 27.05332183837891
0.999939 1.00153 0.643045 0.074759 0.0551451 0.019614 0.000768718 4.71891e-08 3.16117e-05 0.0162035 0 12.5488977432251 13.12762641906738 27.57252502441406
1.00001 1.00152 0.642962 0.0758187 0.0562104 0.0196083 0.000821233 1.88977e-09 3.08455e-05 0.0148819 0 12.54982852935791 13.12846851348877 28.10519027709961
0.999911 1.00152 0.643063 0.0743418 0.054722 0.0196198 0.000768407 9.85202e-08 3.11231e-05 0.0180706 0 12.54855728149414 13.12656211853027 27.3609504699707
0.999927 1.00156 0.643069 0.0747875 0.0551694 0.0196181 0.000803555 6.64845e-08 3.24536e-05 0.0175515 0 12.5487813949585 13.12682437896729 27.58464813232422
0.999931 1.00154 0.643058 0.074433 0.0548218 0.0196111 0.000832512 5.90306e-08 3.2002e-05 0.0173261 0 12.54881191253662 13.12822246551514 27.41093826293945
0.999916 1.00153 0.643061 0.0745678 0.0549559 0.019612 0.000757112 8.79338e-08 3.12551e-05 0.0167794 0 12.54861259460449 13.1281270980835 27.4779167175293
0.999954 1.00156 0.643044 0.0745619 0.0549494 0.0196125 0.000725468 2.67092e-08 3.25053e-05 0.0171151 0 12.54908275604248 13.12785530090332 27.47473526000977
1.00006 1.00154 0.642935 0.0759174 0.0563059 0.0196116 0.000734565 3.88821e-08 3.18071e-05 0.0142329 0 12.55038738250732 13.12763977050781 28.15294456481934
0.999884 1.00152 0.643087 0.0740355 0.0544235 0.019612 0.000729432 1.67811e-07 3.09752e-05 0.01974 0 12.54822540283203 13.12822818756104 27.21175003051758
0.999939 1.00153 0.643044 0.0744325 0.054829 0.0196035 0.00075921 4.66289e-08 3.16178e-05 0.0172814 0 12.54891490936279 13.12970638275146 27.41450309753418
0.999927 1.00153 0.643053 0.0743325 0.0547318 0.0196007 0.000730023 6.70402e-08 3.14548e-05 0.0158059 0 12.548752784729 13.13032627105713 27.36587715148926
0.999916 1.00151 0.643053 0.0742437 0.054644 0.0195997 0.000732085 8.94129e-08 3.07486e-05 0.016843 0 12.54861068725586 13.13057613372803 27.32199859619141
0.999999 1.00151 0.642971 0.0752234 0.0556304 0.019593 0.000770405 1.69043e-11 3.06168e-05 0.0145222 0 12.54964733123779 13.13158226013184 27.81520843505859
0.999887 1.00152 0.643088 0.0737535 0.054155 0.0195985 0.000722073 1.61413e-07 3.11583e-05 0.0177035 0 12.54825210571289 13.13093566894531 27.07750701904297
0.999946 1.00155 0.643045 0.0746554 0.0550622 0.0195932 0.000730229 3.59972e-08 3.20963e-05 0.0152709 0 12.54899978637695 13.13174343109131 27.53108024597168
0.999906 1.00151 0.64306 0.0738691 0.0542787 0.0195905 0.000731163 1.11045e-07 3.05878e-05 0.0170958 0 12.54849243164062 13.13246250152588 27.13935661315918
0.999944 1.00153 0.643037 0.074531 0.0549451 0.0195859 0.000726525 3.93251e-08 3.14645e-05 0.0163276 0 12.54897785186768 13.13322353363037 27.47253608703613
0.999878 1.00156 0.643121 0.0732146 0.0536238 0.0195908 0.000705089 1.88282e-07 3.27408e-05 0.01864 0 12.54812335968018 13.1324987411499 26.81191253662109
0.999963 1.00153 0.643016 0.0744708 0.0548906 0.0195802 0.000684079 1.72328e-08 3.12629e-05 0.0150078 0 12.54921245574951 13.1342830657959 27.4453067779541
0.999963 1.00153 0.643016 0.0746079 0.0550257 0.0195823 0.000713683 1.69272e-08 3.12925e-05 0.0148004 0 12.54921722412109 13.13388538360596 27.51280784606934
0.999872 1.00153 0.643108 0.0731414 0.053557 0.0195844 0.000730032 2.04885e-07 3.15584e-05 0.017877 0 12.5480489730835 13.13378715515137 26.77849197387695
1.00003 1.00153 0.642955 0.0753154 0.0557458 0.0195695 0.000722935 9.06977e-09 3.13191e-05 0.0140712 0 12.55001258850098 13.13617706298828 27.87289810180664
0.999882 1.00154 0.6431 0.0733079 0.0537284 0.0195795 0.000688109 1.74349e-07 3.16968e-05 0.0180702 0 12.54820919036865 13.13475322723389 26.86421775817871
0.999968 1.00153 0.643012 0.0745701 0.0549957 0.0195744 0.00072146 1.27137e-08 3.13284e-05 0.016315 0 12.54928779602051 13.13544845581055 27.49787712097168
0.999981 1.00154 0.643004 0.0748653 0.0552927 0.0195726 0.00070937 4.57879e-09 3.16439e-05 0.0149405 0 12.54943656921387 13.13572597503662 27.64631080627441
0.999899 1.00152 0.643076 0.0737293 0.0541552 0.0195741 0.00067788 1.28364e-07 3.11892e-05 0.0184267 0 12.54837703704834 13.13576602935791 27.07761001586914
0.999903 1.00152 0.64307 0.0736268 0.0540563 0.0195705 0.000725577 1.19081e-07 3.10468e-05 0.0177927 0 12.54843902587891 13.13644504547119 27.02816963195801
0.999927 1.00154 0.643062 0.0743647 0.0547976 0.0195672 0.000687889 6.69455e-08 3.19976e-05 0.0166067 0 12.54873275756836 13.13705158233643 27.39878845214844
0.999945 1.00151 0.643022 0.0743451 0.0547842 0.0195609 0.000690509 3.77026e-08 3.0583e-05 0.017958 0 12.54897594451904 13.13823890686035 27.39205741882324
0.999919 1.00155 0.643075 0.0744054 0.0548449 0.0195605 0.000696408 8.3295e-08 3.23076e-05 0.0162821 0 12.54864978790283 13.13841438293457 27.42245674133301
0.99991 1.00151 0.643057 0.0736746 0.054112 0.0195626 0.000728445 1.0228e-07 3.06323e-05 0.0181953 0 12.54853057861328 13.13803195953369 27.05598258972168
0.999996 1.00154 0.64299 0.0754818 0.0559231 0.0195586 0.000685396 2.27913e-10 3.16325e-05 0.0149323 0 12.54961585998535 13.13848400115967 27.96156311035156
0.999967 1.00154 0.643024 0.0746771 0.0551193 0.0195578 0.000664741 1.38264e-08 3.20247e-05 0.0168814 0 12.5492525100708 13.13875293731689 27.55965042114258
1.00002 1.00151 0.642952 0.0756526 0.0561039 0.0195487 0.000815993 4.35557e-09 3.06243e-05 0.0155689 0 12.54990482330322 13.14036655426025 28.05191802978516
0.999888 1.00154 0.643097 0.0738917 0.0543371 0.0195546 0.000752824 1.56638e-07 3.18707e-05 0.0182411 0 12.54826831817627 13.13970279693604 27.16855812072754
0.999948 1.00155 0.643044 0.0748247 0.0552718 0.0195529 0.000725432 3.34859e-08 3.21945e-05 0.0172969 0 12.54901790618896 13.13981819152832 27.63585472106934
0.99992 1.00153 0.643058 0.0746137 0.0550644 0.0195493 0.000708247 8.12027e-08 3.12865e-05 0.0166954 0 12.54867553710938 13.14062881469727 27.53219604492188
0.999955 1.00154 0.643032 0.0747452 0.0551993 0.019546 0.000692909 2.49064e-08 3.18302e-05 0.0166241 0 12.54911422729492 13.1411771774292 27.5996265411377
0.999933 1.00154 0.643055 0.0744687 0.0549243 0.0195445 0.000681597 5.61078e-08 3.19234e-05 0.0176845 0 12.5488338470459 13.14155673980713 27.46215057373047
0.999897 1.00152 0.643076 0.0735165 0.0539707 0.0195458 0.000667805 1.33346e-07 3.10806e-05 0.0187642 0 12.5483865737915 13.14144706726074 26.98534202575684
0.999953 1.00153 0.643024 0.0747038 0.0551633 0.0195405 0.000709973 2.76388e-08 3.12146e-05 0.016401 0 12.54909801483154 13.14228916168213 27.5816535949707
0.999887 1.00155 0.643104 0.074045 0.0545049 0.0195402 0.000684458 1.60555e-07 3.22501e-05 0.0199172 0 12.54825210571289 13.1425952911377 27.25244903564453
0.999931 1.00151 0.643039 0.0747164 0.0551813 0.0195352 0.000670724 5.99434e-08 3.07643e-05 0.017528 0 12.54881286621094 13.14344596862793 27.59065437316895
1.00002 1.00152 0.642958 0.0754942 0.0559604 0.0195339 0.000657755 5.67428e-09 3.11966e-05 0.0151589 0 12.54995727539062 13.14332389831543 27.98017883300781
0.999971 1.00153 0.643011 0.0748473 0.0553209 0.0195264 0.000656728 1.08541e-08 3.14444e-05 0.0165859 0 12.54930591583252 13.14505195617676 27.6604175567627
0.999946 1.00155 0.643048 0.0747746 0.0552511 0.0195235 0.00065068 3.64441e-08 3.2284e-05 0.0155504 0 12.54900741577148 13.14571285247803 27.62553596496582
0.999992 1.00155 0.642999 0.0751362 0.0556153 0.0195209 0.000768884 7.13545e-10 3.20434e-05 0.0143286 0 12.54957008361816 13.14606285095215 27.80764198303223
0.999844 1.00153 0.643133 0.072881 0.0533494 0.0195316 0.000710245 3.03919e-07 3.14712e-05 0.0189819 0 12.54770851135254 13.14449214935303 26.67466163635254
1 1.00153 0.642977 0.0753314 0.0558168 0.0195146 0.000700987 1.91996e-10 3.13166e-05 0.0138615 0 12.54972076416016 13.1472806930542 27.90839004516602
0.999912 1.00154 0.643073 0.074037 0.0545202 0.0195168 0.000668886 9.65478e-08 3.18371e-05 0.0170957 0 12.54856491088867 13.14719200134277 27.26008987426758
0.999911 1.00154 0.643071 0.0740403 0.0545273 0.019513 0.000671111 9.84047e-08 3.16493e-05 0.0176222 0 12.54856109619141 13.14795780181885 27.26365089416504
0.999999 1.00154 0.642989 0.0750348 0.0555257 0.0195091 0.000653917 1.40764e-11 3.17589e-05 0.0148541 0 12.54966259002686 13.14840221405029 27.76283645629883
0.999925 1.00151 0.643045 0.0739759 0.0544696 0.0195063 0.000687267 7.05063e-08 3.07944e-05 0.0166045 0 12.54873275756836 13.14923572540283 27.23484230041504
0.999785 1.00154 0.643194 0.0722071 0.0526931 0.019514 0.000691197 5.80526e-07 3.16672e-05 0.0206213 0 12.54697227478027 13.1482515335083 26.34653472900391
0.999983 1.00154 0.643005 0.0750174 0.0555168 0.0195007 0.000667357 3.43232e-09 3.18585e-05 0.0151548 0 12.54948139190674 13.1501522064209 27.75836753845215
0.999956 1.00152 0.643018 0.0745454 0.0550453 0.0195001 0.000648039 2.44648e-08 3.09462e-05 0.0164294 0 12.54911994934082 13.15036582946777 27.52264022827148
0.999916 1.00156 0.64308 0.0740638 0.0545557 0.0195081 0.000680291 8.85377e-08 3.25e-05 0.0175 0 12.54862022399902 13.14891815185547 27.27785110473633
0.999867 1.00153 0.643108 0.0730324 0.0535331 0.0194994 0.000720122 2.20458e-07 3.13021e-05 0.0183078 0 12.54802894592285 13.15087604522705 26.76651954650879
0.999851 1.00156 0.643148 0.0731459 0.0536442 0.0195017 0.000667157 2.80478e-07 3.27925e-05 0.0164218 0 12.54780673980713 13.15046310424805 26.82211685180664
0.999907 1.00153 0.643074 0.0737564 0.0542602 0.0194962 0.000639457 1.07451e-07 3.15928e-05 0.016286 0 12.54851531982422 13.15133762359619 27.1301212310791
0.999879 1.00154 0.643103 0.0734972 0.0540028 0.0194944 0.000626146 1.85058e-07 3.16299e-05 0.0177047 0 12.54815006256104 13.15181541442871 27.00140953063965
0.999928 1.00153 0.643055 0.0739234 0.054433 0.0194904 0.000629138 6.48337e-08 3.16144e-05 0.0168476 0 12.54878044128418 13.15242195129395 27.21645736694336
0.99994 1.00152 0.643037 0.0742218 0.0547345 0.0194873 0.000612655 4.58005e-08 3.11808e-05 0.0173043 0 12.54890251159668 13.1530065536499 27.36724662780762
0.999966 1.00151 0.643004 0.0751674 0.0556891 0.0194782 0.000617452 1.41178e-08 3.07149e-05 0.0163057 0 12.54925060272217 13.1547212600708 27.84457015991211
0.999974 1.00153 0.643006 0.0748296 0.0553422 0.0194874 0.000607062 8.37244e-09 3.13567e-05 0.0172604 0 12.54935836791992 13.15285682678223 27.671142578125
0.999983 1.00154 0.643007 0.075306 0.0558149 0.0194911 0.000637989 3.51888e-09 3.19353e-05 0.017025 0 12.54946422576904 13.15206050872803 27.90744018554688
0.999926 1.00154 0.643061 0.0740432 0.0545584 0.0194848 0.000626358 6.83463e-08 3.18859e-05 0.0171999 0 12.54875564575195 13.15355968475342 27.27919006347656
0.999925 1.00154 0.643061 0.0741369 0.0546564 0.0194805 0.000632725 6.97105e-08 3.18301e-05 0.0165704 0 12.54874324798584 13.15441989898682 27.32821464538574
0.999946 1.00155 0.643047 0.0742992 0.0548206 0.0194786 0.000745671 3.70987e-08 3.2178e-05 0.0160156 0 12.54900169372559 13.15471267700195 27.4102725982666
0.999819 1.00154 0.643161 0.0726498 0.0531708 0.019479 0.000694697 4.10956e-07 3.16657e-05 0.0198091 0 12.54740810394287 13.15513229370117 26.58541488647461
0.999957 1.00154 0.643033 0.0741768 0.0547005 0.0194763 0.000686488 2.32202e-08 3.20142e-05 0.0155477 0 12.54912662506104 13.15515613555908 27.35025978088379
0.999887 1.00153 0.643089 0.0736684 0.0541965 0.0194719 0.000660032 1.6022e-07 3.12558e-05 0.0174184 0 12.54825496673584 13.15631198883057 27.09826278686523
0.999993 1.00153 0.642991 0.0749648 0.0555025 0.0194623 0.000641564 5.54314e-10 3.15405e-05 0.014037 0 12.54959487915039 13.15782070159912 27.75120162963867
1 1.00154 0.642987 0.0748905 0.0554239 0.0194666 0.000637999 1.0572e-10 3.19114e-05 0.0149019 0 12.54971313476562 13.15690612792969 27.71193885803223
0.999894 1.00156 0.643106 0.0736162 0.0541454 0.0194708 0.000645641 1.41246e-07 3.28028e-05 0.01666 0 12.54832935333252 13.1564826965332 27.07268524169922
0.999944 1.00154 0.643044 0.0739583 0.0544922 0.0194661 0.000638192 3.94446e-08 3.19307e-05 0.014445 0 12.54897689819336 13.15723991394043 27.24611282348633
0.999898 1.00156 0.643098 0.0733433 0.0538789 0.0194644 0.000651643 1.31488e-07 3.25056e-05 0.0158579 0 12.54839611053467 13.15773963928223 26.9394588470459
0.999906 1.00153 0.643071 0.0731304 0.0536664 0.0194639 0.000622884 1.11444e-07 3.13017e-05 0.0162193 0 12.54848098754883 13.15781688690186 26.83322906494141
0.999922 1.00154 0.643065 0.0741902 0.0547305 0.0194598 0.000619604 7.62902e-08 3.18822e-05 0.0147522 0 12.54868125915527 13.15860557556152 27.36524391174316
0.999997 1.00152 0.642982 0.0747379 0.0552782 0.0194597 0.0006412 1.00693e-10 3.11965e-05 0.012561 0 12.54964160919189 13.15830993652344 27.63910102844238
0.999908 1.00153 0.643074 0.0735299 0.0540721 0.0194578 0.000611624 1.06768e-07 3.15786e-05 0.0151545 0 12.54850101470947 13.15903377532959 27.03609085083008
0.999926 1.00153 0.643053 0.0737906 0.0543346 0.0194559 0.000599498 6.82232e-08 3.13847e-05 0.0155209 0 12.54874229431152 13.1593599319458 27.16729164123535
0.999902 1.00155 0.643092 0.0735455 0.054092 0.0194535 0.000644825 1.20215e-07 3.23834e-05 0.0153795 0 12.54845428466797 13.15993309020996 27.04602432250977
0.999852 1.00152 0.643116 0.0728584 0.0534077 0.0194506 0.000616423 2.73966e-07 3.08826e-05 0.0169102 0 12.54780006408691 13.16069889068604 26.70389366149902
0.999936 1.00154 0.643051 0.0740492 0.0546026 0.0194466 0.000602528 5.14699e-08 3.18393e-05 0.013815 0 12.54885864257812 13.16119956970215 27.30130577087402
0.999925 1.00155 0.643068 0.0736256 0.0541772 0.0194484 0.000595695 7.09861e-08 3.22753e-05 0.0151705 0 12.54873752593994 13.16085720062256 27.08858680725098
0.999862 1.00155 0.643125 0.0730158 0.0535697 0.0194461 0.000677378 2.39569e-07 3.20477e-05 0.0159972 0 12.54793071746826 13.1615686416626 26.78481101989746
0.999892 1.00153 0.643084 0.0732126 0.0537719 0.0194407 0.000623806 1.47179e-07 3.1224e-05 0.0153981 0 12.54832172393799 13.16252899169922 26.8859691619873
0.999902 1.00155 0.643089 0.0734578 0.0540204 0.0194375 0.000641129 1.21039e-07 3.22098e-05 0.0152856 0 12.54845523834229 13.16314315795898 27.01019096374512
0.999925 1.00155 0.643065 0.0735924 0.0541527 0.0194397 0.00061996 7.03025e-08 3.20685e-05 0.0151909 0 12.54873561859131 13.16260528564453 27.07630920410156
0.999942 1.00154 0.643047 0.0740363 0.0545991 0.0194371 0.000611047 4.24184e-08 3.19666e-05 0.0153629 0 12.54894065856934 13.16306018829346 27.29954528808594
0.999932 1.00153 0.64305 0.0737443 0.0543113 0.019433 0.000597039 5.85189e-08 3.15016e-05 0.0156688 0 12.54880523681641 13.16393947601318 27.15567970275879
1.00002 1.00155 0.642973 0.0749443 0.0555133 0.0194309 0.00060842 5.83552e-09 3.21535e-05 0.0133204 0 12.54994297027588 13.16400337219238 27.75666427612305
0.999904 1.00155 0.643086 0.0733035 0.0538703 0.0194332 0.000625948 1.16653e-07 3.20721e-05 0.0166145 0 12.54846668243408 13.16400623321533 26.9351806640625
0.999927 1.00155 0.643066 0.0738296 0.0544004 0.0194292 0.000632388 6.6598e-08 3.22796e-05 0.0148875 0 12.54875755310059 13.16468524932861 27.20019340515137
0.99997 1.00155 0.643023 0.0746849 0.0552588 0.0194261 0.000626767 1.09562e-08 3.22091e-05 0.0142251 0 12.54930782318115 13.16515350341797 27.62941360473633
0.999919 1.00154 0.643065 0.0738557 0.0544281 0.0194276 0.000665449 8.28932e-08 3.16674e-05 0.0160339 0 12.54865169525146 13.16506195068359 27.21405601501465
0.999878 1.00155 0.643116 0.0735047 0.0540744 0.0194303 0.000636242 1.87475e-07 3.24301e-05 0.0163925 0 12.54813289642334 13.16466236114502 27.03718185424805
1 1.00155 0.642993 0.0750375 0.0556177 0.0194198 0.000624348 1.79974e-10 3.23619e-05 0.0133549 0 12.54972171783447 13.16629505157471 27.80880737304688
0.999978 1.00155 0.643014 0.074747 0.0553303 0.0194167 0.000633867 5.81781e-09 3.21057e-05 0.014286 0 12.54940700531006 13.16701030731201 27.66512870788574
0.999941 1.00154 0.643045 0.0742471 0.0548321 0.0194151 0.000618957 4.36221e-08 3.17713e-05 0.0148558 0 12.54893779754639 13.16750526428223 27.41603660583496
0.999891 1.00153 0.643084 0.0732917 0.0538771 0.0194146 0.000617549 1.48591e-07 3.12115e-05 0.016099 0 12.54829692840576 13.16779232025146 26.93856430053711
1.00006 1.00154 0.642931 0.0755191 0.0561138 0.0194053 0.000610233 4.10036e-08 3.1643e-05 0.0126587 0 12.55039119720459 13.16902446746826 28.05691146850586
0.999859 1.00155 0.64313 0.0733734 0.0539574 0.019416 0.00060314 2.49192e-07 3.21433e-05 0.0183228 0 12.54791069030762 13.16762447357178 26.97869873046875
0.999971 1.00155 0.643021 0.0746647 0.055257 0.0194077 0.000606402 1.08666e-08 3.20503e-05 0.0146365 0 12.54931163787842 13.16885566711426 27.62849235534668
0.999859 1.00156 0.643134 0.0731598 0.0537525 0.0194073 0.000601657 2.4774e-07 3.24553e-05 0.0179639 0 12.54790687561035 13.16936874389648 26.87625694274902
1.00002 1.00155 0.642973 0.0752294 0.0558294 0.0194 0.000608431 6.87798e-09 3.22621e-05 0.0131747 0 12.549973487854 13.17019462585449 27.91476249694824
0.999818 1.00152 0.643153 0.0723094 0.0529064 0.0194029 0.00058617 4.15789e-07 3.11283e-05 0.0173229 0 12.54738712310791 13.17040824890137 26.45324897766113
0.999938 1.00155 0.643056 0.0738979 0.0545032 0.0193947 0.000601074 4.89446e-08 3.22673e-05 0.0157814 0 12.54890441894531 13.17160320281982 27.25160217285156
0.999994 1.00152 0.642984 0.0751062 0.0557146 0.0193916 0.000604535 5.17224e-10 3.11082e-05 0.0147564 0 12.5495777130127 13.17200660705566 27.85729789733887
0.999899 1.00156 0.643098 0.073912 0.0545154 0.0193967 0.000589383 1.28319e-07 3.25947e-05 0.0164864 0 12.54841613769531 13.17136478424072 27.25769996643066
0.999914 1.00153 0.643062 0.073744 0.0543515 0.0193926 0.000583717 9.26129e-08 3.12179e-05 0.0164136 0 12.54858875274658 13.17212009429932 27.17570686340332
0.999918 1.00155 0.643074 0.0739384 0.0545475 0.0193909 0.000579976 8.42703e-08 3.22278e-05 0.0157401 0 12.54865169525146 13.17244720458984 27.27375411987305
0.999941 1.00156 0.643056 0.07448 0.0550914 0.0193886 0.000592593 4.38933e-08 3.25217e-05 0.0160398 0 12.54892444610596 13.17281341552734 27.54572105407715
0.999909 1.00153 0.643067 0.0735293 0.0541385 0.0193908 0.000584502 1.02895e-07 3.12311e-05 0.0163651 0 12.54856109619141 13.17249393463135 27.06922340393066
0.999979 1.00155 0.643019 0.0748875 0.0555027 0.0193848 0.000592173 5.75228e-09 3.24263e-05 0.0144327 0 12.54941940307617 13.17341995239258 27.7513484954834
0.999946 1.00155 0.643047 0.0741287 0.0547385 0.0193902 0.000589193 3.71711e-08 3.21964e-05 0.0153954 0 12.548996925354 13.17246913909912 27.36923599243164
0.999944 1.00154 0.643043 0.0740967 0.0547117 0.019385 0.000580001 3.96946e-08 3.183e-05 0.0154872 0 12.54898166656494 13.17354679107666 27.35583114624023
0.999983 1.00154 0.643002 0.0746625 0.0552801 0.0193824 0.000578214 3.43778e-09 3.16622e-05 0.0140878 0 12.54947566986084 13.17387866973877 27.64005661010742
0.99986 1.00157 0.643146 0.073183 0.0538006 0.0193824 0.000565995 2.46976e-07 3.32262e-05 0.0160714 0 12.54792308807373 13.17437648773193 26.90030288696289
0.999895 1.00152 0.64308 0.0732802 0.0538995 0.0193806 0.000565869 1.39159e-07 3.11615e-05 0.0157236 0 12.54833889007568 13.17459869384766 26.94977760314941
0.999905 1.00157 0.643101 0.0734305 0.0540525 0.0193781 0.000557122 1.13153e-07 3.31438e-05 0.0153571 0 12.54847049713135 13.17507553100586 27.0262279510498
0.999902 1.00152 0.643071 0.073433 0.0540642 0.0193689 0.000549733 1.20222e-07 3.10326e-05 0.0159457 0 12.5484561920166 13.17695140838623 27.03208923339844
0.999833 1.00156 0.64316 0.0727392 0.0533654 0.0193738 0.000546358 3.49847e-07 3.25099e-05 0.0176894 0 12.54757499694824 13.17620468139648 26.68268013000488
0.999963 1.00155 0.64303 0.074561 0.0551968 0.0193642 0.000556038 1.67808e-08 3.22433e-05 0.0146466 0 12.54921627044678 13.17763614654541 27.59842300415039
0.999818 1.00153 0.643157 0.0723531 0.0529836 0.0193695 0.000556403 4.15637e-07 3.13862e-05 0.0189867 0 12.54739379882812 13.17712020874023 26.4918155670166
0.999903 1.00155 0.643087 0.0735148 0.0541518 0.019363 0.000561411 1.18957e-07 3.20937e-05 0.0158076 0 12.5484504699707 13.17812156677246 27.07591819763184
0.999894 1.00153 0.643086 0.0734903 0.0541294 0.0193609 0.000615239 1.41219e-07 3.1498e-05 0.0161181 0 12.54834079742432 13.17858982086182 27.06470680236816
0.999948 1.00157 0.643058 0.0742269 0.0548703 0.0193566 0.000582436 3.38108e-08 3.31001e-05 0.0153677 0 12.5490255355835 13.17922687530518 27.43512725830078
0.999868 1.00153 0.643109 0.0729112 0.053554 0.0193572 0.000565252 2.19512e-07 3.13803e-05 0.0160574 0 12.54801177978516 13.17939376831055 26.77700233459473
0.999869 1.00155 0.64312 0.0730087 0.0536522 0.0193565 0.00055729 2.14058e-07 3.22015e-05 0.0156585 0 12.54804801940918 13.17955017089844 26.82608413696289
0.999963 1.00156 0.643035 0.0743001 0.0549463 0.0193538 0.000571279 1.70271e-08 3.25472e-05 0.0140176 0 12.54923152923584 13.17974662780762 27.47320747375488
0.999908 1.00154 0.643078 0.0736131 0.0542616 0.0193514 0.000552282 1.07183e-07 3.1849e-05 0.0150976 0 12.5485200881958 13.18043899536133 27.13080787658691
0.99991 1.00157 0.643093 0.0736148 0.0542671 0.0193477 0.000580954 1.02049e-07 3.29218e-05 0.0159687 0 12.5485315322876 13.18116760253906 27.13348960876465
0.999874 1.00156 0.643122 0.0731475 0.0537925 0.019355 0.000566143 1.9823e-07 3.26139e-05 0.0162115 0 12.54808521270752 13.17983150482178 26.89627265930176
0.999866 1.00155 0.643124 0.0729719 0.0536273 0.0193445 0.000558885 2.25466e-07 3.21986e-05 0.0168367 0 12.54798984527588 13.181960105896 26.81363105773926
0.999905 1.00155 0.643085 0.0735444 0.0542009 0.0193435 0.000572955 1.13316e-07 3.21337e-05 0.0147295 0 12.54846954345703 13.18202781677246 27.10046195983887
0.999973 1.00152 0.643004 0.0745702 0.055231 0.0193392 0.000564915 9.22728e-09 3.11179e-05 0.014533 0 12.54932117462158 13.18261814117432 27.6154842376709
0.999914 1.00157 0.643088 0.0737839 0.0544459 0.0193381 0.000560003 9.18058e-08 3.29323e-05 0.0153427 0 12.54861354827881 13.18310546875 27.22293853759766
0.999927 1.00153 0.643055 0.0737504 0.0544177 0.0193327 0.000558368 6.74699e-08 3.15199e-05 0.0156259 0 12.54873561859131 13.18413257598877 27.20878410339355
0.999839 1.00154 0.643145 0.0724933 0.0531567 0.0193366 0.000553917 3.24059e-07 3.18995e-05 0.0176288 0 12.54766273498535 13.1836633682251 26.57831954956055
0.999975 1.00155 0.643021 0.0744093 0.0550799 0.0193294 0.000546943 7.73945e-09 3.2372e-05 0.0121901 0 12.54935932159424 13.18459224700928 27.53990364074707
0.999848 1.00157 0.643153 0.0725836 0.0532511 0.0193325 0.000544504 2.9015e-07 3.29816e-05 0.0171691 0 12.54777908325195 13.18445873260498 26.62555313110352
0.999934 1.00156 0.643067 0.0739309 0.0546021 0.0193289 0.00054948 5.48281e-08 3.27675e-05 0.0139002 0 12.54883575439453 13.1848611831665 27.30101013183594
0.999916 1.00153 0.643061 0.0733385 0.0540156 0.0193229 0.000533383 8.79954e-08 3.12886e-05 0.0141677 0 12.54863452911377 13.18614673614502 27.00783157348633
0.999869 1.00154 0.643118 0.0725525 0.0532348 0.0193177 0.000533165 2.14227e-07 3.20301e-05 0.0156356 0 12.54802894592285 13.18735599517822 26.61736869812012
0.999909 1.00156 0.643089 0.0734833 0.054169 0.0193142 0.000537681 1.04943e-07 3.25808e-05 0.0156178 0 12.54852676391602 13.18790340423584 27.08450317382812
0.999871 1.00155 0.643119 0.0730452 0.0537328 0.0193124 0.000537218 2.09989e-07 3.21905e-05 0.016213 0 12.54805374145508 13.18843746185303 26.86639022827148
0.999979 1.00156 0.643024 0.074668 0.0553635 0.0193045 0.000540865 5.49083e-09 3.27935e-05 0.0135456 0 12.54941368103027 13.18959712982178 27.68177795410156
0.99988 1.00154 0.643104 0.073021 0.0537122 0.0193088 0.000540111 1.80279e-07 3.17994e-05 0.0149676 0 12.54818058013916 13.1891040802002 26.85606575012207
0.999899 1.00156 0.643101 0.0732021 0.0539014 0.0193007 0.000540727 1.27049e-07 3.28218e-05 0.0153719 0 12.54839515686035 13.1906909942627 26.95068550109863
0.999929 1.00155 0.643061 0.0739187 0.0546214 0.0192973 0.000540169 6.27301e-08 3.20817e-05 0.0147417 0 12.54877662658691 13.19125080108643 27.31064605712891
0.999927 1.00154 0.643058 0.0738801 0.0545791 0.019301 0.000549574 6.69565e-08 3.17696e-05 0.0156212 0 12.54875946044922 13.19051647186279 27.28952980041504
0.999867 1.00156 0.643132 0.0728315 0.0535296 0.0193019 0.000540958 2.21715e-07 3.27779e-05 0.0158004 0 12.54799652099609 13.19054889678955 26.76482391357422
0.999961 1.00152 0.643013 0.0740734 0.0547781 0.0192954 0.000534044 1.95429e-08 3.09447e-05 0.0143271 0 12.5491828918457 13.19151210784912 27.3890380859375
0.99984 1.00155 0.643151 0.0725863 0.0532868 0.0192995 0.000534102 3.23128e-07 3.23144e-05 0.0179266 0 12.54765224456787 13.19115543365479 26.64340972900391
0.999976 1.00157 0.643029 0.0747256 0.0554363 0.0192892 0.000541956 7.07375e-09 3.29412e-05 0.0135313 0 12.54938316345215 13.19266891479492 27.71814155578613
0.999886 1.00155 0.643107 0.0731448 0.0538523 0.0192925 0.000539802 1.62375e-07 3.23748e-05 0.0156589 0 12.54824352264404 13.19237899780273 26.9261417388916
0.999932 1.00155 0.64306 0.0739099 0.0546268 0.0192831 0.000535504 5.7709e-08 3.22251e-05 0.0145618 0 12.54881477355957 13.194091796875 27.3133659362793
0.999814 1.00158 0.643195 0.0723877 0.0531001 0.0192876 0.000528747 4.35245e-07 3.35486e-05 0.016827 0 12.54734992980957 13.19365882873535 26.55002975463867
0.999914 1.00155 0.643076 0.0735187 0.0542397 0.019279 0.000527079 9.36431e-08 3.20907e-05 0.0151898 0 12.54857730865479 13.19497966766357 27.11985015869141
0.999893 1.00157 0.643111 0.0731485 0.0538679 0.0192806 0.000527818 1.44244e-07 3.30728e-05 0.0148702 0 12.54835510253906 13.19475936889648 26.93395042419434
0.999931 1.00157 0.643074 0.0738642 0.0545916 0.0192726 0.000531358 5.98189e-08 3.30108e-05 0.0145049 0 12.54878997802734 13.19621086120605 27.2957706451416
0.999879 1.00156 0.643116 0.0728649 0.0535906 0.0192743 0.000523548 1.84727e-07 3.25042e-05 0.0150462 0 12.54814720153809 13.19607448577881 26.79532623291016
0.999916 1.00155 0.643076 0.0738521 0.0545846 0.0192675 0.000523285 8.88592e-08 3.22285e-05 0.0143164 0 12.54862594604492 13.19730663299561 27.29229927062988
0.999885 1.00154 0.643102 0.0726676 0.0533964 0.0192712 0.000512249 1.66192e-07 3.19635e-05 0.0157208 0 12.54823398590088 13.19668865203857 26.69823265075684
0.999829 1.00155 0.643162 0.0724192 0.053148 0.0192712 0.000522254 3.66444e-07 3.23858e-05 0.0171584 0 12.54753971099854 13.1969051361084 26.5739860534668
0.999883 1.00153 0.643096 0.0731708 0.053908 0.0192628 0.000521027 1.72195e-07 3.14722e-05 0.0148793 0 12.54821300506592 13.19838619232178 26.95399856567383
0.999927 1.00155 0.643064 0.073759 0.054494 0.019265 0.000525409 6.66062e-08 3.21369e-05 0.015077 0 12.54876327514648 13.19777011871338 27.24702835083008
0.999887 1.00156 0.643108 0.0729476 0.0536876 0.01926 0.00051976 1.58847e-07 3.25535e-05 0.0156208 0 12.54824924468994 13.19892692565918 26.84376907348633
0.999935 1.00155 0.643059 0.0737753 0.0545195 0.0192559 0.000520907 5.33714e-08 3.23305e-05 0.0135883 0 12.54884338378906 13.1995964050293 27.25972366333008
0.999903 1.00154 0.643084 0.0734085 0.0541529 0.0192556 0.000513875 1.17944e-07 3.19218e-05 0.0146512 0 12.54848003387451 13.19975185394287 27.07646751403809
0.999876 1.00156 0.643124 0.0729047 0.0536512 0.0192536 0.000638245 1.93557e-07 3.28111e-05 0.0162366 0 12.5481014251709 13.20027160644531 26.82558631896973
0.999913 1.00153 0.643067 0.0732439 0.053996 0.0192479 0.000554613 9.53266e-08 3.14657e-05 0.0161505 0 12.54858684539795 13.20127105712891 26.99797821044922
0.999857 1.00156 0.643142 0.0728402 0.053588 0.0192522 0.000541758 2.55535e-07 3.28555e-05 0.0164311 0 12.5478982925415 13.20062923431396 26.7939624786377
0.999897 1.00156 0.643103 0.0732925 0.0540431 0.0192494 0.000549723 1.33493e-07 3.27846e-05 0.0148769 0 12.54837036132812 13.20104885101318 27.02157020568848
0.999896 1.00156 0.643101 0.0730843 0.0538422 0.0192421 0.00057622 1.35321e-07 3.2612e-05 0.0149097 0 12.54835605621338 13.20252895355225 26.921142578125
0.999889 1.00154 0.643097 0.0730924 0.0538481 0.0192442 0.000545497 1.54935e-07 3.19078e-05 0.0153141 0 12.54828643798828 13.20210838317871 26.9240837097168
0.999874 1.00156 0.643126 0.0729953 0.0537509 0.0192443 0.000555436 1.98651e-07 3.28505e-05 0.0153916 0 12.5481014251709 13.20215797424316 26.87548828125
0.999964 1.00154 0.643023 0.0741884 0.054952 0.0192365 0.000556676 1.58529e-08 3.1832e-05 0.0142038 0 12.54922485351562 13.2033805847168 27.4759693145752
0.999918 1.00157 0.643084 0.073661 0.0544208 0.0192402 0.000548614 8.42919e-08 3.29024e-05 0.0149795 0 12.54864597320557 13.20282077789307 27.21041679382324
0.999885 1.00158 0.643125 0.0731178 0.0538746 0.0192432 0.000542093 1.64962e-07 3.34903e-05 0.0159525 0 12.54824542999268 13.20235347747803 26.9372730255127
0.999956 1.00155 0.643039 0.0740139 0.0547769 0.019237 0.000545622 2.4704e-08 3.23027e-05 0.0140486 0 12.54910373687744 13.20331764221191 27.38843536376953
0.999857 1.00155 0.643133 0.0727523 0.0535131 0.0192392 0.000537127 2.56045e-07 3.22168e-05 0.0164784 0 12.54787349700928 13.20323657989502 26.75652122497559
0.999882 1.00154 0.643105 0.0728116 0.0535782 0.0192334 0.000549107 1.76128e-07 3.19565e-05 0.0156389 0 12.54819679260254 13.20432090759277 26.78910827636719
0.999916 1.00157 0.643088 0.073592 0.0543624 0.0192297 0.000592799 8.82446e-08 3.30228e-05 0.0144507 0 12.54863262176514 13.20494651794434 27.18117332458496
0.999898 1.00155 0.643095 0.0735851 0.0543586 0.0192265 0.000606455 1.29937e-07 3.23301e-05 0.0169287 0 12.54837799072266 13.20563983917236 27.17926788330078
0.999957 1.00157 0.643048 0.0740927 0.0548674 0.0192253 0.000606466 2.27959e-08 3.29996e-05 0.0140758 0 12.54912662506104 13.20566558837891 27.43368148803711
0.999962 1.00153 0.643019 0.0749553 0.055729 0.0192262 0.000917321 1.78944e-08 3.14286e-05 0.0120186 0 12.54921436309814 13.20546627044678 27.86454200744629
0.999812 1.00156 0.64318 0.0725306 0.0533023 0.0192283 0.000660828 4.45467e-07 3.24549e-05 0.0161351 0 12.54730701446533 13.20563507080078 26.65114402770996
0.999887 1.00156 0.64311 0.0734077 0.0541878 0.0192198 0.000616383 1.59786e-07 3.26031e-05 0.0157423 0 12.54827213287354 13.2070426940918 27.09394264221191
0.999864 1.00157 0.643138 0.0730144 0.0537973 0.019217 0.000603937 2.31625e-07 3.30007e-05 0.0153366 0 12.54797267913818 13.20769691467285 26.89866828918457
0.999872 1.00156 0.643127 0.0732656 0.0540432 0.0192223 0.000592615 2.06977e-07 3.27927e-05 0.0159028 0 12.54808330535889 13.20659732818604 27.02163505554199
0.999899 1.00155 0.643094 0.0734131 0.054195 0.0192182 0.000593081 1.26777e-07 3.23699e-05 0.0149873 0 12.5483922958374 13.2073335647583 27.09749984741211
0.999857 1.00156 0.643138 0.0727914 0.0535736 0.0192178 0.000591167 2.5784e-07 3.25568e-05 0.0166977 0 12.54787731170654 13.20757961273193 26.78681373596191
0.999937 1.00156 0.643063 0.0738161 0.0546033 0.0192128 0.00058836 4.99032e-08 3.27223e-05 0.014728 0 12.54888439178467 13.20827293395996 27.30170059204102
0.999899 1.00156 0.643096 0.0735186 0.0543075 0.0192111 0.000579949 1.27325e-07 3.24695e-05 0.0137672 0 12.54840755462646 13.20876598358154 27.1537914276123
0.999863 1.00153 0.643117 0.0729893 0.0537874 0.0192019 0.000663331 2.3552e-07 3.15658e-05 0.0138028 0 12.5479564666748 13.2107629776001 26.89369010925293
0.999883 1.00154 0.643102 0.0728986 0.0537024 0.0191962 0.000664467 1.71677e-07 3.18878e-05 0.0149231 0 12.54819965362549 13.21183776855469 26.8512020111084
0.999809 1.00155 0.643177 0.0720519 0.052855 0.0191969 0.000641551 4.56142e-07 3.21166e-05 0.0156525 0 12.54728126525879 13.21199226379395 26.42751121520996
0.999905 1.00157 0.643098 0.0736661 0.0544757 0.0191904 0.000635803 1.12796e-07 3.29627e-05 0.0130582 0 12.54849433898926 13.21291255950928 27.23781585693359
0.999906 1.00154 0.643079 0.073546 0.0543565 0.0191895 0.0006764 1.10579e-07 3.17941e-05 0.0141858 0 12.54850673675537 13.21310424804688 27.17820930480957
0.999887 1.00155 0.643103 0.0735664 0.0543831 0.0191833 0.000630961 1.59581e-07 3.21594e-05 0.0140966 0 12.54825401306152 13.214430809021 27.19155120849609
0.999881 1.00155 0.643109 0.0733808 0.0541965 0.0191843 0.000612248 1.76423e-07 3.22376e-05 0.0141722 0 12.54819011688232 13.21424388885498 27.09826469421387
0.99986 1.00154 0.643126 0.0726591 0.0534794 0.0191797 0.000612996 2.46917e-07 3.19428e-05 0.0151218 0 12.54790019989014 13.215256690979 26.73968124389648
0.999868 1.00155 0.643123 0.0731546 0.0539754 0.0191791 0.000603953 2.19451e-07 3.22788e-05 0.0147053 0 12.548020362854 13.2153491973877 26.98774147033691
0.999898 1.00157 0.643107 0.0735736 0.0543998 0.0191737 0.000612108 1.30486e-07 3.30984e-05 0.0130865 0 12.54837417602539 13.21632766723633 27.19991683959961
0.999882 1.00157 0.643119 0.0728814 0.0537094 0.019172 0.000614298 1.7539e-07 3.2904e-05 0.014365 0 12.54820442199707 13.21672058105469 26.85466766357422
0.999874 1.00155 0.643118 0.0730731 0.0539088 0.0191643 0.000596926 1.99011e-07 3.23445e-05 0.014704 0 12.5480899810791 13.2183141708374 26.9543571472168
0.999858 1.00154 0.643127 0.0728718 0.0537154 0.0191564 0.000625707 2.5259e-07 3.19294e-05 0.0143033 0 12.54788684844971 13.21997356414795 26.8576774597168
0.999887 1.00156 0.64311 0.0734172 0.0542592 0.019158 0.000622862 1.60316e-07 3.26376e-05 0.0142179 0 12.54826927185059 13.21955013275146 27.12957954406738
0.999887 1.00154 0.643095 0.0733023 0.0541444 0.0191579 0.000608153 1.60194e-07 3.16724e-05 0.0151309 0 12.54825210571289 13.21956157684326 27.07215881347656
0.999879 1.00157 0.643123 0.0731906 0.0540395 0.0191511 0.000602564 1.82539e-07 3.29899e-05 0.0147825 0 12.54816436767578 13.22097492218018 27.01973533630371
0.999855 1.00156 0.643139 0.0729525 0.0538013 0.0191511 0.000600769 2.65143e-07 3.24809e-05 0.0146863 0 12.5478401184082 13.22103977203369 26.90068435668945
0.999884 1.00156 0.643115 0.0730134 0.0538654 0.019148 0.000614857 1.70315e-07 3.27063e-05 0.0143904 0 12.54819965362549 13.22160053253174 26.93270301818848
0.999937 1.00154 0.643049 0.0739565 0.0548178 0.0191387 0.000634013 4.98454e-08 3.18045e-05 0.0142043 0 12.54889488220215 13.22326469421387 27.40888214111328
0.999898 1.00155 0.643092 0.0735824 0.0544422 0.0191402 0.000598805 1.30316e-07 3.21441e-05 0.0151341 0 12.5483922958374 13.22311687469482 27.22110748291016
0.999899 1.00157 0.643105 0.0732793 0.054143 0.0191363 0.000687033 1.2912e-07 3.30334e-05 0.0147662 0 12.54840660095215 13.22388076782227 27.07148933410645
0.999901 1.00151 0.643067 0.0736173 0.0544833 0.0191341 0.000601503 1.21824e-07 3.07446e-05 0.0146729 0 12.54843425750732 13.22432899475098 27.24165725708008
0.999923 1.00155 0.643067 0.0737628 0.0546334 0.0191294 0.000590564 7.4686e-08 3.20513e-05 0.0147458 0 12.5487060546875 13.2252025604248 27.31664657592773
0.999908 1.00156 0.643089 0.0733243 0.0541939 0.0191304 0.000584574 1.07022e-07 3.25592e-05 0.0154994 0 12.54850482940674 13.22507286071777 27.09697914123535
0.999907 1.00155 0.643086 0.0735261 0.0544011 0.019125 0.000589663 1.07573e-07 3.23433e-05 0.015218 0 12.5485143661499 13.22615337371826 27.20054817199707
0.999836 1.00157 0.643164 0.0723361 0.0532084 0.0191277 0.00058853 3.37908e-07 3.29321e-05 0.016147 0 12.54761123657227 13.22588634490967 26.60424613952637
0.999908 1.00155 0.643085 0.0733833 0.0542623 0.019121 0.000600158 1.06828e-07 3.23183e-05 0.0139933 0 12.54851531982422 13.22696399688721 27.13116645812988
0.999877 1.00156 0.643122 0.0730566 0.0539341 0.0191226 0.000620868 1.91368e-07 3.2751e-05 0.0157346 0 12.54811668395996 13.2267427444458 26.96701622009277
0.999949 1.00156 0.643048 0.0738607 0.0547405 0.0191202 0.000590386 3.32506e-08 3.2469e-05 0.0147926 0 12.54903507232666 13.22696304321289 27.37027168273926
0.999866 1.00157 0.643138 0.0731464 0.0540267 0.0191196 0.000587554 2.25884e-07 3.31179e-05 0.0159601 0 12.54798889160156 13.22739791870117 27.01337814331055
0.999943 1.00155 0.643049 0.0739034 0.0547917 0.0191117 0.000580201 4.12207e-08 3.21194e-05 0.0138147 0 12.54894256591797 13.22870922088623 27.39587783813477
0.999873 1.00155 0.643119 0.0729231 0.0538107 0.0191124 0.000580165 2.02825e-07 3.23151e-05 0.0156691 0 12.54808235168457 13.22883033752441 26.9053783416748
0.999893 1.00155 0.643099 0.0735576 0.054453 0.0191045 0.000574731 1.43617e-07 3.23118e-05 0.0144089 0 12.5483283996582 13.23035907745361 27.22653770446777
0.999857 1.00157 0.643149 0.0725981 0.0534909 0.0191072 0.000567772 2.56432e-07 3.32798e-05 0.0149885 0 12.54786586761475 13.22993946075439 26.74543952941895
0.999885 1.00154 0.643099 0.0732404 0.0541423 0.0190981 0.000573843 1.65474e-07 3.18225e-05 0.0140512 0 12.54821681976318 13.2317008972168 27.0711612701416
0.999873 1.00154 0.643111 0.072731 0.0536323 0.0190987 0.000564846 2.01094e-07 3.1828e-05 0.0150428 0 12.54807662963867 13.23162651062012 26.81613540649414
0.999895 1.00157 0.643107 0.0732618 0.0541712 0.0190907 0.000561782 1.39115e-07 3.29239e-05 0.0141699 0 12.54834938049316 13.23316192626953 27.08554649353027
0.99985 1.00156 0.643145 0.0726277 0.0535352 0.0190926 0.000560456 2.83973e-07 3.25372e-05 0.016724 0 12.54779624938965 13.23294734954834 26.76755332946777
0.999856 1.00155 0.643136 0.0729148 0.0538235 0.0190913 0.000562455 2.59699e-07 3.23831e-05 0.0154761 0 12.54786014556885 13.23317623138428 26.91179466247559
0.999928 1.00156 0.643073 0.0737739 0.0546905 0.0190834 0.000557647 6.41856e-08 3.28368e-05 0.0139145 0 12.54876899719238 13.23450756072998 27.34529685974121
0.999893 1.00155 0.643099 0.0733213 0.054238 0.0190833 0.000562023 1.43411e-07 3.22749e-05 0.01499 0 12.54835224151611 13.23466682434082 27.11896324157715
0.999796 1.00155 0.643193 0.0720553 0.0529721 0.0190832 0.000664337 5.20239e-07 3.23287e-05 0.0168736 0 12.54710674285889 13.2350378036499 26.48603248596191
0.999903 1.00155 0.643088 0.0735841 0.0545073 0.0190768 0.000586778 1.17189e-07 3.22439e-05 0.0139655 0 12.54843616485596 13.23591709136963 27.25361061096191
0.999935 1.00158 0.643077 0.0740086 0.0549335 0.0190751 0.000585413 5.37696e-08 3.34601e-05 0.0138638 0 12.54885578155518 13.23616600036621 27.46678161621094
0.999905 1.00155 0.643087 0.0738017 0.0547333 0.0190684 0.000579429 1.13125e-07 3.2249e-05 0.0143043 0 12.54848003387451 13.23761558532715 27.36664581298828
0.999872 1.00153 0.643109 0.0731524 0.0540897 0.0190627 0.000569644 2.04872e-07 3.16068e-05 0.0159501 0 12.54806041717529 13.23889636993408 27.04481315612793
0.999803 1.00158 0.643202 0.072016 0.0529483 0.0190677 0.00056204 4.88345e-07 3.33486e-05 0.0168214 0 12.54719543457031 13.2381591796875 26.47415161132812
0.999912 1.00157 0.643091 0.0734752 0.0544184 0.0190568 0.000560535 9.74892e-08 3.29257e-05 0.0134885 0 12.54855537414551 13.23995494842529 27.20918273925781
0.999847 1.00156 0.643148 0.0726226 0.0535697 0.0190529 0.000555051 2.93298e-07 3.2585e-05 0.0154292 0 12.54775047302246 13.24100494384766 26.78489112854004
0.999902 1.00155 0.643092 0.0734816 0.0544346 0.019047 0.000558751 1.2174e-07 3.23858e-05 0.0150717 0 12.54843139648438 13.24199485778809 27.21728706359863
0.99998 1.00153 0.643005 0.0748157 0.0557768 0.0190389 0.000558972 5.19497e-09 3.15965e-05 0.0134676 0 12.54941463470459 13.24330234527588 27.88839149475098
0.999842 1.00155 0.643145 0.0727228 0.0536748 0.019048 0.000550871 3.12507e-07 3.20934e-05 0.0169093 0 12.54769992828369 13.24201202392578 26.83736228942871
0.999926 1.00156 0.643074 0.0736898 0.0546519 0.0190379 0.000595765 6.84804e-08 3.27658e-05 0.0149045 0 12.54874992370605 13.243727684021 27.32597351074219
0.999899 1.00154 0.643089 0.0735396 0.0545075 0.0190321 0.000577214 1.27268e-07 3.20024e-05 0.014855 0 12.54840850830078 13.24500751495361 27.25379371643066
0.999897 1.00155 0.643093 0.0736072 0.0545793 0.019028 0.000572406 1.31941e-07 3.22045e-05 0.0149249 0 12.54839611053467 13.24586296081543 27.28961753845215
0.999884 1.00157 0.643121 0.073314 0.0542814 0.0190326 0.000574586 1.68326e-07 3.31718e-05 0.0151926 0 12.54824066162109 13.24496173858643 27.14067840576172
0.99987 1.00155 0.643121 0.0728304 0.0538066 0.0190237 0.000562868 2.12387e-07 3.22838e-05 0.0155807 0 12.54804134368896 13.24684906005859 26.90331077575684
0.999883 1.00157 0.643118 0.0734735 0.0544496 0.0190239 0.000566063 1.71572e-07 3.29227e-05 0.0148408 0 12.54819488525391 13.24673843383789 27.22479057312012
0.999914 1.00155 0.643079 0.0735361 0.0545156 0.0190205 0.00056887 9.35226e-08 3.22534e-05 0.0145082 0 12.5485782623291 13.24732208251953 27.25782012939453
0.999812 1.00156 0.643184 0.0724489 0.0534246 0.0190242 0.000557039 4.45369e-07 3.26875e-05 0.0171614 0 12.54732036590576 13.24693202972412 26.71230316162109
0.99991 1.00156 0.64309 0.0736889 0.0546703 0.0190186 0.000560153 1.01099e-07 3.27793e-05 0.014508 0 12.54855632781982 13.24771022796631 27.33513641357422
0.999887 1.00156 0.643109 0.0735349 0.0545204 0.0190145 0.00055052 1.59429e-07 3.25591e-05 0.0143873 0 12.54825210571289 13.24862194061279 27.26022911071777
0.999868 1.00158 0.643142 0.0732575 0.0542431 0.0190145 0.000550086 2.18401e-07 3.34957e-05 0.0154274 0 12.54803276062012 13.24872303009033 27.12154960632324
0.999883 1.00156 0.643114 0.0729983 0.0539844 0.0190139 0.000570959 1.70612e-07 3.26733e-05 0.0163077 0 12.54820823669434 13.24878311157227 26.99224090576172
0.999948 1.00154 0.643041 0.0742911 0.0552847 0.0190064 0.00055803 3.4309e-08 3.19697e-05 0.0135635 0 12.54901123046875 13.25004577636719 27.64232063293457
0.99986 1.00154 0.643122 0.0732215 0.0542149 0.0190065 0.000562163 2.46348e-07 3.17272e-05 0.0161831 0 12.5479040145874 13.25036525726318 27.10746955871582
0.999927 1.00157 0.643076 0.0738382 0.0548346 0.0190035 0.000558171 6.60761e-08 3.29617e-05 0.0152392 0 12.54876899719238 13.25071334838867 27.41729164123535
0.999903 1.00154 0.643084 0.0734817 0.0544829 0.0189989 0.000627172 1.18892e-07 3.1936e-05 0.0157404 0 12.54845809936523 13.25175189971924 27.24138832092285
0.999841 1.00155 0.643149 0.072737 0.0537391 0.018998 0.000592494 3.16208e-07 3.22954e-05 0.0145433 0 12.54768657684326 13.25216770172119 26.86953353881836
0.999846 1.00156 0.643151 0.0725092 0.0535137 0.0189956 0.000582571 2.98608e-07 3.26857e-05 0.0163654 0 12.54772758483887 13.25265884399414 26.75684356689453
0.999942 1.00157 0.643063 0.0742284 0.0552398 0.0189885 0.000581393 4.26262e-08 3.29759e-05 0.0137028 0 12.54892158508301 13.25370693206787 27.61988067626953
0.999872 1.00158 0.643136 0.073024 0.0540359 0.0189881 0.000573519 2.05694e-07 3.3361e-05 0.0151003 0 12.54805660247803 13.25405788421631 27.01793479919434
0.99989 1.00157 0.643112 0.073362 0.0543827 0.0189793 0.000576649 1.53149e-07 3.28809e-05 0.013834 0 12.54829883575439 13.25578022003174 27.19135093688965
0.999842 1.00157 0.64316 0.0727056 0.0537259 0.0189797 0.000562275 3.12167e-07 3.30427e-05 0.0152885 0 12.54769897460938 13.25586605072021 26.86294937133789
0.999918 1.00158 0.643091 0.0734765 0.0545017 0.0189749 0.000568292 8.44107e-08 3.33566e-05 0.0148322 0 12.5486421585083 13.25656604766846 27.25082015991211
0.999889 1.00155 0.643104 0.0735754 0.0546037 0.0189717 0.000576948 1.53252e-07 3.24162e-05 0.0148985 0 12.54829502105713 13.2573299407959 27.3018684387207
0.999928 1.00155 0.643067 0.0738186 0.0548449 0.0189737 0.000576429 6.53213e-08 3.23585e-05 0.014071 0 12.54875373840332 13.25677680969238 27.42243957519531
0.999837 1.00156 0.64316 0.0722581 0.0532778 0.0189802 0.000566744 3.3199e-07 3.27566e-05 0.0166129 0 12.54762268066406 13.25578498840332 26.638916015625
0.999906 1.0016 0.643116 0.0735381 0.0545651 0.018973 0.000563056 1.11943e-07 3.41713e-05 0.0134899 0 12.54849433898926 13.25698280334473 27.28252029418945
0.999886 1.00157 0.64312 0.0730796 0.0541091 0.0189705 0.000556566 1.64482e-07 3.32056e-05 0.014034 0 12.54823017120361 13.25759506225586 27.05454063415527
0.999923 1.00153 0.643058 0.0736634 0.0546945 0.0189689 0.00055839 7.47016e-08 3.15018e-05 0.0132804 0 12.5487060546875 13.25775337219238 27.34729957580566
0.999898 1.0016 0.643125 0.0735514 0.0545858 0.0189656 0.000569921 1.29539e-07 3.43187e-05 0.0133038 0 12.54838752746582 13.25852870941162 27.29289627075195
0.999856 1.00157 0.643145 0.0727213 0.0537567 0.0189645 0.000560815 2.61609e-07 3.28988e-05 0.0147255 0 12.54788398742676 13.25892734527588 26.87833786010742
0.999863 1.00155 0.64313 0.0729474 0.0539877 0.0189597 0.000561643 2.36528e-07 3.23828e-05 0.0153687 0 12.54793357849121 13.25986003875732 26.99380683898926
0.999893 1.00156 0.643107 0.0732302 0.0542765 0.0189537 0.000551788 1.44076e-07 3.27894e-05 0.0133075 0 12.54832649230957 13.26097869873047 27.13822364807129
0.999884 1.00156 0.643114 0.0732388 0.0542934 0.0189454 0.000548261 1.67803e-07 3.27272e-05 0.0136212 0 12.54822444915771 13.26268768310547 27.1467227935791
0.999893 1.00157 0.643109 0.0730736 0.0541278 0.0189458 0.000549152 1.434e-07 3.29621e-05 0.0140838 0 12.54831790924072 13.26258277893066 27.06392097473145
0.999848 1.00157 0.643156 0.072654 0.0537077 0.0189464 0.000540896 2.899e-07 3.31765e-05 0.0153811 0 12.54775428771973 13.26263332366943 26.85384750366211
0.999913 1.00157 0.643094 0.0735091 0.054565 0.0189441 0.000561183 9.43846e-08 3.32131e-05 0.0143233 0 12.54858016967773 13.26286697387695 27.2824764251709
0.999855 1.00156 0.643142 0.0730188 0.054073 0.0189458 0.000610864 2.62671e-07 3.27398e-05 0.0150529 0 12.54786586761475 13.26269340515137 27.03650283813477
0.999881 1.00156 0.643118 0.072993 0.0540487 0.0189444 0.000576362 1.77159e-07 3.27587e-05 0.0152455 0 12.548171043396 13.26291370391846 27.02434158325195
0.999924 1.00156 0.643075 0.0741828 0.0552498 0.018933 0.000573995 7.30021e-08 3.26407e-05 0.0127014 0 12.5487174987793 13.26505947113037 27.62490081787109
0.999922 1.00155 0.643072 0.0733548 0.0544175 0.0189373 0.000561714 7.72896e-08 3.23068e-05 0.0142648 0 12.54869747161865 13.26419544219971 27.20880699157715
0.999882 1.00156 0.643114 0.0731082 0.0541709 0.0189373 0.000565235 1.74955e-07 3.25752e-05 0.0152882 0 12.54819679260254 13.26434993743896 27.08540344238281
0.999888 1.00155 0.643106 0.0736051 0.0546705 0.0189346 0.000566861 1.58546e-07 3.24255e-05 0.014958 0 12.54825782775879 13.2648868560791 27.33528327941895
0.999861 1.00155 0.643127 0.0733599 0.0544282 0.0189317 0.000563124 2.41385e-07 3.211e-05 0.0155169 0 12.547926902771 13.2655782699585 27.21411323547363
0.999864 1.00156 0.643131 0.0729356 0.0540046 0.018931 0.000569002 2.31652e-07 3.25563e-05 0.0157718 0 12.54797840118408 13.26571941375732 27.00229835510254
0.999796 1.0016 0.643225 0.0723939 0.0534564 0.0189375 0.000561218 5.23511e-07 3.4383e-05 0.0178141 0 12.5471076965332 13.26466464996338 26.72820472717285
0.999916 1.00158 0.643098 0.0739301 0.0550049 0.0189252 0.000576539 8.89585e-08 3.36543e-05 0.0142325 0 12.54861927032471 13.26666927337646 27.50247955322266
0.99985 1.00156 0.643147 0.0729895 0.0540596 0.0189299 0.000578267 2.80947e-07 3.27608e-05 0.0157601 0 12.54779815673828 13.2659740447998 27.02977180480957
0.999913 1.00155 0.643078 0.0738431 0.0549197 0.0189234 0.000570366 9.4936e-08 3.22044e-05 0.0140654 0 12.548583984375 13.26704120635986 27.45984268188477
0.999928 1.00158 0.643081 0.0742071 0.0552887 0.0189184 0.000565836 6.44944e-08 3.33185e-05 0.0135472 0 12.5487699508667 13.26800441741943 27.64434242248535
0.99986 1.00156 0.643139 0.0731723 0.0542481 0.0189243 0.000562425 2.45688e-07 3.2796e-05 0.0160035 0 12.54792881011963 13.26708698272705 27.12405967712402
0.9999 1.00157 0.643103 0.0741317 0.055213 0.0189187 0.000666419 1.26607e-07 3.29408e-05 0.0137918 0 12.54841899871826 13.26807880401611 27.60651969909668
0.999875 1.00159 0.643138 0.0733983 0.0544813 0.0189171 0.000600482 1.96188e-07 3.37158e-05 0.0153901 0 12.5481128692627 13.26850414276123 27.24067497253418
0.999912 1.00155 0.643079 0.0736111 0.0547006 0.0189105 0.000580603 9.67448e-08 3.21932e-05 0.0138566 0 12.5485782623291 13.26970672607422 27.35031890869141
0.999878 1.00157 0.643127 0.0731153 0.0542016 0.0189138 0.000596951 1.86925e-07 3.31931e-05 0.0161631 0 12.54813957214355 13.2691593170166 27.10077857971191
0.999899 1.00155 0.643096 0.073765 0.0548546 0.0189103 0.000587812 1.2773e-07 3.24454e-05 0.0141733 0 12.54841041564941 13.2697639465332 27.42735481262207
0.999857 1.00156 0.643141 0.0729719 0.054064 0.0189079 0.000565182 2.55848e-07 3.27596e-05 0.015699 0 12.54787731170654 13.27044010162354 27.03199768066406
0.999902 1.00154 0.643084 0.0733133 0.0544129 0.0189003 0.000561566 1.19526e-07 3.19123e-05 0.0144962 0 12.5484619140625 13.27179622650146 27.20644378662109
0.999844 1.00156 0.643153 0.0728194 0.0539161 0.0189032 0.000575792 3.05436e-07 3.27098e-05 0.0153558 0 12.54772472381592 13.27144432067871 26.95807075500488
0.999846 1.00157 0.643156 0.0727692 0.0538695 0.0188997 0.000559364 2.95807e-07 3.30524e-05 0.0150336 0 12.54773235321045 13.27213859558105 26.93477821350098
0.999903 1.00157 0.6431 0.0732319 0.054337 0.018895 0.00055618 1.18923e-07 3.29253e-05 0.0139166 0 12.54844665527344 13.27287864685059 27.16851425170898
0.999895 1.00158 0.643118 0.0736638 0.054772 0.0188918 0.000551138 1.37046e-07 3.36668e-05 0.0130577 0 12.54835319519043 13.27356624603271 27.38596343994141
0.999809 1.00155 0.643182 0.0718569 0.0529673 0.0188896 0.000568208 4.56105e-07 3.24424e-05 0.0164711 0 12.54728031158447 13.27433204650879 26.4836483001709
0.999918 1.00158 0.643097 0.07386 0.0549758 0.0188842 0.000556364 8.52683e-08 3.36871e-05 0.0140114 0 12.5486307144165 13.27501487731934 27.4878978729248
0.999797 1.00157 0.643203 0.072227 0.0533396 0.0188874 0.0005698 5.16762e-07 3.30157e-05 0.0165089 0 12.54712772369385 13.27485275268555 26.66973876953125
0.99987 1.00157 0.643134 0.0731612 0.0542818 0.0188794 0.000553397 2.11415e-07 3.31015e-05 0.0142441 0 12.54805183410645 13.27619647979736 27.14091682434082
0.999836 1.00159 0.643182 0.072619 0.0537394 0.0188795 0.000545338 3.37139e-07 3.41178e-05 0.0147816 0 12.54760646820068 13.27628040313721 26.86974334716797
0.999902 1.00158 0.643108 0.0734493 0.0545781 0.0188711 0.0005344 1.21058e-07 3.34434e-05 0.0131731 0 12.54846286773682 13.27775764465332 27.28909873962402
0.99983 1.00157 0.643169 0.0723082 0.0534355 0.0188727 0.00053294 3.61484e-07 3.29007e-05 0.0149348 0 12.54754161834717 13.2777099609375 26.71776962280273
0.999846 1.00153 0.643129 0.0730041 0.0541384 0.0188657 0.000612837 2.97257e-07 3.13145e-05 0.0133693 0 12.54773807525635 13.2790699005127 27.06919097900391
0.999794 1.00158 0.643212 0.0721577 0.0532941 0.0188636 0.000555162 5.31959e-07 3.34499e-05 0.0161247 0 12.54709053039551 13.27969074249268 26.64702796936035
0.999833 1.00156 0.643164 0.0724788 0.0536166 0.0188622 0.000543577 3.49697e-07 3.27264e-05 0.0163025 0 12.54756832122803 13.27985095977783 26.8083324432373
0.999866 1.00157 0.643137 0.0733664 0.05451 0.0188564 0.000553228 2.26457e-07 3.30113e-05 0.014647 0 12.54799652099609 13.28087520599365 27.25501823425293
0.999871 1.00156 0.643123 0.0731764 0.0543263 0.0188501 0.000548163 2.08819e-07 3.24805e-05 0.0150443 0 12.54805278778076 13.28214645385742 27.16314697265625
0.999863 1.00158 0.643148 0.0729633 0.0541136 0.0188497 0.000538384 2.36588e-07 3.3609e-05 0.0147149 0 12.54794883728027 13.28228950500488 27.05682945251465
0.999845 1.00158 0.643164 0.0726136 0.0537639 0.0188497 0.000556462 3.01252e-07 3.35303e-05 0.0152193 0 12.54773139953613 13.28234577178955 26.88192749023438
0.999958 1.00156 0.643045 0.0743257 0.055487 0.0188386 0.000553035 2.25109e-08 3.27999e-05 0.0120712 0 12.54913425445557 13.28415870666504 27.74350929260254
0.999875 1.00158 0.643138 0.0732973 0.0544535 0.0188438 0.00054123 1.97637e-07 3.36524e-05 0.0143404 0 12.54810523986816 13.28342342376709 27.22679138183594
0.999941 1.00157 0.643065 0.0738984 0.0550566 0.0188419 0.000539091 4.37438e-08 3.30592e-05 0.0134396 0 12.54891681671143 13.28357219696045 27.52828025817871
0.999871 1.00155 0.64312 0.0731326 0.0542921 0.0188405 0.000540245 2.09663e-07 3.22845e-05 0.0159974 0 12.54805946350098 13.28412055969238 27.14607048034668
0.999896 1.00157 0.643107 0.0734135 0.054573 0.0188405 0.000537866 1.35426e-07 3.30333e-05 0.0148796 0 12.54838180541992 13.28402996063232 27.28646278381348
0.999841 1.00158 0.64317 0.0725483 0.0537005 0.0188478 0.000535719 3.16511e-07 3.36592e-05 0.0148266 0 12.54767894744873 13.28274440765381 26.85027885437012
0.999871 1.00156 0.643126 0.0730029 0.0541603 0.0188427 0.000529416 2.09212e-07 3.26341e-05 0.0145564 0 12.54806041717529 13.28369045257568 27.08014488220215
0.999834 1.00158 0.643172 0.0723981 0.0535539 0.0188442 0.000531131 3.45363e-07 3.33626e-05 0.0154209 0 12.54758644104004 13.28349018096924 26.77695083618164
0.999839 1.00158 0.643167 0.0722712 0.0534294 0.0188418 0.000540878 3.24054e-07 3.33471e-05 0.0155667 0 12.54765892028809 13.28394603729248 26.71470069885254
0.999907 1.00156 0.643092 0.073367 0.0545304 0.0188366 0.000536121 1.07443e-07 3.27186e-05 0.0135163 0 12.54851150512695 13.28477382659912 27.26517868041992
0.999886 1.00158 0.643121 0.0731377 0.054303 0.0188347 0.000552914 1.62005e-07 3.33316e-05 0.0147584 0 12.54823684692383 13.28522491455078 27.15151786804199
0.99991 1.00154 0.643076 0.0733916 0.0545605 0.018831 0.000663659 1.01823e-07 3.18294e-05 0.0140052 0 12.54853248596191 13.28589248657227 27.28024482727051
0.999927 1.00156 0.64307 0.0737849 0.0549519 0.018833 0.000568425 6.64375e-08 3.25251e-05 0.0125664 0 12.54875183105469 13.28542613983154 27.47598075866699
0.999844 1.00155 0.643146 0.0730138 0.0541876 0.0188262 0.000550246 3.03708e-07 3.23136e-05 0.0151923 0 12.54773044586182 13.28715324401855 27.09377861022949
0.999833 1.00156 0.643165 0.0725597 0.0537332 0.0188265 0.000540013 3.50625e-07 3.28011e-05 0.0159534 0 12.54757499694824 13.28711223602295 26.86657333374023
0.999874 1.00156 0.643123 0.0729241 0.0541006 0.0188235 0.000541749 2.00358e-07 3.26493e-05 0.0156733 0 12.54807662963867 13.28756427764893 27.05027198791504
0.99987 1.00158 0.643141 0.0728891 0.0540703 0.0188188 0.000579022 2.1254e-07 3.35674e-05 0.0159047 0 12.54805564880371 13.28855228424072 27.03515434265137
0.999893 1.00157 0.643108 0.0734323 0.0546119 0.0188205 0.000585413 1.42721e-07 3.29208e-05 0.0155586 0 12.54833698272705 13.28811168670654 27.3059196472168
0.999918 1.00156 0.643081 0.0738754 0.0550565 0.0188189 0.000567245 8.54104e-08 3.26705e-05 0.0148223 0 12.54861545562744 13.28832721710205 27.52824783325195
0.999863 1.00157 0.643142 0.0730446 0.0542266 0.018818 0.000557241 2.34244e-07 3.32488e-05 0.0149754 0 12.54796028137207 13.28873157501221 27.11333656311035
0.9999 1.00158 0.643112 0.0734024 0.054586 0.0188163 0.000559225 1.2427e-07 3.36316e-05 0.0141495 0 12.54842472076416 13.28892421722412 27.29300689697266
0.999878 1.00156 0.643117 0.0732976 0.0544857 0.0188119 0.000552482 1.87401e-07 3.24809e-05 0.0137103 0 12.54812908172607 13.28993511199951 27.24283027648926
0.999865 1.00157 0.643137 0.0729002 0.0540961 0.0188041 0.000546818 2.27388e-07 3.30161e-05 0.0152566 0 12.54798126220703 13.29154872894287 27.04805183410645
0.999888 1.00157 0.643117 0.0733023 0.054504 0.0187983 0.000547887 1.57599e-07 3.31202e-05 0.0139692 0 12.54825019836426 13.2926607131958 27.25200843811035
0.999901 1.00157 0.643104 0.0732568 0.0544595 0.0187973 0.000540972 1.21869e-07 3.31127e-05 0.0135937 0 12.54841899871826 13.29283237457275 27.22978210449219
0.999861 1.00155 0.643132 0.0731089 0.0543189 0.01879 0.00053609 2.42501e-07 3.24083e-05 0.014549 0 12.54793834686279 13.29445743560791 27.15944480895996
0.999891 1.00157 0.643113 0.0732826 0.054496 0.0187866 0.000541436 1.47874e-07 3.31041e-05 0.0142023 0 12.54830455780029 13.29504013061523 27.2480411529541
0.999841 1.00157 0.643161 0.0726658 0.0538877 0.0187781 0.000533668 3.17615e-07 3.30561e-05 0.0147088 0 12.54767894744873 13.29698276519775 26.94382286071777
0.999826 1.00156 0.643171 0.0723904 0.0536143 0.0187761 0.000528404 3.78216e-07 3.27804e-05 0.0158604 0 12.54749488830566 13.29744625091553 26.80714797973633
0.999906 1.00159 0.643113 0.0733309 0.0545609 0.0187699 0.00052673 1.11943e-07 3.39836e-05 0.0137471 0 12.54849624633789 13.29840469360352 27.28047180175781
