A/A0 V/V0 Vr eb eb_bend eb_ad ea ega ev ek ee  h0 h1 h2
1 1.00032 0.642203 0.111098 0.0495561 0.0615419 0.000329511 0 1.33674e-06 7.56699e-10 0 12.54967498779297 7.076537132263184 24.77803230285645
1.00062 1.00164 0.642458 0.110859 0.0495298 0.0613289 0.000318535 4.76944e-06 3.60606e-05 1.35708e-05 0 12.55008316040039 7.077727317810059 24.76867866516113
1.00069 1.00152 0.642313 0.110719 0.0495325 0.061187 0.000306607 5.99216e-06 3.1199e-05 2.81799e-05 0 12.55106925964355 7.079502105712891 24.76789665222168
1.00082 1.00133 0.642064 0.110583 0.04954 0.0610432 0.000305248 8.39266e-06 2.35951e-05 4.62993e-05 0 12.55740833282471 7.096334457397461 24.76493263244629
1.00099 1.00112 0.641769 0.110447 0.0495496 0.0608977 0.000365039 1.22669e-05 1.69188e-05 6.34378e-05 0 12.55834865570068 7.111879348754883 24.76623725891113
1.00117 1.00094 0.641472 0.110307 0.0495553 0.0607522 0.000363453 1.73257e-05 1.18384e-05 6.16523e-05 0 12.55992984771729 7.127295017242432 24.77002716064453
1.00135 1.00078 0.641199 0.110178 0.0495675 0.06061 0.000366321 2.30364e-05 8.20913e-06 5.20589e-05 0 12.562087059021 7.142629146575928 24.77482986450195
1.00151 1.00066 0.64097 0.110049 0.0495761 0.0604728 0.000375249 2.87215e-05 5.88488e-06 3.99251e-05 0 12.56441307067871 7.157870292663574 24.77765846252441
1.00164 1.00058 0.640798 0.109922 0.0495803 0.0603421 0.000382097 3.36737e-05 4.5414e-06 3.66407e-05 0 12.56668567657471 7.172802448272705 24.78374671936035
1.00173 1.00054 0.640689 0.109796 0.0495774 0.0602184 0.000391604 3.73674e-05 3.93796e-06 1.50238e-05 0 12.56866264343262 7.187332153320312 24.78804206848145
1.00177 1.00053 0.640636 0.109683 0.0495814 0.060102 0.000401897 3.95255e-05 3.808e-06 1.11762e-05 0 12.57023525238037 7.201388835906982 24.79018211364746
1.00179 1.00055 0.640629 0.109567 0.0495757 0.0599915 0.000407898 4.02869e-05 4.01275e-06 8.11686e-06 0 12.57134342193604 7.214917659759521 24.78868675231934
1.00178 1.00058 0.640659 0.109463 0.0495759 0.0598874 0.00041152 3.98094e-05 4.48475e-06 5.70482e-06 0 12.57195281982422 7.227875232696533 24.79072380065918
1.00175 1.00061 0.640708 0.109361 0.0495733 0.0597877 0.000413779 3.85603e-05 5.05056e-06 7.89198e-06 0 12.57214546203613 7.240395545959473 24.78787040710449
1.00172 1.00065 0.640768 0.109262 0.0495711 0.0596913 0.000414123 3.69299e-05 5.67216e-06 1.10581e-05 0 12.57203578948975 7.252387046813965 24.78795433044434
1.00168 1.00068 0.640822 0.109163 0.049569 0.0595942 0.00041602 3.52934e-05 6.15994e-06 1.02867e-05 0 12.57167625427246 7.264009475708008 24.78667068481445
1.00164 1.0007 0.640867 0.109069 0.0495686 0.0595003 0.000421616 3.38476e-05 6.48362e-06 9.43527e-06 0 12.57119369506836 7.275326251983643 24.78553199768066
1.00162 1.0007 0.640896 0.108982 0.0495766 0.0594051 0.000434876 3.27861e-05 6.60311e-06 8.14501e-06 0 12.57071018218994 7.286726951599121 24.78451538085938
1.0016 1.0007 0.640911 0.108883 0.0495718 0.0593113 0.000431729 3.21432e-05 6.58755e-06 1.31734e-05 0 12.57026100158691 7.297751426696777 24.78424263000488
1.00159 1.00069 0.640907 0.108796 0.0495791 0.0592174 0.000430612 3.19189e-05 6.33864e-06 9.16899e-06 0 12.5699577331543 7.308864593505859 24.78828811645508
1.0016 1.00066 0.640887 0.108703 0.0495799 0.0591228 0.000442609 3.21119e-05 5.89774e-06 8.54545e-06 0 12.56975746154785 7.319774150848389 24.78591346740723
1.00161 1.00063 0.640852 0.108613 0.0495858 0.059027 0.000447863 3.27089e-05 5.33483e-06 9.46587e-06 0 12.56969547271729 7.330622673034668 24.78955078125
1.00164 1.0006 0.640811 0.108519 0.0495875 0.0589314 0.000448799 3.3613e-05 4.82522e-06 6.92932e-06 0 12.56974411010742 7.34149694442749 24.78997611999512
1.00166 1.00056 0.640761 0.108422 0.0495918 0.0588304 0.000461295 3.47658e-05 4.25764e-06 7.93275e-06 0 12.56994533538818 7.35244607925415 24.79290008544922
1.00169 1.00053 0.640714 0.108328 0.049593 0.0587355 0.00046405 3.59337e-05 3.79523e-06 8.10818e-06 0 12.57020854949951 7.36331844329834 24.79369735717773
1.00172 1.0005 0.640669 0.108237 0.0495961 0.0586412 0.000467973 3.71117e-05 3.37514e-06 7.18562e-06 0 12.57055473327637 7.374795913696289 24.79588890075684
1.00175 1.00047 0.640626 0.108148 0.0496006 0.0585478 0.000473027 3.82476e-05 3.0196e-06 4.59077e-06 0 12.57093048095703 7.385582447052002 24.79650115966797
1.00177 1.00045 0.640588 0.108058 0.0496025 0.0584555 0.000478569 3.92929e-05 2.72585e-06 6.32192e-06 0 12.57124996185303 7.396307945251465 24.79800987243652
1.00179 1.00043 0.640556 0.107969 0.0496048 0.0583642 0.00048445 4.02032e-05 2.48923e-06 8.62513e-06 0 12.57158279418945 7.406942844390869 24.80029296875
1.00181 1.00041 0.640529 0.107885 0.0496114 0.0582741 0.000490352 4.0972e-05 2.29545e-06 4.48397e-06 0 12.57187747955322 7.417478084564209 24.80124282836914
1.00182 1.00039 0.640502 0.107804 0.049622 0.0581817 0.000497832 4.16382e-05 2.08628e-06 5.16796e-06 0 12.57213878631592 7.427925109863281 24.80240821838379
1.00183 1.00039 0.640485 0.107714 0.0496203 0.0580935 0.000502951 4.21844e-05 1.99281e-06 1.51469e-05 0 12.57234287261963 7.438277244567871 24.80566787719727
1.00184 1.00037 0.640467 0.10763 0.0496273 0.0580027 0.000545111 4.26674e-05 1.86982e-06 1.37318e-05 0 12.57254409790039 7.44890308380127 24.8110294342041
1.00185 1.00036 0.640451 0.107541 0.0496293 0.0579112 0.000651175 4.29898e-05 1.72744e-06 1.40365e-05 0 12.57268714904785 7.459089756011963 24.81012344360352
1.00186 1.00035 0.640441 0.107457 0.0496325 0.0578242 0.000635691 4.32411e-05 1.64955e-06 7.04828e-06 0 12.57280921936035 7.469582557678223 24.81366157531738
1.00186 1.00034 0.64043 0.10738 0.0496417 0.0577385 0.00062233 4.34901e-05 1.56244e-06 5.70319e-06 0 12.57289409637451 7.480198860168457 24.81464958190918
1.00187 1.00033 0.640418 0.107292 0.0496379 0.0576537 0.000617429 4.37589e-05 1.46552e-06 8.57639e-06 0 12.57297801971436 7.490293025970459 24.81628608703613
1.00187 1.00031 0.640401 0.107202 0.0496371 0.0575645 0.000675389 4.4051e-05 1.31971e-06 9.67249e-06 0 12.57304382324219 7.500245571136475 24.82083702087402
1.00188 1.0003 0.640387 0.107126 0.0496452 0.0574804 0.000663169 4.44173e-05 1.23202e-06 1.11055e-05 0 12.57312297821045 7.51009464263916 24.8189811706543
1.00189 1.00029 0.640372 0.107041 0.0496432 0.0573976 0.000650658 4.47715e-05 1.14066e-06 1.17754e-05 0 12.57318592071533 7.520472526550293 24.81856346130371
1.0019 1.00028 0.640353 0.106958 0.0496451 0.0573132 0.000670209 4.52305e-05 1.02797e-06 1.38411e-05 0 12.57327938079834 7.530246257781982 24.82258796691895
1.00191 1.00026 0.640334 0.106882 0.0496551 0.057227 0.000681201 4.57033e-05 9.14894e-07 1.75626e-05 0 12.57337188720703 7.539895057678223 24.82159996032715
1.00192 1.00025 0.640321 0.10681 0.0496631 0.0571468 0.000675631 4.61073e-05 8.58714e-07 7.93034e-06 0 12.57350540161133 7.549710750579834 24.8225212097168
1.00192 1.00023 0.640302 0.106721 0.0496614 0.05706 0.000840785 4.63103e-05 7.10962e-07 7.53963e-06 0 12.57362079620361 7.559727668762207 24.82756614685059
1.00193 1.00023 0.640295 0.106648 0.0496687 0.056979 0.000804645 4.65224e-05 6.81866e-07 5.52446e-06 0 12.57372665405273 7.56907844543457 24.83155250549316
1.00193 1.00022 0.640288 0.106573 0.0496726 0.0569 0.000777224 4.67303e-05 6.61752e-07 7.69323e-06 0 12.57378387451172 7.579226970672607 24.83071327209473
1.00193 1.00021 0.640276 0.106493 0.0496715 0.0568215 0.000763902 4.69774e-05 5.93446e-07 1.10275e-05 0 12.57384300231934 7.588709354400635 24.8343391418457
1.00194 1.0002 0.640261 0.106416 0.0496716 0.0567442 0.000764723 4.73822e-05 5.37335e-07 1.40248e-05 0 12.57390213012695 7.597965717315674 24.83629417419434
1.00195 1.00019 0.640246 0.106346 0.0496786 0.0566676 0.000751967 4.77917e-05 4.76501e-07 9.28814e-06 0 12.57395458221436 7.607163429260254 24.83573722839355
1.00196 1.00018 0.640228 0.106279 0.0496871 0.0565917 0.000754273 4.82623e-05 4.11856e-07 7.8423e-06 0 12.57406520843506 7.616201400756836 24.83584403991699
1.00197 1.00015 0.640205 0.106202 0.0496893 0.0565127 0.000747447 4.87646e-05 3.20102e-07 6.89608e-06 0 12.57415676116943 7.625162124633789 24.83929824829102
1.00198 1.00015 0.640188 0.106124 0.0496886 0.0564355 0.000749481 4.93609e-05 2.85814e-07 6.4875e-06 0 12.57429313659668 7.634044170379639 24.84353828430176
1.00199 1.00014 0.640173 0.106054 0.0496937 0.0563607 0.000744669 4.98022e-05 2.46123e-07 7.85977e-06 0 12.57442474365234 7.643282890319824 24.84467506408691
1.002 1.00012 0.640157 0.10599 0.0497037 0.0562865 0.0007424 5.02543e-05 2.077e-07 9.21072e-06 0 12.57457828521729 7.652315139770508 24.84427833557129
1.00201 1.0001 0.640137 0.105907 0.0497025 0.0562046 0.000929536 5.04666e-05 1.32547e-07 7.11389e-06 0 12.57467079162598 7.661095142364502 24.84684371948242
1.00201 1.0001 0.640131 0.105831 0.0497026 0.0561285 0.000890761 5.0786e-05 1.32725e-07 1.24066e-05 0 12.57477569580078 7.669795036315918 24.85188484191895
1.00202 1.00009 0.640122 0.105763 0.0497109 0.0560524 0.000895338 5.1082e-05 1.16136e-07 5.5636e-06 0 12.57481479644775 7.679437160491943 24.85123443603516
1.00202 1.00009 0.640114 0.105695 0.0497158 0.0559796 0.000879247 5.13267e-05 1.05534e-07 4.73299e-06 0 12.5749044418335 7.688408851623535 24.85128402709961
1.00203 1.00008 0.640105 0.105634 0.0497258 0.0559078 0.000852244 5.16242e-05 9.44334e-08 1.1465e-05 0 12.57501983642578 7.697371959686279 24.85543632507324
1.00203 1.00007 0.640093 0.105557 0.0497212 0.0558357 0.000914922 5.18732e-05 6.96729e-08 8.10848e-06 0 12.5750675201416 7.705952644348145 24.85791397094727
1.00204 1.00005 0.640077 0.10548 0.0497242 0.0557554 0.000897073 5.20782e-05 3.81742e-08 9.80462e-06 0 12.57511234283447 7.714439392089844 24.86289215087891
1.00204 1.00005 0.640069 0.105411 0.0497319 0.0556796 0.000877829 5.23287e-05 3.12969e-08 1.02661e-05 0 12.57517433166504 7.722949981689453 24.86055946350098
1.00205 1.00005 0.640063 0.105348 0.0497398 0.0556078 0.000858631 5.26337e-05 3.06287e-08 5.22697e-06 0 12.57525444030762 7.732462882995605 24.86211776733398
1.00205 1.00004 0.640057 0.105277 0.0497395 0.0555374 0.000843681 5.28203e-05 2.47901e-08 7.73534e-06 0 12.57530403137207 7.741431713104248 24.86594390869141
1.00206 1.00003 0.640046 0.105205 0.0497385 0.0554668 0.00088458 5.30885e-05 1.55558e-08 1.23206e-05 0 12.57536792755127 7.74992561340332 24.86992835998535
1.00206 1.00003 0.640037 0.105144 0.0497469 0.0553974 0.000886884 5.33153e-05 8.73681e-09 1.10931e-05 0 12.57539558410645 7.758260250091553 24.86977767944336
1.00207 1.00002 0.640028 0.105078 0.0497518 0.0553264 0.00087073 5.36154e-05 6.21384e-09 6.12026e-06 0 12.57549285888672 7.766637325286865 24.8692626953125
1.00207 1.00002 0.640024 0.10501 0.0497519 0.0552584 0.000867461 5.37211e-05 4.41489e-09 7.13211e-06 0 12.57556247711182 7.77488374710083 24.87346076965332
1.00207 1.00001 0.640021 0.104947 0.0497564 0.055191 0.000856785 5.37927e-05 2.91693e-09 9.89474e-06 0 12.57562255859375 7.783289909362793 24.87591934204102
1.00207 1.00001 0.640017 0.104887 0.0497624 0.0551242 0.00084868 5.38709e-05 1.82289e-09 9.73071e-06 0 12.57563877105713 7.791386604309082 24.87599182128906
1.00207 1 0.64001 0.104824 0.04977 0.0550536 0.00100627 5.38792e-05 1.13063e-14 8.48151e-06 0 12.57565975189209 7.799413681030273 24.87815475463867
1.00207 0.999999 0.64001 0.104758 0.0497725 0.054985 0.000972878 5.38566e-05 3.58698e-12 4.14331e-06 0 12.57568740844727 7.807380199432373 24.88119506835938
1.00207 0.999998 0.640009 0.104691 0.0497726 0.0549181 0.00097023 5.38327e-05 6.8584e-11 1.13258e-05 0 12.57567977905273 7.815807342529297 24.88497734069824
1.00207 0.999997 0.640009 0.104625 0.0497725 0.0548523 0.000947914 5.38171e-05 1.48314e-10 8.54605e-06 0 12.5756721496582 7.82401180267334 24.88623046875
1.00207 0.999994 0.640007 0.104562 0.0497741 0.0547874 0.000931011 5.38406e-05 4.68954e-10 9.76165e-06 0 12.57565784454346 7.83202600479126 24.88631057739258
1.00207 0.999986 0.64 0.104502 0.0497826 0.0547192 0.000994713 5.39214e-05 2.70396e-09 7.01814e-06 0 12.57565975189209 7.839898109436035 24.88626480102539
1.00208 0.999983 0.639995 0.104438 0.0497858 0.0546522 0.00096435 5.40949e-05 3.91102e-09 6.42609e-06 0 12.57567310333252 7.847657680511475 24.88704490661621
1.00208 0.999977 0.639989 0.104372 0.0497846 0.0545876 0.000940797 5.42125e-05 6.84782e-09 8.00139e-06 0 12.5756778717041 7.855825901031494 24.89131927490234
1.00208 0.999962 0.639976 0.10431 0.0497898 0.0545206 0.000976658 5.44095e-05 1.92207e-08 6.40369e-06 0 12.57572078704834 7.863844871520996 24.89289855957031
1.00208 0.999955 0.639969 0.104246 0.0497958 0.0544505 0.00113674 5.45029e-05 2.74797e-08 1.38332e-05 0 12.57576370239258 7.87155818939209 24.89231109619141
1.00208 0.999955 0.639972 0.104183 0.0498004 0.0543827 0.00111014 5.44128e-05 2.65897e-08 1.28922e-05 0 12.57580089569092 7.879593372344971 24.89489936828613
1.00208 0.999961 0.639978 0.104123 0.0498057 0.0543177 0.00106146 5.42504e-05 2.08065e-08 7.33015e-06 0 12.57582664489746 7.888008594512939 24.89792442321777
1.00208 0.999962 0.63998 0.104066 0.0498144 0.0542516 0.00102627 5.41726e-05 1.915e-08 1.26218e-05 0 12.57581424713135 7.896170139312744 24.90017700195312
1.00208 0.999963 0.639983 0.104002 0.0498122 0.0541894 0.000998966 5.40472e-05 1.79636e-08 7.49127e-06 0 12.57577514648438 7.904001712799072 24.90287208557129
1.00207 0.999963 0.639985 0.103941 0.0498132 0.054128 0.000979209 5.39451e-05 1.88253e-08 9.34009e-06 0 12.57576942443848 7.911951541900635 24.90722274780273
1.00207 0.999958 0.639982 0.103894 0.0498295 0.0540642 0.000995973 5.39227e-05 2.31493e-08 9.75207e-06 0 12.57573509216309 7.919462203979492 24.9061164855957
1.00207 0.999958 0.639983 0.103823 0.0498195 0.0540032 0.00103225 5.38614e-05 2.3956e-08 1.48361e-05 0 12.5756950378418 7.926867485046387 24.90656471252441
1.00207 0.999956 0.639982 0.103767 0.0498242 0.0539428 0.00100422 5.38494e-05 2.58981e-08 8.95986e-06 0 12.57569408416748 7.934567928314209 24.91481590270996
1.00206 0.999943 0.639984 0.10371 0.0498317 0.0538782 0.00121573 5.33001e-05 4.36667e-08 1.38842e-05 0 12.57568073272705 7.941925525665283 24.90974044799805
1.00206 0.999944 0.63999 0.103644 0.049831 0.0538132 0.00116167 5.3008e-05 4.22882e-08 1.73067e-05 0 12.5756893157959 7.94922399520874 24.91212844848633
1.00205 0.999952 0.639999 0.103583 0.0498317 0.0537515 0.00111467 5.27981e-05 3.08072e-08 1.91827e-05 0 12.57554244995117 7.957080364227295 24.91587448120117
1.00205 0.999955 0.640003 0.10353 0.0498384 0.0536917 0.00110582 5.26757e-05 2.77335e-08 2.06169e-05 0 12.57546710968018 7.964980602264404 24.91550636291504
1.00205 0.999954 0.640004 0.103477 0.0498444 0.053633 0.00107203 5.26281e-05 2.79835e-08 1.11639e-05 0 12.57541275024414 7.972458839416504 24.91586112976074
1.00205 0.999947 0.639998 0.103418 0.0498462 0.0535719 0.00106677 5.26719e-05 3.83047e-08 8.27551e-06 0 12.57539176940918 7.979711532592773 24.91922760009766
1.00205 0.999945 0.639995 0.103358 0.049844 0.0535142 0.00103721 5.27879e-05 3.98805e-08 1.4072e-05 0 12.57537841796875 7.986832618713379 24.92220687866211
1.00205 0.999937 0.639988 0.103303 0.049848 0.0534552 0.0011093 5.28665e-05 5.38123e-08 1.12054e-05 0 12.57540225982666 7.994216918945312 24.92316818237305
1.00205 0.999934 0.639985 0.103252 0.0498571 0.0533953 0.00108247 5.29532e-05 5.81217e-08 1.64457e-05 0 12.57542705535889 8.001186370849609 24.92200088500977
1.00206 0.999935 0.639984 0.10319 0.0498524 0.0533378 0.0010487 5.30017e-05 5.71782e-08 1.37299e-05 0 12.5754451751709 8.008333206176758 24.92402839660645
1.00206 0.999931 0.63998 0.103141 0.0498621 0.0532787 0.00102203 5.31049e-05 6.34191e-08 7.61913e-06 0 12.57547187805176 8.015586853027344 24.92854499816895
1.00206 0.999931 0.639978 0.103081 0.0498598 0.0532212 0.00100099 5.32324e-05 6.32877e-08 1.02969e-05 0 12.57547855377197 8.022562026977539 24.92616844177246
1.00206 0.999931 0.639978 0.103029 0.0498636 0.0531654 0.000983252 5.32145e-05 6.35106e-08 1.13397e-05 0 12.5754861831665 8.029721260070801 24.93103790283203
1.00206 0.999932 0.639978 0.102987 0.0498769 0.0531099 0.000973784 5.32051e-05 6.2937e-08 8.9391e-06 0 12.57552719116211 8.036686897277832 24.92992210388184
1.00206 0.999918 0.63997 0.102916 0.049868 0.0530479 0.00101148 5.31601e-05 9.09237e-08 1.02151e-05 0 12.57553768157959 8.043481826782227 24.93180847167969
1.00206 0.999928 0.639977 0.102861 0.0498696 0.0529917 0.000992303 5.31514e-05 7.00722e-08 8.43231e-06 0 12.57552337646484 8.050232887268066 24.9384937286377
1.00206 0.999928 0.63998 0.102814 0.0498805 0.0529333 0.0010176 5.30212e-05 6.9262e-08 5.95965e-06 0 12.57550716400146 8.057787895202637 24.93399047851562
1.00205 0.999931 0.639985 0.102751 0.0498727 0.0528782 0.000993348 5.28602e-05 6.3396e-08 1.27266e-05 0 12.57549571990967 8.064630508422852 24.93478584289551
1.00205 0.999932 0.639988 0.102699 0.0498748 0.0528238 0.000972806 5.2722e-05 6.16276e-08 1.02677e-05 0 12.57546424865723 8.071730613708496 24.94020080566406
1.00205 0.999932 0.63999 0.102648 0.0498779 0.0527698 0.000956185 5.26147e-05 6.18474e-08 8.17169e-06 0 12.57542514801025 8.078497886657715 24.93635749816895
1.00205 0.999927 0.639988 0.1026 0.0498874 0.0527125 0.000976098 5.25719e-05 7.0686e-08 1.06046e-05 0 12.57538509368896 8.085137367248535 24.93737602233887
1.00205 0.999928 0.639989 0.102554 0.0498955 0.0526584 0.000955726 5.24849e-05 6.99634e-08 1.73764e-05 0 12.57536697387695 8.091742515563965 24.93896293640137
1.00204 0.999931 0.639993 0.102506 0.0499009 0.0526049 0.000941734 5.23983e-05 6.30193e-08 1.16217e-05 0 12.57536029815674 8.098753929138184 24.94368743896484
1.00204 0.999932 0.639996 0.102447 0.0498956 0.0525519 0.000941696 5.2258e-05 6.21352e-08 1.60137e-05 0 12.57534313201904 8.105350494384766 24.94772720336914
1.00204 0.999932 0.639998 0.1024 0.0499015 0.052499 0.000928464 5.21771e-05 6.23919e-08 1.59972e-05 0 12.5753288269043 8.111906051635742 24.95040893554688
1.00204 0.999926 0.639997 0.10234 0.049894 0.0524458 0.000970642 5.20496e-05 7.27206e-08 1.38989e-05 0 12.5753002166748 8.118415832519531 24.94781303405762
1.00204 0.999926 0.639997 0.10229 0.0498977 0.0523926 0.00102541 5.20072e-05 7.32484e-08 1.25665e-05 0 12.57527351379395 8.124885559082031 24.95078468322754
1.00203 0.999922 0.640003 0.102241 0.0499032 0.0523375 0.0012221 5.15553e-05 8.25832e-08 2.33748e-05 0 12.57524681091309 8.13141918182373 24.94705772399902
1.00201 0.999929 0.64002 0.102187 0.0499071 0.0522802 0.00114325 5.08753e-05 6.78595e-08 1.0059e-05 0 12.57524681091309 8.137935638427734 24.94887924194336
1.00201 0.999939 0.640032 0.102133 0.0499061 0.0522267 0.00108944 5.06019e-05 4.93901e-08 8.36912e-06 0 12.57511615753174 8.14475154876709 24.95156097412109
1.00197 0.99992 0.640058 0.102088 0.0499251 0.0521629 0.0014936 4.86108e-05 8.64152e-08 1.67274e-05 0 12.57495021820068 8.151851654052734 24.95353507995605
1.00196 0.999949 0.640081 0.102029 0.0499226 0.0521066 0.00138606 4.83912e-05 3.45187e-08 1.03522e-05 0 12.57487106323242 8.158444404602051 24.95307540893555
1.00196 0.999959 0.640088 0.101984 0.0499263 0.0520573 0.00131656 4.83643e-05 2.22885e-08 9.35893e-06 0 12.57438468933105 8.166526794433594 24.96259689331055
1.00196 0.999957 0.640086 0.101928 0.0499186 0.052009 0.00129729 4.84262e-05 2.44918e-08 9.0217e-06 0 12.57431316375732 8.173470497131348 24.9612922668457
1.00197 0.999952 0.640078 0.101883 0.0499237 0.0519597 0.00125306 4.86254e-05 3.08789e-08 8.93976e-06 0 12.57430648803711 8.179525375366211 24.9631462097168
1.00197 0.999948 0.640072 0.101836 0.0499243 0.0519113 0.00121027 4.88351e-05 3.59301e-08 1.21457e-05 0 12.57433414459229 8.185459136962891 24.95928955078125
1.00198 0.999944 0.640065 0.101781 0.0499187 0.0518628 0.00117638 4.90646e-05 4.22988e-08 1.63632e-05 0 12.57438659667969 8.191499710083008 24.96187400817871
1.00198 0.999935 0.640056 0.101739 0.0499266 0.0518128 0.00125311 4.9237e-05 5.64583e-08 1.40003e-05 0 12.57442569732666 8.197419166564941 24.96217155456543
1.00198 0.99993 0.640057 0.101698 0.0499376 0.0517606 0.00125389 4.90332e-05 6.53827e-08 1.02576e-05 0 12.57448291778564 8.203364372253418 24.95932960510254
1.00197 0.999935 0.640067 0.101641 0.0499328 0.0517087 0.00131309 4.86506e-05 5.69822e-08 1.25264e-05 0 12.57451820373535 8.20949649810791 24.96324348449707
1.00196 0.999948 0.640081 0.101592 0.0499323 0.05166 0.00129349 4.83359e-05 3.6229e-08 1.32183e-05 0 12.57447719573975 8.21595573425293 24.96881294250488
1.00196 0.999954 0.640091 0.101559 0.0499464 0.0516126 0.00124755 4.804e-05 2.78669e-08 7.02414e-06 0 12.57438659667969 8.222393989562988 24.96636581420898
1.00195 0.999958 0.640098 0.101502 0.0499362 0.0515657 0.00120863 4.7808e-05 2.3735e-08 1.28747e-05 0 12.57431030273438 8.228433609008789 24.9661750793457
1.00195 0.999958 0.6401 0.101458 0.049939 0.0515187 0.00117806 4.7695e-05 2.33895e-08 6.85423e-06 0 12.57422828674316 8.234340667724609 24.97318649291992
1.00195 0.999956 0.640099 0.101417 0.0499464 0.0514707 0.00115411 4.77277e-05 2.56234e-08 1.10908e-05 0 12.57417583465576 8.240166664123535 24.96810531616211
1.00195 0.999949 0.640096 0.101364 0.0499427 0.0514214 0.00120595 4.76438e-05 3.50164e-08 1.70278e-05 0 12.5741548538208 8.245967864990234 24.96953201293945
1.00195 0.999948 0.640095 0.101316 0.0499432 0.0513731 0.00117077 4.76473e-05 3.56795e-08 1.44035e-05 0 12.57416343688965 8.251884460449219 24.97319984436035
1.00195 0.999949 0.640095 0.101279 0.0499534 0.0513253 0.00115001 4.76904e-05 3.463e-08 1.95337e-05 0 12.574143409729 8.257998466491699 24.97135543823242
1.00195 0.999947 0.640092 0.101223 0.0499449 0.0512779 0.00112547 4.77687e-05 3.70461e-08 2.23384e-05 0 12.57413864135742 8.263976097106934 24.97160530090332
1.00195 0.999946 0.64009 0.101178 0.049947 0.0512309 0.00110579 4.78151e-05 3.88634e-08 1.74082e-05 0 12.574143409729 8.269877433776855 24.97672653198242
1.00195 0.999943 0.640087 0.101137 0.0499538 0.0511834 0.0011134 4.78845e-05 4.35558e-08 1.14149e-05 0 12.57415771484375 8.27573299407959 24.97246360778809
1.00195 0.999942 0.640086 0.101098 0.0499615 0.0511367 0.00109762 4.78864e-05 4.52187e-08 1.29644e-05 0 12.57416439056396 8.281542778015137 24.97354125976562
1.00195 0.999944 0.640088 0.101043 0.0499531 0.0510902 0.00107906 4.7872e-05 4.19853e-08 1.94165e-05 0 12.57419204711914 8.28741455078125 24.97687721252441
1.00195 0.999944 0.640089 0.101005 0.0499614 0.051044 0.0010649 4.78064e-05 4.19086e-08 1.57787e-05 0 12.57419967651367 8.293201446533203 24.98078727722168
1.00195 0.999945 0.640092 0.100966 0.0499692 0.0509972 0.00111325 4.77008e-05 4.0531e-08 2.28213e-05 0 12.57418823242188 8.298982620239258 24.97654342651367
1.00195 0.999948 0.640098 0.100906 0.0499551 0.0509511 0.00109012 4.74774e-05 3.59163e-08 2.81911e-05 0 12.57417297363281 8.304723739624023 24.98068809509277
1.00194 0.999945 0.640101 0.100862 0.0499576 0.0509045 0.00118117 4.72569e-05 3.99075e-08 2.46346e-05 0 12.57414150238037 8.310547828674316 24.9846134185791
1.00194 0.999951 0.640107 0.100822 0.0499632 0.0508584 0.00114412 4.70926e-05 3.28637e-08 1.70089e-05 0 12.5740852355957 8.316295623779297 24.9775447845459
1.00193 0.999954 0.640113 0.100771 0.0499579 0.0508127 0.00112709 4.69288e-05 2.81106e-08 1.2428e-05 0 12.57402420043945 8.322110176086426 24.97878837585449
1.00193 0.999953 0.640114 0.100728 0.0499611 0.0507666 0.0011061 4.68369e-05 2.90434e-08 4.57993e-06 0 12.57399940490723 8.327864646911621 24.98162269592285
1.00193 0.999953 0.640116 0.100683 0.0499622 0.0507209 0.00108841 4.67507e-05 2.94816e-08 1.04674e-05 0 12.57393741607666 8.33357048034668 24.9788990020752
1.00193 0.999954 0.640118 0.100638 0.0499627 0.0506756 0.00106953 4.66614e-05 2.81991e-08 8.58784e-06 0 12.57390975952148 8.339315414428711 24.98055839538574
1.00192 0.999949 0.640119 0.100599 0.049969 0.05063 0.00132117 4.64625e-05 3.54111e-08 1.04628e-05 0 12.57389545440674 8.344996452331543 24.9810962677002
1.00192 0.999949 0.640124 0.100556 0.0499727 0.0505835 0.00144409 4.62144e-05 3.52415e-08 1.29735e-05 0 12.57386589050293 8.350666999816895 24.98133659362793
1.0019 0.999955 0.640141 0.100512 0.0499757 0.0505368 0.00136 4.55176e-05 2.72921e-08 1.19546e-05 0 12.57382106781006 8.356366157531738 24.98449897766113
1.0019 0.999962 0.640154 0.100463 0.0499721 0.0504911 0.00132094 4.51265e-05 1.88827e-08 1.32982e-05 0 12.57375907897949 8.362192153930664 24.98637771606445
1.00189 0.999969 0.640164 0.100422 0.0499748 0.050447 0.00130414 4.48401e-05 1.29591e-08 1.29086e-05 0 12.57357883453369 8.368115425109863 24.98783302307129
1.00189 0.999968 0.640167 0.100383 0.0499803 0.0504032 0.00126002 4.46879e-05 1.35386e-08 1.4128e-05 0 12.57346725463867 8.37385368347168 24.98603439331055
1.00189 0.999961 0.64016 0.100339 0.0499799 0.0503589 0.00146585 4.48085e-05 2.01564e-08 1.14345e-05 0 12.57339859008789 8.379411697387695 24.98737525939941
1.00189 0.999957 0.640156 0.100293 0.049979 0.0503141 0.00140425 4.48779e-05 2.51052e-08 8.66697e-06 0 12.57334804534912 8.384884834289551 24.99014472961426
1.00189 0.999954 0.640153 0.100255 0.0499863 0.0502691 0.00137978 4.49108e-05 2.82401e-08 7.62832e-06 0 12.57337188720703 8.390395164489746 24.98994445800781
1.00189 0.999958 0.640158 0.100213 0.0499885 0.0502247 0.00132716 4.4782e-05 2.38129e-08 8.40062e-06 0 12.57340717315674 8.39598560333252 24.98952102661133
1.00189 0.99996 0.64016 0.100159 0.0499782 0.0501809 0.00129999 4.4755e-05 2.13219e-08 1.09768e-05 0 12.57340049743652 8.401623725891113 24.99317359924316
1.00189 0.999963 0.640164 0.100117 0.049979 0.0501384 0.0012607 4.46865e-05 1.80634e-08 1.27004e-05 0 12.57336235046387 8.407177925109863 24.99424743652344
1.00185 0.999952 0.640194 0.100082 0.0499952 0.0500865 0.00150815 4.28181e-05 3.12238e-08 1.4704e-05 0 12.57336044311523 8.412677764892578 24.98912239074707
1.00185 0.999989 0.640212 0.100034 0.0499877 0.0500466 0.00144944 4.31163e-05 1.72372e-09 2.01162e-05 0 12.5733470916748 8.417988777160645 24.98949241638184
1.00185 0.999988 0.640214 0.0999942 0.049986 0.0500082 0.00139679 4.29982e-05 1.9484e-09 1.51701e-05 0 12.57285785675049 8.424740791320801 24.99765396118164
1.00185 0.999982 0.64021 0.0999608 0.0499925 0.0499684 0.00135592 4.29724e-05 4.53315e-09 9.49278e-06 0 12.57293224334717 8.429715156555176 24.99386024475098
1.00185 0.999974 0.640202 0.0999286 0.0500007 0.0499279 0.00132239 4.31475e-05 8.92591e-09 5.36644e-06 0 12.57288360595703 8.43453311920166 24.99301528930664
1.00186 0.999963 0.64019 0.0998787 0.0499921 0.0498866 0.00144202 4.34023e-05 1.82791e-08 1.72013e-05 0 12.57288932800293 8.439523696899414 24.99621772766113
1.00184 0.999952 0.640202 0.0998362 0.0499946 0.0498416 0.00137481 4.24265e-05 3.14072e-08 1.28216e-05 0 12.57294464111328 8.444575309753418 25.00033760070801
1.00185 0.999976 0.640211 0.0998013 0.0500006 0.0498008 0.00133328 4.27376e-05 7.98748e-09 1.83132e-05 0 12.57301139831543 8.449722290039062 24.99606323242188
1.00185 0.999976 0.64021 0.0997522 0.0499909 0.0497613 0.00130126 4.28273e-05 7.716e-09 1.88858e-05 0 12.57273197174072 8.455509185791016 24.99730110168457
1.00185 0.999965 0.640199 0.0997199 0.0499989 0.0497209 0.00135659 4.3017e-05 1.60311e-08 1.89966e-05 0 12.57281303405762 8.460593223571777 25.00032806396484
1.00186 0.999961 0.640192 0.0996843 0.0500046 0.0496797 0.00137117 4.32225e-05 2.02579e-08 1.25352e-05 0 12.57285118103027 8.46553897857666 24.99544906616211
1.00186 0.999958 0.640188 0.0996401 0.050001 0.0496391 0.00131793 4.33144e-05 2.36584e-08 1.19916e-05 0 12.57289791107178 8.470606803894043 24.99945640563965
1.00186 0.999958 0.640187 0.0995974 0.049999 0.0495984 0.0012745 4.33913e-05 2.36439e-08 1.31102e-05 0 12.57295703887939 8.475749969482422 25.00227928161621
1.00186 0.999959 0.640186 0.0995557 0.0499977 0.049558 0.00124098 4.34584e-05 2.24704e-08 2.1868e-05 0 12.57299041748047 8.480843544006348 25.0004997253418
1.00186 0.999959 0.640185 0.0995211 0.0500036 0.0495175 0.00122141 4.3487e-05 2.28881e-08 2.06293e-05 0 12.57301902770996 8.48595142364502 24.99954223632812
1.00186 0.999959 0.640185 0.0994812 0.050004 0.0494772 0.00119781 4.35101e-05 2.27659e-08 1.15646e-05 0 12.57303524017334 8.491033554077148 24.99885559082031
1.00185 0.999955 0.64019 0.0994426 0.0500058 0.0494367 0.00146437 4.31218e-05 2.67056e-08 4.18632e-05 0 12.57303810119629 8.496123313903809 25.00178909301758
1.00185 0.999969 0.640204 0.0994045 0.0500073 0.0493971 0.0013922 4.29143e-05 1.27319e-08 2.35906e-05 0 12.57303619384766 8.501206398010254 25.0020580291748
1.00184 0.999975 0.640213 0.0993636 0.0500054 0.0493582 0.00133738 4.26363e-05 8.27671e-09 1.71821e-05 0 12.57293701171875 8.506359100341797 25.00290679931641
1.00184 0.999977 0.640219 0.0993372 0.0500179 0.0493193 0.00129909 4.24362e-05 6.93793e-09 1.3269e-05 0 12.57286834716797 8.511380195617676 25.00363349914551
1.00184 0.999977 0.64022 0.0992892 0.0500088 0.0492804 0.00127433 4.23729e-05 7.02321e-09 1.86118e-05 0 12.5728063583374 8.516330718994141 25.00271415710449
1.00184 0.99997 0.640215 0.0992509 0.0500107 0.0492402 0.0013646 4.2397e-05 1.19648e-08 2.29611e-05 0 12.57275867462158 8.521267890930176 25.00897216796875
1.00184 0.99997 0.640215 0.0992042 0.0500042 0.0492 0.00133697 4.24051e-05 1.20304e-08 2.04339e-05 0 12.57274723052979 8.526188850402832 25.00440216064453
1.00184 0.999972 0.640214 0.0991667 0.0500064 0.0491603 0.00130435 4.24811e-05 1.0601e-08 1.43716e-05 0 12.57275485992432 8.531257629394531 25.00536155700684
1.00176 0.999946 0.640272 0.0991273 0.0500231 0.0491043 0.00165515 3.89964e-05 3.8412e-08 1.10081e-05 0 12.57275199890137 8.536334991455078 25.00212669372559
1.00178 1.00002 0.6403 0.0990772 0.0500105 0.0490667 0.00161236 3.98884e-05 5.2916e-09 1.38297e-05 0 12.57275199890137 8.541332244873047 25.00321006774902
1.00178 1.00001 0.640302 0.0990494 0.0500183 0.0490312 0.00155209 3.95969e-05 2.51071e-09 9.74142e-06 0 12.57177925109863 8.548910140991211 25.01152038574219
1.00177 1 0.640296 0.0990029 0.0500103 0.0489926 0.0015474 3.95207e-05 1.61584e-11 1.45163e-05 0 12.57204246520996 8.553533554077148 25.0052547454834
1.00178 0.999992 0.640282 0.0989681 0.050014 0.0489541 0.00150387 3.98575e-05 9.35461e-10 6.57335e-06 0 12.57197761535645 8.558066368103027 25.00912475585938
1.00177 0.999962 0.640274 0.0989365 0.050024 0.0489125 0.00183425 3.93385e-05 1.97501e-08 7.33525e-06 0 12.57193565368652 8.562976837158203 25.00510406494141
1.00177 0.999982 0.640287 0.098893 0.0500197 0.0488733 0.00169752 3.938e-05 4.19752e-09 7.3992e-06 0 12.57204246520996 8.567789077758789 25.00698661804199
1.00177 0.999993 0.640292 0.098851 0.0500144 0.0488366 0.00160508 3.94393e-05 5.80288e-10 1.11584e-05 0 12.57190132141113 8.573140144348145 25.01196670532227
1.00177 0.999986 0.640293 0.0988157 0.050017 0.0487987 0.00167601 3.92059e-05 2.72908e-09 7.70859e-06 0 12.57191371917725 8.578118324279785 25.00986289978027
1.00173 0.999946 0.6403 0.0987743 0.0500167 0.0487576 0.00201932 3.76988e-05 3.88376e-08 1.45239e-05 0 12.57193470001221 8.582754135131836 25.00715637207031
1.00173 0.999992 0.640331 0.0987322 0.0500168 0.0487154 0.00186627 3.76535e-05 7.67763e-10 9.24249e-06 0 12.57186698913574 8.587596893310547 25.00848388671875
1.00174 1 0.64033 0.0986983 0.0500163 0.048682 0.00175784 3.80023e-05 1.79121e-10 7.60484e-06 0 12.57142925262451 8.593020439147949 25.00830459594727
1.00175 0.99999 0.640316 0.098676 0.0500286 0.0486474 0.00194802 3.82709e-05 1.25661e-09 1.18806e-05 0 12.57141304016113 8.598396301269531 25.00839805603027
1.00176 0.999978 0.640298 0.0986252 0.0500138 0.0486113 0.00183119 3.87233e-05 6.64347e-09 9.73045e-06 0 12.57150459289551 8.602573394775391 25.00812530517578
1.00177 0.999962 0.640276 0.0985972 0.0500238 0.0485734 0.00172654 3.92598e-05 1.94872e-08 1.4783e-05 0 12.5715913772583 8.606936454772949 25.01429748535156
1.00178 0.999957 0.640264 0.0985591 0.0500241 0.048535 0.00164426 3.96459e-05 2.51945e-08 1.08486e-05 0 12.57170677185059 8.611459732055664 25.00692558288574
1.00178 0.99996 0.64026 0.0985205 0.0500229 0.0484975 0.00177175 3.998e-05 2.11395e-08 6.89049e-06 0 12.57185649871826 8.616213798522949 25.01189804077148
1.00173 0.999927 0.640288 0.0984834 0.0500312 0.0484522 0.00223552 3.76728e-05 7.20769e-08 1.20645e-05 0 12.57197570800781 8.621033668518066 25.01201629638672
1.00173 0.999992 0.640335 0.0984456 0.0500324 0.0484132 0.0020592 3.74395e-05 9.44421e-10 5.25847e-06 0 12.57206535339355 8.625765800476074 25.01151657104492
1.00172 1.00001 0.640355 0.0984104 0.0500311 0.0483793 0.0019394 3.70528e-05 1.26975e-09 3.42856e-06 0 12.57141304016113 8.631839752197266 25.01558113098145
1.00171 1 0.640353 0.0983689 0.0500248 0.0483441 0.00200174 3.68878e-05 3.03869e-12 1.1085e-05 0 12.57133197784424 8.636852264404297 25.01617813110352
1.00169 0.999992 0.640366 0.0983297 0.0500278 0.0483019 0.00187791 3.6037e-05 8.46046e-10 6.15062e-06 0 12.57122802734375 8.641234397888184 25.01554298400879
1.00172 0.999992 0.640345 0.098295 0.0500282 0.0482668 0.00184238 3.69879e-05 7.92721e-10 5.3755e-06 0 12.57119178771973 8.645736694335938 25.01240730285645
1.00172 0.999971 0.640328 0.0982518 0.0500229 0.048229 0.00188571 3.71468e-05 1.1527e-08 5.15015e-06 0 12.57093620300293 8.651248931884766 25.0139217376709
1.00174 0.999972 0.640308 0.0982155 0.0500227 0.0481927 0.00195899 3.80771e-05 1.03534e-08 5.49295e-06 0 12.571213722229 8.655590057373047 25.01406288146973
1.00175 0.999965 0.640292 0.0981817 0.0500232 0.0481585 0.00185605 3.86255e-05 1.68599e-08 5.29574e-06 0 12.57125663757324 8.660382270812988 25.01141548156738
1.00177 0.99996 0.640278 0.0981493 0.0500255 0.0481238 0.00183496 3.91016e-05 2.17391e-08 7.73417e-06 0 12.57151794433594 8.664881706237793 25.01136779785156
1.00177 0.999957 0.640269 0.0981151 0.0500263 0.0480888 0.00175528 3.94524e-05 2.46334e-08 4.96086e-06 0 12.57168102264404 8.669172286987305 25.01162147521973
1.00178 0.999959 0.640266 0.0980773 0.0500235 0.0480538 0.00169433 3.96598e-05 2.26018e-08 5.72361e-06 0 12.57181549072266 8.673545837402344 25.01271438598633
1.00175 0.999942 0.640281 0.09804 0.0500256 0.0480144 0.00178329 3.84253e-05 4.52328e-08 9.50641e-06 0 12.57193851470947 8.677961349487305 25.01313972473145
1.00175 0.999982 0.640304 0.0980011 0.0500226 0.0479785 0.00171578 3.85736e-05 4.31753e-09 8.76173e-06 0 12.57198143005371 8.682415962219238 25.01179313659668
1.00175 0.999992 0.640313 0.097971 0.0500246 0.0479464 0.00166254 3.84498e-05 9.61691e-10 1.15373e-05 0 12.57162380218506 8.687623977661133 25.01276969909668
1.00175 0.999989 0.640313 0.0979447 0.0500317 0.047913 0.00163076 3.83443e-05 1.73349e-09 1.08385e-05 0 12.57167148590088 8.692187309265137 25.01130485534668
1.00175 0.999987 0.640312 0.0979057 0.0500266 0.0478791 0.00159349 3.83557e-05 2.3889e-09 6.5445e-06 0 12.57163715362549 8.696331024169922 25.01229095458984
1.00175 0.999983 0.640308 0.0978697 0.0500249 0.0478448 0.0015814 3.84444e-05 3.69745e-09 6.09776e-06 0 12.57158660888672 8.700624465942383 25.01583290100098
1.00175 0.999983 0.640305 0.0978373 0.0500273 0.0478099 0.00154946 3.8561e-05 4.00021e-09 5.21777e-06 0 12.57160186767578 8.704954147338867 25.01333236694336
1.00175 0.999983 0.640303 0.0977998 0.0500248 0.047775 0.00152098 3.86358e-05 4.08403e-09 4.5141e-06 0 12.57163238525391 8.709351539611816 25.0124397277832
1.00176 0.999982 0.640301 0.097765 0.0500255 0.0477395 0.00150714 3.86921e-05 4.45574e-09 9.3752e-06 0 12.57166576385498 8.713790893554688 25.01363182067871
1.00176 0.999984 0.640303 0.0977275 0.050023 0.0477045 0.00147599 3.86746e-05 3.63119e-09 8.4103e-06 0 12.57168674468994 8.71826171875 25.01242828369141
1.00175 0.999976 0.640304 0.0976951 0.0500275 0.0476676 0.00149355 3.8391e-05 7.94119e-09 1.57283e-05 0 12.57169914245605 8.722801208496094 25.01276588439941
1.00175 0.99999 0.640313 0.0976597 0.0500282 0.0476315 0.00152417 3.83689e-05 1.39466e-09 2.80537e-05 0 12.57169818878174 8.727296829223633 25.01152992248535
1.00174 0.999992 0.640323 0.0976266 0.0500295 0.0475971 0.00149233 3.80097e-05 8.67133e-10 1.05362e-05 0 12.57163143157959 8.732068061828613 25.01377868652344
1.00174 0.999989 0.640325 0.0976059 0.0500442 0.0475617 0.001574 3.78308e-05 1.48793e-09 1.11832e-05 0 12.57161140441895 8.736727714538574 25.01412963867188
1.00173 0.999997 0.640335 0.0975594 0.0500332 0.0475262 0.00153049 3.75945e-05 1.04957e-10 1.45694e-05 0 12.57150363922119 8.74117374420166 25.01478004455566
1.00173 1 0.640341 0.0975169 0.0500258 0.0474911 0.00150229 3.7441e-05 1.38551e-11 1.58459e-05 0 12.57144355773926 8.745757102966309 25.02209854125977
1.00173 1 0.640344 0.0974847 0.0500286 0.047456 0.00147324 3.73647e-05 1.13024e-10 6.22843e-06 0 12.57139492034912 8.750358581542969 25.01658058166504
1.00172 1 0.640344 0.0974437 0.0500227 0.047421 0.00144902 3.73131e-05 4.74671e-11 1.2834e-05 0 12.57135105133057 8.754881858825684 25.01288223266602
1.00172 1 0.640344 0.0974118 0.050026 0.0473858 0.00142857 3.7317e-05 2.93277e-11 7.30277e-06 0 12.57132816314697 8.759417533874512 25.0142822265625
1.00172 0.999998 0.640342 0.0973798 0.0500293 0.0473506 0.0014331 3.73111e-05 4.0342e-11 8.02175e-06 0 12.57131195068359 8.763940811157227 25.01132392883301
1.00172 0.999996 0.640342 0.0973429 0.050028 0.0473149 0.00141873 3.72617e-05 1.74121e-10 6.97993e-06 0 12.57131195068359 8.76846981048584 25.01299858093262
1.00172 0.99999 0.640345 0.0973065 0.0500285 0.047278 0.0015128 3.69383e-05 1.26065e-09 1.04011e-05 0 12.57131576538086 8.772989273071289 25.01461219787598
1.00171 1.00001 0.640358 0.0972745 0.0500326 0.0472419 0.0014767 3.6807e-05 3.60858e-10 7.10358e-06 0 12.57129955291748 8.777600288391113 25.01403045654297
1.00171 1.00001 0.640364 0.0972412 0.0500336 0.0472076 0.00151217 3.66523e-05 1.32128e-09 1.50694e-05 0 12.57120513916016 8.782384872436523 25.01424026489258
1.00171 1.00001 0.640367 0.0972058 0.0500325 0.0471733 0.00150489 3.64881e-05 9.04313e-10 1.38881e-05 0 12.57117366790771 8.787070274353027 25.01627540588379
1.00171 1 0.640363 0.0971707 0.0500331 0.0471376 0.00151623 3.65507e-05 2.43799e-10 2.13416e-05 0 12.571120262146 8.791525840759277 25.01680755615234
1.00171 1.00001 0.640364 0.0971374 0.0500345 0.0471029 0.00147872 3.65435e-05 4.46637e-10 1.33521e-05 0 12.57107257843018 8.795965194702148 25.01626014709473
1.00171 1.00001 0.640367 0.0971121 0.0500438 0.0470682 0.00144863 3.64921e-05 1.23396e-09 1.56838e-05 0 12.57108306884766 8.800573348999023 25.01655769348145
1.0017 1.00001 0.640371 0.0970716 0.0500377 0.0470339 0.00142385 3.63951e-05 1.7469e-09 1.35086e-05 0 12.57108306884766 8.805048942565918 25.01723289489746
1.0017 1.00001 0.640373 0.0970299 0.0500327 0.0469972 0.00147819 3.61778e-05 6.80482e-10 2.00165e-05 0 12.57106781005859 8.80952262878418 25.02191352844238
1.00169 1.00002 0.640383 0.0969971 0.0500345 0.0469626 0.00144842 3.60444e-05 4.3681e-09 3.99424e-05 0 12.571044921875 8.81398868560791 25.01881980895996
1.00167 1 0.640398 0.0969664 0.0500404 0.046926 0.00174145 3.49135e-05 5.2914e-11 2.73141e-05 0 12.57097434997559 8.818763732910156 25.0163516998291
1.00166 1.00003 0.640427 0.096929 0.0500388 0.0468901 0.00167554 3.45183e-05 1.38301e-08 2.99313e-05 0 12.57094764709473 8.823253631591797 25.01724052429199
1.00165 1.00004 0.640443 0.0969004 0.0500435 0.0468568 0.0016181 3.41398e-05 2.65328e-08 1.1309e-05 0 12.57060527801514 8.828156471252441 25.02021980285645
1.00164 1.00004 0.640448 0.0968569 0.0500342 0.0468227 0.00162 3.38277e-05 2.20112e-08 1.20042e-05 0 12.57047653198242 8.832845687866211 25.01944351196289
1.00164 1.00004 0.640447 0.0968359 0.0500473 0.0467887 0.00158925 3.37563e-05 1.69189e-08 1.10792e-05 0 12.5703706741333 8.837206840515137 25.02179145812988
1.00164 1.00003 0.640444 0.0967869 0.0500329 0.046754 0.00155227 3.38386e-05 1.57709e-08 1.16761e-05 0 12.57026958465576 8.841671943664551 25.01710319519043
1.00165 1.00003 0.640436 0.0967535 0.0500337 0.0467198 0.00152098 3.40674e-05 1.24569e-08 7.1694e-06 0 12.57025814056396 8.846096038818359 25.02364540100098
1.00166 1.00003 0.640426 0.0967148 0.0500297 0.0466851 0.00152658 3.43751e-05 8.84754e-09 1.45934e-05 0 12.57027721405029 8.850568771362305 25.01643753051758
1.00166 1.00002 0.640419 0.0966825 0.0500318 0.0466507 0.00149862 3.46002e-05 7.15139e-09 8.44116e-06 0 12.57035827636719 8.854987144470215 25.0168628692627
1.00166 1.00002 0.640416 0.0966423 0.0500258 0.0466165 0.001498 3.47062e-05 6.54494e-09 1.46238e-05 0 12.57043933868408 8.859441757202148 25.01483917236328
1.00166 1.00002 0.640416 0.0966109 0.0500285 0.0465824 0.00147337 3.47335e-05 7.09939e-09 7.38856e-06 0 12.57050609588623 8.863864898681641 25.01587867736816
1.00166 1.00003 0.64042 0.096575 0.0500265 0.0465486 0.00145285 3.46857e-05 9.798e-09 8.22024e-06 0 12.57054042816162 8.868295669555664 25.01291847229004
1.00166 1.00003 0.640422 0.0965453 0.050031 0.0465143 0.00145469 3.45731e-05 9.17428e-09 4.91319e-06 0 12.57055377960205 8.872723579406738 25.01424407958984
1.00166 1.00003 0.640428 0.0965099 0.0500294 0.0464804 0.00143512 3.4484e-05 1.4615e-08 1.03691e-05 0 12.57054138183594 8.877120018005371 25.01323890686035
1.00165 1.00003 0.640433 0.0964704 0.0500238 0.0464466 0.00141922 3.43437e-05 1.62472e-08 5.99092e-06 0 12.5705099105835 8.881580352783203 25.01548004150391
1.00157 0.999986 0.640486 0.096444 0.0500398 0.0464043 0.00196571 3.07853e-05 2.71751e-09 1.62774e-05 0 12.57048034667969 8.886009216308594 25.01472854614258
1.00158 1.00008 0.640539 0.0963997 0.0500302 0.0463695 0.00191472 3.11879e-05 9.57089e-08 9.16341e-06 0 12.57043552398682 8.890429496765137 25.01191139221191
1.00154 1.00006 0.640559 0.0963709 0.0500342 0.0463367 0.00203629 2.97626e-05 4.93336e-08 1.8775e-05 0 12.56934356689453 8.896462440490723 25.0199031829834
1.00154 1.0001 0.640579 0.0963319 0.0500312 0.0463007 0.00190541 2.98844e-05 1.26002e-07 1.01296e-05 0 12.56945705413818 8.900928497314453 25.01506614685059
1.00156 1.00007 0.640542 0.0963022 0.0500311 0.0462711 0.00181754 3.06647e-05 6.39173e-08 8.46946e-06 0 12.56899261474609 8.905405044555664 25.01714134216309
1.00158 1.00003 0.6405 0.0962652 0.0500285 0.0462368 0.00175621 3.14696e-05 1.55648e-08 7.40733e-06 0 12.56902503967285 8.910079956054688 25.01559638977051
1.00161 1.00001 0.64046 0.0962328 0.0500302 0.0462026 0.00172137 3.26297e-05 2.77207e-09 1.11673e-05 0 12.56930065155029 8.913815498352051 25.01554298400879
1.00163 1.00001 0.640436 0.0961988 0.0500302 0.0461687 0.00166992 3.33899e-05 4.01165e-10 6.23196e-06 0 12.56953716278076 8.918163299560547 25.01422882080078
1.00164 1.00001 0.640425 0.0961624 0.0500269 0.0461355 0.00162882 3.38738e-05 3.79045e-10 1.08399e-05 0 12.56991100311279 8.92246150970459 25.01508903503418
1.00165 1.00001 0.640419 0.0961334 0.0500305 0.0461029 0.00162063 3.42423e-05 1.27415e-09 5.99653e-06 0 12.57015419006348 8.926762580871582 25.01506042480469
1.00165 1.00001 0.640422 0.0961039 0.050033 0.0460708 0.00158813 3.41761e-05 2.0237e-09 5.62703e-06 0 12.57031059265137 8.931013107299805 25.01348304748535
1.00165 1.00001 0.640426 0.0960649 0.0500267 0.0460382 0.00157489 3.40533e-05 2.48874e-09 5.65777e-06 0 12.57041454315186 8.935218811035156 25.01525497436523
1.00165 1.00002 0.64043 0.0960336 0.0500272 0.0460064 0.0015448 3.40626e-05 5.67674e-09 3.45382e-06 0 12.57037830352783 8.939418792724609 25.01653099060059
1.00164 1.00002 0.640435 0.0960099 0.0500357 0.0459742 0.00152099 3.39068e-05 6.74279e-09 7.42728e-06 0 12.57034587860107 8.943694114685059 25.01334571838379
1.00164 1.00002 0.64044 0.0959661 0.0500241 0.0459419 0.00150113 3.37517e-05 8.05295e-09 3.65368e-06 0 12.57035827636719 8.947851181030273 25.01359367370605
1.00164 1.00002 0.640441 0.0959447 0.0500353 0.0459095 0.00150193 3.36703e-05 7.63778e-09 2.71323e-05 0 12.5703010559082 8.952091217041016 25.01782989501953
1.00164 1.00003 0.640446 0.095904 0.0500266 0.0458773 0.00148157 3.35634e-05 9.86743e-09 3.34364e-05 0 12.57025718688965 8.95630931854248 25.01206970214844
1.00163 1.00003 0.640448 0.0958715 0.0500263 0.0458452 0.00146374 3.34916e-05 1.09321e-08 1.02195e-05 0 12.57022380828857 8.960561752319336 25.01762962341309
1.00163 1.00003 0.640447 0.0958355 0.0500233 0.0458122 0.00149289 3.35463e-05 1.06191e-08 6.21377e-06 0 12.57019901275635 8.964807510375977 25.0133228302002
1.00163 1.00002 0.640449 0.0958053 0.0500273 0.045778 0.00153908 3.32853e-05 6.57335e-09 1.44122e-05 0 12.5701789855957 8.969018936157227 25.01313781738281
1.00163 1.00003 0.640455 0.0957655 0.0500213 0.0457442 0.00151718 3.31477e-05 9.08247e-09 3.53934e-06 0 12.57019233703613 8.973330497741699 25.01161575317383
1.00162 1.00003 0.640458 0.0957334 0.0500222 0.0457112 0.00148237 3.31059e-05 1.12305e-08 4.49875e-06 0 12.57011795043945 8.977852821350098 25.01363754272461
1.00162 1.00003 0.640458 0.0957075 0.050029 0.0456785 0.0014961 3.30753e-05 1.06956e-08 1.0573e-05 0 12.5700798034668 8.982312202453613 25.01065826416016
1.00162 1.00003 0.640459 0.095669 0.0500228 0.0456462 0.00147229 3.30395e-05 1.07667e-08 6.88303e-06 0 12.57006931304932 8.986625671386719 25.01110076904297
1.00162 1.00003 0.640459 0.0956348 0.0500209 0.0456139 0.0014445 3.30539e-05 1.10087e-08 5.07861e-06 0 12.57006740570068 8.990930557250977 25.01448822021484
1.00158 1.00001 0.640486 0.0956054 0.0500248 0.0455806 0.00154683 3.13704e-05 1.02475e-09 5.23809e-06 0 12.57004547119141 8.995152473449707 25.01140403747559
1.00159 1.00004 0.6405 0.095577 0.0500279 0.045549 0.00165882 3.16571e-05 2.20472e-08 7.74154e-06 0 12.57004451751709 8.999401092529297 25.01043510437012
1.00158 1.00004 0.64051 0.0955411 0.0500247 0.0455164 0.00170624 3.13297e-05 2.71223e-08 2.78945e-06 0 12.56952381134033 9.004025459289551 25.01242065429688
1.00159 1.00004 0.640502 0.0955089 0.0500242 0.0454847 0.00171084 3.15507e-05 2.26311e-08 7.1783e-06 0 12.56961822509766 9.00812816619873 25.01396179199219
1.0016 1.00004 0.640487 0.0954832 0.0500289 0.0454543 0.00164417 3.20575e-05 1.76569e-08 2.38135e-06 0 12.56951332092285 9.012457847595215 25.01238632202148
1.00161 1.00002 0.640473 0.0954587 0.050037 0.0454217 0.0016357 3.23529e-05 8.36078e-09 2.18025e-05 0 12.56957721710205 9.01658821105957 25.01208877563477
1.00161 1.00002 0.640466 0.095421 0.0500317 0.0453893 0.00159028 3.25373e-05 6.01285e-09 1.06328e-05 0 12.56974411010742 9.020510673522949 25.01446151733398
1.00161 1.00002 0.640464 0.0953791 0.0500225 0.0453566 0.00155431 3.26501e-05 6.6358e-09 7.95976e-06 0 12.56982326507568 9.024748802185059 25.01853370666504
1.00161 1.00003 0.640468 0.0953431 0.0500185 0.0453246 0.00152138 3.26148e-05 1.02036e-08 5.60073e-06 0 12.56986713409424 9.028992652893066 25.01583290100098
1.00159 1.00001 0.640481 0.0953155 0.0500242 0.0452913 0.00167038 3.16672e-05 1.91792e-09 7.79155e-06 0 12.56991767883301 9.03327751159668 25.01124954223633
1.00158 1.00005 0.640511 0.0952855 0.0500257 0.0452598 0.00161222 3.14171e-05 3.25531e-08 2.40512e-06 0 12.56991100311279 9.037479400634766 25.00922775268555
1.00158 1.00005 0.640516 0.0952533 0.0500234 0.0452299 0.00159206 3.12109e-05 3.38447e-08 1.06384e-05 0 12.56961536407471 9.042024612426758 25.01210403442383
1.00158 1.00004 0.640511 0.0952257 0.0500257 0.0452 0.00183204 3.11401e-05 1.99762e-08 1.20886e-05 0 12.56953430175781 9.046206474304199 25.01285743713379
1.00157 1.00003 0.640509 0.0951922 0.0500223 0.0451699 0.00174234 3.10349e-05 1.30381e-08 4.94192e-06 0 12.5694637298584 9.050168991088867 25.01169013977051
1.00158 1.00003 0.640504 0.0951617 0.0500226 0.0451391 0.00167685 3.12057e-05 1.28068e-08 1.98981e-06 0 12.56943798065186 9.054123878479004 25.01285552978516
1.00158 1.00003 0.640498 0.0951309 0.0500232 0.0451077 0.00173264 3.13393e-05 9.57654e-09 4.27603e-06 0 12.56941604614258 9.058112144470215 25.01113510131836
1.00157 1.00002 0.640506 0.0950971 0.050024 0.0450731 0.0019106 3.07551e-05 3.90842e-09 1.73094e-05 0 12.56946468353271 9.062152862548828 25.01131248474121
1.00157 1.00003 0.640517 0.0950647 0.0500245 0.0450403 0.00192711 3.07451e-05 1.52811e-08 8.04733e-06 0 12.56951141357422 9.066269874572754 25.01157379150391
1.00156 1.00004 0.640526 0.0950351 0.0500262 0.0450089 0.00183342 3.06314e-05 2.49142e-08 4.66356e-06 0 12.56931972503662 9.070919036865234 25.01202011108398
1.00156 1.00004 0.640527 0.095003 0.0500249 0.0449781 0.00176101 3.05858e-05 2.49072e-08 4.39879e-06 0 12.56931018829346 9.075264930725098 25.01220703125
1.00156 1.00004 0.640523 0.0949708 0.0500235 0.0449473 0.00170287 3.06938e-05 2.21274e-08 5.87766e-06 0 12.56928253173828 9.079432487487793 25.01310157775879
1.00157 1.00004 0.640517 0.0949361 0.0500197 0.0449165 0.00165585 3.0853e-05 1.81989e-08 5.80186e-06 0 12.5692892074585 9.083497047424316 25.012451171875
1.00157 1.00004 0.640512 0.0949061 0.0500206 0.0448855 0.00161649 3.10123e-05 1.64615e-08 3.089e-06 0 12.56930255889893 9.087540626525879 25.01172828674316
1.00158 1.00003 0.640505 0.0948765 0.0500227 0.0448538 0.00160733 3.12579e-05 1.58553e-08 4.99873e-06 0 12.56936264038086 9.091602325439453 25.00982856750488
1.00158 1.00004 0.64051 0.0948461 0.050023 0.0448231 0.00157347 3.11473e-05 1.85817e-08 3.74316e-06 0 12.56941795349121 9.095671653747559 25.01030158996582
1.00157 1.00003 0.640513 0.0948165 0.0500249 0.0447916 0.00221898 3.08979e-05 1.50546e-08 7.85032e-06 0 12.56949138641357 9.099834442138672 25.01135444641113
1.00154 1.00004 0.640547 0.0947864 0.0500257 0.0447607 0.00206673 2.97839e-05 2.53306e-08 4.34435e-06 0 12.56945323944092 9.103931427001953 25.01150512695312
1.00153 1.00007 0.640577 0.0947571 0.050026 0.0447312 0.00196525 2.92381e-05 6.25273e-08 2.13485e-06 0 12.56936454772949 9.108126640319824 25.0124626159668
1.00151 1.00007 0.64059 0.0947251 0.0500243 0.0447008 0.00196144 2.87839e-05 6.73366e-08 2.96922e-06 0 12.56901550292969 9.112381935119629 25.01284027099609
1.0015 1.00006 0.640593 0.0946987 0.0500287 0.04467 0.00196013 2.83297e-05 4.49895e-08 9.98687e-06 0 12.5688304901123 9.11639404296875 25.01297378540039
1.00151 1.00006 0.640594 0.0946707 0.0500313 0.0446394 0.00191859 2.84487e-05 5.63351e-08 5.16671e-06 0 12.56868457794189 9.120484352111816 25.01215362548828
1.00151 1.00006 0.640584 0.0946454 0.0500362 0.0446092 0.00187959 2.87081e-05 4.57619e-08 7.18593e-06 0 12.56853008270264 9.1246337890625 25.01430702209473
1.00152 1.00005 0.64057 0.0946088 0.0500303 0.0445785 0.00181783 2.90458e-05 3.497e-08 5.95552e-06 0 12.56857967376709 9.128667831420898 25.01563835144043
1.00151 1.00004 0.64057 0.0945702 0.0500231 0.0445471 0.00183507 2.87171e-05 1.89844e-08 7.19735e-06 0 12.5686502456665 9.13263988494873 25.0180778503418
1.00153 1.00005 0.640569 0.0945488 0.0500318 0.044517 0.00179401 2.91994e-05 4.00606e-08 1.1389e-05 0 12.5687780380249 9.136656761169434 25.0151309967041
1.00153 1.00005 0.640562 0.0945234 0.0500363 0.0444871 0.00175614 2.93209e-05 3.11279e-08 1.1613e-05 0 12.56867027282715 9.140868186950684 25.01156234741211
1.00153 1.00005 0.640556 0.0944783 0.0500212 0.0444571 0.00172363 2.94932e-05 2.89958e-08 1.07942e-05 0 12.5688304901123 9.144806861877441 25.01590347290039
1.00153 1.00004 0.640553 0.0944497 0.0500231 0.0444266 0.00185352 2.9373e-05 1.72807e-08 7.02817e-06 0 12.56884860992432 9.148764610290527 25.01816749572754
1.00152 1.00005 0.640567 0.0944141 0.0500199 0.0443941 0.00180538 2.91487e-05 3.25709e-08 5.95273e-06 0 12.56891536712646 9.152708053588867 25.01060485839844
1.00152 1.00006 0.640578 0.0943831 0.0500198 0.0443633 0.00197155 2.89747e-05 4.84853e-08 3.5538e-06 0 12.56888198852539 9.156780242919922 25.01153373718262
1.00151 1.00006 0.640588 0.0943521 0.0500198 0.0443322 0.00190014 2.86163e-05 5.12988e-08 2.24009e-06 0 12.56879329681396 9.161142349243164 25.00991630554199
1.00151 1.00007 0.640592 0.0943195 0.0500178 0.0443017 0.00184122 2.85792e-05 5.79336e-08 3.67518e-06 0 12.56875324249268 9.16526985168457 25.00993919372559
1.00151 1.00006 0.640586 0.0942886 0.0500174 0.0442711 0.00187942 2.86179e-05 4.50723e-08 7.17005e-06 0 12.56863784790039 9.169464111328125 25.00991821289062
1.00151 1.00005 0.640582 0.0942636 0.0500229 0.0442407 0.00182634 2.86746e-05 4.05005e-08 9.97837e-06 0 12.56862163543701 9.173527717590332 25.00888252258301
1.00151 1.00006 0.640584 0.0942376 0.0500272 0.0442104 0.00193804 2.86552e-05 4.26991e-08 1.21535e-05 0 12.56863212585449 9.177586555480957 25.00873374938965
1.00151 1.00006 0.640591 0.0941998 0.0500193 0.0441806 0.00187603 2.85134e-05 5.27286e-08 7.76457e-06 0 12.56863212585449 9.181635856628418 25.0114803314209
1.0015 1.00007 0.640597 0.0941681 0.0500171 0.044151 0.00182746 2.84031e-05 6.06472e-08 8.30222e-06 0 12.56864929199219 9.185675621032715 25.01357078552246
1.0015 1.00007 0.6406 0.0941392 0.0500175 0.0441216 0.00178789 2.83369e-05 6.32774e-08 6.65889e-06 0 12.56859016418457 9.189691543579102 25.00960922241211
1.0015 1.00007 0.6406 0.0941121 0.0500199 0.0440922 0.00175474 2.83431e-05 6.37579e-08 1.02396e-05 0 12.56855964660645 9.193642616271973 25.00851440429688
1.00147 1.00005 0.640624 0.0940886 0.050031 0.0440575 0.00212444 2.69863e-05 3.59603e-08 7.45899e-06 0 12.56852531433105 9.197572708129883 25.00874900817871
1.00147 1.00009 0.640638 0.094047 0.050019 0.044028 0.00203119 2.72678e-05 9.95435e-08 1.56832e-05 0 12.56851959228516 9.201507568359375 25.00993728637695
1.00147 1.00009 0.640642 0.0940205 0.0500213 0.0439992 0.00196136 2.7144e-05 9.98201e-08 8.79694e-06 0 12.56807422637939 9.20634937286377 25.01551628112793
1.00147 1.00008 0.640637 0.0939893 0.0500193 0.04397 0.00192213 2.72452e-05 9.21208e-08 1.34171e-05 0 12.56817626953125 9.210243225097656 25.00949478149414
1.00148 1.00007 0.640624 0.0939636 0.0500238 0.0439399 0.00188266 2.7471e-05 6.89932e-08 1.40905e-05 0 12.56813716888428 9.214123725891113 25.01069450378418
1.00148 1.00007 0.640618 0.0939431 0.0500325 0.0439106 0.00188106 2.76616e-05 6.54095e-08 9.80766e-06 0 12.56817245483398 9.217984199523926 25.00967216491699
1.00147 1.00006 0.640623 0.0938927 0.0500131 0.0438796 0.00193824 2.72365e-05 5.04463e-08 1.81438e-05 0 12.5682373046875 9.221994400024414 25.01187515258789
1.00148 1.00008 0.64063 0.0938666 0.0500155 0.0438512 0.00187688 2.74654e-05 8.77292e-08 1.5622e-05 0 12.56829833984375 9.225871086120605 25.01625442504883
1.00148 1.00008 0.640633 0.0938422 0.0500188 0.0438234 0.00183332 2.73726e-05 9.05303e-08 8.64426e-06 0 12.56817245483398 9.230086326599121 25.00655746459961
1.00148 1.00008 0.64063 0.0938149 0.0500196 0.0437953 0.00179985 2.74281e-05 8.46526e-08 1.13022e-05 0 12.5682373046875 9.233853340148926 25.00773048400879
1.00148 1.00008 0.640628 0.0937803 0.0500145 0.0437658 0.00179265 2.74141e-05 7.74233e-08 5.41736e-06 0 12.56820869445801 9.237591743469238 25.00936508178711
1.00148 1.00008 0.640627 0.0937489 0.0500116 0.0437373 0.00175381 2.75101e-05 8.0822e-08 8.43647e-06 0 12.56822681427002 9.241338729858398 25.00980186462402
1.00148 1.00008 0.640626 0.0937192 0.0500104 0.0437088 0.00172513 2.75256e-05 8.19421e-08 6.10775e-06 0 12.5682201385498 9.245288848876953 25.00726890563965
1.00148 1.00008 0.640625 0.093686 0.0500057 0.0436803 0.00169833 2.75568e-05 8.09806e-08 9.13118e-06 0 12.56824588775635 9.249104499816895 25.00581359863281
1.00148 1.00008 0.640623 0.0936613 0.05001 0.0436513 0.00170119 2.7594e-05 7.70274e-08 5.01063e-05 0 12.56825351715088 9.252926826477051 25.00520515441895
1.00148 1.00008 0.640625 0.0936297 0.0500078 0.0436219 0.00168012 2.75904e-05 8.31078e-08 1.53013e-05 0 12.56825542449951 9.25673770904541 25.00282096862793
1.00148 1.00008 0.640627 0.0936099 0.0500169 0.0435931 0.00166929 2.75372e-05 8.34945e-08 5.93004e-06 0 12.56828498840332 9.260617256164551 25.00503158569336
1.00148 1.00008 0.640629 0.0935759 0.0500116 0.0435643 0.00165043 2.7496e-05 8.69125e-08 1.09676e-05 0 12.568284034729 9.264565467834473 25.00390243530273
1.00148 1.00008 0.64063 0.0935542 0.0500183 0.0435359 0.0016406 2.74427e-05 8.5013e-08 1.15192e-05 0 12.56827735900879 9.26844596862793 25.0084285736084
1.00148 1.00008 0.640632 0.0935181 0.0500107 0.0435075 0.00163083 2.74163e-05 8.94809e-08 1.73546e-05 0 12.56825733184814 9.272315979003906 25.00581932067871
1.00148 1.00008 0.640633 0.0934878 0.0500087 0.0434791 0.00161897 2.73507e-05 9.01648e-08 4.22388e-05 0 12.56824779510498 9.276130676269531 25.00918197631836
1.00148 1.00008 0.640633 0.0934571 0.0500065 0.0434506 0.00162538 2.73069e-05 8.46569e-08 1.05534e-05 0 12.56824111938477 9.279951095581055 25.00533676147461
1.00147 1.00008 0.640634 0.0934275 0.0500054 0.0434221 0.00161004 2.72849e-05 8.59588e-08 3.33717e-06 0 12.56820774078369 9.28376293182373 25.00435638427734
1.00147 1.00008 0.640634 0.0934002 0.0500066 0.0433937 0.00159657 2.72882e-05 8.74889e-08 4.50992e-06 0 12.56819915771484 9.287620544433594 25.00327110290527
1.00142 1.00005 0.640668 0.0933657 0.050007 0.0433587 0.00180511 2.5286e-05 3.42033e-08 5.46561e-06 0 12.56819725036621 9.291452407836914 25.00271797180176
1.0014 1.00009 0.640714 0.0933329 0.0500057 0.0433272 0.00182971 2.46235e-05 1.19598e-07 5.23532e-06 0 12.5681848526001 9.295278549194336 25.00326538085938
1.00141 1.00014 0.640732 0.0933046 0.0500037 0.0433009 0.00177954 2.49745e-05 2.52509e-07 2.77699e-06 0 12.56748580932617 9.300305366516113 25.00348281860352
1.00141 1.00012 0.640718 0.0932856 0.0500091 0.0432766 0.00181125 2.50295e-05 1.8542e-07 8.57486e-06 0 12.56724166870117 9.304662704467773 25.00284576416016
1.00142 1.0001 0.640699 0.0932563 0.0500061 0.0432502 0.00176915 2.53646e-05 1.40145e-07 2.17429e-05 0 12.56736850738525 9.308144569396973 25.00185966491699
1.00143 1.00009 0.64068 0.0932249 0.0500017 0.0432232 0.00173531 2.5818e-05 1.13944e-07 3.43493e-06 0 12.56742095947266 9.311407089233398 25.00452995300293
1.00144 1.00009 0.640669 0.0931981 0.0500021 0.043196 0.00170785 2.6154e-05 1.03677e-07 1.38705e-05 0 12.56754302978516 9.314892768859863 25.0030517578125
1.00145 1.00009 0.640665 0.0931682 0.0499998 0.0431684 0.00171431 2.62786e-05 1.04284e-07 1.37773e-05 0 12.56769752502441 9.31847095489502 25.00083541870117
1.00145 1.0001 0.640672 0.0931453 0.050004 0.0431413 0.00168025 2.6231e-05 1.24788e-07 1.80698e-06 0 12.56779861450195 9.322070121765137 25.00102615356445
1.00144 1.0001 0.640678 0.0931128 0.049998 0.0431148 0.00165802 2.61356e-05 1.37249e-07 1.84708e-06 0 12.56783580780029 9.325778961181641 24.99989128112793
1.00144 1.0001 0.64068 0.0930854 0.0499971 0.0430883 0.0016376 2.60888e-05 1.42637e-07 2.03596e-06 0 12.56783580780029 9.329449653625488 25.00197792053223
1.00144 1.0001 0.64068 0.0930632 0.0500016 0.0430616 0.00161865 2.6054e-05 1.39037e-07 1.51577e-06 0 12.56779479980469 9.333042144775391 24.99902534484863
1.00144 1.0001 0.640679 0.093031 0.0499963 0.0430347 0.0017023 2.60747e-05 1.35233e-07 5.10858e-06 0 12.56777191162109 9.336617469787598 24.9985237121582
1.00144 1.0001 0.640678 0.0930081 0.0500007 0.0430074 0.00169055 2.59737e-05 1.22252e-07 9.75583e-06 0 12.5677490234375 9.340236663818359 25.00080490112305
1.00144 1.0001 0.640684 0.0929812 0.0500007 0.0429806 0.00166492 2.59545e-05 1.44797e-07 1.9898e-06 0 12.56774997711182 9.343866348266602 24.99814414978027
1.00144 1.0001 0.640686 0.0929494 0.0499958 0.0429536 0.00173763 2.58439e-05 1.41742e-07 3.57314e-06 0 12.56771183013916 9.347561836242676 25.00033569335938
1.00142 1.00011 0.640699 0.0929217 0.049996 0.0429257 0.00168128 2.54293e-05 1.50202e-07 2.38959e-06 0 12.56771945953369 9.351198196411133 25.00033187866211
1.00141 1.00009 0.640703 0.0929046 0.0500037 0.0429009 0.00174111 2.50148e-05 1.20084e-07 5.89615e-06 0 12.56767272949219 9.354874610900879 24.99790573120117
1.0014 1.00013 0.640738 0.0928685 0.0499957 0.0428728 0.00169142 2.45511e-05 2.21899e-07 2.23786e-06 0 12.56752395629883 9.358713150024414 24.9980297088623
1.0014 1.00012 0.640731 0.0928417 0.0499935 0.0428482 0.00165737 2.4707e-05 2.07615e-07 2.02204e-06 0 12.56740188598633 9.362127304077148 25.00189781188965
1.00141 1.00011 0.640711 0.0928195 0.049998 0.0428215 0.00164284 2.50131e-05 1.52884e-07 4.31e-06 0 12.56721591949463 9.36600399017334 24.99783897399902
1.00142 1.00009 0.640691 0.0927874 0.0499932 0.0427942 0.00162016 2.54712e-05 1.18123e-07 4.46183e-06 0 12.56728267669678 9.369309425354004 24.99674987792969
1.00143 1.00009 0.640679 0.0927577 0.0499911 0.0427666 0.00162914 2.57742e-05 1.03924e-07 7.87321e-06 0 12.56739330291748 9.372883796691895 24.99898910522461
1.00143 1.00008 0.640679 0.0927377 0.0499985 0.0427391 0.0017919 2.54879e-05 7.92421e-08 5.65706e-06 0 12.56757068634033 9.376523017883301 24.99662780761719
1.00142 1.00011 0.640705 0.0927099 0.0499993 0.0427106 0.00173471 2.52538e-05 1.54685e-07 2.99189e-06 0 12.56767082214355 9.380182266235352 24.99555969238281
1.00141 1.00011 0.640718 0.0926798 0.0499952 0.0426845 0.00169902 2.49603e-05 1.76465e-07 5.80594e-06 0 12.56756210327148 9.383980751037598 24.9992790222168
1.00141 1.00011 0.640721 0.0926481 0.0499901 0.042658 0.00166861 2.48323e-05 1.76835e-07 7.74673e-06 0 12.56747817993164 9.387857437133789 24.99962043762207
1.00141 1.00011 0.640716 0.09262 0.0499889 0.0426311 0.0016486 2.48927e-05 1.61219e-07 4.98694e-06 0 12.56737995147705 9.391453742980957 24.99761581420898
1.00141 1.0001 0.640708 0.0925902 0.0499867 0.0426035 0.00168455 2.50386e-05 1.41564e-07 1.90963e-06 0 12.56732940673828 9.395071029663086 24.99504661560059
1.00142 1.0001 0.640704 0.0925624 0.049986 0.0425764 0.00165587 2.51812e-05 1.41751e-07 1.46726e-06 0 12.56734752655029 9.398717880249023 24.99448394775391
1.00142 1.0001 0.6407 0.0925365 0.0499878 0.0425486 0.00167918 2.52418e-05 1.32873e-07 4.31289e-06 0 12.56740283966064 9.402446746826172 24.99333763122559
1.00142 1.00011 0.640708 0.0925067 0.049985 0.0425216 0.00164767 2.51523e-05 1.54761e-07 1.23018e-05 0 12.56746101379395 9.406095504760742 24.99298477172852
1.00141 1.00011 0.640715 0.0924816 0.0499867 0.0424949 0.00162186 2.50009e-05 1.70074e-07 2.42434e-06 0 12.56748676300049 9.409857749938965 24.99391937255859
1.00141 1.00011 0.64072 0.0924527 0.0499845 0.0424682 0.00160016 2.48891e-05 1.75734e-07 4.45282e-06 0 12.56745624542236 9.413525581359863 24.99252319335938
1.00141 1.00011 0.64072 0.0924257 0.0499841 0.0424415 0.0015814 2.48413e-05 1.74073e-07 5.74577e-06 0 12.56737899780273 9.417195320129395 24.99336433410645
1.00141 1.00011 0.64072 0.0923997 0.049985 0.0424147 0.00157431 2.4843e-05 1.70672e-07 4.5325e-06 0 12.56735324859619 9.420853614807129 24.99225044250488
1.00141 1.00011 0.640719 0.0923711 0.0499833 0.0423878 0.00155835 2.48553e-05 1.68173e-07 2.27598e-06 0 12.56733131408691 9.424473762512207 24.99207305908203
1.00141 1.00011 0.640717 0.0923471 0.0499863 0.0423608 0.00154398 2.48947e-05 1.66634e-07 6.29183e-06 0 12.56733798980713 9.428140640258789 24.99252700805664
1.00141 1.00011 0.640716 0.0923199 0.0499867 0.0423332 0.00159043 2.49044e-05 1.59868e-07 8.0203e-06 0 12.56732559204102 9.431804656982422 24.99166488647461
1.00141 1.00011 0.64072 0.0922902 0.0499841 0.0423061 0.00156772 2.48645e-05 1.737e-07 1.20021e-05 0 12.56734943389893 9.435451507568359 24.99313163757324
1.00141 1.00012 0.640723 0.0922717 0.0499925 0.0422793 0.001549 2.47981e-05 1.79942e-07 1.5649e-05 0 12.56733512878418 9.439206123352051 24.99336814880371
1.0014 1.00012 0.640725 0.0922363 0.0499839 0.0422524 0.0015335 2.47357e-05 1.80096e-07 4.9415e-06 0 12.56731986999512 9.442915916442871 24.99202537536621
1.0014 1.00012 0.640727 0.0922127 0.0499871 0.0422256 0.00151989 2.46758e-05 1.83326e-07 6.13808e-06 0 12.56729602813721 9.446581840515137 24.9962215423584
1.0014 1.00012 0.640728 0.092184 0.0499851 0.0421989 0.00150779 2.46355e-05 1.83369e-07 3.62902e-06 0 12.56727409362793 9.450254440307617 24.99197578430176
1.0014 1.00012 0.640728 0.0921545 0.0499825 0.0421721 0.00149686 2.46154e-05 1.82674e-07 1.6925e-06 0 12.56724643707275 9.453907012939453 24.99352073669434
1.0014 1.00012 0.640729 0.092126 0.0499807 0.0421454 0.00148679 2.45904e-05 1.83197e-07 2.01864e-06 0 12.56724643707275 9.457575798034668 24.99257469177246
1.0014 1.00012 0.640731 0.0921011 0.0499824 0.0421187 0.00147754 2.45618e-05 1.85947e-07 2.55428e-06 0 12.56723880767822 9.461234092712402 24.99124717712402
1.0014 1.00012 0.640731 0.0920693 0.0499776 0.0420917 0.0014678 2.45365e-05 1.82944e-07 6.01111e-06 0 12.56722545623779 9.464879989624023 24.99030494689941
1.0014 1.00012 0.640731 0.0920441 0.0499797 0.0420644 0.0015222 2.44972e-05 1.81232e-07 5.84137e-06 0 12.56721591949463 9.468531608581543 24.99120140075684
1.00139 1.00011 0.640737 0.0920149 0.0499788 0.0420361 0.00177722 2.41676e-05 1.62978e-07 6.07067e-06 0 12.56722354888916 9.472224235534668 24.98877906799316
1.00138 1.00012 0.640749 0.0919961 0.049987 0.0420091 0.00172528 2.40457e-05 2.0751e-07 1.45675e-05 0 12.56719493865967 9.475956916809082 24.98983955383301
1.00138 1.00013 0.640754 0.0919602 0.0499775 0.0419827 0.00168781 2.3924e-05 2.15121e-07 1.13376e-05 0 12.56708526611328 9.479880332946777 24.98941230773926
1.00138 1.00013 0.640753 0.0919356 0.0499791 0.0419565 0.00164527 2.38992e-05 2.09878e-07 6.46642e-06 0 12.56704235076904 9.483592987060547 24.99353218078613
1.00139 1.00013 0.640741 0.0919137 0.0499843 0.0419294 0.0017716 2.44127e-05 2.16184e-07 6.6194e-06 0 12.56700038909912 9.487212181091309 24.98871612548828
1.00137 1.0001 0.640747 0.0918839 0.0499838 0.0419001 0.00177441 2.34638e-05 1.23735e-07 3.37014e-06 0 12.56697463989258 9.490811347961426 24.98953437805176
1.00137 1.00013 0.640764 0.0918494 0.0499765 0.0418729 0.00171873 2.36114e-05 2.21033e-07 5.86172e-06 0 12.56717109680176 9.494441032409668 24.99213409423828
1.00137 1.00013 0.640764 0.0918227 0.0499747 0.041848 0.00168125 2.36224e-05 2.26295e-07 4.79411e-06 0 12.56682682037354 9.498598098754883 24.99190711975098
1.00138 1.00012 0.640757 0.0918002 0.0499774 0.0418228 0.00165264 2.3747e-05 2.08357e-07 1.53416e-06 0 12.56687831878662 9.502288818359375 24.98822212219238
1.00138 1.00012 0.640749 0.0917703 0.0499731 0.0417972 0.00162803 2.39132e-05 1.89859e-07 9.3127e-06 0 12.56688594818115 9.50571346282959 24.98737144470215
1.00138 1.00012 0.640745 0.0917598 0.0499884 0.0417714 0.00160836 2.40245e-05 1.82047e-07 2.33729e-05 0 12.56694316864014 9.509146690368652 24.98867225646973
1.00139 1.00012 0.640742 0.091741 0.0499955 0.0417455 0.0016168 2.41039e-05 1.78776e-07 1.09246e-05 0 12.56699180603027 9.512630462646484 24.9865837097168
1.00138 1.00012 0.640747 0.0917013 0.0499814 0.0417198 0.0016304 2.39667e-05 1.84951e-07 2.0847e-05 0 12.56701850891113 9.51612663269043 24.99418640136719
1.00138 1.00012 0.640756 0.0916667 0.0499723 0.0416943 0.00160514 2.37948e-05 2.0812e-07 2.79541e-05 0 12.56704998016357 9.519682884216309 24.99775505065918
1.00137 1.00013 0.640763 0.0916508 0.0499818 0.041669 0.00158298 2.36404e-05 2.20525e-07 6.73374e-06 0 12.56699752807617 9.523221015930176 24.99072456359863
1.00137 1.00013 0.640766 0.0916252 0.0499817 0.0416435 0.00157801 2.35191e-05 2.18326e-07 2.70783e-05 0 12.56695175170898 9.526754379272461 24.98615264892578
1.00137 1.00012 0.640765 0.0916043 0.0499865 0.0416178 0.00179702 2.34274e-05 2.00572e-07 4.00393e-05 0 12.5669002532959 9.53026008605957 24.99087905883789
1.00134 1.00012 0.640785 0.0915801 0.0499875 0.0415926 0.00173024 2.25832e-05 1.81001e-07 1.66379e-05 0 12.56686687469482 9.533779144287109 24.9908504486084
1.00134 1.00013 0.640801 0.0915473 0.0499806 0.0415666 0.00184933 2.23867e-05 2.37e-07 2.16914e-05 0 12.56682682037354 9.537327766418457 24.99324035644531
1.00132 1.00014 0.640823 0.0915226 0.0499803 0.0415423 0.00176402 2.17693e-05 2.60154e-07 1.51176e-05 0 12.56649971008301 9.540938377380371 24.99371719360352
1.00132 1.00014 0.640819 0.0915054 0.0499877 0.0415176 0.00170674 2.1969e-05 2.69466e-07 8.5848e-06 0 12.56642246246338 9.544530868530273 24.99030113220215
1.00133 1.00013 0.640802 0.0914672 0.0499746 0.0414926 0.00167139 2.23063e-05 2.27292e-07 1.4863e-05 0 12.56619167327881 9.547989845275879 24.99020957946777
1.00135 1.00012 0.64078 0.0914366 0.0499696 0.041467 0.00163345 2.27562e-05 1.83608e-07 1.36627e-05 0 12.5662727355957 9.551345825195312 24.9938907623291
