A/A0 V/V0 Vr eb eb_bend eb_ad ea ega ev ek ee
1 1.00032 0.642203 0.111098 0.0495561 0.0615419 0.000329511 0 1.33674e-06 7.56699e-10 0
1.00062 1.00164 0.642458 0.110859 0.0495298 0.0613289 0.000318535 4.76944e-06 3.60606e-05 1.35708e-05 0
1.00069 1.00152 0.642313 0.110719 0.0495325 0.061187 0.000306607 5.99216e-06 3.1199e-05 2.81799e-05 0
1.00082 1.00133 0.642064 0.110583 0.04954 0.0610432 0.000305248 8.39266e-06 2.35951e-05 4.62993e-05 0
1.00099 1.00112 0.641769 0.110447 0.0495496 0.0608977 0.000365039 1.22669e-05 1.69188e-05 6.34378e-05 0
1.00117 1.00094 0.641472 0.110307 0.0495553 0.0607522 0.000363453 1.73257e-05 1.18384e-05 6.16523e-05 0
1.00135 1.00078 0.641199 0.110178 0.0495675 0.06061 0.000366321 2.30364e-05 8.20913e-06 5.20589e-05 0
1.00151 1.00066 0.64097 0.110049 0.0495761 0.0604728 0.000375249 2.87215e-05 5.88488e-06 3.99251e-05 0
1.00164 1.00058 0.640798 0.109922 0.0495803 0.0603421 0.000382097 3.36737e-05 4.5414e-06 3.66407e-05 0
1.00173 1.00054 0.640689 0.109796 0.0495774 0.0602184 0.000391604 3.73674e-05 3.93796e-06 1.50238e-05 0
1.00177 1.00053 0.640636 0.109683 0.0495814 0.060102 0.000401897 3.95255e-05 3.808e-06 1.11762e-05 0
1.00179 1.00055 0.640629 0.109567 0.0495757 0.0599915 0.000407898 4.02869e-05 4.01275e-06 8.11686e-06 0
1.00178 1.00058 0.640659 0.109463 0.0495759 0.0598874 0.00041152 3.98094e-05 4.48475e-06 5.70482e-06 0
1.00175 1.00061 0.640708 0.109361 0.0495733 0.0597877 0.000413779 3.85603e-05 5.05056e-06 7.89198e-06 0
1.00172 1.00065 0.640768 0.109262 0.0495711 0.0596913 0.000414123 3.69299e-05 5.67216e-06 1.10581e-05 0
1.00168 1.00068 0.640822 0.109163 0.049569 0.0595942 0.00041602 3.52934e-05 6.15994e-06 1.02867e-05 0
1.00164 1.0007 0.640867 0.109069 0.0495686 0.0595003 0.000421616 3.38476e-05 6.48362e-06 9.43527e-06 0
1.00162 1.0007 0.640896 0.108982 0.0495766 0.0594051 0.000434876 3.27861e-05 6.60311e-06 8.14501e-06 0
1.0016 1.0007 0.640911 0.108883 0.0495718 0.0593113 0.000431729 3.21432e-05 6.58755e-06 1.31734e-05 0
1.00159 1.00069 0.640907 0.108796 0.0495791 0.0592174 0.000430612 3.19189e-05 6.33864e-06 9.16899e-06 0
1.0016 1.00066 0.640887 0.108703 0.0495799 0.0591228 0.000442609 3.21119e-05 5.89774e-06 8.54545e-06 0
1.00161 1.00063 0.640852 0.108613 0.0495858 0.059027 0.000447863 3.27089e-05 5.33483e-06 9.46587e-06 0
1.00164 1.0006 0.640811 0.108519 0.0495875 0.0589314 0.000448799 3.3613e-05 4.82522e-06 6.92932e-06 0
1.00166 1.00056 0.640761 0.108422 0.0495918 0.0588304 0.000461295 3.47658e-05 4.25764e-06 7.93275e-06 0
1.00169 1.00053 0.640714 0.108328 0.049593 0.0587355 0.00046405 3.59337e-05 3.79523e-06 8.10818e-06 0
1.00172 1.0005 0.640669 0.108237 0.0495961 0.0586412 0.000467973 3.71117e-05 3.37514e-06 7.18562e-06 0
1.00175 1.00047 0.640626 0.108148 0.0496006 0.0585478 0.000473027 3.82476e-05 3.0196e-06 4.59077e-06 0
1.00177 1.00045 0.640588 0.108058 0.0496025 0.0584555 0.000478569 3.92929e-05 2.72585e-06 6.32192e-06 0
1.00179 1.00043 0.640556 0.107969 0.0496048 0.0583642 0.00048445 4.02032e-05 2.48923e-06 8.62513e-06 0
1.00181 1.00041 0.640529 0.107885 0.0496114 0.0582741 0.000490352 4.0972e-05 2.29545e-06 4.48397e-06 0
1.00182 1.00039 0.640502 0.107804 0.049622 0.0581817 0.000497832 4.16382e-05 2.08628e-06 5.16796e-06 0
1.00183 1.00039 0.640485 0.107714 0.0496203 0.0580935 0.000502951 4.21844e-05 1.99281e-06 1.51469e-05 0
1.00184 1.00037 0.640467 0.10763 0.0496273 0.0580027 0.000545111 4.26674e-05 1.86982e-06 1.37318e-05 0
1.00185 1.00036 0.640451 0.107541 0.0496293 0.0579112 0.000651175 4.29898e-05 1.72744e-06 1.40365e-05 0
1.00186 1.00035 0.640441 0.107457 0.0496325 0.0578242 0.000635691 4.32411e-05 1.64955e-06 7.04828e-06 0
1.00186 1.00034 0.64043 0.10738 0.0496417 0.0577385 0.00062233 4.34901e-05 1.56244e-06 5.70319e-06 0
1.00187 1.00033 0.640418 0.107292 0.0496379 0.0576537 0.000617429 4.37589e-05 1.46552e-06 8.57639e-06 0
1.00187 1.00031 0.640401 0.107202 0.0496371 0.0575645 0.000675389 4.4051e-05 1.31971e-06 9.67249e-06 0
1.00188 1.0003 0.640387 0.107126 0.0496452 0.0574804 0.000663169 4.44173e-05 1.23202e-06 1.11055e-05 0
1.00189 1.00029 0.640372 0.107041 0.0496432 0.0573976 0.000650658 4.47715e-05 1.14066e-06 1.17754e-05 0
1.0019 1.00028 0.640353 0.106958 0.0496451 0.0573132 0.000670209 4.52305e-05 1.02797e-06 1.38411e-05 0
1.00191 1.00026 0.640334 0.106882 0.0496551 0.057227 0.000681201 4.57033e-05 9.14894e-07 1.75626e-05 0
1.00192 1.00025 0.640321 0.10681 0.0496631 0.0571468 0.000675631 4.61073e-05 8.58714e-07 7.93034e-06 0
1.00192 1.00023 0.640302 0.106721 0.0496614 0.05706 0.000840785 4.63103e-05 7.10962e-07 7.53963e-06 0
1.00193 1.00023 0.640295 0.106648 0.0496687 0.056979 0.000804645 4.65224e-05 6.81866e-07 5.52446e-06 0
1.00193 1.00022 0.640288 0.106573 0.0496726 0.0569 0.000777224 4.67303e-05 6.61752e-07 7.69323e-06 0
1.00193 1.00021 0.640276 0.106493 0.0496715 0.0568215 0.000763902 4.69774e-05 5.93446e-07 1.10275e-05 0
1.00194 1.0002 0.640261 0.106416 0.0496716 0.0567442 0.000764723 4.73822e-05 5.37335e-07 1.40248e-05 0
1.00195 1.00019 0.640246 0.106346 0.0496786 0.0566676 0.000751967 4.77917e-05 4.76501e-07 9.28814e-06 0
1.00196 1.00018 0.640228 0.106279 0.0496871 0.0565917 0.000754273 4.82623e-05 4.11856e-07 7.8423e-06 0
1.00197 1.00015 0.640205 0.106202 0.0496893 0.0565127 0.000747447 4.87646e-05 3.20102e-07 6.89608e-06 0
1.00198 1.00015 0.640188 0.106124 0.0496886 0.0564355 0.000749481 4.93609e-05 2.85814e-07 6.4875e-06 0
1.00199 1.00014 0.640173 0.106054 0.0496937 0.0563607 0.000744669 4.98022e-05 2.46123e-07 7.85977e-06 0
1.002 1.00012 0.640157 0.10599 0.0497037 0.0562865 0.0007424 5.02543e-05 2.077e-07 9.21072e-06 0
1.00201 1.0001 0.640137 0.105907 0.0497025 0.0562046 0.000929536 5.04666e-05 1.32547e-07 7.11389e-06 0
1.00201 1.0001 0.640131 0.105831 0.0497026 0.0561285 0.000890761 5.0786e-05 1.32725e-07 1.24066e-05 0
1.00202 1.00009 0.640122 0.105763 0.0497109 0.0560524 0.000895338 5.1082e-05 1.16136e-07 5.5636e-06 0
1.00202 1.00009 0.640114 0.105695 0.0497158 0.0559796 0.000879247 5.13267e-05 1.05534e-07 4.73299e-06 0
1.00203 1.00008 0.640105 0.105634 0.0497258 0.0559078 0.000852244 5.16242e-05 9.44334e-08 1.1465e-05 0
1.00203 1.00007 0.640093 0.105557 0.0497212 0.0558357 0.000914922 5.18732e-05 6.96729e-08 8.10848e-06 0
1.00204 1.00005 0.640077 0.10548 0.0497242 0.0557554 0.000897073 5.20782e-05 3.81742e-08 9.80462e-06 0
1.00204 1.00005 0.640069 0.105411 0.0497319 0.0556796 0.000877829 5.23287e-05 3.12969e-08 1.02661e-05 0
1.00205 1.00005 0.640063 0.105348 0.0497398 0.0556078 0.000858631 5.26337e-05 3.06287e-08 5.22697e-06 0
1.00205 1.00004 0.640057 0.105277 0.0497395 0.0555374 0.000843681 5.28203e-05 2.47901e-08 7.73534e-06 0
1.00206 1.00003 0.640046 0.105205 0.0497385 0.0554668 0.00088458 5.30885e-05 1.55558e-08 1.23206e-05 0
1.00206 1.00003 0.640037 0.105144 0.0497469 0.0553974 0.000886884 5.33153e-05 8.73681e-09 1.10931e-05 0
1.00207 1.00002 0.640028 0.105078 0.0497518 0.0553264 0.00087073 5.36154e-05 6.21384e-09 6.12026e-06 0
1.00207 1.00002 0.640024 0.10501 0.0497519 0.0552584 0.000867461 5.37211e-05 4.41489e-09 7.13211e-06 0
1.00207 1.00001 0.640021 0.104947 0.0497564 0.055191 0.000856785 5.37927e-05 2.91693e-09 9.89474e-06 0
1.00207 1.00001 0.640017 0.104887 0.0497624 0.0551242 0.00084868 5.38709e-05 1.82289e-09 9.73071e-06 0
1.00207 1 0.64001 0.104824 0.04977 0.0550536 0.00100627 5.38792e-05 1.13063e-14 8.48151e-06 0
1.00207 0.999999 0.64001 0.104758 0.0497725 0.054985 0.000972878 5.38566e-05 3.58698e-12 4.14331e-06 0
1.00207 0.999998 0.640009 0.104691 0.0497726 0.0549181 0.00097023 5.38327e-05 6.8584e-11 1.13258e-05 0
1.00207 0.999997 0.640009 0.104625 0.0497725 0.0548523 0.000947914 5.38171e-05 1.48314e-10 8.54605e-06 0
1.00207 0.999994 0.640007 0.104562 0.0497741 0.0547874 0.000931011 5.38406e-05 4.68954e-10 9.76165e-06 0
1.00207 0.999986 0.64 0.104502 0.0497826 0.0547192 0.000994713 5.39214e-05 2.70396e-09 7.01814e-06 0
1.00208 0.999983 0.639995 0.104438 0.0497858 0.0546522 0.00096435 5.40949e-05 3.91102e-09 6.42609e-06 0
1.00208 0.999977 0.639989 0.104372 0.0497846 0.0545876 0.000940797 5.42125e-05 6.84782e-09 8.00139e-06 0
1.00208 0.999962 0.639976 0.10431 0.0497898 0.0545206 0.000976658 5.44095e-05 1.92207e-08 6.40369e-06 0
1.00208 0.999955 0.639969 0.104246 0.0497958 0.0544505 0.00113674 5.45029e-05 2.74797e-08 1.38332e-05 0
1.00208 0.999955 0.639972 0.104183 0.0498004 0.0543827 0.00111014 5.44128e-05 2.65897e-08 1.28922e-05 0
1.00208 0.999961 0.639978 0.104123 0.0498057 0.0543177 0.00106146 5.42504e-05 2.08065e-08 7.33015e-06 0
1.00208 0.999962 0.63998 0.104066 0.0498144 0.0542516 0.00102627 5.41726e-05 1.915e-08 1.26218e-05 0
1.00208 0.999963 0.639983 0.104002 0.0498122 0.0541894 0.000998966 5.40472e-05 1.79636e-08 7.49127e-06 0
1.00207 0.999963 0.639985 0.103941 0.0498132 0.054128 0.000979209 5.39451e-05 1.88253e-08 9.34009e-06 0
1.00207 0.999958 0.639982 0.103894 0.0498295 0.0540642 0.000995973 5.39227e-05 2.31493e-08 9.75207e-06 0
