A/A0 V/V0 Vr eb eb_bend eb_ad ea ega ev ek ee  h0 h1 h2
1 1.00032 0.642203 0.111098 0.0495561 0.0615419 0.000329511 0 1.33674e-06 4.72937e-09 0 12.54967498779297 7.076537132263184 24.77803230285645
1.00075 1.00143 0.642197 0.110657 0.0495414 0.0611158 0.000309882 6.99436e-06 2.73626e-05 6.41452e-05 0 12.55164527893066 7.080473899841309 24.7700138092041
1.00118 1.00094 0.641472 0.110315 0.0495634 0.0607521 0.000362355 1.73445e-05 1.18601e-05 7.10991e-05 0 12.55436038970947 7.085174560546875 24.76418876647949
1.00158 1.00062 0.640875 0.109989 0.0495829 0.0604063 0.000383437 3.13567e-05 5.08389e-06 4.09403e-05 0 12.55904197692871 7.119566917419434 24.77069854736328
1.00178 1.00053 0.640635 0.109683 0.0495812 0.0601017 0.000400083 3.95689e-05 3.80483e-06 1.63428e-05 0 12.56441879272461 7.157878398895264 24.78168296813965
1.00177 1.0006 0.640682 0.109413 0.0495757 0.0598371 0.000412796 3.92579e-05 4.77467e-06 7.9355e-06 0 12.569504737854 7.194465637207031 24.79144668579102
1.00168 1.00068 0.640823 0.109164 0.0495694 0.0595942 0.000416109 3.5271e-05 6.16514e-06 1.7984e-05 0 12.57196426391602 7.227903842926025 24.79058074951172
1.00161 1.0007 0.640906 0.108931 0.0495729 0.0593582 0.000433251 3.23998e-05 6.64295e-06 1.1763e-05 0 12.57186985015869 7.258249282836914 24.78784561157227
1.0016 1.00066 0.640888 0.108715 0.0495926 0.0591227 0.000442882 3.2126e-05 5.92202e-06 1.56213e-05 0 12.57070350646973 7.286740779876709 24.78470802307129
1.00165 1.00057 0.640783 0.108472 0.0495937 0.0588782 0.000460813 3.41373e-05 4.43429e-06 2.06667e-05 0 12.56985092163086 7.31434440612793 24.78641510009766
1.00172 1.0005 0.640668 0.108245 0.0496043 0.0586411 0.000468224 3.71326e-05 3.37742e-06 2.28675e-05 0 12.569748878479 7.34149169921875 24.7962589263916
1.00178 1.00044 0.640571 0.108029 0.049619 0.0584097 0.000481419 3.97757e-05 2.5968e-06 1.93706e-05 0 12.57037162780762 7.369376659393311 24.79683113098145
1.00182 1.0004 0.640503 0.107807 0.0496254 0.0581816 0.000498991 4.16831e-05 2.11002e-06 3.19903e-05 0 12.57125854492188 7.396315097808838 24.80210494995117
1.00185 1.00036 0.640455 0.107593 0.0496367 0.057956 0.000664348 4.28243e-05 1.73589e-06 5.75768e-05 0 12.5720272064209 7.422735691070557 24.80949783325195
1.00186 1.00034 0.64043 0.107382 0.0496441 0.0577383 0.000625111 4.3503e-05 1.56412e-06 1.88062e-05 0 12.57254695892334 7.448919296264648 24.81269264221191
1.00188 1.00031 0.640394 0.107173 0.0496504 0.0575222 0.000667773 4.42108e-05 1.27643e-06 3.24973e-05 0 12.57283592224121 7.474987506866455 24.8183422088623
1.0019 1.00028 0.640353 0.106979 0.0496664 0.0573131 0.000670754 4.52569e-05 1.03046e-06 2.78226e-05 0 12.5730504989624 7.500256538391113 24.82204437255859
1.00192 1.00024 0.64031 0.106776 0.0496709 0.0571048 0.000820432 4.62581e-05 7.77992e-07 4.01054e-05 0 12.57322978973389 7.525394916534424 24.82521820068359
1.00193 1.00022 0.640288 0.106589 0.0496895 0.0568999 0.000779756 4.67503e-05 6.59927e-07 2.02022e-05 0 12.57352256774902 7.549714088439941 24.83319091796875
1.00195 1.00019 0.640254 0.106388 0.049682 0.0567058 0.000758701 4.75626e-05 5.06769e-07 3.30653e-05 0 12.57375907897949 7.573984146118164 24.83548355102539
1.00197 1.00016 0.640205 0.106218 0.0497055 0.0565125 0.000748541 4.87976e-05 3.24429e-07 1.5066e-05 0 12.57389259338379 7.597981452941895 24.84471321105957
1.002 1.00013 0.640165 0.106029 0.0497054 0.0563235 0.000743576 5.00177e-05 2.24321e-07 2.64132e-05 0 12.5741024017334 7.620696544647217 24.84097480773926
1.00201 1.0001 0.640131 0.105843 0.0497143 0.0561283 0.000926502 5.08081e-05 1.34487e-07 3.64473e-05 0 12.57443428039551 7.643301486968994 24.85271263122559
1.00203 1.00009 0.640109 0.105679 0.0497354 0.0559436 0.000859154 5.14801e-05 9.82966e-08 1.96524e-05 0 12.5747127532959 7.665459156036377 24.85270690917969
1.00204 1.00005 0.640077 0.105493 0.0497381 0.0557554 0.000897392 5.21165e-05 3.89035e-08 2.63051e-05 0 12.57491302490234 7.688420295715332 24.85713195800781
1.00205 1.00005 0.64006 0.105319 0.0497468 0.0555725 0.000850485 5.27172e-05 2.77158e-08 2.02997e-05 0 12.5750846862793 7.710207462310791 24.86767196655273
1.00206 1.00003 0.640037 0.105148 0.0497509 0.0553973 0.000884976 5.33479e-05 9.82725e-09 2.74584e-05 0 12.57525634765625 7.732456684112549 24.86904335021973
1.00207 1.00002 0.640022 0.104996 0.0497711 0.0552245 0.000862245 5.37777e-05 3.51364e-09 2.86371e-05 0 12.57539653778076 7.754116535186768 24.87344741821289
1.00207 1 0.64001 0.104827 0.0497735 0.0550535 0.0010063 5.38952e-05 7.36745e-12 2.88411e-05 0 12.57556343078613 7.774867057800293 24.87544822692871
1.00207 0.999997 0.640009 0.104665 0.0497798 0.0548851 0.000957452 5.38354e-05 1.12283e-10 2.96537e-05 0 12.57563591003418 7.795421123504639 24.88556289672852
1.00207 0.999986 0.639999 0.104511 0.0497919 0.0547191 0.000996487 5.39518e-05 2.68272e-09 2.43652e-05 0 12.57567882537842 7.815815925598145 24.88672256469727
1.00208 0.999971 0.639984 0.104348 0.0497929 0.0545554 0.000937807 5.42923e-05 1.0971e-08 3.24915e-05 0 12.57566738128662 7.835974216461182 24.8899040222168
1.00208 0.999956 0.639971 0.1042 0.0498172 0.0543826 0.00111244 5.44541e-05 2.57631e-08 1.72957e-05 0 12.5756893157959 7.855827331542969 24.89594650268555
1.00208 0.999962 0.639981 0.104038 0.0498174 0.0542204 0.00101223 5.41293e-05 1.93977e-08 2.61901e-05 0 12.57578182220459 7.875433921813965 24.89646911621094
1.00207 0.999958 0.639981 0.103905 0.0498412 0.0540641 0.000997271 5.39638e-05 2.36032e-08 3.54789e-05 0 12.57582664489746 7.896161079406738 24.90855979919434
1.00207 0.999947 0.639979 0.103755 0.0498449 0.0539102 0.00126214 5.37274e-05 3.75012e-08 2.49967e-05 0 12.57575035095215 7.915711402893066 24.90865516662598
1.00205 0.999951 0.639998 0.103603 0.0498516 0.0537514 0.00111654 5.28295e-05 3.24293e-08 4.39727e-05 0 12.57569694519043 7.934565544128418 24.92058181762695
1.00205 0.999952 0.640002 0.103467 0.0498632 0.0536038 0.00105815 5.26692e-05 3.08036e-08 4.32181e-05 0 12.57564163208008 7.953167915344238 24.92246246337891
1.00205 0.999937 0.639988 0.103313 0.0498575 0.0534552 0.00111093 5.28967e-05 5.29233e-08 4.58634e-05 0 12.5754222869873 7.972465038299561 24.92584609985352
1.00206 0.999928 0.63998 0.103177 0.0498702 0.0533072 0.00103432 5.30122e-05 6.87463e-08 4.31044e-05 0 12.57539367675781 7.990350723266602 24.93160820007324
1.00206 0.999931 0.639976 0.10305 0.0498846 0.0531652 0.000984203 5.32996e-05 6.42162e-08 3.78274e-05 0 12.57545852661133 8.008326530456543 24.92875289916992
1.00206 0.999924 0.639972 0.102915 0.0498954 0.0530193 0.00100181 5.32712e-05 7.71958e-08 4.53143e-05 0 12.57548046112061 8.02626895904541 24.9350757598877
1.00205 0.999931 0.639984 0.102789 0.0499107 0.052878 0.000991395 5.29105e-05 6.31274e-08 3.32115e-05 0 12.57555770874023 8.043485641479492 24.94234085083008
1.00205 0.999928 0.639988 0.102651 0.0499086 0.0527424 0.00100481 5.26042e-05 6.88194e-08 4.71047e-05 0 12.57552719116211 8.061257362365723 24.94768333435059
1.00204 0.999932 0.639993 0.102522 0.0499168 0.0526048 0.000953746 5.24637e-05 6.13522e-08 5.56565e-05 0 12.57543849945068 8.078513145446777 24.9553394317627
1.00204 0.999931 0.639998 0.102379 0.0499069 0.0524726 0.00093726 5.21249e-05 6.42038e-08 4.99175e-05 0 12.575364112854 8.095074653625488 24.95427513122559
1.00203 0.999921 0.640001 0.102263 0.0499258 0.0523375 0.00123272 5.16167e-05 8.34743e-08 4.19332e-05 0 12.57533931732178 8.111911773681641 24.95841598510742
1.00199 0.999918 0.640037 0.102143 0.0499485 0.052195 0.00159175 4.96408e-05 8.97617e-08 4.45978e-05 0 12.57526588439941 8.12812614440918 24.95343971252441
1.00196 0.99996 0.640087 0.102004 0.0499468 0.052057 0.00131085 4.84243e-05 2.1899e-08 3.57322e-05 0 12.57514095306396 8.144730567932129 24.96291923522949
1.00197 0.99995 0.640075 0.101877 0.0499421 0.0519354 0.00124594 4.87253e-05 3.36559e-08 4.21558e-05 0 12.57463359832764 8.162464141845703 24.97424507141113
1.00198 0.999935 0.640055 0.101762 0.0499492 0.0518128 0.00126248 4.92421e-05 5.70699e-08 3.36679e-05 0 12.57431697845459 8.179556846618652 24.97343444824219
1.00197 0.999943 0.640075 0.101639 0.0499546 0.0516841 0.00133039 4.84841e-05 4.43431e-08 3.11956e-05 0 12.57440757751465 8.194476127624512 24.97101402282715
1.00195 0.999958 0.640099 0.1015 0.0499339 0.0515658 0.00121598 4.77523e-05 2.32072e-08 4.37361e-05 0 12.5745153427124 8.209503173828125 24.97464942932129
1.00195 0.99995 0.640095 0.101417 0.0499715 0.051446 0.00124048 4.76687e-05 3.4022e-08 5.31637e-05 0 12.57435131072998 8.225449562072754 24.97730255126953
1.00195 0.99995 0.640095 0.101294 0.0499683 0.0513252 0.00115384 4.77181e-05 3.36055e-08 4.78012e-05 0 12.57416534423828 8.240144729614258 24.96694946289062
1.00195 0.999943 0.640088 0.101165 0.0499582 0.0512071 0.00112698 4.78368e-05 4.3172e-08 4.43102e-05 0 12.57414054870605 8.25495719909668 24.98574829101562
1.00195 0.999945 0.640088 0.101065 0.0499748 0.0510903 0.00108448 4.78681e-05 4.11944e-08 5.24214e-05 0 12.57414817810059 8.269885063171387 24.98418998718262
1.00195 0.999947 0.640096 0.100951 0.049977 0.0509741 0.0011084 4.75646e-05 3.71408e-08 5.97559e-05 0 12.57417297363281 8.284499168395996 24.97907257080078
1.00194 0.999951 0.640109 0.10082 0.0499613 0.0508585 0.00114947 4.70383e-05 3.24605e-08 2.90426e-05 0 12.57418632507324 8.298967361450195 24.98739624023438
1.00193 0.999955 0.640117 0.100716 0.049972 0.0507441 0.00110191 4.6742e-05 2.7683e-08 2.44529e-05 0 12.57411766052246 8.31342887878418 24.98850631713867
1.00192 0.99995 0.64012 0.1006 0.0499701 0.0506301 0.00132707 4.64216e-05 3.33239e-08 4.16727e-05 0 12.57397747039795 8.327847480773926 24.98062133789062
1.0019 0.99996 0.64015 0.100491 0.0499766 0.0505144 0.00133555 4.52515e-05 2.10533e-08 2.97625e-05 0 12.57389068603516 8.342119216918945 24.98595237731934
1.00189 0.999967 0.640166 0.100411 0.0500075 0.0504033 0.00129218 4.46867e-05 1.43307e-08 4.43751e-05 0 12.57380867004395 8.356355667114258 24.98508262634277
1.00189 0.999956 0.640156 0.100285 0.0499929 0.0502921 0.00137915 4.48637e-05 2.55057e-08 3.64101e-05 0 12.5734977722168 8.370939254760742 24.9882640838623
1.00189 0.999961 0.640161 0.100169 0.049988 0.050181 0.00130492 4.47493e-05 2.0571e-08 4.49005e-05 0 12.57334804534912 8.384880065917969 25.00372886657715
1.00185 0.999978 0.640206 0.100074 0.0500077 0.0500658 0.0014829 4.30942e-05 6.38956e-09 3.44994e-05 0 12.57340526580811 8.398750305175781 24.99641227722168
1.00185 0.999982 0.64021 0.0999805 0.0500121 0.0499684 0.00136346 4.29809e-05 4.44651e-09 2.62848e-05 0 12.5733585357666 8.41265869140625 24.99402046203613
1.00184 0.999942 0.640193 0.0998695 0.0500047 0.0498648 0.00140502 4.2588e-05 4.49058e-08 3.90325e-05 0 12.57293796539307 8.427299499511719 25.00380897521973
1.00185 0.999975 0.640209 0.0997669 0.0500055 0.0497614 0.00130586 4.28294e-05 8.25423e-09 2.28955e-05 0 12.57287406921387 8.43952751159668 25.00605201721191
1.00186 0.999959 0.640191 0.099676 0.0500164 0.0496596 0.00134568 4.32339e-05 2.2243e-08 3.73401e-05 0 12.57278060913086 8.452576637268066 25.00231170654297
1.00186 0.99996 0.640188 0.0995643 0.0500062 0.0495581 0.00124581 4.33996e-05 2.18361e-08 3.26781e-05 0 12.57285404205322 8.46552848815918 25.00276184082031
1.00186 0.999953 0.640187 0.0994636 0.0500065 0.0494571 0.00152091 4.32215e-05 2.92515e-08 4.36587e-05 0 12.57295799255371 8.478282928466797 25.0081901550293
1.00184 0.999975 0.640213 0.0993929 0.0500349 0.0493581 0.00134158 4.26668e-05 8.15193e-09 1.8942e-05 0 12.57302188873291 8.49104118347168 25.00310325622559
1.00184 0.999977 0.640219 0.0992924 0.0500316 0.0492607 0.00126383 4.24005e-05 7.40268e-09 6.67767e-05 0 12.57296371459961 8.503768920898438 25.00323867797852
1.00184 0.999972 0.640216 0.0991857 0.0500253 0.0491604 0.0013095 4.24006e-05 1.05149e-08 7.60579e-05 0 12.57280921936035 8.516340255737305 25.01744270324707
1.00178 1.00002 0.6403 0.0990977 0.0500485 0.0490492 0.00159239 3.97936e-05 4.30865e-09 2.34003e-05 0 12.57274436950684 8.528661727905273 25.01582717895508
1.00178 0.999991 0.640282 0.0989831 0.050029 0.0489541 0.00151312 3.98496e-05 1.14361e-09 4.05685e-05 0 12.5727367401123 8.541328430175781 25.0126781463623
1.00177 0.999991 0.640291 0.0988939 0.0500392 0.0488547 0.00165255 3.93973e-05 1.19143e-09 5.38587e-05 0 12.57201957702637 8.555758476257324 25.0242805480957
1.00173 0.999946 0.640299 0.0988032 0.0500454 0.0487578 0.00202929 3.77392e-05 3.86027e-08 2.5658e-05 0 12.57203960418701 8.567801475524902 25.01449966430664
1.00174 0.999997 0.640323 0.0987057 0.0500408 0.0486649 0.00204759 3.81417e-05 8.49656e-11 2.67537e-05 0 12.5719051361084 8.58045482635498 25.01963043212891
1.00177 0.999961 0.640276 0.0986072 0.0500337 0.0485734 0.00173277 3.92516e-05 2.00804e-08 2.9844e-05 0 12.57143592834473 8.59299373626709 25.02271461486816
1.00177 0.999935 0.640262 0.0985214 0.0500464 0.048475 0.00240047 3.91288e-05 5.71477e-08 2.4383e-05 0 12.57154273986816 8.604732513427734 25.02043342590332
1.00172 1.00001 0.640356 0.0984194 0.05004 0.0483794 0.00194684 3.70124e-05 1.22541e-09 1.14207e-05 0 12.57185459136963 8.616207122802734 25.01687812805176
1.00171 0.999994 0.640356 0.0983183 0.0500346 0.0482838 0.00184849 3.65687e-05 4.36664e-10 1.54545e-05 0 12.57183265686035 8.628745079040527 25.02317810058594
1.00174 0.999971 0.640309 0.0982292 0.0500365 0.0481927 0.00196264 3.80371e-05 1.12986e-08 9.6902e-06 0 12.57121467590332 8.641204833984375 25.01998329162598
1.00177 0.999958 0.640273 0.0981413 0.0500351 0.0481062 0.00179538 3.92932e-05 2.33467e-08 1.60529e-05 0 12.57109451293945 8.653488159179688 25.0173282623291
1.00175 0.999946 0.640286 0.0980575 0.0500439 0.0480136 0.00178466 3.83375e-05 3.9494e-08 1.21706e-05 0 12.57149887084961 8.66487979888916 25.01822280883789
1.00175 0.999991 0.640312 0.0979926 0.0500628 0.0479298 0.00165491 3.84493e-05 1.1978e-09 6.30852e-05 0 12.57187461853027 8.67575740814209 25.01755332946777
1.00175 0.999984 0.640307 0.0978813 0.0500364 0.0478449 0.00156595 3.84743e-05 3.61596e-09 2.42796e-05 0 12.57161045074463 8.68773078918457 25.02193450927734
1.00176 0.999979 0.6403 0.0977986 0.0500415 0.0477571 0.00151522 3.86833e-05 5.65099e-09 1.17145e-05 0 12.57163524627686 8.698452949523926 25.03139495849609
1.00176 0.999984 0.640302 0.0977133 0.050044 0.0476693 0.0014711 3.87227e-05 3.38935e-09 2.82549e-05 0 12.57164859771729 8.709321022033691 25.01816940307617
1.00174 0.999994 0.640321 0.0976211 0.0500416 0.0475795 0.00152826 3.8143e-05 4.66061e-10 2.29936e-05 0 12.57169723510742 8.720541954040527 25.02077102661133
1.00173 1 0.640344 0.0975259 0.0500347 0.0474912 0.00150819 3.7377e-05 1.38493e-10 2.44255e-05 0 12.57172012329102 8.73179817199707 25.02199554443359
1.00172 1 0.640347 0.0974318 0.0500282 0.0474036 0.00144331 3.72043e-05 1.31757e-10 9.42752e-06 0 12.57154083251953 8.743410110473633 25.02078437805176
1.00172 0.999997 0.640343 0.0973428 0.0500277 0.0473151 0.00142356 3.72039e-05 1.38315e-10 6.5572e-06 0 12.57133483886719 8.754884719848633 25.01737213134766
1.00171 1.00001 0.640362 0.097257 0.0500322 0.0472248 0.00147061 3.67071e-05 8.46793e-10 8.73035e-06 0 12.57128810882568 8.766182899475098 25.01412200927734
1.00171 1 0.640363 0.0971739 0.0500361 0.0471378 0.00152479 3.64975e-05 6.53741e-11 1.56598e-05 0 12.57126426696777 8.777569770812988 25.01384544372559
1.0017 1.00001 0.640369 0.0970984 0.0500474 0.047051 0.00144214 3.64076e-05 1.21483e-09 1.39172e-05 0 12.57113647460938 8.789285659790039 25.01608085632324
1.00169 1.00002 0.640383 0.0970205 0.0500578 0.0469627 0.00145468 3.60542e-05 4.85999e-09 3.8793e-05 0 12.57105255126953 8.800537109375 25.01803970336914
1.00165 1.00004 0.640438 0.0969128 0.0500393 0.0468735 0.00164665 3.42698e-05 2.3007e-08 2.45014e-05 0 12.57104206085205 8.811770439147949 25.02368545532227
1.00164 1.00003 0.640445 0.0968353 0.0500466 0.0467886 0.00159207 3.37648e-05 1.56012e-08 1.71115e-05 0 12.57093334197998 8.823239326477051 25.02889251708984
1.00165 1.00003 0.64043 0.0967483 0.0500458 0.0467024 0.00151888 3.42245e-05 9.78945e-09 1.91519e-05 0 12.57041263580322 8.835038185119629 25.0196590423584
1.00166 1.00002 0.640417 0.0966427 0.0500263 0.0466165 0.00150433 3.46624e-05 6.69336e-09 1.32854e-05 0 12.57026290893555 8.846113204956055 25.02326393127441
1.00166 1.00003 0.640422 0.0965591 0.0500273 0.0465318 0.00144825 3.4614e-05 1.0981e-08 2.98545e-06 0 12.57040596008301 8.857222557067871 25.02293395996094
1.00165 1.00003 0.640432 0.0964689 0.0500223 0.0464466 0.00142338 3.43395e-05 1.58873e-08 6.63505e-06 0 12.57053661346436 8.868303298950195 25.01313400268555
1.00157 1.00009 0.640548 0.0963929 0.0500377 0.0463552 0.00187239 3.10307e-05 1.16623e-07 7.51617e-06 0 12.57050895690918 8.879307746887207 25.01364517211914
1.00156 1.00007 0.640541 0.0962992 0.0500284 0.0462709 0.00182271 3.06765e-05 6.35499e-08 4.89922e-06 0 12.57043743133545 8.890429496765137 25.01118469238281
1.00163 1.00001 0.640443 0.0962173 0.0500319 0.0461855 0.00170379 3.32158e-05 1.34009e-09 1.68588e-05 0 12.56941509246826 8.902810096740723 25.01884269714355
1.00165 1.00001 0.640418 0.0961459 0.0500432 0.0461027 0.00162357 3.41891e-05 5.76972e-10 1.31519e-05 0 12.56931400299072 8.913835525512695 25.0141487121582
1.00165 1.00002 0.640433 0.0960485 0.0500263 0.0460223 0.00156174 3.40239e-05 7.6217e-09 4.61979e-06 0 12.57009220123291 8.924589157104492 25.01591682434082
1.00164 1.00003 0.640442 0.0959861 0.0500442 0.0459419 0.0015018 3.36749e-05 8.53974e-09 1.37484e-05 0 12.57039928436279 8.935263633728027 25.02160453796387
1.00163 1.00003 0.640446 0.0958909 0.0500297 0.0458612 0.00147482 3.35338e-05 9.39202e-09 4.56519e-05 0 12.57033538818359 8.945783615112305 25.01309776306152
1.00163 1.00002 0.640449 0.0958045 0.0500266 0.0457779 0.00156277 3.32892e-05 6.35638e-09 1.34609e-05 0 12.57023620605469 8.956343650817871 25.02210235595703
1.00162 1.00003 0.640457 0.0957211 0.0500263 0.0456948 0.00147677 3.30987e-05 1.06625e-08 1.06577e-05 0 12.57019519805908 8.9669189453125 25.01485633850098
1.00162 1.00003 0.640459 0.0956405 0.0500266 0.0456139 0.0014492 3.3035e-05 1.08438e-08 5.96658e-06 0 12.57011699676514 8.977865219116211 25.01329803466797
1.00158 1.00005 0.640517 0.0955608 0.0500278 0.0455331 0.00173241 3.12401e-05 3.74694e-08 1.32309e-05 0 12.57006072998047 8.988783836364746 25.01319122314453
1.0016 1.00003 0.640485 0.0954818 0.0500269 0.0454549 0.001642 3.20394e-05 1.39071e-08 1.40024e-05 0 12.57003593444824 8.999408721923828 25.0132999420166
1.00162 1.00002 0.640458 0.0954134 0.0500406 0.0453729 0.00157133 3.28112e-05 4.57884e-09 3.01873e-05 0 12.56946563720703 9.01027774810791 25.01389694213867
1.00159 1.00001 0.64048 0.0953219 0.0500304 0.0452915 0.00167111 3.16987e-05 1.93945e-09 3.23286e-05 0 12.56972599029541 9.020434379577637 25.01343727111816
1.00158 1.00005 0.640516 0.0952586 0.0500437 0.045215 0.0015645 3.1198e-05 3.12804e-08 3.78978e-05 0 12.56995296478271 9.031118392944336 25.02029228210449
1.00158 1.00003 0.640502 0.0951783 0.0500392 0.0451391 0.00168631 3.11974e-05 9.80477e-09 2.27144e-05 0 12.56962108612061 9.041997909545898 25.01520538330078
1.00157 1.00002 0.64051 0.0951016 0.0500448 0.0450568 0.0019483 3.08116e-05 7.95326e-09 2.45406e-05 0 12.56945133209229 9.052150726318359 25.0218334197998
1.00156 1.00004 0.640527 0.0950198 0.0500415 0.0449783 0.00176226 3.0594e-05 2.45533e-08 1.10269e-05 0 12.56945419311523 9.062149047851562 25.01959609985352
1.00157 1.00004 0.640514 0.0949328 0.0500316 0.0449012 0.00163779 3.09191e-05 1.73181e-08 1.50387e-05 0 12.56932544708252 9.073085784912109 25.02242469787598
1.00158 1.00004 0.640509 0.0948586 0.0500353 0.0448233 0.00157805 3.11554e-05 1.74405e-08 1.94834e-05 0 12.56928253173828 9.083477973937988 25.02079010009766
1.00154 1.00006 0.640562 0.0947846 0.0500387 0.0447459 0.00202029 2.95822e-05 4.55305e-08 9.57665e-06 0 12.56936931610107 9.093618392944336 25.01583099365234
1.00151 1.00007 0.640588 0.0947019 0.0500312 0.0446707 0.00193646 2.87262e-05 5.82165e-08 9.23716e-06 0 12.56945323944092 9.103878021240234 25.01763534545898
1.00152 1.00006 0.640579 0.094629 0.0500351 0.0445939 0.00183874 2.88177e-05 4.16509e-08 2.66043e-05 0 12.56893825531006 9.114383697509766 25.01934432983398
1.00152 1.00006 0.640572 0.0945765 0.0500593 0.0445172 0.00178958 2.91188e-05 4.26027e-08 2.27565e-05 0 12.56864929199219 9.124453544616699 25.01559829711914
1.00153 1.00004 0.640553 0.0944628 0.0500206 0.0444422 0.00171358 2.95644e-05 2.5985e-08 1.55018e-05 0 12.56870079040527 9.134651184082031 25.01757431030273
1.00152 1.00006 0.640577 0.0943829 0.0500195 0.0443634 0.00197634 2.89885e-05 4.68416e-08 6.35357e-06 0 12.56879711151123 9.144798278808594 25.02964210510254
1.00151 1.00006 0.64059 0.0943027 0.050016 0.0442867 0.00181993 2.85807e-05 5.43421e-08 1.1447e-05 0 12.56893444061279 9.154696464538574 25.01030540466309
1.00151 1.00006 0.640582 0.0942553 0.0500447 0.0442106 0.00194758 2.86941e-05 4.18852e-08 3.52869e-05 0 12.56875514984131 9.165260314941406 25.00977325439453
1.0015 1.00007 0.640598 0.0941588 0.0500223 0.0441364 0.00181251 2.83748e-05 6.24878e-08 2.26945e-05 0 12.56862831115723 9.175538063049316 25.00798225402832
1.00147 1.00005 0.640625 0.0940917 0.0500341 0.0440576 0.00212815 2.69631e-05 3.80637e-08 5.61164e-05 0 12.56865692138672 9.185650825500488 25.02235221862793
1.00147 1.00008 0.640639 0.0940152 0.0500305 0.0439847 0.00193545 2.72075e-05 9.48996e-08 8.75705e-06 0 12.56853485107422 9.195595741271973 25.01117706298828
1.00148 1.00007 0.640617 0.0939393 0.0500286 0.0439107 0.00187924 2.76729e-05 6.34306e-08 3.28173e-05 0 12.56804943084717 9.206337928771973 25.01703262329102
1.00148 1.00008 0.640632 0.0938647 0.0500271 0.0438376 0.00185494 2.7413e-05 8.98057e-08 1.04793e-05 0 12.56814384460449 9.216034889221191 25.01524353027344
1.00148 1.00008 0.640628 0.0937791 0.050013 0.0437661 0.0017929 2.74085e-05 7.59663e-08 3.15604e-05 0 12.56830215454102 9.225866317749023 25.0142765045166
1.00148 1.00008 0.640625 0.0937082 0.0500135 0.0436947 0.00170963 2.75456e-05 7.85361e-08 2.77752e-05 0 12.5682201385498 9.23567008972168 25.01350784301758
1.00148 1.00008 0.640624 0.0936466 0.0500247 0.0436218 0.00169095 2.76063e-05 8.04169e-08 3.24395e-05 0 12.5682258605957 9.245261192321777 25.00649070739746
1.00148 1.00008 0.640629 0.0935781 0.0500278 0.0435503 0.0016443 2.75177e-05 8.92069e-08 1.90464e-05 0 12.56827163696289 9.254806518554688 25.00675010681152
1.00148 1.00008 0.640633 0.0934898 0.0500104 0.0434794 0.00161161 2.73553e-05 9.04163e-08 9.0129e-05 0 12.56830596923828 9.264568328857422 25.01237869262695
1.00148 1.00008 0.640633 0.0934127 0.0500046 0.0434082 0.00159462 2.73154e-05 8.69041e-08 9.96281e-06 0 12.56826782226562 9.274185180664062 25.01391792297363
1.00142 1.0001 0.640704 0.0933417 0.0500129 0.0433288 0.00182045 2.51449e-05 1.37779e-07 7.50341e-06 0 12.56822681427002 9.283727645874023 25.00518798828125
1.00141 1.00011 0.640711 0.0932754 0.0500119 0.0432635 0.00178596 2.51233e-05 1.63762e-07 5.00942e-05 0 12.56820869445801 9.293322563171387 25.00230979919434
1.00144 1.00009 0.64067 0.0932132 0.0500169 0.0431963 0.00170867 2.61382e-05 1.05944e-07 2.86772e-06 0 12.56744384765625 9.304360389709473 25.00644874572754
1.00144 1.0001 0.640675 0.0931284 0.0500002 0.0431283 0.0016709 2.61924e-05 1.31035e-07 1.84062e-06 0 12.56745624542236 9.313153266906738 25.00594139099121
1.00144 1.0001 0.64068 0.0930637 0.0500018 0.0430618 0.00161911 2.60586e-05 1.38564e-07 2.84543e-06 0 12.56779479980469 9.322064399719238 25.00845527648926
1.00144 1.0001 0.640681 0.0929947 0.0500006 0.0429941 0.00169737 2.59181e-05 1.29389e-07 1.64839e-05 0 12.56780624389648 9.331209182739258 25.00008201599121
1.00142 1.0001 0.6407 0.0929334 0.0500074 0.042926 0.0016921 2.54035e-05 1.47708e-07 2.68351e-06 0 12.56775093078613 9.340201377868652 25.00092887878418
1.0014 1.00013 0.640737 0.09287 0.0500086 0.0428614 0.00167796 2.47037e-05 2.41348e-07 3.60995e-06 0 12.56771469116211 9.349366188049316 25.00030136108398
1.00143 1.00009 0.640689 0.0927965 0.0500021 0.0427943 0.0016158 2.5508e-05 1.16223e-07 5.02161e-06 0 12.56751728057861 9.358677864074707 25.00371170043945
1.00141 1.00008 0.640694 0.0927305 0.0500058 0.0427247 0.00176597 2.51071e-05 9.25683e-08 9.10577e-06 0 12.56727981567383 9.367522239685059 25.00429916381836
1.00141 1.00012 0.640721 0.0926616 0.0500035 0.0426581 0.00167205 2.48777e-05 1.79897e-07 1.37488e-05 0 12.56756973266602 9.376476287841797 25.00105476379395
1.00141 1.0001 0.640706 0.0925765 0.0499863 0.0425902 0.0016704 2.51208e-05 1.44736e-07 3.87239e-06 0 12.56742000579834 9.385995864868164 25.00286865234375
1.00142 1.00011 0.640708 0.0925164 0.0499944 0.0425219 0.0016483 2.51473e-05 1.55079e-07 1.49404e-05 0 12.56734466552734 9.395061492919922 25.00176429748535
1.00141 1.00011 0.640721 0.092444 0.0499888 0.0424552 0.00159117 2.48458e-05 1.75839e-07 4.25746e-06 0 12.56743431091309 9.404229164123535 24.9931526184082
1.00141 1.00011 0.640719 0.0923755 0.0499874 0.0423881 0.00155258 2.4864e-05 1.67705e-07 4.15929e-06 0 12.5674409866333 9.413492202758789 24.99720573425293
1.00141 1.00011 0.640716 0.0923091 0.0499892 0.0423199 0.0015738 2.49128e-05 1.6436e-07 1.67897e-05 0 12.56731986999512 9.422612190246582 24.99441528320312
1.0014 1.00012 0.640725 0.0922362 0.0499835 0.0422527 0.00153071 2.47219e-05 1.82022e-07 1.65939e-05 0 12.5673246383667 9.4317626953125 24.99371719360352
1.0014 1.00012 0.640728 0.0921686 0.0499828 0.0421858 0.00150047 2.46187e-05 1.8293e-07 2.22897e-06 0 12.56734752655029 9.441045761108398 24.99460792541504
1.0014 1.00012 0.64073 0.0921063 0.0499873 0.042119 0.00147637 2.45697e-05 1.83443e-07 8.27875e-06 0 12.5672779083252 9.450233459472656 24.99175453186035
1.00139 1.00012 0.640735 0.0920301 0.0499793 0.0420507 0.00151142 2.43241e-05 1.77935e-07 1.52854e-05 0 12.56725311279297 9.459352493286133 24.99141883850098
1.00138 1.00013 0.640753 0.0919763 0.0499935 0.0419828 0.00168612 2.39241e-05 2.12467e-07 1.14348e-05 0 12.56722164154053 9.468489646911621 24.99366760253906
1.00137 1.0001 0.640741 0.0918956 0.0499809 0.0419147 0.00182626 2.37119e-05 1.27563e-07 1.76038e-05 0 12.56714344024658 9.47785472869873 24.9896411895752
1.00137 1.00013 0.640765 0.0918326 0.0499842 0.0418484 0.00168178 2.36098e-05 2.27356e-07 5.35254e-06 0 12.56699275970459 9.487196922302246 24.99672508239746
1.00138 1.00012 0.640747 0.0917745 0.0499899 0.0417846 0.00162008 2.39864e-05 1.87418e-07 1.1812e-05 0 12.56692981719971 9.496556282043457 24.99045181274414
1.00138 1.00012 0.640748 0.0917021 0.0499819 0.0417201 0.00163201 2.39766e-05 1.94919e-07 3.69542e-05 0 12.56689071655273 9.505658149719238 24.99208831787109
1.00137 1.00013 0.640764 0.0916324 0.0499759 0.0416566 0.00157412 2.35687e-05 2.15116e-07 4.49832e-05 0 12.56703090667725 9.514334678649902 24.99496078491211
1.00134 1.00011 0.640783 0.0915766 0.0499835 0.0415931 0.00173786 2.26155e-05 1.75019e-07 3.63426e-05 0 12.56702709197998 9.523177146911621 24.99100112915039
1.00132 1.00015 0.640824 0.0915417 0.0500116 0.0415301 0.00173923 2.18946e-05 2.87011e-07 4.06301e-05 0 12.56687068939209 9.531953811645508 24.98795890808105
1.00135 1.00012 0.640782 0.0914389 0.0499715 0.0414674 0.00163705 2.27047e-05 1.86755e-07 2.74092e-05 0 12.56651782989502 9.540846824645996 24.99172401428223
1.00137 1.00012 0.640763 0.0913758 0.049973 0.0414028 0.00156781 2.33839e-05 1.84229e-07 2.04315e-05 0 12.56624317169189 9.549644470214844 25.00579261779785
1.00136 1.00012 0.640775 0.0913125 0.0499722 0.0413403 0.00151517 2.3111e-05 2.07961e-07 2.05446e-05 0 12.56655788421631 9.558136940002441 24.9857234954834
1.00132 1.00015 0.640829 0.0912484 0.0499743 0.0412741 0.00153798 2.18486e-05 3.07961e-07 1.39441e-05 0 12.56679630279541 9.566900253295898 24.98648071289062
1.00132 1.00014 0.640818 0.0911836 0.04997 0.0412136 0.00160421 2.18873e-05 2.53274e-07 1.32219e-05 0 12.56669902801514 9.575556755065918 24.98612022399902
1.00133 1.00014 0.640807 0.091137 0.0499856 0.0411515 0.00154819 2.22381e-05 2.48915e-07 5.88012e-05 0 12.56622219085693 9.584896087646484 24.9871768951416
