A/A0 V/V0 Vr eb eb_bend eb_ad ea ega ev ek ee
1 1.00032 0.642203 0.111098 0.0495561 0.0615419 0.000329511 0 1.33674e-06 4.72937e-09 0
1.00075 1.00143 0.642197 0.110657 0.0495414 0.0611158 0.000309882 6.99436e-06 2.73626e-05 6.41452e-05 0
1.00118 1.00094 0.641472 0.110315 0.0495634 0.0607521 0.000362355 1.73445e-05 1.18601e-05 7.10991e-05 0
1.00158 1.00062 0.640875 0.109989 0.0495829 0.0604063 0.000383437 3.13567e-05 5.08389e-06 4.09403e-05 0
1.00178 1.00053 0.640635 0.109683 0.0495812 0.0601017 0.000400083 3.95689e-05 3.80483e-06 1.63428e-05 0
1.00177 1.0006 0.640682 0.109413 0.0495757 0.0598371 0.000412796 3.92579e-05 4.77467e-06 7.9355e-06 0
1.00168 1.00068 0.640823 0.109164 0.0495694 0.0595942 0.000416109 3.5271e-05 6.16514e-06 1.7984e-05 0
1.00161 1.0007 0.640906 0.108931 0.0495729 0.0593582 0.000433251 3.23998e-05 6.64295e-06 1.1763e-05 0
1.0016 1.00066 0.640888 0.108715 0.0495926 0.0591227 0.000442882 3.2126e-05 5.92202e-06 1.56213e-05 0
1.00165 1.00057 0.640783 0.108472 0.0495937 0.0588782 0.000460813 3.41373e-05 4.43429e-06 2.06667e-05 0
1.00172 1.0005 0.640668 0.108245 0.0496043 0.0586411 0.000468224 3.71326e-05 3.37742e-06 2.28675e-05 0
1.00178 1.00044 0.640571 0.108029 0.049619 0.0584097 0.000481419 3.97757e-05 2.5968e-06 1.93706e-05 0
1.00182 1.0004 0.640503 0.107807 0.0496254 0.0581816 0.000498991 4.16831e-05 2.11002e-06 3.19903e-05 0
1.00185 1.00036 0.640455 0.107593 0.0496367 0.057956 0.000664348 4.28243e-05 1.73589e-06 5.75768e-05 0
1.00186 1.00034 0.64043 0.107382 0.0496441 0.0577383 0.000625111 4.3503e-05 1.56412e-06 1.88062e-05 0
1.00188 1.00031 0.640394 0.107173 0.0496504 0.0575222 0.000667773 4.42108e-05 1.27643e-06 3.24973e-05 0
1.0019 1.00028 0.640353 0.106979 0.0496664 0.0573131 0.000670754 4.52569e-05 1.03046e-06 2.78226e-05 0
1.00192 1.00024 0.64031 0.106776 0.0496709 0.0571048 0.000820432 4.62581e-05 7.77992e-07 4.01054e-05 0
1.00193 1.00022 0.640288 0.106589 0.0496895 0.0568999 0.000779756 4.67503e-05 6.59927e-07 2.02022e-05 0
1.00195 1.00019 0.640254 0.106388 0.049682 0.0567058 0.000758701 4.75626e-05 5.06769e-07 3.30653e-05 0
1.00197 1.00016 0.640205 0.106218 0.0497055 0.0565125 0.000748541 4.87976e-05 3.24429e-07 1.5066e-05 0
1.002 1.00013 0.640165 0.106029 0.0497054 0.0563235 0.000743576 5.00177e-05 2.24321e-07 2.64132e-05 0
1.00201 1.0001 0.640131 0.105843 0.0497143 0.0561283 0.000926502 5.08081e-05 1.34487e-07 3.64473e-05 0
1.00203 1.00009 0.640109 0.105679 0.0497354 0.0559436 0.000859154 5.14801e-05 9.82966e-08 1.96524e-05 0
1.00204 1.00005 0.640077 0.105493 0.0497381 0.0557554 0.000897392 5.21165e-05 3.89035e-08 2.63051e-05 0
1.00205 1.00005 0.64006 0.105319 0.0497468 0.0555725 0.000850485 5.27172e-05 2.77158e-08 2.02997e-05 0
1.00206 1.00003 0.640037 0.105148 0.0497509 0.0553973 0.000884976 5.33479e-05 9.82725e-09 2.74584e-05 0
1.00207 1.00002 0.640022 0.104996 0.0497711 0.0552245 0.000862245 5.37777e-05 3.51364e-09 2.86371e-05 0
1.00207 1 0.64001 0.104827 0.0497735 0.0550535 0.0010063 5.38952e-05 7.36745e-12 2.88411e-05 0
1.00207 0.999997 0.640009 0.104665 0.0497798 0.0548851 0.000957452 5.38354e-05 1.12283e-10 2.96537e-05 0
1.00207 0.999986 0.639999 0.104511 0.0497919 0.0547191 0.000996487 5.39518e-05 2.68272e-09 2.43652e-05 0
1.00208 0.999971 0.639984 0.104348 0.0497929 0.0545554 0.000937807 5.42923e-05 1.0971e-08 3.24915e-05 0
1.00208 0.999956 0.639971 0.1042 0.0498172 0.0543826 0.00111244 5.44541e-05 2.57631e-08 1.72957e-05 0
1.00208 0.999962 0.639981 0.104038 0.0498174 0.0542204 0.00101223 5.41293e-05 1.93977e-08 2.61901e-05 0
1.00207 0.999958 0.639981 0.103905 0.0498412 0.0540641 0.000997271 5.39638e-05 2.36032e-08 3.54789e-05 0
1.00207 0.999947 0.639979 0.103755 0.0498449 0.0539102 0.00126214 5.37274e-05 3.75012e-08 2.49967e-05 0
1.00205 0.999951 0.639998 0.103603 0.0498516 0.0537514 0.00111654 5.28295e-05 3.24293e-08 4.39727e-05 0
1.00205 0.999952 0.640002 0.103467 0.0498632 0.0536038 0.00105815 5.26692e-05 3.08036e-08 4.32181e-05 0
1.00205 0.999937 0.639988 0.103313 0.0498575 0.0534552 0.00111093 5.28967e-05 5.29233e-08 4.58634e-05 0
1.00206 0.999928 0.63998 0.103177 0.0498702 0.0533072 0.00103432 5.30122e-05 6.87463e-08 4.31044e-05 0
1.00206 0.999931 0.639976 0.10305 0.0498846 0.0531652 0.000984203 5.32996e-05 6.42162e-08 3.78274e-05 0
1.00206 0.999924 0.639972 0.102915 0.0498954 0.0530193 0.00100181 5.32712e-05 7.71958e-08 4.53143e-05 0
1.00205 0.999931 0.639984 0.102789 0.0499107 0.052878 0.000991395 5.29105e-05 6.31274e-08 3.32115e-05 0
1.00205 0.999928 0.639988 0.102651 0.0499086 0.0527424 0.00100481 5.26042e-05 6.88194e-08 4.71047e-05 0
1.00204 0.999932 0.639993 0.102522 0.0499168 0.0526048 0.000953746 5.24637e-05 6.13522e-08 5.56565e-05 0
1.00204 0.999931 0.639998 0.102379 0.0499069 0.0524726 0.00093726 5.21249e-05 6.42038e-08 4.99175e-05 0
1.00203 0.999921 0.640001 0.102263 0.0499258 0.0523375 0.00123272 5.16167e-05 8.34743e-08 4.19332e-05 0
1.00199 0.999918 0.640037 0.102143 0.0499485 0.052195 0.00159175 4.96408e-05 8.97617e-08 4.45978e-05 0
1.00196 0.99996 0.640087 0.102004 0.0499468 0.052057 0.00131085 4.84243e-05 2.1899e-08 3.57322e-05 0
1.00197 0.99995 0.640075 0.101877 0.0499421 0.0519354 0.00124594 4.87253e-05 3.36559e-08 4.21558e-05 0
1.00198 0.999935 0.640055 0.101762 0.0499492 0.0518128 0.00126248 4.92421e-05 5.70699e-08 3.36679e-05 0
1.00197 0.999943 0.640075 0.101639 0.0499546 0.0516841 0.00133039 4.84841e-05 4.43431e-08 3.11956e-05 0
1.00195 0.999958 0.640099 0.1015 0.0499339 0.0515658 0.00121598 4.77523e-05 2.32072e-08 4.37361e-05 0
1.00195 0.99995 0.640095 0.101417 0.0499715 0.051446 0.00124048 4.76687e-05 3.4022e-08 5.31637e-05 0
1.00195 0.99995 0.640095 0.101294 0.0499683 0.0513252 0.00115384 4.77181e-05 3.36055e-08 4.78012e-05 0
1.00195 0.999943 0.640088 0.101165 0.0499582 0.0512071 0.00112698 4.78368e-05 4.3172e-08 4.43102e-05 0
1.00195 0.999945 0.640088 0.101065 0.0499748 0.0510903 0.00108448 4.78681e-05 4.11944e-08 5.24214e-05 0
1.00195 0.999947 0.640096 0.100951 0.049977 0.0509741 0.0011084 4.75646e-05 3.71408e-08 5.97559e-05 0
1.00194 0.999951 0.640109 0.10082 0.0499613 0.0508585 0.00114947 4.70383e-05 3.24605e-08 2.90426e-05 0
1.00193 0.999955 0.640117 0.100716 0.049972 0.0507441 0.00110191 4.6742e-05 2.7683e-08 2.44529e-05 0
1.00192 0.99995 0.64012 0.1006 0.0499701 0.0506301 0.00132707 4.64216e-05 3.33239e-08 4.16727e-05 0
1.0019 0.99996 0.64015 0.100491 0.0499766 0.0505144 0.00133555 4.52515e-05 2.10533e-08 2.97625e-05 0
1.00189 0.999967 0.640166 0.100411 0.0500075 0.0504033 0.00129218 4.46867e-05 1.43307e-08 4.43751e-05 0
1.00189 0.999956 0.640156 0.100285 0.0499929 0.0502921 0.00137915 4.48637e-05 2.55057e-08 3.64101e-05 0
1.00189 0.999961 0.640161 0.100169 0.049988 0.050181 0.00130492 4.47493e-05 2.0571e-08 4.49005e-05 0
1.00185 0.999978 0.640206 0.100074 0.0500077 0.0500658 0.0014829 4.30942e-05 6.38956e-09 3.44994e-05 0
1.00185 0.999982 0.64021 0.0999805 0.0500121 0.0499684 0.00136346 4.29809e-05 4.44651e-09 2.62848e-05 0
1.00184 0.999942 0.640193 0.0998695 0.0500047 0.0498648 0.00140502 4.2588e-05 4.49058e-08 3.90325e-05 0
1.00185 0.999975 0.640209 0.0997669 0.0500055 0.0497614 0.00130586 4.28294e-05 8.25423e-09 2.28955e-05 0
1.00186 0.999959 0.640191 0.099676 0.0500164 0.0496596 0.00134568 4.32339e-05 2.2243e-08 3.73401e-05 0
1.00186 0.99996 0.640188 0.0995643 0.0500062 0.0495581 0.00124581 4.33996e-05 2.18361e-08 3.26781e-05 0
1.00186 0.999953 0.640187 0.0994636 0.0500065 0.0494571 0.00152091 4.32215e-05 2.92515e-08 4.36587e-05 0
1.00184 0.999975 0.640213 0.0993929 0.0500349 0.0493581 0.00134158 4.26668e-05 8.15193e-09 1.8942e-05 0
1.00184 0.999977 0.640219 0.0992924 0.0500316 0.0492607 0.00126383 4.24005e-05 7.40268e-09 6.67767e-05 0
1.00184 0.999972 0.640216 0.0991857 0.0500253 0.0491604 0.0013095 4.24006e-05 1.05149e-08 7.60579e-05 0
1.00178 1.00002 0.6403 0.0990977 0.0500485 0.0490492 0.00159239 3.97936e-05 4.30865e-09 2.34003e-05 0
1.00178 0.999991 0.640282 0.0989831 0.050029 0.0489541 0.00151312 3.98496e-05 1.14361e-09 4.05685e-05 0
1.00177 0.999991 0.640291 0.0988939 0.0500392 0.0488547 0.00165255 3.93973e-05 1.19143e-09 5.38587e-05 0
1.00173 0.999946 0.640299 0.0988032 0.0500454 0.0487578 0.00202929 3.77392e-05 3.86027e-08 2.5658e-05 0
1.00174 0.999997 0.640323 0.0987057 0.0500408 0.0486649 0.00204759 3.81417e-05 8.49656e-11 2.67537e-05 0
1.00177 0.999961 0.640276 0.0986072 0.0500337 0.0485734 0.00173277 3.92516e-05 2.00804e-08 2.9844e-05 0
1.00177 0.999935 0.640262 0.0985214 0.0500464 0.048475 0.00240047 3.91288e-05 5.71477e-08 2.4383e-05 0
1.00172 1.00001 0.640356 0.0984194 0.05004 0.0483794 0.00194684 3.70124e-05 1.22541e-09 1.14207e-05 0
1.00171 0.999994 0.640356 0.0983183 0.0500346 0.0482838 0.00184849 3.65687e-05 4.36664e-10 1.54545e-05 0
1.00174 0.999971 0.640309 0.0982292 0.0500365 0.0481927 0.00196264 3.80371e-05 1.12986e-08 9.6902e-06 0
