OFF
642 1280 0
-9.03983025202314e-01 5.64541110144828e-01 1.85402724647845e-01
5.14896797397371e-01 -1.07964166236257e+00 -1.99466164284652e-05
-1.06575709083926e+00 -4.64691453876110e-01 -9.59489912956267e-02
-7.63374116150082e-02 -7.14425225006042e-01 -3.26519127160876e-01
-1.18141791484087e+00 1.61710013534001e-01 -3.21142017675476e-02
-2.72096245415478e-01 -8.98409935508607e-01 -2.53118670384613e-01
4.45546763889838e-01 -1.10055114832371e+00 4.95029043987740e-02
-9.55633996260690e-01 2.34397375805377e-01 -2.32220452831781e-01
-9.25417453937389e-01 -7.52386639863142e-01 -3.10347702126292e-02
-7.41526137479704e-01 -2.72201616624205e-01 -3.06685837322175e-01
-4.49174184409835e-01 8.45776632637002e-01 2.44707217910951e-01
-4.76319959357252e-01 -9.49908887742076e-02 -3.73223063509314e-01
5.64318557314400e-01 5.42996514317493e-01 -3.08704169091672e-01
-7.41489791547711e-01 2.72001883655206e-01 3.06716739831829e-01
4.75857718148818e-01 -9.48927495967588e-02 -3.73294707947686e-01
-9.40242905955452e-01 4.00406597769283e-01 -2.12232074293269e-01
-1.86479034844736e-01 1.18151188893777e+00 -8.38815339288785e-05
-9.48320116823243e-02 -1.09320717608998e+00 -1.62551546113547e-01
-1.56929261715246e-01 2.76928887248586e-01 -3.93682329248558e-01
-8.49274673385735e-01 3.44171018724528e-01 -2.62491883168090e-01
-1.03259549933145e+00 -1.23473503344697e-01 -2.01780387214245e-01
1.09314880740867e+00 4.76283818561804e-01 3.22551559974606e-02
-1.01352144143388e+00 4.40007925976621e-01 1.56434387394155e-01
-1.09681192062061e+00 3.03730273232428e-01 1.25683210102808e-01
2.71688395283016e-01 8.98236383134909e-01 -2.53241521462409e-01
-3.66397369160757e-05 -1.15177186336681e+00 -1.10198906283816e-01
1.45008834560806e-01 4.45685014342312e-01 3.75751082127983e-01
4.00655813555605e-01 6.21804153571207e-01 3.20949141563718e-01
6.16509886318382e-01 -1.87133682782808e-01 -3.44099176638735e-01
1.23217319291434e-01 5.91243252488965e-01 3.52525687253871e-01
6.16474819153026e-01 1.86946152606830e-01 -3.44118384113793e-01
-5.64859406944849e-01 5.42817487968338e-01 -3.08625547214943e-01
-7.52432494996620e-01 -9.12097642540071e-02 -3.15950499484005e-01
-3.44385283827881e-01 -7.68813985805588e-01 2.89935738951227e-01
-4.00626999353907e-01 -6.21591671708995e-01 3.21001314097032e-01
-9.13035755030015e-02 9.25280725455198e-01 -2.56934807740382e-01
-1.00759360760154e+00 -6.16839835865923e-01 6.38852570147032e-02
-1.09313639427509e+00 -4.76238931472916e-01 3.23812207416822e-02
-1.00760747466615e+00 -6.16865130735004e-01 -6.38312631627219e-02
-5.91292303358408e-01 1.03245736472504e+00 4.20262151763307e-02
-1.09314199865303e+00 -4.76254083302594e-01 -3.23331490763845e-02
1.61963672365523e-01 -9.39583361111346e-02 4.03373215966486e-01
-9.43078973783367e-02 1.18140459864725e+00 5.51971464993601e-02
-7.61105146676843e-02 -7.14312134870050e-01 3.26554144961431e-01
-8.49181294530815e-01 -3.44622006899724e-01 -2.62458118689479e-01
-9.03878298634927e-01 -5.64752137224356e-01 -1.85387324650326e-01
6.80052014134619e-01 9.55693815554421e-01 8.00188379194148e-02
-9.09161627576001e-02 -9.25455722930437e-01 2.56877340103929e-01
1.18150714535018e+00 6.80603070222835e-05 -6.36815733360226e-02
4.64602077265287e-01 2.81295283897934e-01 3.63879209404740e-01
-3.03917290864614e-01 3.68231465870329e-01 3.74461685747223e-01
-8.65996335908911e-01 -2.37592557517121e-04 -2.81722580980982e-01
5.64737895579413e-01 -5.43021602625232e-01 3.08609610489748e-01
7.14359887821839e-01 -9.56371123720670e-01 2.59787005157315e-02
6.80227748431199e-01 -9.55514826808196e-01 8.00938609217582e-02
-6.17193348568129e-01 7.70397605256376e-01 2.30643344878894e-01
1.01334443573654e+00 -4.40120784051600e-01 -1.56531028688907e-01
-3.22786387599676e-01 6.33620643822382e-05 3.93256464645897e-01
-5.64583872964383e-01 -5.43093994920387e-01 3.08627613064209e-01
-4.00949242825267e-01 6.21340512404202e-01 -3.21011096390569e-01
-4.64538884509136e-01 -2.81090352946398e-01 3.63907076095507e-01
7.52054096270375e-01 9.09153152705025e-02 -3.16065402860479e-01
-7.16798593096948e-01 -4.49041163041771e-01 2.88774985020660e-01
1.18139520697951e+00 1.62031873578477e-01 3.20223260199541e-02
-3.04133767904977e-01 3.67893864479572e-01 -3.74479880589081e-01
4.00780051309944e-01 -6.21545772538631e-01 3.20989401997063e-01
6.17152892895750e-01 -7.70363701104411e-01 2.30669165948128e-01
5.91100327350029e-01 -1.03255434656155e+00 4.20632628132744e-02
6.21671322554875e-01 -9.40094771349372e-01 1.36785276536297e-01
7.70272385234529e-01 -6.75652313604481e-01 -2.10731711153330e-01
1.87119202454023e-01 -1.00763761378806e+00 2.10587393231746e-01
-9.49699711291628e-02 1.09326373989946e+00 1.62497797952858e-01
-6.21785894548352e-01 9.40059377066980e-01 1.36752920339756e-01
3.68189019953485e-01 -1.09675238898849e+00 1.03741289228705e-01
2.72095623816412e-01 -8.98328101187260e-01 2.53152606476843e-01
7.68757386848408e-01 -8.49134858527284e-01 -1.17648939447104e-01
-2.12253205201833e-04 1.15183098276794e+00 1.10126822319882e-01
1.01354061618598e+00 -4.40044586501456e-01 1.56407880183512e-01
3.44120941042986e-01 7.68697757238916e-01 -2.90008248018302e-01
-6.80374392534344e-01 9.55429306910883e-01 8.00675835130004e-02
1.00760363855254e+00 6.16933519484460e-01 6.37612307642922e-02
5.64634431210147e-01 5.43302460117267e-01 3.08574051197276e-01
6.75626993421986e-01 6.17267712649712e-01 2.62986600214490e-01
4.64248297488388e-01 2.80983435651044e-01 -3.63959929648936e-01
1.85973059817448e-01 1.18159162575135e+00 -9.98196353674593e-05
-7.14297538763092e-01 -9.56417103349724e-01 -2.59812272269965e-02
-7.68800683271359e-01 -8.49192476135198e-01 -1.17567445496516e-01
-4.49087447740592e-01 -8.45811288066381e-01 -2.44711812718930e-01
2.80817508480570e-01 1.06573732356650e+00 -1.58719795415316e-01
-5.64720992984341e-01 -5.43227941419622e-01 -3.08570879098059e-01
-1.15298505519725e+00 -1.56828932253754e-01 -9.46070072794618e-02
-2.34959184447087e-01 6.79939927037013e-01 -3.26288161217886e-01
-8.45681900289210e-01 -7.16872059004867e-01 1.53329189077716e-01
-1.15303023318243e+00 1.56424547138925e-01 -9.46208654823037e-02
7.52424356075253e-01 -9.08437118580402e-02 3.15965053552404e-01
1.18135216483975e+00 1.62006310023023e-01 -3.22219034787267e-02
9.56490250909800e-01 -7.60394767040938e-02 2.43857725149940e-01
6.16910559284569e-01 -7.70436936125370e-01 -2.30716217777143e-01
6.75456397285745e-01 -6.17093940028966e-01 -2.63085212271042e-01
7.16632895343939e-01 -4.49076826908990e-01 -2.88816460212172e-01
-7.70422199357846e-01 -6.75733304268308e-01 -2.10637568943840e-01
7.52070448077755e-01 -9.10541915222561e-02 -3.16056206113441e-01
4.40225139171298e-01 -4.58150527972618e-01 3.46025515772419e-01
1.15305825437735e+00 -1.56543771774139e-01 9.45580497421690e-02
5.91056661156980e-01 -1.03256205653899e+00 -4.21127036982053e-02
-6.21842663486630e-01 9.39895912750742e-01 -1.36853778180323e-01
1.10062356053506e+00 1.45183382304935e-01 1.52043781584674e-01
9.03983259602808e-01 -5.64561194180635e-01 1.85395461668952e-01
-3.44733148723430e-01 7.68575030631382e-01 -2.89961400706055e-01
2.34471387812739e-01 -6.80255434515576e-01 -3.26252400366771e-01
4.57951189148016e-01 1.01342859748572e+00 -1.50383745057345e-01
-1.03255425582453e+00 -1.23342458462978e-01 2.01814332990689e-01
4.00478526765969e-01 -6.21672185331129e-01 -3.21004735679987e-01
1.45104371125644e-01 -4.45455236149238e-01 3.75778546661916e-01
-4.64719236333585e-01 -2.81297178654469e-01 -3.63861596813883e-01
1.09322515345341e+00 -4.76086062537096e-01 3.22938348246730e-02
1.18137731194887e+00 -1.61846309131205e-01 -3.22081535329402e-02
1.06573878276265e+00 -4.64540268738432e-01 -9.60579840407784e-02
-1.03263020059311e+00 1.23019026782931e-01 -2.01792045838147e-01
-3.04045412567534e-01 -3.68302284152156e-01 -3.74441440526394e-01
-8.49196385510774e-01 3.44404405525142e-01 2.62485724171398e-01
1.09310690701513e+00 4.76252845519035e-01 -3.24732804518455e-02
-6.21543215370068e-01 -9.40131535874691e-01 1.36823683477384e-01
-7.68760738621928e-01 -8.49159909589487e-01 1.17625304854883e-01
-6.16994669864936e-01 -7.70418412429784e-01 2.30697207088541e-01
-9.04033127561103e-01 5.64355287198816e-01 -1.85440193724800e-01
-6.80405242244979e-01 9.55332934896896e-01 -8.01710144454750e-02
-3.68417720246519e-01 1.09661075182529e+00 -1.03821157877600e-01
-1.62175327086967e-01 9.38550672076039e-02 -4.03366104660555e-01
-9.40132205995657e-01 -4.00839637349791e-01 -2.12193945085084e-01
-4.45777722326073e-01 1.10042535355133e+00 -4.95864520485983e-02
-5.64722306765535e-01 5.43123371097135e-01 3.08592057620989e-01
-1.23200647988653e-01 -5.91041013333362e-01 3.52565900288369e-01
-3.16985235362790e-04 5.14680500882223e-01 -3.68667233090679e-01
4.48715662152915e-01 8.45662048573643e-01 -2.44851411729383e-01
9.08628601897758e-02 -9.25511235470145e-01 -2.56856221555313e-01
8.98288857934806e-01 7.41614926899305e-01 9.27743040007207e-02
-9.55577392441550e-01 2.34590758070635e-01 2.32224842476579e-01
-1.03258895979489e+00 1.23175572281058e-01 2.01805515281096e-01
9.38380222457698e-02 1.18144487757188e+00 5.51899988156150e-02
-2.34798637617821e-01 -6.80279926424025e-01 -3.26219007559766e-01
-7.70350838352523e-01 -6.75656191405722e-01 2.10696825934646e-01
-6.75579645597753e-01 -6.17067661916839e-01 2.63055502880164e-01
7.41208354044269e-01 -2.72071630351047e-01 -3.06788823434144e-01
9.08620607264131e-02 9.25620614778580e-01 2.56810301075954e-01
-5.91027564899183e-01 -1.03257982675646e+00 4.21095147779505e-02
-4.76343639125776e-01 9.45377707130198e-02 -3.73232952764862e-01
-1.86203349243791e-01 -1.18155539246996e+00 1.42729912641290e-05
2.34607662431981e-01 6.80366249824374e-01 3.26214038181484e-01
9.25462248283388e-01 -7.52301711687014e-01 -3.11189537183150e-02
-4.58424555322964e-01 1.01343101748710e+00 1.50213609228015e-01
-1.18136684617761e+00 -1.62055870944895e-01 3.21299664209618e-02
-2.71945775167585e-01 -8.98346178430148e-01 2.53163899210924e-01
-1.23336434580108e-01 5.91203107985615e-01 3.52528680155571e-01
-4.58499495100976e-01 1.01324580732589e+00 -1.50332556500789e-01
-7.64995715098039e-02 7.14123004595276e-01 -3.26591768454427e-01
1.03239121421818e+00 1.23270987962706e-01 -2.01916639446248e-01
8.98177900702798e-01 7.41513386551438e-01 -9.29939051492296e-02
-1.10060818747845e+00 1.44790893034363e-01 -1.52100377504432e-01
3.67967808858946e-01 1.09689525777005e+00 1.03656659018212e-01
-1.61912799622148e-01 9.41620026595497e-02 4.03370060299466e-01
8.48881878708542e-01 3.44410896656607e-01 -2.62603303347196e-01
-8.45876106541278e-01 7.16740651254786e-01 1.53275909849437e-01
-1.15297157152793e+00 -1.56769112053079e-01 9.46377178511640e-02
-9.56464479255777e-01 7.59360563503283e-02 -2.43873266041561e-01
-1.15301675189333e+00 1.56499575551874e-01 9.46255536180173e-02
7.41501105483108e-01 2.72202073254788e-01 3.06692845818190e-01
8.98415987948517e-01 -7.41398991453698e-01 9.28319769624734e-02
-2.81058425576983e-01 -1.06578880989135e+00 1.58629752413422e-01
1.56654589977917e-01 2.77307895896594e-01 3.93663979495723e-01
-1.56671977149703e-01 2.77265444701740e-01 3.93666658755531e-01
3.03877327193304e-01 3.68318617311529e-01 3.74455474419216e-01
-1.10058241943974e+00 1.44910591080480e-01 1.52108825200855e-01
3.44277050946625e-01 -7.68875628758850e-01 -2.89931667378019e-01
-7.41417713371442e-01 -2.72025826755624e-01 3.06734576974414e-01
-7.70530985631427e-01 6.75579163895453e-01 2.10648819849521e-01
-4.76137213508211e-01 -9.47430666584180e-02 3.73257590091192e-01
-9.03828185962629e-01 -5.64673704392398e-01 1.85443652556714e-01
-1.56607771633019e-01 -2.77097038168664e-01 3.93683460323177e-01
-9.40189510182765e-01 4.00601410888266e-01 2.12216792071771e-01
7.70151616380345e-01 6.75618071439788e-01 -2.10795959298164e-01
-1.23572921595808e-01 5.90844974622658e-01 -3.52589017574833e-01
8.65671121033240e-01 -4.48297648699766e-05 -2.81839090741657e-01
-1.45077461289943e-01 4.45641456591832e-01 3.75754016639294e-01
-4.64719754409923e-05 5.15040618589116e-01 3.68608613091848e-01
7.14331288715115e-01 -9.56376885584249e-01 -2.60455649193615e-02
-4.40373711845326e-01 4.57964437856891e-01 -3.46032194520348e-01
8.45829593850964e-01 -7.16789200862581e-01 1.53279366129479e-01
-6.16808037616791e-01 1.87066949963217e-01 3.44041110947457e-01
-6.16759804510581e-01 -1.87038764321807e-01 3.44052978062306e-01
2.34329007197522e-01 6.80019911849836e-01 -3.26321559090943e-01
9.06615692565459e-02 9.25315617338962e-01 -2.56946661785271e-01
4.48951656672702e-01 8.45942685598458e-01 2.44687908978784e-01
9.56178750348722e-01 7.61616319265277e-02 -2.43995658052236e-01
-1.23437147662481e-01 -5.91185370380157e-01 -3.52528038502411e-01
-3.68361201016949e-01 1.09674305119302e+00 1.03681522818675e-01
8.45525493602487e-01 7.16868776267555e-01 -1.53431503983632e-01
-2.02330824618832e-04 -5.15009722874491e-01 -3.68613639475382e-01
1.61614075437098e-01 9.38937631027519e-02 -4.03391315384940e-01
-4.40260178126775e-01 -4.58378677326163e-01 -3.45985091031256e-01
4.45329646122225e-01 1.10067306757432e+00 4.94145750049603e-02
-8.25390058124559e-01 8.65722859964030e-01 -4.34268987931959e-05
6.75740634121742e-01 -6.16989730021556e-01 2.63028606142897e-01
3.67872054460165e-01 1.09676294002291e+00 -1.03859308435715e-01
8.49248929660098e-01 -3.44343067743661e-01 2.62475287281638e-01
-1.07968196709037e+00 -2.23637756782501e-04 -1.75777100974775e-01
1.06566356989050e+00 4.64639818230996e-01 -9.60991237182389e-02
1.86730791193474e-01 1.00754666010568e+00 -2.10678300967863e-01
-7.68987058052110e-01 8.49032002738245e-01 1.17560461892255e-01
-1.87352513256241e-01 1.00747224109366e+00 -2.10655440426900e-01
1.15303367029697e+00 1.56787703862475e-01 9.45458811758779e-02
-1.18141380845230e+00 1.61735563283845e-01 3.21168131345752e-02
3.03952937862751e-01 -3.68057987315118e-01 3.74478195418706e-01
-6.75681525966063e-01 -6.17171846929339e-01 -2.62996496631297e-01
1.23344804212909e-01 -5.91026255591142e-01 3.52562908361129e-01
5.90861520424862e-01 1.03264282919580e+00 -4.22009592750922e-02
-6.17289611605706e-01 7.70142062024030e-01 -2.30712794451620e-01
-8.45727915803440e-01 -7.16924922588219e-01 -1.53270774452779e-01
8.45704534502426e-01 7.17034447956054e-01 1.53226078856780e-01
5.43004529199290e-01 9.04076318440103e-01 1.92705155039914e-01
9.45985068309485e-02 1.09330286975468e+00 1.62492366160585e-01
-1.56865072541050e-01 -2.77321565333808e-01 -3.93653085450935e-01
-1.44974553512731e-01 -4.45476277241815e-01 3.75781480133331e-01
3.44541037878093e-01 -7.68783341199412e-01 2.89923638954679e-01
9.55645021846600e-01 -2.34542722917057e-01 2.32198053333964e-01
-1.07817453051466e-04 8.25354549554810e-01 2.95603321131956e-01
-2.34758999515363e-01 6.80286233454063e-01 3.26220799985378e-01
-8.98494321525573e-01 7.41299006454940e-01 9.28366793730099e-02
4.64303444376101e-01 -2.81216486662031e-01 -3.63930743564687e-01
-7.62726984698783e-02 7.14475340251522e-01 3.26508106217901e-01
1.86905539633636e-01 1.00780560254902e+00 2.10515785161287e-01
2.77181953182103e-01 -1.15298867957113e+00 5.34786997597745e-02
1.86223625216045e-01 -1.18155219769573e+00 -1.66147525386229e-06
-1.06588876871481e+00 4.64316421405382e-01 -9.59901218388078e-02
-1.18137095367859e+00 -1.62076088001848e-01 -3.21004576131632e-02
-1.10056679547338e+00 -1.45224761785993e-01 -1.52087071847077e-01
7.60090316388256e-02 -7.14417699948980e-01 -3.26529977397460e-01
-2.77153085446666e-01 -1.15300130056353e+00 -5.34644175779398e-02
-9.56405151024459e-01 7.61193268197514e-02 2.43893729980837e-01
6.16836194986193e-01 1.87224375098504e-01 3.44025242068193e-01
-7.52456660028882e-01 9.07359378599466e-02 -3.15959695356748e-01
-4.45504669587511e-01 -1.10057242341889e+00 -4.94919276588762e-02
9.47088269491243e-02 -1.09320409165114e+00 -1.62562336774305e-01
-7.70602325305396e-01 6.75356026367909e-01 -2.10701804844990e-01
-5.15131258849632e-01 1.07952979753218e+00 -6.55776968685576e-05
7.14185854965623e-01 9.56519246013670e-01 2.59006618794144e-02
-9.10926973184773e-02 -9.25516852989237e-01 -2.56844370970584e-01
7.58530489598410e-02 7.14149397711469e-01 -3.26602620418244e-01
2.80956789169494e-01 1.06593710213448e+00 1.58534552256960e-01
1.22936349214802e-01 5.90885102846504e-01 -3.52607119806693e-01
-2.93125648707484e-04 1.15168731936888e+00 -1.10301824319284e-01
-1.45222416341044e-01 -4.45658141877551e-01 -3.75745181619908e-01
1.23063819753095e-01 -5.91170618496519e-01 -3.52546138475980e-01
2.71909483188384e-01 8.98533465372502e-01 2.53090947524878e-01
-4.00796638862330e-01 -6.21718066305480e-01 -3.20948085746906e-01
-9.40078795689574e-01 -4.00732003529645e-01 2.12245225684835e-01
-6.75842699306055e-01 6.16774040866748e-01 -2.63057006414258e-01
-8.49103000989238e-01 -3.44481304665780e-01 2.62509178262108e-01
-3.68150457260842e-01 -1.09677971066778e+00 -1.03723568341179e-01
4.40134585380048e-01 4.58425474529798e-01 3.45996491202092e-01
-4.49297424908850e-01 8.45496038042058e-01 -2.44793869465373e-01
8.48941890739991e-01 -3.44483815510543e-01 -2.62569534186535e-01
-4.58172383806610e-01 -1.01344903498916e+00 1.50289112654730e-01
-6.16903422353168e-01 -1.87250916493969e-01 -3.44009504432882e-01
-6.16951652093268e-01 1.86788785604043e-01 -3.44028709841370e-01
-5.91310415417344e-01 1.03240508850632e+00 -4.21460529111543e-02
4.64657231558870e-01 -2.81009631973494e-01 3.63896729269008e-01
-1.00776639215103e+00 6.16601027764056e-01 6.38362708637601e-02
-1.00778025152811e+00 6.16535314085139e-01 -6.38847390359434e-02
-1.09327210337442e+00 4.75949864679789e-01 3.23425500185531e-02
1.15177842036875e+00 -3.22724730695123e-01 -7.86515663870366e-05
-1.09327770583621e+00 4.75918900522241e-01 -3.23735771867814e-02
-7.16904328062400e-01 -4.49180434641305e-01 -2.88719128785066e-01
-9.43457957286501e-02 1.18133169743553e+00 -5.53712206607180e-02
3.22844262740883e-01 1.35244488239201e-04 3.93250923926264e-01
4.76204290086514e-01 9.49357876821005e-02 3.73241905179893e-01
-8.45922105971387e-01 7.16575026779661e-01 -1.53336581998465e-01
-5.43349668172021e-01 9.03643210479481e-01 -1.92828527695186e-01
-4.64608944896047e-01 2.81169094335833e-01 3.63889556936693e-01
-1.07965030484091e+00 -9.83767599443692e-05 1.75799785200068e-01
-7.41598210965235e-01 2.71740546987014e-01 -3.06713186762333e-01
8.25066766857458e-01 8.66030919280078e-01 -1.14047955395891e-04
1.56334070242465e-01 2.76971317743517e-01 -3.93706455532360e-01
-3.44571598664003e-01 7.68895961834894e-01 2.89884584704046e-01
-9.40384621187911e-02 -1.18138820380688e+00 5.52915652073839e-02
1.07973318636568e+00 1.42037969088278e-04 1.75740429169920e-01
-1.41024510216957e-04 -8.25272248411480e-01 -2.95630106415128e-01
-7.52322579828831e-01 -9.09993441079035e-02 3.15988084913159e-01
2.87362981402829e-06 1.86342977756937e-01 4.03421867882374e-01
1.06578649948967e+00 4.64731113904210e-01 9.58884961581025e-02
-5.91045676994822e-01 -1.03258753582532e+00 -4.20578082563527e-02
8.98305024640828e-01 -7.41429850377963e-01 -9.29283815859112e-02
5.43177827159229e-01 -9.03853041127637e-01 1.92770310267584e-01
9.40947713213045e-02 -1.18138658879040e+00 5.52844194349115e-02
2.81177052404942e-01 -1.06577832679895e+00 1.58613454351310e-01
8.45650546169493e-01 -7.16842082669568e-01 -1.53365683508373e-01
4.58296010261565e-01 -1.01342777758531e+00 1.50261877493166e-01
7.62614344716144e-02 -7.14304611909400e-01 3.26551958576370e-01
-4.45752726206508e-01 1.10048858372096e+00 4.94488659346272e-02
-2.77396459122531e-01 1.15296537340783e+00 5.34075671734688e-02
5.42809328973214e-01 9.03849506574421e-01 -1.92893211890625e-01
7.16869400631398e-01 4.49232796444479e-01 2.88719741629943e-01
-9.55512352348266e-01 -2.34716541382051e-01 2.32241224318902e-01
5.14688077498935e-01 1.07974113298180e+00 -1.09643757691950e-04
4.45281966500630e-01 1.10060982664278e+00 -4.96284198454390e-02
2.76943418297724e-01 1.15308267597985e+00 5.33864256004063e-02
1.09679686222676e+00 3.04032424963870e-01 1.25613342185351e-01
2.76896552798396e-01 1.15301292224164e+00 -5.35900125656924e-02
7.70510286455320e-01 -6.75575186947596e-01 2.10659133373111e-01
4.58096805599757e-01 1.01361383963889e+00 1.50186366009775e-01
-5.43032625692831e-01 -9.03888583496707e-01 1.92798571268028e-01
-8.98519687634087e-01 7.41197495882769e-01 -9.29025243827720e-02
1.56713835771739e-01 -2.77069721501620e-01 3.93680781213327e-01
-1.45325307506963e-01 4.45287747243307e-01 -3.75791735123627e-01
-1.18155987287740e+00 -1.95012056714589e-04 -6.35673900694275e-02
6.81993684870480e-05 -5.14844434756437e-01 3.68640562233833e-01
-8.98291233848050e-01 -7.41483148410088e-01 9.28943402405581e-02
-7.69026990832845e-01 8.48896959527780e-01 -1.17643671236055e-01
4.75839179777393e-01 9.46516129415011e-02 -3.73304599833391e-01
-2.81151954112948e-01 -1.06581512822420e+00 -1.58589810539322e-01
4.58150388032415e-01 -1.01345674415670e+00 -1.50290869422918e-01
7.16951038386701e-01 -4.48937523203981e-01 2.88749650828766e-01
9.39970521749698e-01 -4.00695818549130e-01 -2.12309085644182e-01
1.44800672287356e-01 -4.45637113161939e-01 -3.75767063744545e-01
7.16551264399092e-01 4.48960470130640e-01 -2.88861157942342e-01
1.01346804351386e+00 4.40311154704000e-01 1.56375241246371e-01
7.70389514231551e-01 6.75841271751776e-01 2.10611121432097e-01
9.03664539171313e-01 5.64645268774428e-01 -1.85546693545205e-01
6.17008430294014e-01 7.70617719546332e-01 2.30615297013594e-01
1.18142035430220e+00 -1.61826087086542e-01 3.20354788554039e-02
-1.62153514383451e-01 -9.42597087535720e-02 -4.03356126916668e-01
-9.11270683381106e-02 9.25585712846044e-01 2.56814019447923e-01
1.06586171499069e+00 -4.64494733468213e-01 9.59245485382134e-02
-2.72159770910161e-01 8.98430390134818e-01 2.53102243855509e-01
-7.14539875555633e-01 9.56241343442158e-01 2.59585771560572e-02
2.34750050032129e-01 -6.80136744473090e-01 3.26257887297671e-01
4.42409017497981e-05 -1.15175843655275e+00 1.10215264865171e-01
3.68093259264731e-01 -1.09676796378485e+00 -1.03761707851759e-01
-1.87117384335535e-01 -1.00768770993457e+00 -2.10559634101972e-01
9.48360464661392e-02 -1.09317940302498e+00 1.62573045187731e-01
9.10633598320775e-02 -9.25450106170759e-01 2.56873620700156e-01
1.09318324993726e+00 -4.76101226011997e-01 -3.24328450715078e-02
1.61634149943810e-01 -9.42263190748638e-02 -4.03381337550713e-01
1.15293281852891e+00 -1.56603618883304e-01 -9.47246608850000e-02
-7.16916954386687e-01 4.49017172203779e-01 2.88745078552903e-01
1.09663387878850e+00 3.03923234430892e-01 -1.25809886367156e-01
-7.17022670062238e-01 4.48744912426994e-01 -2.88763818920770e-01
1.10042602957309e+00 1.45063635405391e-01 -1.52223683675768e-01
-2.34598437003279e-01 -6.80161242818336e-01 3.26264646835815e-01
-9.56443355336309e-01 -7.64040855118589e-02 -2.43865882265580e-01
-2.77121451149191e-01 -1.15299481234119e+00 5.34998349883173e-02
6.16871268391966e-01 -1.86921486598164e-01 3.44037111583688e-01
9.55605555081612e-01 2.34842503307509e-01 2.32181664634658e-01
-4.45479665887007e-01 -1.10056507892254e+00 4.95371855458955e-02
-4.64789285073840e-01 2.80857292723448e-01 -3.63890779624723e-01
-2.77428089786987e-01 1.15289562712294e+00 -5.35637137376596e-02
-9.25409395988466e-01 -7.52376496629418e-01 3.10913979021286e-02
2.71874508127469e-01 -8.98391862914212e-01 -2.53153923171435e-01
-4.00779635376244e-01 6.21671593504007e-01 3.20961055537991e-01
-4.40084327255559e-01 -4.58213444027128e-01 3.46036684966878e-01
1.56393306752344e-01 -2.77294257487270e-01 -3.93677210646454e-01
-2.93187345175069e-04 1.86016897046468e-01 -4.03439398953779e-01
3.22490538901690e-01 -1.45022547142086e-04 -3.93284757872379e-01
-9.55568955355346e-01 -2.34854106406788e-01 -2.32197856751190e-01
-1.01343148962378e+00 -4.40268865864944e-01 -1.56416734986839e-01
-1.09674678909478e+00 -3.04031265123786e-01 -1.25664628695764e-01
9.25371958315018e-01 7.52470414621192e-01 3.09560360267634e-02
9.25334413358089e-01 7.52436273967414e-01 -3.11827915505431e-02
4.39802542589112e-01 4.58097502182814e-01 -3.46096341521002e-01
4.39893081455451e-01 -4.58315786854523e-01 -3.46049232989187e-01
3.44384907058770e-01 7.69018729514284e-01 2.89872482608106e-01
7.61054311704847e-02 7.14501745938841e-01 3.26505920108912e-01
-9.47206169191576e-02 -1.09318248584879e+00 1.62578473624088e-01
-3.68093929957396e-01 -1.09676413916184e+00 1.03766143324549e-01
-5.14859122641010e-01 -1.07965962846689e+00 2.41046676598214e-05
9.56191551511340e-01 -7.62038361323634e-02 -2.43988273319361e-01
-1.06573911969347e+00 -4.64645936344610e-01 9.59979484476575e-02
1.00762565287762e+00 -6.16748896683064e-01 -6.39286766011459e-02
9.55360712370448e-01 -2.34680338211321e-01 -2.32318205057027e-01
1.00770554326328e+00 -6.16723589128832e-01 6.38102244428001e-02
-1.15172468645843e+00 -3.22916518154146e-01 1.99013458698231e-05
-9.25624679310077e-01 7.52109072236665e-01 -3.10985951583325e-02
-3.24783210528717e-04 8.25018726245014e-01 -2.95712572477418e-01
-2.81312870011893e-01 1.06582238334542e+00 1.58550854244749e-01
-4.40197880756438e-01 4.58292359383487e-01 3.46007662006827e-01
-9.25616625341804e-01 7.52143201404100e-01 3.10302384101486e-02
4.76222821451071e-01 -9.46448902431621e-02 3.73247761434944e-01
7.14157259312060e-01 9.56487926596380e-01 -2.61264388813715e-02
1.01327186251336e+00 4.40164311490723e-01 -1.56571525007355e-01
6.79965262071288e-01 9.55597422921174e-01 -8.02386895928578e-02
-2.72310223510789e-01 8.98133331051995e-01 -2.53206266463518e-01
1.61943584071707e-01 9.42007127498730e-02 4.03367565891296e-01
7.68738207879688e-01 8.49316776902721e-01 1.17510380671052e-01
6.21495283232687e-01 9.40299453632153e-01 1.36714502292362e-01
-6.17090959750258e-01 -7.70491628733700e-01 -2.30638668614574e-01
7.68890076004621e-01 -8.49102288279068e-01 1.17575232919249e-01
1.07950677800421e+00 1.67267631225836e-05 -1.75902511630829e-01
-5.43261912164102e-01 9.03869981916358e-01 1.92733422856219e-01
9.39902781665726e-01 4.00681366928398e-01 -2.12347224398001e-01
-3.44546864786794e-01 -7.68906264190822e-01 -2.89884826320379e-01
-2.81406380568526e-01 1.06562262318267e+00 -1.58687984357489e-01
1.10044922382026e+00 -1.45007457937345e-01 -1.52210375584893e-01
6.75342762823684e-01 6.16996957583582e-01 -2.63145732889102e-01
-4.76160901418333e-01 9.48218958946604e-02 3.73251733607156e-01
8.49188907462327e-01 3.44644353380578e-01 2.62451826189844e-01
-1.18155174902247e+00 -1.49710608404855e-04 6.35850058489082e-02
7.52407998656406e-01 9.11552697813573e-02 3.15959133776732e-01
9.56477447543210e-01 7.63449656739715e-02 2.43852452152400e-01
4.00354294201465e-01 6.21473020989856e-01 -3.21067754757951e-01
1.44705145919372e-01 4.45331287711225e-01 -3.75813619108481e-01
4.49118346765629e-01 -8.45709126070535e-01 2.44746362495960e-01
-1.10054102599415e+00 -1.45127692615106e-01 1.52119610146137e-01
-4.48964195504459e-01 -8.45743056692374e-01 2.44765664778452e-01
9.25499790391871e-01 -7.52291570200266e-01 3.10172062258599e-02
-6.80124552397325e-01 -9.55553235142672e-01 8.01425939947598e-02
8.25218852056647e-01 -8.65886058030050e-01 -4.21112232304665e-05
-6.75740840982658e-01 6.17044731009435e-01 2.63013502234990e-01
1.03241139897534e+00 -1.23265712188964e-01 -2.01904982898862e-01
1.18159235804464e+00 1.13377963640744e-04 6.34969795652838e-02
-8.65914744501003e-01 -3.68341846403046e-05 2.81751828699229e-01
-9.56384030418739e-01 -7.62397866606854e-02 2.43898998924542e-01
3.03619762912113e-01 -3.68254114247848e-01 -3.74487226154879e-01
3.03544164699876e-01 3.67980976038465e-01 -3.74525669818208e-01
-1.61890985801481e-01 -9.39917419209413e-02 4.03375710336763e-01
-3.03828933700474e-01 -3.68106179371731e-01 3.74484404582889e-01
7.68605515682844e-01 8.49181700474253e-01 -1.17725180275864e-01
9.55321249851451e-01 2.34649049889545e-01 -2.32340806922503e-01
6.16766101690501e-01 7.70362112457009e-01 -2.30790359102578e-01
-7.52346751961078e-01 9.09758268113919e-02 3.15982164932464e-01
-4.58247337928461e-01 -1.01347799933102e+00 -1.50239692564694e-01
-1.86983044080086e-01 -1.00764648923697e+00 2.10596541406740e-01
5.42982618477541e-01 -9.03901037356417e-01 -1.92808183763679e-01
7.41159288273596e-01 2.71940669666318e-01 -3.06816178220276e-01
2.81037748418538e-01 -1.06580464663558e+00 -1.58621618456030e-01
9.03886628399985e-01 5.64831153844556e-01 1.85354522800817e-01
1.03266641797942e+00 -1.23134616461420e-01 2.01762217753090e-01
9.40515282410698e-02 -1.18139248462317e+00 -5.52783095088675e-02
6.21351250040215e-01 9.40135948318589e-01 -1.36921760327604e-01
1.00752375114547e+00 6.16867783541046e-01 -6.39821646827784e-02
-2.51723088148122e-04 -1.86384065267951e-01 -4.03419645942178e-01
9.37947802165109e-02 1.18137197293282e+00 -5.53801778558074e-02
-8.25156503133036e-01 -8.65945479151714e-01 2.84971140931790e-05
-8.98316609593680e-01 -7.41513991174213e-01 -9.28370137854173e-02
9.40228668115497e-01 -4.00588150785417e-01 2.12199484329564e-01
-7.14549462660498e-01 9.56210027314496e-01 -2.60620905370413e-02
5.90905182537826e-01 1.03269511508642e+00 4.19799506006082e-02
4.43447257027204e-05 -1.86135147512240e-01 4.03433052727223e-01
7.41550174281784e-01 -2.71895797743943e-01 3.06710686773553e-01
4.48882337328440e-01 -8.45777364275963e-01 -2.44769347490878e-01
5.64421997773821e-01 -5.43155577573569e-01 -3.08649495460967e-01
-7.14287955633031e-01 -9.56411343610978e-01 2.60366013936996e-02
-1.06587080726986e+00 4.64407677417645e-01 9.59619033519284e-02
-9.40763691877264e-02 -1.18139409949625e+00 -5.52693573565253e-02
2.77135078217124e-01 -1.15299516791161e+00 -5.34907116471970e-02
-1.15181776465406e+00 3.22584362779242e-01 -6.90972121927440e-06
9.03761160978834e-01 -5.64639654533724e-01 -1.85493814810716e-01
6.21527281262798e-01 -9.40126288545320e-01 -1.36836324583064e-01
1.10064675884651e+00 -1.44910349816708e-01 1.52054569200537e-01
4.45499075561396e-01 -1.10055849631817e+00 -4.95338854039826e-02
-5.43120402695161e-01 -9.03936568402376e-01 -1.92743511369534e-01
1.15290823373214e+00 1.56712643318998e-01 -9.47385237724208e-02
-1.01339799880694e+00 -4.40192699741633e-01 1.56467014315323e-01
6.80140987928579e-01 -9.55532650565160e-01 -8.01549447695021e-02
9.40160925649753e-01 4.00876252230248e-01 2.12171045652677e-01
-1.09672525457215e+00 -3.03961294117037e-01 1.25706265565002e-01
1.03264622415496e+00 1.23427590445265e-01 2.01753397322275e-01
1.09684552463918e+00 -3.03775013476513e-01 1.25636407189025e-01
1.86944427919703e-01 -1.00767884268610e+00 -2.10582490377961e-01
-3.23009882936844e-01 -2.16875567649111e-04 -3.93235064030672e-01
8.66003113271694e-01 1.55992075191033e-04 2.81720158860732e-01
-6.80155410812492e-01 -9.55571048494966e-01 -8.00872833093643e-02
9.44712955168390e-02 1.09309583307355e+00 -1.62663287307906e-01
-9.50813706249003e-02 1.09305670936735e+00 -1.62652496684359e-01
7.59531709269206e-05 -8.25186676932489e-01 2.95657955116174e-01
1.09668253609823e+00 -3.03845013555727e-01 -1.25782463703725e-01
-6.21600003876075e-01 -9.40163039758792e-01 -1.36768360195479e-01
-1.87218196722043e-01 1.00773116639485e+00 2.10524938044185e-01
-1.01355492731437e+00 4.39861133668509e-01 -1.56457219643438e-01
-1.09683345442052e+00 3.03621120854726e-01 -1.25692047890709e-01
1.15172774350298e+00 3.22905472110040e-01 -1.05470363993365e-04
1.13749425702556e+00 3.18304420794975e-01 -6.43628335718072e-02
-8.19534241559235e-01 5.14600066117749e-01 -2.40052731108649e-01
-2.77839898793149e-01 5.32877881819820e-01 -3.53119993399962e-01
-5.15134148913124e-01 7.02793487960658e-01 -2.79785027155434e-01
-7.03000131538713e-01 -8.19385371220722e-01 1.75814114818470e-01
3.17941772708362e-01 -1.88309943116592e-01 -3.88430812209557e-01
-8.19320267801186e-01 -5.14912421541330e-01 2.40059796686961e-01
2.77336843788449e-01 -5.33220699504934e-01 -3.53105765022818e-01
1.14008130836533e+00 4.21127537269356e-05 -1.23561123862816e-01
-8.87494218396781e-05 -1.02130268046562e+00 -2.12595128957702e-01
1.71623348758260e-01 -8.10653962650914e-01 2.94535717287708e-01
-1.02121780635998e+00 -6.22783285192423e-01 2.67766236216095e-05
8.19479012591539e-01 -5.14803342132235e-01 2.40023898486340e-01
1.14024414859402e+00 1.30114194025768e-04 1.23385816766963e-01
1.88225000244195e-01 -1.13756817165601e+00 1.08647899134605e-01
-3.61564938520453e-01 -1.14018227765321e+00 2.00554194524754e-05
-1.88203909175943e-01 -1.13758686132505e+00 -1.08629343732718e-01
3.61592702335058e-01 -1.14017347412315e+00 -1.08825652464137e-05
-5.33119123047427e-01 -1.03418824001088e+00 -9.47354060218157e-02
-6.22858092153024e-01 -2.34381260396030e-04 -3.48668252872919e-01
1.02118658271331e+00 6.22834399752957e-01 -1.12344706826181e-04
-1.71849098830239e-01 8.10463154030599e-01 -2.94581585193585e-01
7.02999096756855e-01 8.19567522876811e-01 1.75715590651886e-01
1.71381286922304e-01 -8.10741396022051e-01 -2.94524092906060e-01
7.02806662354819e-01 8.19368302399338e-01 -1.75913534408760e-01
-1.88400221598475e-01 1.13760051301806e+00 1.08572990407498e-01
8.19111311450202e-01 5.14855839720481e-01 -2.40157055627198e-01
-5.15002735154410e-01 7.03093738567586e-01 2.79725280495410e-01
8.62382561609532e-01 1.71495993899324e-01 -2.76888130901646e-01
-5.33337247284836e-01 1.03409914662714e+00 9.47056522103464e-02
-8.10643239554624e-01 -8.62676913401086e-01 -5.85355898488471e-02
-7.03281053696729e-01 8.19111567643139e-01 -1.75831875072275e-01
-1.71658867714458e-01 8.10795513696860e-01 2.94487877370923e-01
-1.03416872876085e+00 -2.77734853100564e-01 -1.81991675346326e-01
3.61362320930925e-01 1.14024646977718e+00 -1.05605780901883e-04
-8.19395532442802e-01 -5.15020085909767e-01 -2.40002916499087e-01
-3.18416176492276e-01 -1.88370353724460e-01 -3.88382090710069e-01
-3.61842377838193e-01 1.14009424184136e+00 -7.46593135551311e-05
-2.77712751220851e-01 -5.33256735141575e-01 -3.53064975178314e-01
-1.02139273456020e+00 6.22496354158784e-01 -2.49474017689802e-05
5.32977070975965e-01 1.03431376104250e+00 9.46688079241427e-02
-1.14017631293867e+00 -1.23770339896118e-04 1.23458876917096e-01
-8.19458993093645e-01 5.14834496881042e-01 2.40024076401816e-01
1.71450725357437e-01 8.10857888493093e-01 2.94481991688893e-01
-1.14019470923129e+00 -2.11735140773159e-04 -1.23439054770851e-01
-3.18239848545117e-01 1.88257393925221e-01 3.88405323801602e-01
-3.18194523182232e-01 -1.88131090257771e-01 3.88416787329741e-01
1.71208680099732e-01 8.10525508800065e-01 -2.94605057052082e-01
-5.14956960035516e-01 -7.03160943498915e-01 -2.79715411086544e-01
3.18251728539084e-01 1.88338689673142e-01 3.88399594275290e-01
-3.16171248420046e-04 1.02112898212001e+00 -2.12692353241181e-01
5.14984625903923e-01 -7.03010801677222e-01 2.79753467280077e-01
1.13757891827668e+00 3.18360711761011e-01 6.41556044565182e-02
6.22420764713263e-01 -9.57628526880971e-05 -3.48759293998600e-01
8.62738001659842e-01 -1.71408215653927e-01 2.76765354455573e-01
8.62708245864866e-01 1.71717604921246e-01 2.76753808953543e-01
-2.18342972223527e-05 3.61728350495057e-01 3.89285281198687e-01
2.77535916900397e-01 5.33313657749962e-01 3.53071162186465e-01
5.86953034999437e-05 -3.61525106599074e-01 3.89307290987908e-01
-8.62743329674694e-01 1.71278237531025e-01 -2.76772799177619e-01
2.77646213903296e-01 -5.33065637634122e-01 3.53104715973656e-01
-1.88134671775450e-01 -1.13757283654191e+00 1.08660443407795e-01
6.72880122567252e-05 -1.02126254953964e+00 2.12617603635664e-01
-5.33075505279935e-01 -1.03417097890618e+00 9.47859743384040e-02
-8.10624591588184e-01 -8.62661111470108e-01 5.85928180348818e-02
-5.14825521475467e-01 -7.03062484235853e-01 2.79772464768918e-01
7.03148712263289e-01 -8.19329037113208e-01 1.75775448680276e-01
8.62412313256015e-01 -1.71581181980899e-01 -2.76871174802220e-01
5.14705411226179e-01 -7.03109278641198e-01 -2.79784518813888e-01
8.10725076193543e-01 -8.62602270758614e-01 5.85316981540236e-02
-1.03413169707456e+00 -2.77631054813366e-01 1.82034665772555e-01
-8.62616069205242e-01 -1.71574584359192e-01 2.76797642714285e-01
1.88134759268896e-01 -1.13758219656783e+00 -1.08649001269561e-01
-1.71470406172548e-01 -8.10667988171949e-01 2.94541601718013e-01
-7.03065752149473e-01 -8.19436740142830e-01 -1.75755603404213e-01
-2.77503837297487e-01 -5.33101688460021e-01 3.53111418829106e-01
1.03426426143573e+00 -2.77450650099688e-01 1.81978921678050e-01
-5.33380854705730e-01 1.03398134449687e+00 -9.48268922733775e-02
5.33080437092113e-01 -1.03416542712372e+00 -9.47898023612960e-02
-1.71660659307459e-01 -8.10755418889833e-01 -2.94500624445774e-01
1.13754447236024e+00 -3.18172808998494e-01 -6.43352288618252e-02
8.10572851811632e-01 8.62785320528464e-01 5.84629116130060e-02
-2.27007630597074e-04 -3.61730261691505e-01 -3.89285066516721e-01
8.10505525051231e-01 8.62717635210883e-01 -5.86877456965200e-02
1.13762913496534e+00 -3.18137502846827e-01 6.41808749067755e-02
-3.07524174577748e-04 3.61378641345054e-01 -3.89323130312585e-01
3.17903285132627e-01 1.88024351593383e-01 -3.88450612957732e-01
1.03398864325337e+00 2.77577739970065e-01 -1.82138851281066e-01
1.03421882199625e+00 2.77733396501220e-01 1.81958745402396e-01
5.14569491197189e-01 7.02971069345695e-01 -2.79854144226334e-01
-1.60149193543937e-04 1.02139189661309e+00 2.12545150381868e-01
2.77226557784468e-01 5.32965418533509e-01 -3.53160787806379e-01
-8.10875201119503e-01 8.62415463972011e-01 -5.86101231207985e-02
-7.03215453343609e-01 8.19310737567318e-01 1.75754264977609e-01
-1.03424689907000e+00 2.77297633082366e-01 -1.82017611541432e-01
1.87983879805217e-01 1.13767965775164e+00 1.08560441778808e-01
1.87893648471832e-01 1.13753881105751e+00 -1.08750552111547e-01
-1.88469451584053e-01 1.13745967599555e+00 -1.08730890416514e-01
-8.10856558508315e-01 8.62483132429188e-01 5.85240438260183e-02
-1.03420987147239e+00 2.77453231292469e-01 1.82014496081238e-01
-8.62696689845838e-01 -1.71747495598485e-01 -2.76755846165790e-01
7.02956273219442e-01 -8.19380419123157e-01 -1.75837247949529e-01
-1.13753491009630e+00 -3.18327844318517e-01 6.42654936775328e-02
8.19201901832531e-01 -5.14911036294240e-01 -2.40107231421662e-01
-1.13754456986283e+00 -3.18363134928356e-01 -6.42251674584265e-02
-6.22713613093020e-01 1.40887639235098e-05 3.48698346286472e-01
1.02128898132299e+00 -6.22666539657219e-01 -6.06104732012765e-05
-1.13762641446232e+00 3.18044458594714e-01 6.42402295576316e-02
-1.13763607109158e+00 3.17988190568690e-01 -6.42527655625484e-02
8.10657747314227e-01 -8.62618077850084e-01 -5.86131989419818e-02
-8.62662711284120e-01 1.71499779465732e-01 2.76786100764821e-01
8.19388415692324e-01 5.15090340214445e-01 2.39988171946955e-01
3.18290222082773e-01 -1.88070655041383e-01 3.88411058290677e-01
5.32881585482769e-01 1.03419593606854e+00 -9.48813016155321e-02
6.22788105798168e-01 1.52761430819668e-04 3.48682832313686e-01
5.14848693041208e-01 7.03271377135791e-01 2.79706278487812e-01
-2.77631002007285e-01 5.33226085297729e-01 3.53077866872110e-01
1.03403407850164e+00 -2.77554488445699e-01 -1.82112909681370e-01
-3.18461495065939e-01 1.87943090675323e-01 -3.88401889803342e-01
5.33175929696705e-01 -1.03414816105886e+00 9.47491409743817e-02
-3.69565841944404e-01 -9.67697609034800e-01 2.04215855672358e-01
2.54273150291852e-05 1.04697669010706e-04 4.08408273760688e-01
-3.69801745025017e-01 9.67732579974418e-01 2.04146739301911e-01
-3.69676981929504e-01 -9.67741755220089e-01 -2.04168010653909e-01
1.19613742949275e+00 9.23388221536063e-05 -9.39621429715205e-05
9.67624953602306e-01 -5.98067565991336e-01 -1.26268817806688e-01
-5.98185144210861e-01 -3.69797476327308e-01 -3.30362400505434e-01
9.67780244154582e-01 -5.98016342308945e-01 1.26158307834740e-01
-5.98280058077048e-01 3.69355015838902e-01 -3.30400066387025e-01
-1.19613745180729e+00 -1.73987662249745e-04 8.39239859022261e-06
3.69517479260661e-01 -9.67721672943949e-01 -2.04212764471872e-01
5.97838297283465e-01 -3.69702790272404e-01 -3.30447939490953e-01
-2.57642770972869e-04 1.19613740631236e+00 -9.24616258398761e-05
5.97768600605530e-01 3.69526608694679e-01 -3.30485610403342e-01
8.73128793357731e-06 -1.19613746451088e+00 6.90638269009801e-06
3.69706080770186e-01 -9.67677520967701e-01 2.04197359585579e-01
-5.98138964305196e-01 3.69653101277287e-01 3.30390983923159e-01
9.67524781632737e-01 5.98131821833613e-01 -1.26322810869305e-01
-5.98044036783412e-01 -3.69624681035810e-01 3.30414723488112e-01
5.98112472343546e-01 3.69824755604819e-01 3.30374179824925e-01
9.67680067498313e-01 5.98260511092618e-01 1.26112924640578e-01
-9.67640436249001e-01 -5.98131141575522e-01 1.26219869210852e-01
5.98182179288092e-01 -3.69529960530212e-01 3.30397921822155e-01
3.69510972317834e-01 9.67877116671282e-01 2.04128237526231e-01
-9.67670413393113e-01 -5.98182344372859e-01 -1.26164776513308e-01
-2.74289826069474e-04 -1.86349642633741e-04 -4.08408259723189e-01
3.69322388565092e-01 9.67630190391418e-01 -2.04304424687757e-01
-9.67806625557942e-01 5.97944348262836e-01 1.26174496062515e-01
-9.67836592105668e-01 5.97815702608392e-01 -1.26218757652575e-01
-3.69912866480873e-01 9.67485684778705e-01 -2.04259663845948e-01
-6.28805172601827e-01 -1.01752094987089e+00 2.63924361084712e-05
6.28851672935721e-01 -1.01749221200581e+00 -2.74117816465308e-05
6.28661567695096e-01 1.01760963060561e+00 -1.11945096021340e-04
-6.29068240603593e-01 1.01735832142504e+00 -5.81279853354668e-05
-1.01750691957394e+00 -7.76014202173853e-05 2.14706516408518e-01
-1.01755243460907e+00 -2.30585929477832e-04 -2.14681355282348e-01
1.01732604985396e+00 -4.06426456548591e-06 -2.14806413387911e-01
1.01759571808683e+00 1.48977570794540e-04 2.14657444588566e-01
-6.69652682596186e-05 6.28996948779267e-01 3.47381113665203e-01
7.30854456160124e-05 -6.28808451326591e-01 3.47420895351209e-01
-1.81878359537605e-04 -6.28943973314987e-01 -3.47392290847001e-01
-3.21911081374126e-04 6.28637301068162e-01 -3.47456985346628e-01
3 631 67 1
3 599 6 67
3 497 1 6
3 67 6 1
3 615 294 296
3 494 73 294
3 599 296 73
3 294 73 296
3 614 232 293
3 497 231 232
3 494 293 231
3 232 231 293
3 599 73 6
3 494 231 73
3 497 6 231
3 73 231 6
3 639 43 297
3 553 473 43
3 490 297 473
3 43 473 297
3 600 430 152
3 542 47 430
3 553 152 47
3 430 47 152
3 615 74 70
3 490 340 74
3 542 70 340
3 74 340 70
3 553 47 473
3 542 340 47
3 490 473 340
3 47 340 473
3 630 374 145
3 495 353 374
3 543 145 353
3 374 353 145
3 614 284 147
3 541 350 284
3 495 147 350
3 284 350 147
3 600 262 168
3 543 373 262
3 541 168 373
3 262 373 168
3 495 350 353
3 541 373 350
3 543 353 373
3 350 373 353
3 615 70 294
3 542 339 70
3 494 294 339
3 70 339 294
3 600 168 430
3 541 372 168
3 542 430 372
3 168 372 430
3 614 293 284
3 494 336 293
3 541 284 336
3 293 336 284
3 542 372 339
3 541 336 372
3 494 339 336
3 372 336 339
3 640 236 3
3 503 286 236
3 559 3 286
3 236 286 3
3 610 467 357
3 489 135 467
3 503 357 135
3 467 135 357
3 603 5 338
3 559 246 5
3 489 338 246
3 5 246 338
3 503 135 286
3 489 246 135
3 559 286 246
3 135 246 286
3 631 1 104
3 497 458 1
3 558 104 458
3 1 458 104
3 614 436 232
3 552 453 436
3 497 232 453
3 436 453 232
3 610 320 433
3 558 337 320
3 552 433 337
3 320 337 433
3 497 453 458
3 552 337 453
3 558 458 337
3 453 337 458
3 630 290 374
3 498 241 290
3 495 374 241
3 290 241 374
3 603 319 429
3 496 258 319
3 498 429 258
3 319 258 429
3 614 147 452
3 495 237 147
3 496 452 237
3 147 237 452
3 498 258 241
3 496 237 258
3 495 241 237
3 258 237 241
3 610 433 467
3 552 242 433
3 489 467 242
3 433 242 467
3 614 452 436
3 496 25 452
3 552 436 25
3 452 25 436
3 603 338 319
3 489 17 338
3 496 319 17
3 338 17 319
3 552 25 242
3 496 17 25
3 489 242 17
3 25 17 242
3 635 349 20
3 580 363 349
3 513 20 363
3 349 363 20
3 606 272 9
3 515 44 272
3 580 9 44
3 272 44 9
3 624 364 45
3 513 129 364
3 515 45 129
3 364 129 45
3 580 44 363
3 515 129 44
3 513 363 129
3 44 129 363
3 640 3 194
3 559 140 3
3 518 194 140
3 3 140 194
3 603 87 5
3 528 399 87
3 559 5 399
3 87 399 5
3 606 199 89
3 518 254 199
3 528 89 254
3 199 254 89
3 559 399 140
3 528 254 399
3 518 140 254
3 399 254 140
3 630 85 290
3 510 470 85
3 498 290 470
3 85 470 290
3 624 217 442
3 554 86 217
3 510 442 86
3 217 86 442
3 603 429 459
3 498 475 429
3 554 459 475
3 429 475 459
3 510 86 470
3 554 475 86
3 498 470 475
3 86 475 470
3 606 89 272
3 528 213 89
3 515 272 213
3 89 213 272
3 603 459 87
3 554 394 459
3 528 87 394
3 459 394 87
3 624 45 217
3 515 100 45
3 554 217 100
3 45 100 217
3 528 394 213
3 554 100 394
3 515 213 100
3 394 100 213
3 634 279 111
3 521 411 279
3 550 111 411
3 279 411 111
3 609 151 405
3 582 163 151
3 521 405 163
3 151 163 405
3 621 461 376
3 550 464 461
3 582 376 464
3 461 464 376
3 521 163 411
3 582 464 163
3 550 411 464
3 163 464 411
3 635 20 205
3 513 235 20
3 524 205 235
3 20 235 205
3 624 2 364
3 584 365 2
3 513 364 365
3 2 365 364
3 609 314 234
3 524 90 314
3 584 234 90
3 314 90 234
3 513 365 235
3 584 90 365
3 524 235 90
3 365 90 235
3 630 450 85
3 544 441 450
3 510 85 441
3 450 441 85
3 621 36 316
3 491 356 36
3 544 316 356
3 36 356 316
3 624 442 38
3 510 8 442
3 491 38 8
3 442 8 38
3 544 356 441
3 491 8 356
3 510 441 8
3 356 8 441
3 609 234 151
3 584 380 234
3 582 151 380
3 234 380 151
3 624 38 2
3 491 40 38
3 584 2 40
3 38 40 2
3 621 376 36
3 582 37 376
3 491 36 37
3 376 37 36
3 584 40 380
3 491 37 40
3 582 380 37
3 40 37 380
3 639 132 43
3 555 348 132
3 553 43 348
3 132 348 43
3 618 58 359
3 545 34 58
3 555 359 34
3 58 34 359
3 600 152 412
3 553 33 152
3 545 412 33
3 152 33 412
3 555 34 348
3 545 33 34
3 553 348 33
3 34 33 348
3 634 111 420
3 550 302 111
3 551 420 302
3 111 302 420
3 621 177 461
3 486 255 177
3 550 461 255
3 177 255 461
3 618 174 62
3 551 257 174
3 486 62 257
3 174 257 62
3 550 255 302
3 486 257 255
3 551 302 257
3 255 257 302
3 630 145 450
3 543 414 145
3 544 450 414
3 145 414 450
3 600 310 262
3 484 122 310
3 543 262 122
3 310 122 262
3 621 316 92
3 544 123 316
3 484 92 123
3 316 123 92
3 543 122 414
3 484 123 122
3 544 414 123
3 122 123 414
3 618 62 58
3 486 142 62
3 545 58 142
3 62 142 58
3 621 92 177
3 484 141 92
3 486 177 141
3 92 141 177
3 600 412 310
3 545 124 412
3 484 310 124
3 412 124 310
3 486 141 142
3 484 124 141
3 545 142 124
3 141 124 142
3 638 371 229
3 523 225 371
3 512 229 225
3 371 225 229
3 623 230 253
3 570 144 230
3 523 253 144
3 230 144 253
3 602 333 476
3 512 331 333
3 570 476 331
3 333 331 476
3 523 144 225
3 570 331 144
3 512 225 331
3 144 331 225
3 632 303 445
3 514 200 303
3 520 445 200
3 303 200 445
3 612 139 84
3 575 305 139
3 514 84 305
3 139 305 84
3 623 309 248
3 520 159 309
3 575 248 159
3 309 159 248
3 514 305 200
3 575 159 305
3 520 200 159
3 305 159 200
3 633 39 244
3 509 298 39
3 517 244 298
3 39 298 244
3 602 383 150
3 505 195 383
3 509 150 195
3 383 195 150
3 612 16 42
3 517 299 16
3 505 42 299
3 16 299 42
3 509 195 298
3 505 299 195
3 517 298 299
3 195 299 298
3 623 248 230
3 575 220 248
3 570 230 220
3 248 220 230
3 612 42 139
3 505 76 42
3 575 139 76
3 42 76 139
3 602 476 383
3 570 71 476
3 505 383 71
3 476 71 383
3 575 76 220
3 505 71 76
3 570 220 71
3 76 71 220
3 634 238 138
3 590 137 238
3 579 138 137
3 238 137 138
3 616 344 13
3 522 120 344
3 590 13 120
3 344 120 13
3 627 22 0
3 579 179 22
3 522 0 179
3 22 179 0
3 590 120 137
3 522 179 120
3 579 137 179
3 120 179 137
3 638 229 153
3 512 226 229
3 596 153 226
3 229 226 153
3 602 10 333
3 507 283 10
3 512 333 283
3 10 283 333
3 616 384 131
3 596 358 384
3 507 131 358
3 384 358 131
3 512 283 226
3 507 358 283
3 596 226 358
3 283 358 226
3 633 334 39
3 578 79 334
3 509 39 79
3 334 79 39
3 627 162 227
3 573 208 162
3 578 227 208
3 162 208 227
3 602 150 397
3 509 72 150
3 573 397 72
3 150 72 397
3 578 208 79
3 573 72 208
3 509 79 72
3 208 72 79
3 616 131 344
3 507 416 131
3 522 344 416
3 131 416 344
3 602 397 10
3 573 55 397
3 507 10 55
3 397 55 10
3 627 0 162
3 522 175 0
3 573 162 175
3 0 175 162
3 507 55 416
3 573 175 55
3 522 416 175
3 55 175 416
3 635 205 118
3 524 158 205
3 574 118 158
3 205 158 118
3 609 4 314
3 588 93 4
3 524 314 93
3 4 93 314
3 628 477 233
3 574 478 477
3 588 233 478
3 477 478 233
3 524 93 158
3 588 478 93
3 574 158 478
3 93 478 158
3 634 138 279
3 579 172 138
3 521 279 172
3 138 172 279
3 627 451 22
3 587 23 451
3 579 22 23
3 451 23 22
3 609 405 211
3 521 165 405
3 587 211 165
3 405 165 211
3 579 23 172
3 587 165 23
3 521 172 165
3 23 165 172
3 633 444 334
3 572 201 444
3 578 334 201
3 444 201 334
3 628 268 311
3 519 381 268
3 572 311 381
3 268 381 311
3 627 227 267
3 578 385 227
3 519 267 385
3 227 385 267
3 572 381 201
3 519 385 381
3 578 201 385
3 381 385 201
3 609 211 4
3 587 454 211
3 588 4 454
3 211 454 4
3 627 267 451
3 519 269 267
3 587 451 269
3 267 269 451
3 628 233 268
3 588 271 233
3 519 268 271
3 233 271 268
3 587 269 454
3 519 271 269
3 588 454 271
3 269 271 454
3 641 181 155
3 482 91 181
3 501 155 91
3 181 91 155
3 608 31 186
3 483 59 31
3 482 186 59
3 31 59 186
3 629 390 260
3 501 108 390
3 483 260 108
3 390 108 260
3 482 59 91
3 483 108 59
3 501 91 108
3 59 108 91
3 635 118 164
3 574 7 118
3 539 164 7
3 118 7 164
3 628 125 477
3 481 15 125
3 574 477 15
3 125 15 477
3 608 280 346
3 539 19 280
3 481 346 19
3 280 19 346
3 574 15 7
3 481 19 15
3 539 7 19
3 15 19 7
3 633 265 444
3 557 126 265
3 572 444 126
3 265 126 444
3 629 277 154
3 511 105 277
3 557 154 105
3 277 105 154
3 628 311 276
3 572 317 311
3 511 276 317
3 311 317 276
3 557 105 126
3 511 317 105
3 572 126 317
3 105 317 126
3 608 346 31
3 481 256 346
3 483 31 256
3 346 256 31
3 628 276 125
3 511 243 276
3 481 125 243
3 276 243 125
3 629 260 277
3 483 216 260
3 511 277 216
3 260 216 277
3 481 243 256
3 511 216 243
3 483 256 216
3 243 216 256
3 632 215 303
3 593 304 215
3 514 303 304
3 215 304 303
3 626 88 110
3 576 203 88
3 593 110 203
3 88 203 110
3 612 84 440
3 514 307 84
3 576 440 307
3 84 307 440
3 593 203 304
3 576 307 203
3 514 304 307
3 203 307 304
3 641 155 247
3 501 382 155
3 527 247 382
3 155 382 247
3 629 209 390
3 530 35 209
3 501 390 35
3 209 35 390
3 626 24 207
3 527 191 24
3 530 207 191
3 24 191 207
3 501 35 382
3 530 191 35
3 527 382 191
3 35 191 382
3 633 244 265
3 517 130 244
3 557 265 130
3 244 130 265
3 612 273 16
3 577 355 273
3 517 16 355
3 273 355 16
3 629 154 400
3 557 127 154
3 577 400 127
3 154 127 400
3 517 355 130
3 577 127 355
3 557 130 127
3 355 127 130
3 626 207 88
3 530 471 207
3 576 88 471
3 207 471 88
3 629 400 209
3 577 472 400
3 530 209 472
3 400 472 209
3 612 440 273
3 576 250 440
3 577 273 250
3 440 250 273
3 530 472 471
3 577 250 472
3 576 471 250
3 472 250 471
3 641 247 249
3 527 190 247
3 571 249 190
3 247 190 249
3 626 134 24
3 569 78 134
3 527 24 78
3 134 78 24
3 613 368 12
3 571 408 368
3 569 12 408
3 368 408 12
3 527 78 190
3 569 408 78
3 571 190 408
3 78 408 190
3 632 387 215
3 563 389 387
3 593 215 389
3 387 389 215
3 617 196 157
3 504 425 196
3 563 157 425
3 196 425 157
3 626 110 300
3 593 437 110
3 504 300 437
3 110 437 300
3 563 425 389
3 504 437 425
3 593 389 437
3 425 437 389
3 636 193 156
3 508 426 193
3 567 156 426
3 193 426 156
3 613 324 432
3 506 161 324
3 508 432 161
3 324 161 432
3 617 388 327
3 567 398 388
3 506 327 398
3 388 398 327
3 508 161 426
3 506 398 161
3 567 426 398
3 161 398 426
3 626 300 134
3 504 427 300
3 569 134 427
3 300 427 134
3 617 327 196
3 506 180 327
3 504 196 180
3 327 180 196
3 613 12 324
3 569 402 12
3 506 324 402
3 12 402 324
3 504 180 427
3 506 402 180
3 569 427 402
3 180 402 427
3 640 197 252
3 562 323 197
3 487 252 323
3 197 323 252
3 625 342 439
3 485 360 342
3 562 439 360
3 342 360 439
3 611 369 228
3 487 421 369
3 485 228 421
3 369 421 228
3 562 360 323
3 485 421 360
3 487 323 421
3 360 421 323
3 641 249 133
3 571 409 249
3 565 133 409
3 249 409 133
3 613 83 368
3 566 422 83
3 571 368 422
3 83 422 368
3 625 361 198
3 565 282 361
3 566 198 282
3 361 282 198
3 571 422 409
3 566 282 422
3 565 409 282
3 422 282 409
3 636 375 193
3 547 182 375
3 508 193 182
3 375 182 193
3 611 28 143
3 533 101 28
3 547 143 101
3 28 101 143
3 613 432 30
3 508 61 432
3 533 30 61
3 432 61 30
3 547 101 182
3 533 61 101
3 508 182 61
3 101 61 182
3 625 198 342
3 566 362 198
3 485 342 362
3 198 362 342
3 613 30 83
3 533 318 30
3 566 83 318
3 30 318 83
3 611 228 28
3 485 14 228
3 533 28 14
3 228 14 28
3 566 318 362
3 533 14 318
3 485 362 14
3 318 14 362
3 631 104 185
3 558 462 104
3 589 185 462
3 104 462 185
3 610 431 320
3 581 456 431
3 558 320 456
3 431 456 320
3 605 291 295
3 589 75 291
3 581 295 75
3 291 75 295
3 558 456 462
3 581 75 456
3 589 462 75
3 456 75 462
3 640 252 236
3 487 109 252
3 503 236 109
3 252 109 236
3 611 449 369
3 548 112 449
3 487 369 112
3 449 112 369
3 610 357 448
3 503 173 357
3 548 448 173
3 357 173 448
3 487 112 109
3 548 173 112
3 503 109 173
3 112 173 109
3 636 417 375
3 597 378 417
3 547 375 378
3 417 378 375
3 605 455 56
3 583 322 455
3 597 56 322
3 455 322 56
3 611 143 99
3 547 261 143
3 583 99 261
3 143 261 99
3 597 322 378
3 583 261 322
3 547 378 261
3 322 261 378
3 610 448 431
3 548 97 448
3 581 431 97
3 448 97 431
3 611 99 449
3 583 98 99
3 548 449 98
3 99 98 449
3 605 295 455
3 581 69 295
3 583 455 69
3 295 69 455
3 548 98 97
3 583 69 98
3 581 97 69
3 98 69 97
3 637 435 285
3 556 457 435
3 493 285 457
3 435 457 285
3 607 332 77
3 564 466 332
3 556 77 466
3 332 466 77
3 604 418 329
3 493 103 418
3 564 329 103
3 418 103 329
3 556 466 457
3 564 103 466
3 493 457 103
3 466 103 457
3 631 185 53
3 589 415 185
3 549 53 415
3 185 415 53
3 605 377 291
3 586 149 377
3 589 291 149
3 377 149 291
3 607 167 379
3 549 413 167
3 586 379 413
3 167 413 379
3 589 149 415
3 586 413 149
3 549 415 413
3 149 413 415
3 636 396 417
3 488 401 396
3 597 417 401
3 396 401 417
3 604 116 48
3 560 343 116
3 488 48 343
3 116 343 48
3 605 56 117
3 597 474 56
3 560 117 474
3 56 474 117
3 488 343 401
3 560 474 343
3 597 401 474
3 343 474 401
3 607 379 332
3 586 115 379
3 564 332 115
3 379 115 332
3 605 117 377
3 560 341 117
3 586 377 341
3 117 341 377
3 604 329 116
3 564 270 329
3 560 116 270
3 329 270 116
3 586 341 115
3 560 270 341
3 564 115 270
3 341 270 115
3 632 245 387
3 561 281 245
3 563 387 281
3 245 281 387
3 620 80 136
3 500 366 80
3 561 136 366
3 80 366 136
3 617 157 438
3 563 367 157
3 500 438 367
3 157 367 438
3 561 366 281
3 500 367 366
3 563 281 367
3 366 367 281
3 637 285 465
3 493 106 285
3 568 465 106
3 285 106 465
3 604 63 418
3 532 210 63
3 493 418 210
3 63 210 418
3 620 325 289
3 568 306 325
3 532 289 306
3 325 306 289
3 493 210 106
3 532 306 210
3 568 106 306
3 210 306 106
3 636 156 396
3 567 347 156
3 488 396 347
3 156 347 396
3 617 206 388
3 480 345 206
3 567 388 345
3 206 345 388
3 604 48 95
3 488 460 48
3 480 95 460
3 48 460 95
3 567 345 347
3 480 460 345
3 488 347 460
3 345 460 347
3 620 289 80
3 532 21 289
3 500 80 21
3 289 21 80
3 604 95 63
3 480 479 95
3 532 63 479
3 95 479 63
3 617 438 206
3 500 121 438
3 480 206 121
3 438 121 206
3 532 479 21
3 480 121 479
3 500 21 121
3 479 121 21
3 641 133 181
3 565 313 133
3 482 181 313
3 133 313 181
3 625 128 361
3 598 18 128
3 565 361 18
3 128 18 361
3 608 186 354
3 482 64 186
3 598 354 64
3 186 64 354
3 565 18 313
3 598 64 18
3 482 313 64
3 18 64 313
3 640 194 197
3 518 251 194
3 562 197 251
3 194 251 197
3 606 114 199
3 516 119 114
3 518 199 119
3 114 119 199
3 625 439 330
3 562 221 439
3 516 330 221
3 439 221 330
3 518 119 251
3 516 221 119
3 562 251 221
3 119 221 251
3 635 164 349
3 539 51 164
3 580 349 51
3 164 51 349
3 608 264 280
3 499 240 264
3 539 280 240
3 264 240 280
3 606 9 263
3 580 32 9
3 499 263 32
3 9 32 263
3 539 240 51
3 499 32 240
3 580 51 32
3 240 32 51
3 625 330 128
3 516 468 330
3 598 128 468
3 330 468 128
3 606 263 114
3 499 11 263
3 516 114 11
3 263 11 114
3 608 354 264
3 598 146 354
3 499 264 146
3 354 146 264
3 516 11 468
3 499 146 11
3 598 468 146
3 11 146 468
3 639 315 132
3 538 222 315
3 555 132 222
3 315 222 132
3 601 423 446
3 526 178 423
3 538 446 178
3 423 178 446
3 618 359 60
3 555 424 359
3 526 60 424
3 359 424 60
3 538 178 222
3 526 424 178
3 555 222 424
3 178 424 222
3 638 153 184
3 596 183 153
3 536 184 183
3 153 183 184
3 616 278 384
3 525 50 278
3 596 384 50
3 278 50 384
3 601 288 160
3 536 170 288
3 525 160 170
3 288 170 160
3 596 50 183
3 525 170 50
3 536 183 170
3 50 170 183
3 634 420 238
3 551 419 420
3 590 238 419
3 420 419 238
3 618 189 174
3 585 287 189
3 551 174 287
3 189 287 174
3 616 13 188
3 590 428 13
3 585 188 428
3 13 428 188
3 551 287 419
3 585 428 287
3 590 419 428
3 287 428 419
3 601 160 423
3 525 57 160
3 526 423 57
3 160 57 423
3 616 188 278
3 585 403 188
3 525 278 403
3 188 403 278
3 618 60 189
3 526 176 60
3 585 189 176
3 60 176 189
3 525 403 57
3 585 176 403
3 526 57 176
3 403 176 57
3 637 465 407
3 568 352 465
3 535 407 352
3 465 352 407
3 620 434 325
3 591 463 434
3 568 325 463
3 434 463 325
3 619 166 301
3 535 404 166
3 591 301 404
3 166 404 301
3 568 463 352
3 591 404 463
3 535 352 404
3 463 404 352
3 632 445 245
3 520 46 445
3 561 245 46
3 445 46 245
3 623 219 309
3 502 393 219
3 520 309 393
3 219 393 309
3 620 136 218
3 561 392 136
3 502 218 392
3 136 392 218
3 520 393 46
3 502 392 393
3 561 46 392
3 393 392 46
3 638 29 371
3 537 148 29
3 523 371 148
3 29 148 371
3 619 81 259
3 595 27 81
3 537 259 27
3 81 27 259
3 623 253 192
3 523 370 253
3 595 192 370
3 253 370 192
3 537 27 148
3 595 370 27
3 523 148 370
3 27 370 148
3 620 218 434
3 502 326 218
3 591 434 326
3 218 326 434
3 623 192 219
3 595 328 192
3 502 219 328
3 192 328 219
3 619 301 81
3 591 82 301
3 595 81 82
3 301 82 81
3 502 328 326
3 595 82 328
3 591 326 82
3 328 82 326
3 639 214 315
3 540 113 214
3 538 315 113
3 214 113 315
3 622 266 102
3 592 212 266
3 540 102 212
3 266 212 102
3 601 446 41
3 538 312 446
3 592 41 312
3 446 312 41
3 540 212 113
3 592 312 212
3 538 113 312
3 212 312 113
3 637 407 96
3 535 469 407
3 534 96 469
3 407 469 96
3 619 239 166
3 594 406 239
3 535 166 406
3 239 406 166
3 622 447 351
3 534 94 447
3 594 351 94
3 447 94 351
3 535 406 469
3 594 94 406
3 534 469 94
3 406 94 469
3 638 184 29
3 536 26 184
3 537 29 26
3 184 26 29
3 601 391 288
3 529 169 391
3 536 288 169
3 391 169 288
3 619 259 49
3 537 171 259
3 529 49 171
3 259 171 49
3 536 169 26
3 529 171 169
3 537 26 171
3 169 171 26
3 622 351 266
3 594 386 351
3 592 266 386
3 351 386 266
3 619 49 239
3 529 275 49
3 594 239 275
3 49 275 239
3 601 41 391
3 592 274 41
3 529 391 274
3 41 274 391
3 594 275 386
3 529 274 275
3 592 386 274
3 275 274 386
3 631 53 67
3 549 54 53
3 599 67 54
3 53 54 67
3 607 187 167
3 546 395 187
3 549 167 395
3 187 395 167
3 615 296 292
3 599 68 296
3 546 292 68
3 296 68 292
3 549 395 54
3 546 68 395
3 599 54 68
3 395 68 54
3 637 96 435
3 534 224 96
3 556 435 224
3 96 224 435
3 622 321 447
3 492 204 321
3 534 447 204
3 321 204 447
3 607 77 107
3 556 443 77
3 492 107 443
3 77 443 107
3 534 204 224
3 492 443 204
3 556 224 443
3 204 443 224
3 639 297 214
3 490 335 297
3 540 214 335
3 297 335 214
3 615 410 74
3 531 223 410
3 490 74 223
3 410 223 74
3 622 102 52
3 540 65 102
3 531 52 65
3 102 65 52
3 490 223 335
3 531 65 223
3 540 335 65
3 223 65 335
3 607 107 187
3 492 308 107
3 546 187 308
3 107 308 187
3 622 52 321
3 531 202 52
3 492 321 202
3 52 202 321
3 615 292 410
3 546 66 292
3 531 410 66
3 292 66 410
3 492 202 308
3 531 66 202
3 546 308 66
3 202 66 308
