OFF
642 1280 0
-9.70390629472876e-01 6.06012931619098e-01 1.30072209879876e-01
5.52721692122680e-01 -1.15895334661919e+00 -1.39938638086615e-05
-1.14404879893982e+00 -4.98828207904218e-01 -6.73145303407614e-02
-8.19452432669730e-02 -7.66907701225648e-01 -2.29074650971463e-01
-1.26820619645639e+00 1.73589412024863e-01 -2.25302254881490e-02
-2.92084739983740e-01 -9.64408134375941e-01 -1.77579401172869e-01
4.78277127575377e-01 -1.18139886680939e+00 3.47295444705625e-02
-1.02583593864448e+00 2.51616469240298e-01 -1.62917926565037e-01
-9.93399655320420e-01 -8.07657804083628e-01 -2.17729332313658e-02
-7.95999477046019e-01 -2.92197851879333e-01 -2.15160293221825e-01
-4.82171022464582e-01 9.07908330197226e-01 1.71678213832570e-01
-5.11310956406214e-01 -1.01969025724970e-01 -2.61840535197109e-01
6.05774029808789e-01 5.82885645681459e-01 -2.16576285753908e-01
-7.95960461101203e-01 2.91983446303000e-01 2.15181973365572e-01
5.10814758441524e-01 -1.01863677133763e-01 -2.61890798484459e-01
-1.00931420162820e+00 4.29820914355630e-01 -1.48894763888447e-01
-2.00177993348912e-01 1.26830707399557e+00 -5.88484150217685e-05
-1.01798477344190e-01 -1.17351539816005e+00 -1.14040604648824e-01
-1.68457460829522e-01 2.97272393091934e-01 -2.76194056226952e-01
-9.11663340932439e-01 3.69454206766405e-01 -1.84155326649352e-01
-1.10845111982368e+00 -1.32544005023840e-01 -1.41562217735612e-01
1.17345274165011e+00 5.11272160667504e-01 2.26291141544915e-02
-1.08797586029579e+00 4.72331400433043e-01 1.09749015329796e-01
-1.17738495125634e+00 3.26042638871478e-01 8.81750411916560e-02
2.91646928724305e-01 9.64221832650727e-01 -1.77665589286907e-01
-3.93313329769152e-05 -1.23638231287754e+00 -7.73117832756078e-02
1.55661345761549e-01 4.78425534060743e-01 2.63614106588642e-01
4.30088437812400e-01 6.67482582272794e-01 2.25166939598842e-01
6.61799392225152e-01 -2.00880732456835e-01 -2.41408212356422e-01
1.32269001403445e-01 6.34676643210146e-01 2.47319963973712e-01
6.61761748986601e-01 2.00679426104350e-01 -2.41421687663927e-01
-6.06354610858111e-01 5.82693467856428e-01 -2.16521127334470e-01
-8.07707027786508e-01 -9.79101355677669e-02 -2.21660063295153e-01
-3.69684212023937e-01 -8.25291921235431e-01 2.03408997144850e-01
-4.30057506887213e-01 -6.67254491255291e-01 2.25203542063645e-01
-9.80108382960542e-02 9.93252882610976e-01 -1.80256672610022e-01
-1.08161256115897e+00 -6.62153580235553e-01 4.48197111149785e-02
-1.17343941663386e+00 -5.11223976122854e-01 2.27175568669705e-02
-1.08162744691366e+00 -6.62180733294012e-01 -4.47818308752977e-02
-6.34729297411328e-01 1.10830283769456e+00 2.94841550535760e-02
-1.17344543271567e+00 -5.11240241022889e-01 -2.26838314308974e-02
1.73861704917903e-01 -1.00860620588204e-01 2.82992850869753e-01
-1.01235861017131e-01 1.26819190204029e+00 3.87244299557736e-02
-8.17016782160808e-02 -7.66786303361758e-01 2.29099218262543e-01
-9.11563102362378e-01 -3.69938325037448e-01 -1.84131638646079e-01
-9.70278209574696e-01 -6.06239460983954e-01 -1.30061405768377e-01
7.30009395832072e-01 1.02590015233044e+00 5.61384796257303e-02
-9.75949657769969e-02 -9.93440735596506e-01 1.80216355281977e-01
1.26830198193873e+00 7.30600933116967e-05 -4.46768136130525e-02
4.98732265587583e-01 3.01959550123606e-01 2.55285206765525e-01
-3.26243395028132e-01 3.95282161274718e-01 2.62709510191932e-01
-9.29613395490229e-01 -2.55046372574873e-04 -1.97646926445451e-01
6.06224173131842e-01 -5.82912577004350e-01 2.16509946673192e-01
7.66837564298804e-01 -1.02662721631225e+00 1.82257676757824e-02
7.30198039766664e-01 -1.02570801487070e+00 5.61911131979993e-02
-6.62533062376320e-01 8.26991875142588e-01 1.61811481570548e-01
1.08778585156191e+00 -4.72452549188459e-01 -1.09816815556562e-01
-3.46498636717237e-01 6.80167125116318e-05 2.75895284188499e-01
-6.06058835843214e-01 -5.82990287318489e-01 2.16522576663652e-01
-4.30403422724456e-01 6.66984881507009e-01 -2.25210404986185e-01
-4.98664430620875e-01 -3.01739564715125e-01 2.55304757082582e-01
8.07300831466538e-01 9.75940560325491e-02 -2.21740675573798e-01
-7.69455419591477e-01 -4.82028229198015e-01 2.02594651890959e-01
1.26818182045013e+00 1.73934916268255e-01 2.24657686062636e-02
-3.26475774714041e-01 3.94919759308139e-01 -2.62722275070622e-01
4.30221802211151e-01 -6.67205220280526e-01 2.25195184941762e-01
6.62489634784992e-01 -8.26955480353693e-01 1.61829596749509e-01
6.34523218630620e-01 -1.10840694392527e+00 2.95101464084348e-02
6.67339993341411e-01 -1.00915518488824e+00 9.59638712532421e-02
8.26857456317859e-01 -7.25286488379272e-01 -1.47842160429653e-01
2.00865188386899e-01 -1.08165980008917e+00 1.47740911912290e-01
-1.01946571446321e-01 1.17357611721025e+00 1.14002896777750e-01
-6.67462981921695e-01 1.00911719050227e+00 9.59411712524989e-02
3.95236597233340e-01 -1.17732104636393e+00 7.27813400336771e-02
2.92084072721311e-01 -9.64320288413804e-01 1.77603209574387e-01
8.25231164455543e-01 -9.11513255118082e-01 -8.25384717132658e-02
-2.27845563092677e-04 1.23644577525600e+00 7.72612116321562e-02
1.08799644364663e+00 -4.72370754081043e-01 1.09730418777493e-01
3.69400450322357e-01 8.25167154388233e-01 -2.03459867026125e-01
-7.30355456509668e-01 1.02561621258606e+00 5.61726778668382e-02
1.08162332899484e+00 6.62254145957507e-01 4.47326985400300e-02
6.06113108154269e-01 5.83214066601930e-01 2.16484999489906e-01
7.25259308147846e-01 6.62612889326523e-01 1.84502403207222e-01
4.98352496752518e-01 3.01624793155651e-01 -2.55341837327803e-01
1.99634848830111e-01 1.26839266836468e+00 -7.00300418254927e-05
-7.66770635008455e-01 -1.02667657365629e+00 -1.82275403299793e-02
-8.25277641482157e-01 -9.11575105379927e-01 -8.24812983450484e-02
-4.82077914022588e-01 -9.07945531453214e-01 -1.71681437392682e-01
3.01446676789620e-01 1.14402757954109e+00 -1.11352379424657e-01
-6.06206028853227e-01 -5.83134073677396e-01 -2.16482774053597e-01
-1.23768462713697e+00 -1.68349761053555e-01 -6.63730402578212e-02
-2.52219548973295e-01 7.29889074690890e-01 -2.28912613166093e-01
-9.07806638705192e-01 -7.69534282387174e-01 1.07570514404842e-01
-1.23773312394748e+00 1.67915669355826e-01 -6.63827626989127e-02
8.07698290970872e-01 -9.75171925533082e-02 2.21670273931718e-01
1.26813561638663e+00 1.73907474785420e-01 -2.26057853247561e-02
1.02675509471796e+00 -8.16254217242184e-02 1.71082238768495e-01
6.62229499075648e-01 -8.27034095301215e-01 -1.61862606703329e-01
7.25076179828600e-01 -6.62426351174667e-01 -1.84571586053056e-01
7.69277549496174e-01 -4.82066512972816e-01 -2.02623749466657e-01
-8.27018275954264e-01 -7.25373428707863e-01 -1.47776113475626e-01
8.07318384495979e-01 -9.77431342891103e-02 -2.21734223450652e-01
4.72564570351986e-01 -4.91806778266860e-01 2.42759666001843e-01
1.23776320361073e+00 -1.68043652366113e-01 6.63386933242577e-02
6.34476344670183e-01 -1.10841522028627e+00 -2.95448324421680e-02
-6.67523921169682e-01 1.00894171791451e+00 -9.60119296635803e-02
1.18147659850280e+00 1.55848715978220e-01 1.06668716475314e-01
9.70390881092692e-01 -6.06034491050642e-01 1.30067114422317e-01
-3.70057631463852e-01 8.25035412146821e-01 -2.03427000554273e-01
2.51695918252514e-01 -7.30227759701770e-01 -2.28887524576157e-01
4.91592795789212e-01 1.08787619592734e+00 -1.05504091629584e-01
-1.10840684652261e+00 -1.32403333438517e-01 1.41586032931244e-01
4.29898127336875e-01 -6.67340919498173e-01 -2.25205942529210e-01
1.55763900549311e-01 -4.78178876104565e-01 2.63633374766220e-01
-4.98858031292098e-01 -3.01961584071076e-01 -2.55272850374222e-01
1.17353469616071e+00 -5.11059877264002e-01 2.26562498966476e-02
1.26816261083052e+00 -1.73735720049104e-01 -2.25961388331116e-02
1.14402914593142e+00 -4.98665916537204e-01 -6.73909959226436e-02
-1.10848837027885e+00 1.32056142105448e-01 -1.41570397027357e-01
-3.26380928694671e-01 -3.95358181946748e-01 -2.62695306837490e-01
-9.11579301942607e-01 3.69704738422470e-01 1.84151005707943e-01
1.17340776320679e+00 5.11238912310365e-01 -2.27821428107024e-02
-6.67202475259501e-01 -1.00919465017672e+00 9.59908162493928e-02
-8.25234762454095e-01 -9.11540146459338e-01 8.25218904917891e-02
-6.62319788513338e-01 -8.27014210834231e-01 1.61849269454470e-01
-9.70444412406988e-01 6.05813457911601e-01 -1.30098496902632e-01
-7.30388572474557e-01 1.02551276097612e+00 -5.62452414711891e-02
-3.95482098105736e-01 1.17716900437629e+00 -7.28373731458210e-02
-1.74088908031952e-01 1.00749765435499e-01 -2.82987861820755e-01
-1.00919536952552e+00 -4.30285765508141e-01 -1.48868013740200e-01
-4.78525052476699e-01 1.18126383101231e+00 -3.47881586439171e-02
-6.06207439146258e-01 5.83021821502041e-01 2.16497632180870e-01
-1.32251105408112e-01 -6.34459547339938e-01 2.47348176063223e-01
-3.40271325347580e-04 5.52489506223569e-01 -2.58644320408381e-01
4.81678816649743e-01 9.07785328660393e-01 -1.71779375283407e-01
9.75377475429134e-02 -9.93500326149481e-01 -1.80201539230632e-01
9.64278162308125e-01 7.96094789035708e-01 6.50872783253968e-02
-1.02577517664546e+00 2.51824057583089e-01 1.62921006189678e-01
-1.10844409988545e+00 1.32224187610986e-01 1.41579846727805e-01
1.00731468331701e-01 1.26823513989977e+00 3.87194153853458e-02
-2.52047208194356e-01 -7.30254050813211e-01 -2.28864097324969e-01
-8.26941672689662e-01 -7.25290651048129e-01 1.47817686153479e-01
-7.25208482099479e-01 -6.62398142643027e-01 1.84550742960631e-01
7.95658348883929e-01 -2.92058316669139e-01 -2.15232544755324e-01
9.75368893500778e-02 9.93617740584270e-01 1.80169322993032e-01
-6.34445110968740e-01 -1.10843429592380e+00 2.95425952047949e-02
-5.11336375717024e-01 1.01482621104128e-01 -2.61847473160538e-01
-1.99882055575326e-01 -1.26835377334590e+00 1.00134424607174e-05
2.51842203757730e-01 7.30346715627116e-01 2.28860610979145e-01
9.93447740309185e-01 -8.07566636988677e-01 -2.18319934994433e-02
-4.92100935972902e-01 1.08787879370472e+00 1.05384730151252e-01
-1.26815137623200e+00 -1.73960676508054e-01 2.25412854297516e-02
-2.91923216023113e-01 -9.64339693631177e-01 1.77611132170349e-01
-1.32396867034473e-01 6.34633549646673e-01 2.47322063691173e-01
-4.92181380910838e-01 1.08767997779789e+00 -1.05468179489218e-01
-8.21193156090403e-02 7.66583279365429e-01 -2.29125613618311e-01
1.10823182769747e+00 1.32326612635344e-01 -1.41657807641053e-01
9.64159054033732e-01 7.95985789420299e-01 -6.52413429796945e-02
-1.18146009612425e+00 1.55427394006774e-01 -1.06708422236744e-01
3.94999135724340e-01 1.17747441044601e+00 7.27219663727869e-02
-1.73807095005892e-01 1.01079248709097e-01 2.82990636961712e-01
9.11241691118860e-01 3.69711706399714e-01 -1.84233495235866e-01
-9.08015111565786e-01 7.69393221276773e-01 1.07533135520707e-01
-1.23767015294222e+00 -1.68285546394021e-01 6.63945857444669e-02
-1.02672742984940e+00 8.15144039955743e-02 -1.71093141726478e-01
-1.23771865230781e+00 1.67996209439921e-01 6.63860517345709e-02
7.95972606170951e-01 2.92198342054509e-01 2.15165210142902e-01
9.64414631434857e-01 -7.95862990730711e-01 6.51277397026486e-02
-3.01705291925438e-01 -1.14408284810895e+00 1.11289208334465e-01
1.68162611399108e-01 2.97679244139203e-01 2.76181182668019e-01
-1.68181275851982e-01 2.97633674432087e-01 2.76183062345057e-01
3.26200495580822e-01 3.95375714958280e-01 2.62705152536662e-01
-1.18143243513659e+00 1.55555885205259e-01 1.06714348851599e-01
3.69568028234149e-01 -8.25358092548996e-01 -2.03406140668357e-01
-7.95883087981475e-01 -2.92009148290359e-01 2.15194487294687e-01
-8.27135053789195e-01 7.25207965010790e-01 1.47784006726212e-01
-5.11114785842675e-01 -1.01702998319329e-01 2.61864757865966e-01
-9.70224415569433e-01 -6.06155266388421e-01 1.30100923500792e-01
-1.68112353726219e-01 -2.97452896566704e-01 2.76194849750216e-01
-1.00925688334232e+00 4.30030038664261e-01 1.48884042404575e-01
8.26727815648548e-01 7.25249730746856e-01 -1.47887234730449e-01
-1.32650726650892e-01 6.34249107406247e-01 -2.47364394360675e-01
9.29264289965989e-01 -4.81230095460716e-05 -1.97728665708303e-01
-1.55735013886978e-01 4.78378776509187e-01 2.63616165341402e-01
-4.98858587426904e-05 5.52876078580056e-01 2.58603194622309e-01
7.66806864269708e-01 -1.02663340144878e+00 -1.82726774542604e-02
-4.72724057340849e-01 4.91607017763062e-01 -2.42764351582943e-01
9.07965182001211e-01 -7.69445337393067e-01 1.07535560328561e-01
-6.62119446051469e-01 2.00809097369666e-01 2.41367475453568e-01
-6.62067669687321e-01 -2.00778841179509e-01 2.41375801015430e-01
2.51543078198030e-01 7.29974935277537e-01 -2.28936043971450e-01
9.73216695525546e-02 9.93290337691552e-01 -1.80264989002446e-01
4.81932147590948e-01 9.08086581594985e-01 1.71664667346227e-01
1.02642071097720e+00 8.17565506059411e-02 -1.71179007774727e-01
-1.32504978612540e-01 -6.34614509016875e-01 -2.47321613529264e-01
-3.95421426910336e-01 1.17731102260356e+00 7.27394099647210e-02
9.07638742208299e-01 7.69530758496307e-01 -1.07642295043133e-01
-2.17194273332392e-04 -5.52842913231674e-01 -2.58606720961068e-01
1.73486426208040e-01 1.00791303974392e-01 -2.83005548802646e-01
-4.72602183308329e-01 -4.92051687727135e-01 -2.42731305386178e-01
4.78044060093677e-01 1.18152974238454e+00 3.46675755891854e-02
-8.86024135115689e-01 9.29319829696514e-01 -3.04668267685374e-05
7.25381297020530e-01 -6.62314485783538e-01 1.84531873129772e-01
3.94896347100308e-01 1.17733237248915e+00 -7.28641382724476e-02
9.11635706043918e-01 -3.69638894698946e-01 1.84143683543082e-01
-1.15899661217738e+00 -2.40066436567771e-04 -1.23319201557014e-01
1.14394840783754e+00 4.98772779046852e-01 -6.74198581131599e-02
2.00448244000655e-01 1.08156216484754e+00 -1.47804689670434e-01
-8.25477707562790e-01 9.11402843427720e-01 8.24763988871744e-02
-2.01115638461641e-01 1.08148227893165e+00 -1.47788651496843e-01
1.23773681355630e+00 1.68305503978532e-01 6.63301562743759e-02
-1.26820178840792e+00 1.73616838687912e-01 2.25320575339333e-02
3.26281660694628e-01 -3.95095938790779e-01 2.62721092812729e-01
-7.25317846713614e-01 -6.62509981203091e-01 -1.84509346194745e-01
1.32405851509862e-01 -6.34443705477466e-01 2.47346077029410e-01
6.34266868681589e-01 1.10850192659281e+00 -2.96067495361143e-02
-6.62636397004321e-01 8.26717559418530e-01 -1.61860205015238e-01
-9.07856034570574e-01 -7.69591029388495e-01 -1.07529532702069e-01
9.07830935653031e-01 7.69708600612371e-01 1.07498175800736e-01
5.82894249345438e-01 9.70490776136275e-01 1.35195345262026e-01
1.01547818965222e-01 1.17361812158841e+00 1.13999086018086e-01
-1.68388556246784e-01 -2.97693917748566e-01 -2.76173539778829e-01
-1.55624546389334e-01 -4.78201462899341e-01 2.63635432789425e-01
3.69851407940912e-01 -8.25259025442206e-01 2.03400508201155e-01
1.02584777418226e+00 -2.51772493713395e-01 1.62902211843547e-01
-1.15737843762452e-04 8.85986018046685e-01 2.07385178942197e-01
-2.52004658232549e-01 7.30260821164731e-01 2.28865354829468e-01
-9.64498719484111e-01 7.95755660722096e-01 6.51310387530342e-02
4.98411694792292e-01 -3.01874964354607e-01 -2.55321361369409e-01
-8.18757762218106e-02 7.66961497993122e-01 2.29066919054846e-01
2.00635829656713e-01 1.08184012949244e+00 1.47690674139422e-01
2.97544049532020e-01 -1.23768851776141e+00 3.75188265030556e-02
1.99903821043184e-01 -1.26835034387998e+00 -1.16563420705430e-06
-1.14419015001941e+00 4.98425625128661e-01 -6.73433861229797e-02
-1.26815578547459e+00 -1.73982378732626e-01 -2.25205830595541e-02
-1.18141566341618e+00 -1.55893135242245e-01 -1.06699087442665e-01
8.15927401303983e-02 -7.66899623369476e-01 -2.29082263126317e-01
-2.97513061140444e-01 -1.23770206590604e+00 -3.75088066128049e-02
-1.02666374329984e+00 8.17111377186964e-02 1.71107498526301e-01
6.62149671892725e-01 2.00978087131495e-01 2.41356342390675e-01
-8.07732968009072e-01 9.74015013567535e-02 -2.21666514804924e-01
-4.78231940978512e-01 -1.18142170479686e+00 -3.47218435653115e-02
1.01666243322688e-01 -1.17351208713488e+00 -1.14048175007315e-01
-8.27211634155418e-01 7.24968435550860e-01 -1.47821179186672e-01
-5.52973377375504e-01 1.15883326407321e+00 -4.60070690262376e-05
7.66650746794289e-01 1.02678621983459e+00 1.81710184378677e-02
-9.77844687641963e-02 -9.93506356337809e-01 -1.80193225265737e-01
8.14252987893258e-02 7.66611611349462e-01 -2.29133226984931e-01
3.01596189193759e-01 1.14424203406616e+00 1.11222419161029e-01
1.31967390950677e-01 6.34292183494306e-01 -2.47377094267357e-01
-3.14658986766086e-04 1.23629155818294e+00 -7.73839870489625e-02
-1.55890617498287e-01 -4.78396687514660e-01 -2.63609966994004e-01
1.32104225617307e-01 -6.34598673443363e-01 -2.47334311851606e-01
2.91884257994521e-01 9.64540738881824e-01 1.77559951762744e-01
-4.30239608303691e-01 -6.67390170940225e-01 -2.25166198873881e-01
-1.00913803563861e+00 -4.30170224787163e-01 1.48903990454924e-01
-7.25490860027458e-01 6.62082951862137e-01 -1.84551797788723e-01
-9.11479057289654e-01 -3.69787286660001e-01 1.84167460295733e-01
-3.95195201682158e-01 -1.17735037512435e+00 -7.27689076651353e-02
4.72467364377933e-01 4.92101922705698e-01 2.42739303356093e-01
-4.82303316348517e-01 9.07607122809451e-01 -1.71739005599221e-01
9.11306111701271e-01 -3.69789981954230e-01 -1.84209803947826e-01
-4.91830239654865e-01 -1.08789813479265e+00 1.05437700772828e-01
-6.62221837857282e-01 -2.01006578287561e-01 -2.41345301404049e-01
-6.62273610608041e-01 2.00510498745499e-01 -2.41358775261720e-01
-6.34748740002375e-01 1.10824672120633e+00 -2.95682291092574e-02
4.98791471577271e-01 -3.01652913889253e-01 2.55297498103025e-01
-1.08179803865475e+00 6.61897229023381e-01 4.47853441070568e-02
-1.08181291615717e+00 6.61826687944100e-01 -4.48193477187982e-02
-1.17358509507543e+00 5.10913674159739e-01 2.26904268103621e-02
1.23638935156417e+00 -3.46432450427502e-01 -5.51792486863788e-05
-1.17359110910033e+00 5.10880435340540e-01 -2.27121944103013e-02
-7.69568921965771e-01 -4.82177731845047e-01 -2.02555465066639e-01
-1.01276543422654e-01 1.26811364542400e+00 -3.88465544331447e-02
3.46560763431058e-01 1.45179699636288e-04 2.75891397009126e-01
5.11186789941455e-01 1.01909876844998e-01 2.61853753868704e-01
-9.08064490165488e-01 7.69215429842430e-01 -1.07575701025163e-01
-5.83264742613195e-01 9.70025851580370e-01 -1.35281899296981e-01
-4.98739637722182e-01 3.01824090535112e-01 2.55292466240004e-01
-1.15896262398365e+00 -1.05603626778891e-04 1.23335116033562e-01
-7.96076845130422e-01 2.91702911550818e-01 -2.15179480653547e-01
8.85677094510457e-01 9.29650519394529e-01 -8.00121444752322e-05
1.67818545925341e-01 2.97317940578487e-01 -2.76210982402424e-01
-3.69884213756341e-01 8.25379919315553e-01 2.03373109074768e-01
-1.00946632742016e-01 -1.26817430281660e+00 3.87906708917144e-02
1.15905159407795e+00 1.52472237188055e-04 1.23293473873093e-01
-1.51384328494343e-04 -8.85897670969299e-01 -2.07403970580675e-01
-8.07589038127536e-01 -9.76842577223443e-02 2.21686431946632e-01
3.08472987474831e-06 2.00031941355243e-01 2.83026983389792e-01
1.14408036798259e+00 4.98870781402348e-01 6.72720890215212e-02
-6.34464553599185e-01 -1.10844257130948e+00 -2.95063196778726e-02
9.64295516638457e-01 -7.95896116586073e-01 -6.51953738889154e-02
5.83080277967374e-01 -9.70251096622667e-01 1.35241055941113e-01
1.01007078481537e-01 -1.26817256915921e+00 3.87856576621702e-02
3.01832633212880e-01 -1.14407159491686e+00 1.11277774171565e-01
9.07772981276768e-01 -7.69502103956751e-01 -1.07596117649092e-01
4.91962947847496e-01 -1.08787531579613e+00 1.05418593515058e-01
8.18636847576339e-02 -7.66778227756003e-01 2.29097684369570e-01
-4.78498220114229e-01 1.18133170614094e+00 3.46916329325123e-02
-2.97774313318788e-01 1.23766349950129e+00 3.74689223136062e-02
5.82684709492394e-01 9.70247302417217e-01 -1.35327279515967e-01
7.69531428726617e-01 4.82233940204857e-01 2.02555895017641e-01
-1.02570535863417e+00 -2.51959081077269e-01 1.62932499129908e-01
5.52497639427021e-01 1.15906012446137e+00 -7.69223100125100e-05
4.77992877873742e-01 1.18146185570342e+00 -3.48176018146645e-02
2.97287991608197e-01 1.23778941925147e+00 3.74540901090968e-02
1.17736878665604e+00 3.26366987007113e-01 8.81260242506127e-02
2.97237683316863e-01 1.23771454132562e+00 -3.75969197602133e-02
8.27112834028457e-01 -7.25203695911894e-01 1.47791242341587e-01
4.91749109388391e-01 1.08807504617630e+00 1.05365617241194e-01
-5.82924409838825e-01 -9.70289249973928e-01 1.35260882892353e-01
-9.64525949015332e-01 7.95646693069738e-01 -6.51772333596431e-02
1.68226209455218e-01 -2.97423573186741e-01 2.76192970178384e-01
-1.56001067164353e-01 4.77999083276244e-01 -2.63642627339843e-01
-1.26835858288908e+00 -2.09337860550775e-04 -4.45967065388683e-02
7.32093703872237e-05 -5.52665482863568e-01 2.58625609047500e-01
-9.64280712758614e-01 -7.95953329951260e-01 6.51714916454059e-02
-8.25520573850268e-01 9.11257879791949e-01 -8.25347757165940e-02
5.10794858220596e-01 1.01604826310063e-01 -2.61897738293116e-01
-3.01805691172279e-01 -1.14411109981598e+00 -1.11261186481815e-01
4.91806628046492e-01 -1.08790641028425e+00 -1.05438933261298e-01
7.69619063682747e-01 -4.81916975861804e-01 2.02576878288487e-01
1.00902180777399e+00 -4.30131381617501e-01 -1.48948792418060e-01
1.55437891654631e-01 -4.78374114006076e-01 -2.63625318744168e-01
7.69189921850802e-01 4.81941608495366e-01 -2.02655107865251e-01
1.08791853970483e+00 4.72656904681941e-01 1.09707520415616e-01
8.26983189742028e-01 7.25489327603445e-01 1.47757558806028e-01
9.70048747101763e-01 6.06124741858146e-01 -1.30173213533783e-01
6.62334559798929e-01 8.27228159274515e-01 1.61791804147636e-01
1.26820881512328e+00 -1.73714012470419e-01 2.24749961857201e-02
-1.74065492942835e-01 -1.01184132402085e-01 -2.82980861776935e-01
-9.78213647173810e-02 9.93580274716727e-01 1.80171931675618e-01
1.14416110889845e+00 -4.98617036195096e-01 6.72973821382290e-02
-2.92152932132325e-01 9.64430091621875e-01 1.77567876881922e-01
-7.67030774132866e-01 1.02648790222930e+00 1.82116498149580e-02
2.51995051310266e-01 -7.30100350555990e-01 2.28891374019195e-01
4.74908878823539e-05 -1.23636789971470e+00 7.73232598967379e-02
3.95133801857268e-01 -1.17733776530225e+00 -7.27956650411893e-02
-2.00863236707394e-01 -1.08171357635464e+00 -1.47721437056346e-01
1.01802808527737e-01 -1.17348558485463e+00 1.14055687663892e-01
9.77529761132272e-02 -9.93434706223379e-01 1.80213745875513e-01
1.17348971436539e+00 -5.11076154664732e-01 -2.27537747309568e-02
1.73507975410472e-01 -1.01148289880228e-01 -2.82998548695446e-01
1.23762855310454e+00 -1.68107895910865e-01 -6.64555820031043e-02
-7.69582475833965e-01 4.82002475966228e-01 2.02573670536136e-01
1.17719383027208e+00 3.26249775215437e-01 -8.82639129257387e-02
-7.69695957501300e-01 4.81710215681676e-01 -2.02586818137214e-01
1.18126455669539e+00 1.55720172337480e-01 -1.06794929628843e-01
-2.51832300618715e-01 -7.30126648577083e-01 2.28896116279945e-01
-1.02670475414318e+00 -8.20168151028710e-02 -1.71087961521813e-01
-2.97479102952089e-01 -1.23769510105162e+00 3.75336542564670e-02
6.62187321830121e-01 -2.00652948103095e-01 2.41364669636747e-01
1.02580540814457e+00 2.52094296306678e-01 1.62890714092692e-01
-4.78205100478200e-01 -1.18141382076560e+00 3.47535949507902e-02
-4.98933225891172e-01 3.01489383627485e-01 -2.55293324036104e-01
-2.97808267607238e-01 1.23758862957628e+00 -3.75784694020215e-02
-9.93391005425554e-01 -8.07646915716608e-01 2.18126612813585e-02
2.91846713626507e-01 -9.64388734148545e-01 -1.77604133322276e-01
-4.30221355722496e-01 6.67340284194768e-01 2.25175298035673e-01
-4.72413414235398e-01 -4.91874316205115e-01 2.42767501926631e-01
1.67882134015499e-01 -2.97664603837073e-01 -2.76190465190799e-01
-3.14725215525196e-04 1.99681906391013e-01 -2.83039282589837e-01
3.46181054642946e-01 -1.55676065684389e-04 -2.75915133748424e-01
-1.02576611976147e+00 -2.52106751782610e-01 -1.62902073927797e-01
-1.08787930052509e+00 -4.72611509257462e-01 -1.09736631004628e-01
-1.17731503509577e+00 -3.26365741963880e-01 -8.81620051120546e-02
9.93350817538735e-01 8.07747733029119e-01 2.17176960196792e-02
9.93310514487271e-01 8.07711084364724e-01 -2.18767799389501e-02
4.72110929352136e-01 4.91749857143219e-01 -2.42809354924442e-01
4.72208119304877e-01 -4.91984177251096e-01 -2.42776305189876e-01
3.69683807576945e-01 8.25511705646005e-01 2.03364618658211e-01
8.16962212794902e-02 7.66989843471771e-01 2.29065385355555e-01
-1.01678899397109e-01 -1.17348889414612e+00 1.14059496069159e-01
-3.95134521819766e-01 -1.17733365971816e+00 7.27987768171829e-02
-5.52681249736572e-01 -1.15897263253362e+00 1.69110103257018e-05
1.02643445252755e+00 -8.18018551799491e-02 -1.71173826898738e-01
-1.14402950761355e+00 -4.98779346603937e-01 6.73488770040380e-02
1.08164696051688e+00 -6.62055960558593e-01 -4.48501728116521e-02
1.02554257901395e+00 -2.51920218381118e-01 -1.62986506182637e-01
1.08173271973963e+00 -6.62028793883117e-01 4.47670708290337e-02
-1.23633167030069e+00 -3.46638326807809e-01 1.39621035332057e-05
-9.93622103700798e-01 8.07359846028810e-01 -2.18177106301277e-02
-3.48642148492388e-04 8.85625524780883e-01 -2.07461825949212e-01
-3.01978428133170e-01 1.14411888790652e+00 1.11233856078050e-01
-4.72535309503477e-01 4.91959028771831e-01 2.42747140410595e-01
-9.93613458079005e-01 8.07396482363063e-01 2.17697538737566e-02
5.11206682640783e-01 -1.01597609754783e-01 2.61857862416934e-01
7.66620050472027e-01 1.02675259965788e+00 -1.83294158596985e-02
1.08770794702857e+00 4.72499274201952e-01 -1.09845226388401e-01
7.29916270865124e-01 1.02579667858653e+00 -5.62927200397524e-02
-2.92314437149298e-01 9.64111210246523e-01 -1.77640855585589e-01
1.73840140915552e-01 1.01120802485959e-01 2.82988886970261e-01
8.25210576578326e-01 9.11708537420881e-01 8.24412636154155e-02
6.67151021973688e-01 1.00937490336049e+00 9.59142184645435e-02
-6.62423151961351e-01 -8.27092805689735e-01 -1.61808200863454e-01
8.25373601105603e-01 -9.11478292222997e-01 8.24867617344678e-02
1.15880855350497e+00 1.79555298529361e-05 -1.23407185383608e-01
-5.83170539950767e-01 9.70269281900678e-01 1.35215176995040e-01
1.00894909142767e+00 4.30115868364543e-01 -1.48975549263197e-01
-3.69857662900844e-01 -8.25390978494072e-01 -2.03373278584523e-01
-3.02078808079898e-01 1.14390445313875e+00 -1.11330061874588e-01
1.18128945481790e+00 -1.55659868009789e-01 -1.06785593127491e-01
7.24954197651839e-01 6.62322244290355e-01 -1.84614045248569e-01
-5.11140213893173e-01 1.01787618439448e-01 2.61860649157089e-01
9.11571274548355e-01 3.69962313115783e-01 1.84127224043571e-01
-1.26834986224668e+00 -1.60708517171814e-04 4.46090651672011e-02
8.07680731917738e-01 9.78516378701960e-02 2.21666120819593e-01
1.02674135080174e+00 8.19533522555581e-02 1.71078539413785e-01
4.29764768509210e-01 6.67127124321595e-01 -2.25250154558731e-01
1.55335347812795e-01 4.78045822275641e-01 -2.63657980395071e-01
4.82111082924569e-01 -9.07835864522870e-01 1.71705676334465e-01
-1.18138800088218e+00 -1.55788935261478e-01 1.06721915200308e-01
-4.81945607539313e-01 -9.07872287726146e-01 1.71719218155623e-01
9.93488040302953e-01 -8.07555750496967e-01 2.17606109390278e-02
-7.30087262836701e-01 -1.02574924472439e+00 5.62253026550938e-02
8.85840352058509e-01 -9.29495016475024e-01 -2.95437937966422e-05
-7.25381519077681e-01 6.62373527205513e-01 1.84521276744617e-01
1.10825349524946e+00 -1.32320949297362e-01 -1.41649629806122e-01
1.26839345445304e+00 1.21706835679875e-04 4.45473089375648e-02
-9.29525810286223e-01 -3.95400650484845e-05 1.97667445644149e-01
-1.02664107115080e+00 -8.18404466742976e-02 1.71111195036979e-01
3.25924010339411e-01 -3.95306473427385e-01 -2.62727428468330e-01
3.25842858597935e-01 3.95013270179595e-01 -2.62754399227549e-01
-1.73783678717557e-01 -1.00896480426169e-01 2.82994600834619e-01
-3.26148547047873e-01 -3.95147671089782e-01 2.62725448949934e-01
8.25068136664266e-01 9.11563538126875e-01 -8.25919596708926e-02
1.02550021753416e+00 2.51886631584225e-01 -1.63002362878354e-01
6.62074429465122e-01 8.26953775002476e-01 -1.61914621721237e-01
-8.07614985971658e-01 9.76590128189233e-02 2.21682278690670e-01
-4.91910699990355e-01 -1.08792922688746e+00 -1.05403029328082e-01
-2.00719027666500e-01 -1.08166932753849e+00 1.47747329958950e-01
5.82870729037560e-01 -9.70302618708103e-01 -1.35267626690504e-01
7.95605678686855e-01 2.91917735466012e-01 -2.15251735937599e-01
3.01683095799803e-01 -1.14409984823813e+00 -1.11283501828182e-01
9.70287151253614e-01 6.06324282253465e-01 1.30038393112754e-01
1.10852724823487e+00 -1.32180223131023e-01 1.41549470663156e-01
1.00960658716254e-01 -1.26817889810645e+00 -3.87813711470488e-02
6.66996407941774e-01 1.00919938676368e+00 -9.60596236127710e-02
1.08153757296949e+00 6.62183580978154e-01 -4.48876982201561e-02
-2.70214947793123e-04 -2.00076047200778e-01 -2.83025424552553e-01
1.00685049694600e-01 1.26815687960438e+00 -3.88528384948370e-02
-8.85773422913223e-01 -9.29558802738757e-01 1.99926004989368e-05
-9.64307952634905e-01 -7.95986438459339e-01 -6.51312733653407e-02
1.00929891786059e+00 -4.30015804459423e-01 1.48871899884657e-01
-7.67041065517179e-01 1.02645428558387e+00 -1.82842712623629e-02
6.34313738262214e-01 1.10855805346345e+00 2.94516974097372e-02
4.76023388590004e-05 -1.99808843668281e-01 2.83034830294359e-01
7.96025279618469e-01 -2.91869567202022e-01 2.15177726746932e-01
4.81857735970113e-01 -9.07909115583203e-01 -1.71721801820694e-01
6.05885069120073e-01 -5.83056393902262e-01 -2.16537928604727e-01
-7.66760347890940e-01 -1.02667039080070e+00 1.82663889512550e-02
-1.14417086910662e+00 4.98523584909668e-01 6.73235889978034e-02
-1.00987324506640e-01 -1.26818063160991e+00 -3.87750906231755e-02
2.97493731079676e-01 -1.23769548274264e+00 -3.75272536324024e-02
-1.23643158612469e+00 3.46281770927499e-01 -4.84762405920414e-06
9.70152466855351e-01 -6.06118715189040e-01 -1.30136115622392e-01
6.67185370614885e-01 -1.00918901737266e+00 -9.59996848167464e-02
1.18150150098815e+00 -1.55555626217980e-01 1.06676284697612e-01
4.78225936008982e-01 -1.18140675459575e+00 -3.47512796841060e-02
-5.83018635037939e-01 -9.70340759904445e-01 -1.35222254750903e-01
1.23760216228110e+00 1.68224929403565e-01 -6.64653077307362e-02
-1.08784334943539e+00 -4.72529747885530e-01 1.09771905261678e-01
7.30104905740466e-01 -1.02572714798078e+00 -5.62339675361926e-02
1.00922619895754e+00 4.30325070158675e-01 1.48851948281703e-01
-1.17729191862302e+00 -3.26290630808702e-01 8.81912161153156e-02
1.10850557094946e+00 1.32494719311456e-01 1.41543282550600e-01
1.17742102386371e+00 -3.26090665783943e-01 8.81422058682480e-02
2.00677574719777e-01 -1.08170405770818e+00 -1.47737472237777e-01
-3.46738550271886e-01 -2.32807489456130e-04 -2.75880270248870e-01
9.29620670725663e-01 1.67451427534857e-04 1.97645227168732e-01
-7.30120388145566e-01 -1.02576836666547e+00 -5.61864985701322e-02
1.01411262565673e-01 1.17339587576108e+00 -1.14118998448659e-01
-1.02066154473632e-01 1.17335387798365e+00 -1.14111428116274e-01
8.15327758281083e-05 -8.85805813313737e-01 2.07423508276760e-01
1.17724606200222e+00 -3.26165808147280e-01 -8.82446741230724e-02
-6.67263435512686e-01 -1.00922846837139e+00 -9.59520033271507e-02
-2.00971454884587e-01 1.08176022517512e+00 1.47697095488987e-01
-1.08801180608652e+00 4.72173824597769e-01 -1.09765033654912e-01
-1.17740806695328e+00 3.25925468038007e-01 -8.81812414813497e-02
1.23633495191915e+00 3.46626469308946e-01 -7.39943997452539e-05
1.22105585760283e+00 3.41687419617317e-01 -4.51547624918519e-02
-8.79738143714877e-01 5.52403162631319e-01 -1.68412785099621e-01
-2.98250328563663e-01 5.72023687121314e-01 -2.47736908837463e-01
-5.52976479746293e-01 7.54421483765086e-01 -1.96287604955818e-01
-7.54643307611546e-01 -8.79578337194762e-01 1.23345169203685e-01
3.41298130996586e-01 -2.02143402190561e-01 -2.72509771501460e-01
-8.79508451205200e-01 -5.52738464033733e-01 1.68417742067685e-01
2.97710318575576e-01 -5.72391688577070e-01 -2.47726926694742e-01
1.22383295662802e+00 4.52064037250825e-05 -8.66862580720135e-02
-9.52690536474231e-05 -1.09632871785128e+00 -1.49149470622664e-01
1.84230991944233e-01 -8.70205509584040e-01 2.06636184602652e-01
-1.09623760879889e+00 -6.68533641998208e-01 1.87855632337652e-05
8.79678857565431e-01 -5.52621371529224e-01 1.68392557118034e-01
1.22400775928208e+00 1.39672528270941e-04 8.65632686099736e-02
2.02052219319736e-01 -1.22113520208472e+00 7.62236497121952e-02
-3.88125903368220e-01 -1.22394134323274e+00 1.40701962886803e-05
-2.02029578878017e-01 -1.22115526471776e+00 -7.62106318769224e-02
3.88155706743703e-01 -1.22393189298552e+00 -7.63483553681111e-06
-5.72282650199366e-01 -1.11016086501514e+00 -6.64631204235549e-02
-6.68613944361818e-01 -2.51599169974954e-04 -2.44613719956263e-01
1.09620409142821e+00 6.68588511491538e-01 -7.88172035386430e-05
-1.84473325869035e-01 8.70000683949029e-01 -2.06668363956495e-01
7.54642196813455e-01 8.79773869915271e-01 1.23276048018446e-01
1.83971147975025e-01 -8.70299365908428e-01 -2.06628029334102e-01
7.54435625964980e-01 8.79560014478666e-01 -1.23414918587568e-01
-2.02240312630712e-01 1.22116991927940e+00 7.61710963115234e-02
8.79284144686923e-01 5.52677725649029e-01 -1.68485975613396e-01
-5.52835412185858e-01 7.54743791117473e-01 1.96245688742790e-01
9.25734149288275e-01 1.84094281454894e-01 -1.94255241633010e-01
-5.72516798087260e-01 1.11006522673176e+00 6.64422461671624e-02
-8.70193998757100e-01 -9.26050124491712e-01 -4.10665676177273e-02
-7.54944866625543e-01 8.79284419700081e-01 -1.23357629190263e-01
-1.84269120162686e-01 8.70357459128167e-01 2.06602621753408e-01
-1.11013992044686e+00 -2.98137566096991e-01 -1.27679134365477e-01
3.87908401263907e-01 1.22401025098194e+00 -7.40894036163107e-05
-8.79589244871583e-01 -5.52854037547114e-01 -1.68377836873469e-01
-3.41807385013158e-01 -2.02208250629261e-01 -2.72475590163947e-01
-3.88423723688597e-01 1.22384684021167e+00 -5.23784206552295e-05
-2.98113840588471e-01 -5.72430371431889e-01 -2.47698309935063e-01
-1.09642538742038e+00 6.68225632689863e-01 -1.75022437508181e-05
5.72130162823828e-01 1.11029560696216e+00 6.64163974762272e-02
-1.22393494034359e+00 -1.32862647520385e-04 8.66145251122716e-02
-8.79657367412827e-01 5.52654814940730e-01 1.68392681937446e-01
1.84045687435281e-01 8.70424416046707e-01 2.06598492560216e-01
-1.22395468804845e+00 -2.27289441071540e-04 -8.66006185724863e-02
-3.41618103817751e-01 2.02086992676807e-01 2.72491889706274e-01
-3.41569448803005e-01 -2.01951410600657e-01 2.72499932125505e-01
1.83785861262181e-01 8.70067619369613e-01 -2.06684831009557e-01
-5.52786274375524e-01 -7.54815932998237e-01 -1.96238764703115e-01
3.41630856529364e-01 2.02174260501312e-01 2.72487870066593e-01
-3.39397542013456e-04 1.09614225943089e+00 -1.49217679854379e-01
5.52815972609573e-01 -7.54654761590366e-01 1.96265463626779e-01
1.22114673816417e+00 3.41747845780689e-01 4.50093776328738e-02
6.68144490359116e-01 -1.02797698971530e-04 -2.44677591295963e-01
9.26115700362293e-01 -1.84000054921398e-01 1.94169105878035e-01
9.26083758673332e-01 1.84332172270391e-01 1.94161005948727e-01
-2.34382691212092e-05 3.88301319769279e-01 2.73109237716970e-01
2.97924015821020e-01 5.72491475638765e-01 2.47702650528354e-01
6.30071261544592e-05 -3.88083145349338e-01 2.73124679032239e-01
-9.26121419779075e-01 1.83860528460187e-01 -1.94174328840375e-01
2.98042415365136e-01 -5.72225235687768e-01 2.47726190717733e-01
-2.01955255220632e-01 -1.22114020965836e+00 7.62324503451868e-02
7.22310649087341e-05 -1.09628563886257e+00 1.49165238087972e-01
-5.72235828221880e-01 -1.11014233589038e+00 6.64985974247750e-02
-8.70173980890186e-01 -9.26033161733208e-01 4.11067169555489e-02
-5.52645180191820e-01 -7.54710240807569e-01 1.96278791615137e-01
7.54802803242360e-01 -8.79517864720692e-01 1.23318042363711e-01
9.25766086523990e-01 -1.84185727548237e-01 -1.94243345813639e-01
5.52516246509259e-01 -7.54760472782277e-01 -1.96287248320777e-01
8.70281847207061e-01 -9.25969998517225e-01 4.10638373377552e-02
-1.11010016837146e+00 -2.98026142671502e-01 1.27709294978023e-01
-9.25984810613178e-01 -1.84178645257859e-01 1.94191758215922e-01
2.01955349141444e-01 -1.22115025728225e+00 -7.62244229323821e-02
-1.84066814025085e-01 -8.70220565435540e-01 2.06640312917675e-01
-7.54713748785779e-01 -8.79633479735352e-01 -1.23304119596836e-01
-2.97889579614595e-01 -5.72263934847666e-01 2.47730893211845e-01
1.11024247105890e+00 -2.97832485225748e-01 1.27670186828056e-01
-5.72563608958073e-01 1.10993877072523e+00 -6.65273040483472e-02
5.72241122330498e-01 -1.11013637626777e+00 -6.65012830346978e-02
-1.84271043368114e-01 -8.70314418911764e-01 -2.06611564665108e-01
1.22110976181217e+00 -3.41546139471040e-01 -4.51353959715525e-02
8.70118440251770e-01 9.26166495327937e-01 4.10155790534331e-02
-2.43683865082467e-04 -3.88303371364356e-01 -2.73109087103446e-01
8.70046167592234e-01 9.26093837771210e-01 -4.11733149559368e-02
1.22120064382695e+00 -3.41508239689975e-01 4.50271065163940e-02
-3.30115244453667e-04 3.87925920593914e-01 -2.73135791360645e-01
3.41256816080484e-01 2.01836830794580e-01 -2.72523663029092e-01
1.10994660565655e+00 2.97968911260171e-01 -1.27782387967111e-01
1.11019369358737e+00 2.98136002494230e-01 1.27656031843190e-01
5.52370341642893e-01 7.54612110477319e-01 -1.96336095128600e-01
-1.71913932452320e-04 1.09642448791674e+00 1.49114407363385e-01
2.97591930838371e-01 5.72117654379914e-01 -2.47765528797625e-01
-8.70443000478020e-01 9.25769468695107e-01 -4.11188576119046e-02
-7.54874447197100e-01 8.79498220869691e-01 1.23303180602511e-01
-1.11022383323436e+00 2.97668227407160e-01 -1.27697330312810e-01
2.01793385903582e-01 1.22125487807365e+00 7.61622926228628e-02
2.01696526075509e-01 1.22110368462381e+00 -7.62956675295547e-02
-2.02314628328475e-01 1.22101873621167e+00 -7.62818735568511e-02
-8.70422988359759e-01 9.25842108152845e-01 4.10584673230444e-02
-1.11018408554801e+00 2.97835256035838e-01 1.27695144612503e-01
-9.26071353736219e-01 -1.84364258750217e-01 -1.94162435187156e-01
7.54596227411080e-01 -8.79573021310570e-01 -1.23361398617164e-01
-1.22109949709363e+00 -3.41712563859102e-01 4.50864721515573e-02
8.79381389940077e-01 -5.52736977024842e-01 -1.68451020655038e-01
-1.22110986647741e+00 -3.41750446956617e-01 -4.50581806555978e-02
-6.68458851708445e-01 1.51237402817046e-05 2.44634832465861e-01
1.09631401235430e+00 -6.68408320205391e-01 -4.25222348060390e-05
-1.22119772347274e+00 3.41408360303018e-01 4.50687477091983e-02
-1.22120808948878e+00 3.41347958764859e-01 -4.50775425414517e-02
8.70209572272953e-01 -9.25986966815317e-01 -4.11210155028378e-02
-9.26034879071346e-01 1.84098345113245e-01 1.94183660778973e-01
8.79581605316654e-01 5.52929452811603e-01 1.68367492600034e-01
3.41672177851833e-01 -2.01886535745667e-01 2.72495912827660e-01
5.72027662859487e-01 1.11016912643380e+00 -6.65654757817217e-02
6.68538816731043e-01 1.63983456414017e-04 2.44623948393213e-01
5.52670053966702e-01 7.54934479213615e-01 1.96232357584226e-01
-2.98026085986227e-01 5.72397470016227e-01 2.47707354306467e-01
1.10999537862898e+00 -2.97943951652816e-01 -1.27764188228101e-01
-3.41856032739937e-01 2.01749600358577e-01 -2.72489480530555e-01
5.72343629928646e-01 -1.11011784181847e+00 6.64727563964687e-02
-3.96714562107892e-01 -1.03878575790792e+00 1.43270859100194e-01
2.72952340354554e-05 1.12388876896116e-04 2.86525275193121e-01
-3.96967794892700e-01 1.03882329785188e+00 1.43222369418826e-01
-3.96833866560624e-01 -1.03883314712136e+00 -1.43237292671798e-01
1.28400702312055e+00 9.91221353236895e-05 -6.59206255170675e-05
1.03870776512607e+00 -6.42002278416409e-01 -8.85858835258829e-02
-6.42128494063468e-01 -3.96963212611681e-01 -2.31770960090160e-01
1.03887446349604e+00 -6.41947291785008e-01 8.85083535095778e-02
-6.42230380408441e-01 3.96488248480839e-01 -2.31797385184316e-01
-1.28400704707435e+00 -1.86768990549638e-04 5.88781978741919e-06
3.96662646647300e-01 -1.03881158957875e+00 -1.43268690419668e-01
6.41756167372786e-01 -3.96861570813264e-01 -2.31830971316523e-01
-2.76569497140219e-04 1.28400699823730e+00 -6.48679140229601e-05
6.41681350698924e-01 3.96672446739754e-01 -2.31857399940116e-01
9.37269811241951e-06 -1.28400706071116e+00 4.84528186132897e-06
3.96865103034693e-01 -1.03876419414894e+00 1.43257882878372e-01
-6.42078921730274e-01 3.96808231608981e-01 2.31791013238335e-01
1.03860023441156e+00 6.42071254564739e-01 -8.86237632117730e-02
-6.41977020726550e-01 -3.96777723584772e-01 2.31807668105090e-01
6.42050483639486e-01 3.96992495855434e-01 2.31779224057801e-01
1.03876692775054e+00 6.42209397480668e-01 8.84765142128941e-02
-1.03872438514532e+00 -6.42070524334128e-01 8.85515428653402e-02
6.42125311334156e-01 -3.96676044804874e-01 2.31795880630959e-01
3.96655661697175e-01 1.03897845237618e+00 1.43209389205866e-01
-1.03875656444397e+00 -6.42125488546234e-01 -8.85128917131989e-02
-2.94439463526423e-04 -2.00039095841352e-04 -2.86525265344892e-01
3.96453224370997e-01 1.03871338661557e+00 -1.43332996091879e-01
-1.03890278290680e+00 6.41870008975736e-01 8.85197106164637e-02
-1.03893495083064e+00 6.41731912867606e-01 -8.85507630340739e-02
-3.97087079455009e-01 1.03855826545890e+00 -1.43301593416319e-01
-6.74997903993081e-01 -1.09226917709663e+00 1.85160304157493e-05
6.75047820293521e-01 -1.09223832811583e+00 -1.92311683783572e-05
6.74843749709259e-01 1.09236437241732e+00 -7.85368502667253e-05
-6.75280297264538e-01 1.09209460178322e+00 -4.07806062333243e-05
-1.09225411611837e+00 -8.33021073552620e-05 1.50630747837775e-01
-1.09230297473890e+00 -2.47525029801863e-04 -1.50613095652294e-01
1.09205995950643e+00 -4.36282998694972e-06 -1.50700832141523e-01
1.09234943786935e+00 1.59921629798634e-04 1.50596320727406e-01
-7.18846117765630e-05 6.75203768263047e-01 2.43710707114954e-01
7.84543842078843e-05 -6.75001423576635e-01 2.43738616585116e-01
-1.95239347287180e-04 -6.75146901161900e-01 -2.43718548643386e-01
-3.45559029517198e-04 6.74817700428764e-01 -2.43763936091438e-01
3 631 67 1
3 599 6 67
3 497 1 6
3 67 6 1
3 615 294 296
3 494 73 294
3 599 296 73
3 294 73 296
3 614 232 293
3 497 231 232
3 494 293 231
3 232 231 293
3 599 73 6
3 494 231 73
3 497 6 231
3 73 231 6
3 639 43 297
3 553 473 43
3 490 297 473
3 43 473 297
3 600 430 152
3 542 47 430
3 553 152 47
3 430 47 152
3 615 74 70
3 490 340 74
3 542 70 340
3 74 340 70
3 553 47 473
3 542 340 47
3 490 473 340
3 47 340 473
3 630 374 145
3 495 353 374
3 543 145 353
3 374 353 145
3 614 284 147
3 541 350 284
3 495 147 350
3 284 350 147
3 600 262 168
3 543 373 262
3 541 168 373
3 262 373 168
3 495 350 353
3 541 373 350
3 543 353 373
3 350 373 353
3 615 70 294
3 542 339 70
3 494 294 339
3 70 339 294
3 600 168 430
3 541 372 168
3 542 430 372
3 168 372 430
3 614 293 284
3 494 336 293
3 541 284 336
3 293 336 284
3 542 372 339
3 541 336 372
3 494 339 336
3 372 336 339
3 640 236 3
3 503 286 236
3 559 3 286
3 236 286 3
3 610 467 357
3 489 135 467
3 503 357 135
3 467 135 357
3 603 5 338
3 559 246 5
3 489 338 246
3 5 246 338
3 503 135 286
3 489 246 135
3 559 286 246
3 135 246 286
3 631 1 104
3 497 458 1
3 558 104 458
3 1 458 104
3 614 436 232
3 552 453 436
3 497 232 453
3 436 453 232
3 610 320 433
3 558 337 320
3 552 433 337
3 320 337 433
3 497 453 458
3 552 337 453
3 558 458 337
3 453 337 458
3 630 290 374
3 498 241 290
3 495 374 241
3 290 241 374
3 603 319 429
3 496 258 319
3 498 429 258
3 319 258 429
3 614 147 452
3 495 237 147
3 496 452 237
3 147 237 452
3 498 258 241
3 496 237 258
3 495 241 237
3 258 237 241
3 610 433 467
3 552 242 433
3 489 467 242
3 433 242 467
3 614 452 436
3 496 25 452
3 552 436 25
3 452 25 436
3 603 338 319
3 489 17 338
3 496 319 17
3 338 17 319
3 552 25 242
3 496 17 25
3 489 242 17
3 25 17 242
3 635 349 20
3 580 363 349
3 513 20 363
3 349 363 20
3 606 272 9
3 515 44 272
3 580 9 44
3 272 44 9
3 624 364 45
3 513 129 364
3 515 45 129
3 364 129 45
3 580 44 363
3 515 129 44
3 513 363 129
3 44 129 363
3 640 3 194
3 559 140 3
3 518 194 140
3 3 140 194
3 603 87 5
3 528 399 87
3 559 5 399
3 87 399 5
3 606 199 89
3 518 254 199
3 528 89 254
3 199 254 89
3 559 399 140
3 528 254 399
3 518 140 254
3 399 254 140
3 630 85 290
3 510 470 85
3 498 290 470
3 85 470 290
3 624 217 442
3 554 86 217
3 510 442 86
3 217 86 442
3 603 429 459
3 498 475 429
3 554 459 475
3 429 475 459
3 510 86 470
3 554 475 86
3 498 470 475
3 86 475 470
3 606 89 272
3 528 213 89
3 515 272 213
3 89 213 272
3 603 459 87
3 554 394 459
3 528 87 394
3 459 394 87
3 624 45 217
3 515 100 45
3 554 217 100
3 45 100 217
3 528 394 213
3 554 100 394
3 515 213 100
3 394 100 213
3 634 279 111
3 521 411 279
3 550 111 411
3 279 411 111
3 609 151 405
3 582 163 151
3 521 405 163
3 151 163 405
3 621 461 376
3 550 464 461
3 582 376 464
3 461 464 376
3 521 163 411
3 582 464 163
3 550 411 464
3 163 464 411
3 635 20 205
3 513 235 20
3 524 205 235
3 20 235 205
3 624 2 364
3 584 365 2
3 513 364 365
3 2 365 364
3 609 314 234
3 524 90 314
3 584 234 90
3 314 90 234
3 513 365 235
3 584 90 365
3 524 235 90
3 365 90 235
3 630 450 85
3 544 441 450
3 510 85 441
3 450 441 85
3 621 36 316
3 491 356 36
3 544 316 356
3 36 356 316
3 624 442 38
3 510 8 442
3 491 38 8
3 442 8 38
3 544 356 441
3 491 8 356
3 510 441 8
3 356 8 441
3 609 234 151
3 584 380 234
3 582 151 380
3 234 380 151
3 624 38 2
3 491 40 38
3 584 2 40
3 38 40 2
3 621 376 36
3 582 37 376
3 491 36 37
3 376 37 36
3 584 40 380
3 491 37 40
3 582 380 37
3 40 37 380
3 639 132 43
3 555 348 132
3 553 43 348
3 132 348 43
3 618 58 359
3 545 34 58
3 555 359 34
3 58 34 359
3 600 152 412
3 553 33 152
3 545 412 33
3 152 33 412
3 555 34 348
3 545 33 34
3 553 348 33
3 34 33 348
3 634 111 420
3 550 302 111
3 551 420 302
3 111 302 420
3 621 177 461
3 486 255 177
3 550 461 255
3 177 255 461
3 618 174 62
3 551 257 174
3 486 62 257
3 174 257 62
3 550 255 302
3 486 257 255
3 551 302 257
3 255 257 302
3 630 145 450
3 543 414 145
3 544 450 414
3 145 414 450
3 600 310 262
3 484 122 310
3 543 262 122
3 310 122 262
3 621 316 92
3 544 123 316
3 484 92 123
3 316 123 92
3 543 122 414
3 484 123 122
3 544 414 123
3 122 123 414
3 618 62 58
3 486 142 62
3 545 58 142
3 62 142 58
3 621 92 177
3 484 141 92
3 486 177 141
3 92 141 177
3 600 412 310
3 545 124 412
3 484 310 124
3 412 124 310
3 486 141 142
3 484 124 141
3 545 142 124
3 141 124 142
3 638 371 229
3 523 225 371
3 512 229 225
3 371 225 229
3 623 230 253
3 570 144 230
3 523 253 144
3 230 144 253
3 602 333 476
3 512 331 333
3 570 476 331
3 333 331 476
3 523 144 225
3 570 331 144
3 512 225 331
3 144 331 225
3 632 303 445
3 514 200 303
3 520 445 200
3 303 200 445
3 612 139 84
3 575 305 139
3 514 84 305
3 139 305 84
3 623 309 248
3 520 159 309
3 575 248 159
3 309 159 248
3 514 305 200
3 575 159 305
3 520 200 159
3 305 159 200
3 633 39 244
3 509 298 39
3 517 244 298
3 39 298 244
3 602 383 150
3 505 195 383
3 509 150 195
3 383 195 150
3 612 16 42
3 517 299 16
3 505 42 299
3 16 299 42
3 509 195 298
3 505 299 195
3 517 298 299
3 195 299 298
3 623 248 230
3 575 220 248
3 570 230 220
3 248 220 230
3 612 42 139
3 505 76 42
3 575 139 76
3 42 76 139
3 602 476 383
3 570 71 476
3 505 383 71
3 476 71 383
3 575 76 220
3 505 71 76
3 570 220 71
3 76 71 220
3 634 238 138
3 590 137 238
3 579 138 137
3 238 137 138
3 616 344 13
3 522 120 344
3 590 13 120
3 344 120 13
3 627 22 0
3 579 179 22
3 522 0 179
3 22 179 0
3 590 120 137
3 522 179 120
3 579 137 179
3 120 179 137
3 638 229 153
3 512 226 229
3 596 153 226
3 229 226 153
3 602 10 333
3 507 283 10
3 512 333 283
3 10 283 333
3 616 384 131
3 596 358 384
3 507 131 358
3 384 358 131
3 512 283 226
3 507 358 283
3 596 226 358
3 283 358 226
3 633 334 39
3 578 79 334
3 509 39 79
3 334 79 39
3 627 162 227
3 573 208 162
3 578 227 208
3 162 208 227
3 602 150 397
3 509 72 150
3 573 397 72
3 150 72 397
3 578 208 79
3 573 72 208
3 509 79 72
3 208 72 79
3 616 131 344
3 507 416 131
3 522 344 416
3 131 416 344
3 602 397 10
3 573 55 397
3 507 10 55
3 397 55 10
3 627 0 162
3 522 175 0
3 573 162 175
3 0 175 162
3 507 55 416
3 573 175 55
3 522 416 175
3 55 175 416
3 635 205 118
3 524 158 205
3 574 118 158
3 205 158 118
3 609 4 314
3 588 93 4
3 524 314 93
3 4 93 314
3 628 477 233
3 574 478 477
3 588 233 478
3 477 478 233
3 524 93 158
3 588 478 93
3 574 158 478
3 93 478 158
3 634 138 279
3 579 172 138
3 521 279 172
3 138 172 279
3 627 451 22
3 587 23 451
3 579 22 23
3 451 23 22
3 609 405 211
3 521 165 405
3 587 211 165
3 405 165 211
3 579 23 172
3 587 165 23
3 521 172 165
3 23 165 172
3 633 444 334
3 572 201 444
3 578 334 201
3 444 201 334
3 628 268 311
3 519 381 268
3 572 311 381
3 268 381 311
3 627 227 267
3 578 385 227
3 519 267 385
3 227 385 267
3 572 381 201
3 519 385 381
3 578 201 385
3 381 385 201
3 609 211 4
3 587 454 211
3 588 4 454
3 211 454 4
3 627 267 451
3 519 269 267
3 587 451 269
3 267 269 451
3 628 233 268
3 588 271 233
3 519 268 271
3 233 271 268
3 587 269 454
3 519 271 269
3 588 454 271
3 269 271 454
3 641 181 155
3 482 91 181
3 501 155 91
3 181 91 155
3 608 31 186
3 483 59 31
3 482 186 59
3 31 59 186
3 629 390 260
3 501 108 390
3 483 260 108
3 390 108 260
3 482 59 91
3 483 108 59
3 501 91 108
3 59 108 91
3 635 118 164
3 574 7 118
3 539 164 7
3 118 7 164
3 628 125 477
3 481 15 125
3 574 477 15
3 125 15 477
3 608 280 346
3 539 19 280
3 481 346 19
3 280 19 346
3 574 15 7
3 481 19 15
3 539 7 19
3 15 19 7
3 633 265 444
3 557 126 265
3 572 444 126
3 265 126 444
3 629 277 154
3 511 105 277
3 557 154 105
3 277 105 154
3 628 311 276
3 572 317 311
3 511 276 317
3 311 317 276
3 557 105 126
3 511 317 105
3 572 126 317
3 105 317 126
3 608 346 31
3 481 256 346
3 483 31 256
3 346 256 31
3 628 276 125
3 511 243 276
3 481 125 243
3 276 243 125
3 629 260 277
3 483 216 260
3 511 277 216
3 260 216 277
3 481 243 256
3 511 216 243
3 483 256 216
3 243 216 256
3 632 215 303
3 593 304 215
3 514 303 304
3 215 304 303
3 626 88 110
3 576 203 88
3 593 110 203
3 88 203 110
3 612 84 440
3 514 307 84
3 576 440 307
3 84 307 440
3 593 203 304
3 576 307 203
3 514 304 307
3 203 307 304
3 641 155 247
3 501 382 155
3 527 247 382
3 155 382 247
3 629 209 390
3 530 35 209
3 501 390 35
3 209 35 390
3 626 24 207
3 527 191 24
3 530 207 191
3 24 191 207
3 501 35 382
3 530 191 35
3 527 382 191
3 35 191 382
3 633 244 265
3 517 130 244
3 557 265 130
3 244 130 265
3 612 273 16
3 577 355 273
3 517 16 355
3 273 355 16
3 629 154 400
3 557 127 154
3 577 400 127
3 154 127 400
3 517 355 130
3 577 127 355
3 557 130 127
3 355 127 130
3 626 207 88
3 530 471 207
3 576 88 471
3 207 471 88
3 629 400 209
3 577 472 400
3 530 209 472
3 400 472 209
3 612 440 273
3 576 250 440
3 577 273 250
3 440 250 273
3 530 472 471
3 577 250 472
3 576 471 250
3 472 250 471
3 641 247 249
3 527 190 247
3 571 249 190
3 247 190 249
3 626 134 24
3 569 78 134
3 527 24 78
3 134 78 24
3 613 368 12
3 571 408 368
3 569 12 408
3 368 408 12
3 527 78 190
3 569 408 78
3 571 190 408
3 78 408 190
3 632 387 215
3 563 389 387
3 593 215 389
3 387 389 215
3 617 196 157
3 504 425 196
3 563 157 425
3 196 425 157
3 626 110 300
3 593 437 110
3 504 300 437
3 110 437 300
3 563 425 389
3 504 437 425
3 593 389 437
3 425 437 389
3 636 193 156
3 508 426 193
3 567 156 426
3 193 426 156
3 613 324 432
3 506 161 324
3 508 432 161
3 324 161 432
3 617 388 327
3 567 398 388
3 506 327 398
3 388 398 327
3 508 161 426
3 506 398 161
3 567 426 398
3 161 398 426
3 626 300 134
3 504 427 300
3 569 134 427
3 300 427 134
3 617 327 196
3 506 180 327
3 504 196 180
3 327 180 196
3 613 12 324
3 569 402 12
3 506 324 402
3 12 402 324
3 504 180 427
3 506 402 180
3 569 427 402
3 180 402 427
3 640 197 252
3 562 323 197
3 487 252 323
3 197 323 252
3 625 342 439
3 485 360 342
3 562 439 360
3 342 360 439
3 611 369 228
3 487 421 369
3 485 228 421
3 369 421 228
3 562 360 323
3 485 421 360
3 487 323 421
3 360 421 323
3 641 249 133
3 571 409 249
3 565 133 409
3 249 409 133
3 613 83 368
3 566 422 83
3 571 368 422
3 83 422 368
3 625 361 198
3 565 282 361
3 566 198 282
3 361 282 198
3 571 422 409
3 566 282 422
3 565 409 282
3 422 282 409
3 636 375 193
3 547 182 375
3 508 193 182
3 375 182 193
3 611 28 143
3 533 101 28
3 547 143 101
3 28 101 143
3 613 432 30
3 508 61 432
3 533 30 61
3 432 61 30
3 547 101 182
3 533 61 101
3 508 182 61
3 101 61 182
3 625 198 342
3 566 362 198
3 485 342 362
3 198 362 342
3 613 30 83
3 533 318 30
3 566 83 318
3 30 318 83
3 611 228 28
3 485 14 228
3 533 28 14
3 228 14 28
3 566 318 362
3 533 14 318
3 485 362 14
3 318 14 362
3 631 104 185
3 558 462 104
3 589 185 462
3 104 462 185
3 610 431 320
3 581 456 431
3 558 320 456
3 431 456 320
3 605 291 295
3 589 75 291
3 581 295 75
3 291 75 295
3 558 456 462
3 581 75 456
3 589 462 75
3 456 75 462
3 640 252 236
3 487 109 252
3 503 236 109
3 252 109 236
3 611 449 369
3 548 112 449
3 487 369 112
3 449 112 369
3 610 357 448
3 503 173 357
3 548 448 173
3 357 173 448
3 487 112 109
3 548 173 112
3 503 109 173
3 112 173 109
3 636 417 375
3 597 378 417
3 547 375 378
3 417 378 375
3 605 455 56
3 583 322 455
3 597 56 322
3 455 322 56
3 611 143 99
3 547 261 143
3 583 99 261
3 143 261 99
3 597 322 378
3 583 261 322
3 547 378 261
3 322 261 378
3 610 448 431
3 548 97 448
3 581 431 97
3 448 97 431
3 611 99 449
3 583 98 99
3 548 449 98
3 99 98 449
3 605 295 455
3 581 69 295
3 583 455 69
3 295 69 455
3 548 98 97
3 583 69 98
3 581 97 69
3 98 69 97
3 637 435 285
3 556 457 435
3 493 285 457
3 435 457 285
3 607 332 77
3 564 466 332
3 556 77 466
3 332 466 77
3 604 418 329
3 493 103 418
3 564 329 103
3 418 103 329
3 556 466 457
3 564 103 466
3 493 457 103
3 466 103 457
3 631 185 53
3 589 415 185
3 549 53 415
3 185 415 53
3 605 377 291
3 586 149 377
3 589 291 149
3 377 149 291
3 607 167 379
3 549 413 167
3 586 379 413
3 167 413 379
3 589 149 415
3 586 413 149
3 549 415 413
3 149 413 415
3 636 396 417
3 488 401 396
3 597 417 401
3 396 401 417
3 604 116 48
3 560 343 116
3 488 48 343
3 116 343 48
3 605 56 117
3 597 474 56
3 560 117 474
3 56 474 117
3 488 343 401
3 560 474 343
3 597 401 474
3 343 474 401
3 607 379 332
3 586 115 379
3 564 332 115
3 379 115 332
3 605 117 377
3 560 341 117
3 586 377 341
3 117 341 377
3 604 329 116
3 564 270 329
3 560 116 270
3 329 270 116
3 586 341 115
3 560 270 341
3 564 115 270
3 341 270 115
3 632 245 387
3 561 281 245
3 563 387 281
3 245 281 387
3 620 80 136
3 500 366 80
3 561 136 366
3 80 366 136
3 617 157 438
3 563 367 157
3 500 438 367
3 157 367 438
3 561 366 281
3 500 367 366
3 563 281 367
3 366 367 281
3 637 285 465
3 493 106 285
3 568 465 106
3 285 106 465
3 604 63 418
3 532 210 63
3 493 418 210
3 63 210 418
3 620 325 289
3 568 306 325
3 532 289 306
3 325 306 289
3 493 210 106
3 532 306 210
3 568 106 306
3 210 306 106
3 636 156 396
3 567 347 156
3 488 396 347
3 156 347 396
3 617 206 388
3 480 345 206
3 567 388 345
3 206 345 388
3 604 48 95
3 488 460 48
3 480 95 460
3 48 460 95
3 567 345 347
3 480 460 345
3 488 347 460
3 345 460 347
3 620 289 80
3 532 21 289
3 500 80 21
3 289 21 80
3 604 95 63
3 480 479 95
3 532 63 479
3 95 479 63
3 617 438 206
3 500 121 438
3 480 206 121
3 438 121 206
3 532 479 21
3 480 121 479
3 500 21 121
3 479 121 21
3 641 133 181
3 565 313 133
3 482 181 313
3 133 313 181
3 625 128 361
3 598 18 128
3 565 361 18
3 128 18 361
3 608 186 354
3 482 64 186
3 598 354 64
3 186 64 354
3 565 18 313
3 598 64 18
3 482 313 64
3 18 64 313
3 640 194 197
3 518 251 194
3 562 197 251
3 194 251 197
3 606 114 199
3 516 119 114
3 518 199 119
3 114 119 199
3 625 439 330
3 562 221 439
3 516 330 221
3 439 221 330
3 518 119 251
3 516 221 119
3 562 251 221
3 119 221 251
3 635 164 349
3 539 51 164
3 580 349 51
3 164 51 349
3 608 264 280
3 499 240 264
3 539 280 240
3 264 240 280
3 606 9 263
3 580 32 9
3 499 263 32
3 9 32 263
3 539 240 51
3 499 32 240
3 580 51 32
3 240 32 51
3 625 330 128
3 516 468 330
3 598 128 468
3 330 468 128
3 606 263 114
3 499 11 263
3 516 114 11
3 263 11 114
3 608 354 264
3 598 146 354
3 499 264 146
3 354 146 264
3 516 11 468
3 499 146 11
3 598 468 146
3 11 146 468
3 639 315 132
3 538 222 315
3 555 132 222
3 315 222 132
3 601 423 446
3 526 178 423
3 538 446 178
3 423 178 446
3 618 359 60
3 555 424 359
3 526 60 424
3 359 424 60
3 538 178 222
3 526 424 178
3 555 222 424
3 178 424 222
3 638 153 184
3 596 183 153
3 536 184 183
3 153 183 184
3 616 278 384
3 525 50 278
3 596 384 50
3 278 50 384
3 601 288 160
3 536 170 288
3 525 160 170
3 288 170 160
3 596 50 183
3 525 170 50
3 536 183 170
3 50 170 183
3 634 420 238
3 551 419 420
3 590 238 419
3 420 419 238
3 618 189 174
3 585 287 189
3 551 174 287
3 189 287 174
3 616 13 188
3 590 428 13
3 585 188 428
3 13 428 188
3 551 287 419
3 585 428 287
3 590 419 428
3 287 428 419
3 601 160 423
3 525 57 160
3 526 423 57
3 160 57 423
3 616 188 278
3 585 403 188
3 525 278 403
3 188 403 278
3 618 60 189
3 526 176 60
3 585 189 176
3 60 176 189
3 525 403 57
3 585 176 403
3 526 57 176
3 403 176 57
3 637 465 407
3 568 352 465
3 535 407 352
3 465 352 407
3 620 434 325
3 591 463 434
3 568 325 463
3 434 463 325
3 619 166 301
3 535 404 166
3 591 301 404
3 166 404 301
3 568 463 352
3 591 404 463
3 535 352 404
3 463 404 352
3 632 445 245
3 520 46 445
3 561 245 46
3 445 46 245
3 623 219 309
3 502 393 219
3 520 309 393
3 219 393 309
3 620 136 218
3 561 392 136
3 502 218 392
3 136 392 218
3 520 393 46
3 502 392 393
3 561 46 392
3 393 392 46
3 638 29 371
3 537 148 29
3 523 371 148
3 29 148 371
3 619 81 259
3 595 27 81
3 537 259 27
3 81 27 259
3 623 253 192
3 523 370 253
3 595 192 370
3 253 370 192
3 537 27 148
3 595 370 27
3 523 148 370
3 27 370 148
3 620 218 434
3 502 326 218
3 591 434 326
3 218 326 434
3 623 192 219
3 595 328 192
3 502 219 328
3 192 328 219
3 619 301 81
3 591 82 301
3 595 81 82
3 301 82 81
3 502 328 326
3 595 82 328
3 591 326 82
3 328 82 326
3 639 214 315
3 540 113 214
3 538 315 113
3 214 113 315
3 622 266 102
3 592 212 266
3 540 102 212
3 266 212 102
3 601 446 41
3 538 312 446
3 592 41 312
3 446 312 41
3 540 212 113
3 592 312 212
3 538 113 312
3 212 312 113
3 637 407 96
3 535 469 407
3 534 96 469
3 407 469 96
3 619 239 166
3 594 406 239
3 535 166 406
3 239 406 166
3 622 447 351
3 534 94 447
3 594 351 94
3 447 94 351
3 535 406 469
3 594 94 406
3 534 469 94
3 406 94 469
3 638 184 29
3 536 26 184
3 537 29 26
3 184 26 29
3 601 391 288
3 529 169 391
3 536 288 169
3 391 169 288
3 619 259 49
3 537 171 259
3 529 49 171
3 259 171 49
3 536 169 26
3 529 171 169
3 537 26 171
3 169 171 26
3 622 351 266
3 594 386 351
3 592 266 386
3 351 386 266
3 619 49 239
3 529 275 49
3 594 239 275
3 49 275 239
3 601 41 391
3 592 274 41
3 529 391 274
3 41 274 391
3 594 275 386
3 529 274 275
3 592 386 274
3 275 274 386
3 631 53 67
3 549 54 53
3 599 67 54
3 53 54 67
3 607 187 167
3 546 395 187
3 549 167 395
3 187 395 167
3 615 296 292
3 599 68 296
3 546 292 68
3 296 68 292
3 549 395 54
3 546 68 395
3 599 54 68
3 395 68 54
3 637 96 435
3 534 224 96
3 556 435 224
3 96 224 435
3 622 321 447
3 492 204 321
3 534 447 204
3 321 204 447
3 607 77 107
3 556 443 77
3 492 107 443
3 77 443 107
3 534 204 224
3 492 443 204
3 556 224 443
3 204 443 224
3 639 297 214
3 490 335 297
3 540 214 335
3 297 335 214
3 615 410 74
3 531 223 410
3 490 74 223
3 410 223 74
3 622 102 52
3 540 65 102
3 531 52 65
3 102 65 52
3 490 223 335
3 531 65 223
3 540 335 65
3 223 65 335
3 607 107 187
3 492 308 107
3 546 187 308
3 107 308 187
3 622 52 321
3 531 202 52
3 492 321 202
3 52 202 321
3 615 292 410
3 546 66 292
3 531 410 66
3 292 66 410
3 492 202 308
3 531 66 202
3 546 308 66
3 202 66 308
