OFF
642 1280 0
-1.05970088623856e+00 6.61787553593368e-01 8.37531214070474e-02
6.03591635364251e-01 -1.26561804207511e+00 -9.01060861196179e-06
-1.24934174889471e+00 -5.44738044599663e-01 -4.33436322585337e-02
-8.94871037246270e-02 -8.37490332211322e-01 -1.47500508154727e-01
-1.38492601793578e+00 1.89565777097725e-01 -1.45071473174766e-02
-3.18966865936929e-01 -1.05316779001566e+00 -1.14342865086688e-01
5.22295538070655e-01 -1.29012934393152e+00 2.23622536830943e-02
-1.12024912473384e+00 2.74774083083428e-01 -1.04902383803483e-01
-1.08482755620174e+00 -8.81990885701178e-01 -1.40195290139085e-02
-8.69259580267485e-01 -3.19090388127234e-01 -1.38541093265237e-01
-5.26547809001231e-01 9.91468005679315e-01 1.10543107550361e-01
-5.58369647428973e-01 -1.11353782330246e-01 -1.68598366660353e-01
6.61526664367504e-01 6.36531739429415e-01 -1.39452846779386e-01
-8.69216973475908e-01 3.18856249655207e-01 1.38555053047370e-01
5.57827781702984e-01 -1.11238737942887e-01 -1.68630731046348e-01
-1.10220680360399e+00 4.69379639531297e-01 -9.58729097348264e-02
-2.18601448235879e-01 1.38503617977620e+00 -3.78923249822715e-05
-1.11167537466816e-01 -1.28152031735953e+00 -7.34304169607545e-02
-1.83961504895726e-01 3.24631966597720e-01 -1.77840557521424e-01
-9.95568610201951e-01 4.03457059913690e-01 -1.18577084566039e-01
-1.21046782435166e+00 -1.44742741039933e-01 -9.11515043806135e-02
1.28145189423477e+00 5.58327281110251e-01 1.45708214449910e-02
-1.18810811681877e+00 5.15802593754523e-01 7.06670749555893e-02
-1.28574600619137e+00 3.56050092478062e-01 5.67756551289186e-02
3.18488760557985e-01 1.05296434194298e+00 -1.14398361365144e-01
-4.29512066034905e-05 -1.35017321158358e+00 -4.97808346368313e-02
1.69987694693841e-01 5.22457603201222e-01 1.69740364172476e-01
4.69671784607330e-01 7.28914586044083e-01 1.44984344053901e-01
7.22708341520247e-01 -2.19368864194817e-01 -1.55442052816801e-01
1.44442427360679e-01 6.93089340372183e-01 1.59248612660664e-01
7.22667233772458e-01 2.19149030538498e-01 -1.55450729528502e-01
-6.62160679406205e-01 6.36321874447916e-01 -1.39417330431935e-01
-8.82044639725570e-01 -1.06921330731790e-01 -1.42726276499781e-01
-4.03708233789286e-01 -9.01247965279483e-01 1.30974467558378e-01
-4.69638006943122e-01 -7.28665502586298e-01 1.45007912275593e-01
-1.07031301672535e-01 1.08466727521226e+00 -1.16066752456039e-01
-1.18115916911680e+00 -7.23095127353825e-01 2.88592829314446e-02
-1.28143734284577e+00 -5.58274661883396e-01 1.46277694528910e-02
-1.18117542488737e+00 -7.23124779453958e-01 -2.88348919541879e-02
-6.93146840622043e-01 1.21030589502252e+00 1.89847625412599e-02
-1.28144391261987e+00 -5.58292423729460e-01 -1.46060537417138e-02
1.89863130566842e-01 -1.10143364721020e-01 1.82218281815229e-01
-1.10553140540168e-01 1.38491040792786e+00 2.49345489440046e-02
-8.92211220751262e-02 -8.37357761450594e-01 1.47516326962713e-01
-9.95459146138405e-01 -4.03985734187005e-01 -1.18561831928940e-01
-1.05957811973390e+00 -6.62034931671233e-01 -8.37461646707627e-02
7.97196077775339e-01 1.12031924834990e+00 3.61474053838481e-02
-1.06577154173969e-01 -1.08487241731607e+00 1.16040792244603e-01
1.38503061907004e+00 7.97842057410763e-05 -2.87672716414187e-02
5.44633272196799e-01 3.29750507842394e-01 1.64377409558905e-01
-3.56269325301074e-01 4.31662099668717e-01 1.69157897157362e-01
-1.01517070460104e+00 -2.78519658826812e-04 -1.27264286826549e-01
6.62018236796055e-01 -6.36561149386465e-01 1.39410131236332e-01
8.37413740206744e-01 -1.12111322793140e+00 1.17355193265046e-02
7.97402083623498e-01 -1.12010942744872e+00 3.61812959894771e-02
-7.23509535272315e-01 9.03104375066701e-01 1.04189947057469e-01
1.18790062056153e+00 -5.15934892479986e-01 -7.07107313263772e-02
-3.78388765572855e-01 7.42766555431005e-05 1.77648179066159e-01
-6.61837682629552e-01 -6.36646011797809e-01 1.39418263650822e-01
-4.70015759271058e-01 7.28371079206151e-01 -1.45012331291655e-01
-5.44559194014101e-01 -3.29510275996323e-01 1.64389997951764e-01
8.81601058978615e-01 1.06576160700857e-01 -1.42778182513883e-01
-8.40272530769465e-01 -5.26391873704110e-01 1.30450112994253e-01
1.38489939847486e+00 1.89943079950619e-01 1.44656437168301e-02
-3.56523092136432e-01 4.31266343904498e-01 -1.69166116425995e-01
4.69817423247334e-01 -7.28611696939338e-01 1.45002531148876e-01
7.23462110806724e-01 -9.03064630670090e-01 1.04201611369041e-01
6.92921795305324e-01 -1.21041958270828e+00 1.90014982998130e-02
7.28758873888210e-01 -1.10203315170017e+00 6.17908603781362e-02
9.02957584956239e-01 -7.92038495806443e-01 -9.51951413986130e-02
2.19351889520715e-01 -1.18121075569924e+00 9.51299477698216e-02
-1.11329261463842e-01 1.28158662470974e+00 7.34061369711471e-02
-7.28893181767497e-01 1.10199166048698e+00 6.17762439130209e-02
4.31612342124114e-01 -1.28567621978880e+00 4.68636952784735e-02
3.18966137262758e-01 -1.05307185911825e+00 1.14358195247871e-01
9.01181616727119e-01 -9.95404711184735e-01 -5.31462842719243e-02
-2.48815412887889e-04 1.35024251474527e+00 4.97482717012305e-02
1.18813059456584e+00 -5.15845569329920e-01 7.06551006891089e-02
4.03398355975639e-01 9.01111715469836e-01 -1.31007222528454e-01
-7.97573988274063e-01 1.12000917610721e+00 3.61694255328258e-02
1.18117092797439e+00 7.23204948678808e-01 2.88032557849824e-02
6.61896949912620e-01 6.36890386689510e-01 1.39394067816847e-01
7.92008814032469e-01 7.23596709125099e-01 1.18800566162267e-01
5.44218551197996e-01 3.29384941394365e-01 -1.64413873814891e-01
2.18008315212489e-01 1.38512965185440e+00 -4.50921422844107e-05
-8.37340651054660e-01 -1.12116712789666e+00 -1.17366607334377e-02
-9.01232371283889e-01 -9.95472253858068e-01 -5.31094705047562e-02
-5.26446131289699e-01 -9.91508630766514e-01 -1.10545183191435e-01
3.29190432023392e-01 1.24931857656085e+00 -7.16994764794854e-02
-6.61998422602118e-01 -6.36803031586887e-01 -1.39392634864816e-01
-1.35159538481255e+00 -1.83843892931458e-01 -4.27374095050890e-02
-2.75432667480390e-01 7.97064682833888e-01 -1.47396172478426e-01
-9.91356954973590e-01 -8.40358651731429e-01 6.92643444828651e-02
-1.35164834504477e+00 1.83369849445442e-01 -4.27436697569127e-02
8.82035098813909e-01 -1.06492223063171e-01 1.42732851099264e-01
1.38484894200347e+00 1.89913112880867e-01 -1.45558000786982e-02
1.12125287567298e+00 -8.91378472891240e-02 1.10159360922675e-01
7.23178033412156e-01 -9.03150480973081e-01 -1.04222866383256e-01
7.91808831431333e-01 -7.23393002866160e-01 -1.18845112797492e-01
8.40078290334837e-01 -5.26433680940138e-01 -1.30468848839460e-01
-9.03133205686743e-01 -7.92133437719998e-01 -9.51526139550931e-02
8.81620227507546e-01 -1.06738959429327e-01 -1.42774028010368e-01
5.16057223552300e-01 -5.37070395115648e-01 1.56312249927663e-01
1.35168119310083e+00 -1.83509611418925e-01 4.27152936134673e-02
6.92870607282781e-01 -1.21042862078719e+00 -1.90238325370576e-02
-7.28959729581478e-01 1.10180003821537e+00 -6.18218050501719e-02
1.29021422968978e+00 1.70192309596984e-01 6.86836793927118e-02
1.05970116101629e+00 -6.61811097255086e-01 8.37498404565970e-02
-4.04116021024032e-01 9.00967848283015e-01 -1.30986059901866e-01
2.74860844214564e-01 -7.97434538843710e-01 -1.47380018007607e-01
5.36836718682348e-01 1.18799927980370e+00 -6.79337808080086e-02
-1.21041947634112e+00 -1.44589122693767e-01 9.11668389165065e-02
4.69463958837533e-01 -7.28759885284149e-01 -1.45009457928458e-01
1.70099688149032e-01 -5.22188243989765e-01 1.69752770896537e-01
-5.44770612793962e-01 -3.29752728984963e-01 -1.64369453314124e-01
1.28154139145875e+00 -5.58095460126007e-01 1.45882940712296e-02
1.38487842089087e+00 -1.89725550634530e-01 -1.45495887305048e-02
1.24932028711449e+00 -5.44560816687283e-01 -4.33928682265299e-02
-1.21050850316610e+00 1.44209977479280e-01 -9.11567710030162e-02
-3.56419516928953e-01 -4.31745116931123e-01 -1.69148751658334e-01
-9.95476836652929e-01 4.03730649342420e-01 1.18574302324308e-01
1.28140277618396e+00 5.58290972728393e-01 -1.46693561560889e-02
-7.28608699279297e-01 -1.10207624919092e+00 6.18082101835713e-02
-9.01185545868785e-01 -9.95434077480427e-01 5.31356076711601e-02
-7.23276632671292e-01 -9.03128766431900e-01 1.04214278567119e-01
-1.05975961910469e+00 6.61569721250191e-01 -8.37700475453079e-02
-7.97610152078901e-01 1.11989620329049e+00 -3.62161490287251e-02
-4.31880437759159e-01 1.28551018456117e+00 -4.68997748380392e-02
-1.90111244402653e-01 1.10022306973760e-01 -1.82215069380945e-01
-1.10207703474525e+00 -4.69887273429775e-01 -9.58556853913958e-02
-5.22566280831016e-01 1.28998188006543e+00 -2.23999951805415e-02
-6.61999962691984e-01 6.36680448241488e-01 1.39402201970184e-01
-1.44422884300865e-01 -6.92852264004099e-01 1.59266778343864e-01
-3.71588321321972e-04 6.03338080150931e-01 -1.66540333161187e-01
5.26010302844066e-01 9.91333683651018e-01 -1.10608245117267e-01
1.06514669838768e-01 -1.08493749230740e+00 -1.16031252231803e-01
1.05302585592101e+00 8.69363664331031e-01 4.19095110990701e-02
-1.12018277048201e+00 2.75000776895330e-01 1.04904366764922e-01
-1.21046015833084e+00 1.44393489114428e-01 9.11628556379250e-02
1.10002325889317e-01 1.38495762519957e+00 2.49313200765453e-02
-2.75244465254781e-01 -7.97463249667216e-01 -1.47364933268025e-01
-9.03049552212646e-01 -7.92043041588052e-01 9.51793824826568e-02
-7.91953310190138e-01 -7.23362198151985e-01 1.18831691990296e-01
8.68887056250137e-01 -3.18938010742897e-01 -1.38587615819614e-01
1.06513732661841e-01 1.08506571302267e+00 1.16010508289177e-01
-6.92836498976193e-01 -1.21044945205800e+00 1.90223919863550e-02
-5.58397406215356e-01 1.10822611282091e-01 -1.68602833995027e-01
-2.18278273720983e-01 -1.38508717711833e+00 6.44762676738913e-06
2.75020593159795e-01 7.97564442921185e-01 1.47362688419987e-01
1.08488006671004e+00 -8.81891328009275e-01 -1.40575577504633e-02
-5.37391625733833e-01 1.18800211666847e+00 6.78569242958048e-02
-1.38486615231197e+00 -1.89971211043517e-01 1.45142687820281e-02
-3.18790476059465e-01 -1.05309305030190e+00 1.14363296584598e-01
-1.44582061151859e-01 6.93042280676822e-01 1.59249964662690e-01
-5.37479474451077e-01 1.18778500266688e+00 -6.79106570842340e-02
-8.96771968784103e-02 8.37136052066452e-01 -1.47533322856288e-01
1.21022834959435e+00 1.44505340863393e-01 -9.12130544454822e-02
1.05289578547299e+00 8.69244632896122e-01 -4.20087128863531e-02
-1.29019620850879e+00 1.69732211103684e-01 -6.87092458181658e-02
4.31353025758217e-01 1.28584369879030e+00 4.68254647491890e-02
-1.89803494611590e-01 1.10382114361041e-01 1.82216856286216e-01
9.95108153693447e-01 4.03738258620000e-01 -1.18627417093814e-01
-9.91584614710214e-01 8.40204608010101e-01 6.92402763270004e-02
-1.35157957847998e+00 -1.83773768252230e-01 4.27512825819013e-02
-1.12122266465812e+00 8.90166120031894e-02 -1.10166381305926e-01
-1.35163254150244e+00 1.83457802065655e-01 4.27457875575024e-02
8.69230236321595e-01 3.19090923415862e-01 1.38544259256561e-01
1.05317488503377e+00 -8.69110532384191e-01 4.19355640633766e-02
-3.29472848897893e-01 -1.24937893179159e+00 7.16588007964079e-02
1.83639518890063e-01 3.25076262330039e-01 1.77832268273895e-01
-1.83659901132689e-01 3.25026498598249e-01 1.77833478592527e-01
3.56222477587429e-01 4.31764263599788e-01 1.69155091275681e-01
-1.29016600173200e+00 1.69872528036652e-01 6.87130619484058e-02
4.03581356981880e-01 -9.01320226694112e-01 -1.30972628281389e-01
-8.69132479292785e-01 -3.18884317134380e-01 1.38563110730293e-01
-9.03260731212456e-01 7.91952745511002e-01 9.51576963964174e-02
-5.58155422235815e-01 -1.11063270994955e-01 1.68613963567082e-01
-1.05951937477767e+00 -6.61942988195283e-01 8.37716100248764e-02
-1.83584635733855e-01 -3.24829082775857e-01 1.77841068468768e-01
-1.10214421000869e+00 4.69608010672216e-01 9.58660062022331e-02
9.02816012760477e-01 7.91998355171873e-01 -9.52241646111075e-02
-1.44859284830994e-01 6.92622456154085e-01 -1.59277221258894e-01
1.01478946902210e+00 -5.25520283436166e-05 -1.27316918502536e-01
-1.70068142892158e-01 5.22406542301294e-01 1.69741689797450e-01
-5.44771220112838e-05 6.03760230835740e-01 1.66513852385954e-01
8.37380214689233e-01 -1.12111998231922e+00 -1.17657243977928e-02
-5.16231388984559e-01 5.36852249580766e-01 -1.56315266959841e-01
9.91530089859888e-01 -8.40261520652234e-01 6.92418376537961e-02
-7.23057851617615e-01 2.19290636146180e-01 1.55415822442353e-01
-7.23001309996841e-01 -2.19257595316488e-01 1.55421183247662e-01
2.74693937469723e-01 7.97158445631054e-01 -1.47411259506528e-01
1.06278705031478e-01 1.08470817748488e+00 -1.16072107357175e-01
5.26286949191169e-01 9.91662662509710e-01 1.10534385006811e-01
1.12088771680225e+00 8.92810446654717e-02 -1.10221670207148e-01
-1.44700122818585e-01 -6.93021487635692e-01 -1.59249674804733e-01
-4.31814182668084e-01 1.28566527348797e+00 4.68366966278076e-02
9.91173606061153e-01 8.40354803517976e-01 -6.93105638291729e-02
-2.37183827775934e-04 -6.03724013102380e-01 -1.66516122985327e-01
1.89453312943557e-01 1.10067668527283e-01 -1.82226457977656e-01
-5.16098298230847e-01 -5.37337844907741e-01 -1.56293988608899e-01
5.22041020137969e-01 1.29027226468813e+00 2.23223520988110e-02
-9.67569690693401e-01 1.01485012037205e+00 -1.96175020289832e-05
7.92142030195701e-01 -7.23270841902813e-01 1.18819541760540e-01
4.31240776945550e-01 1.28568858831809e+00 -4.69170088260056e-02
9.95538431926350e-01 -4.03658745667702e-01 1.18569587603438e-01
-1.26566528959478e+00 -2.62161038926344e-04 -7.94048787928117e-02
1.24923211826059e+00 5.44677514327121e-01 -4.34114525078966e-02
2.18896571505273e-01 1.18110413456241e+00 -9.51710140846468e-02
-9.01450850519482e-01 9.95284137714038e-01 5.31063157579388e-02
-2.19625389859756e-01 1.18101689631701e+00 -9.51606871508524e-02
1.35165237422808e+00 1.83795562640336e-01 4.27097966316302e-02
-1.38492120419096e+00 1.89595727983747e-01 1.45083269664819e-02
3.56311112762192e-01 -4.31458738130308e-01 1.69165355173541e-01
-7.92072740216563e-01 -7.23484329814860e-01 -1.18805036731941e-01
1.44591872516729e-01 -6.92834964130015e-01 1.59265426782036e-01
6.92641852094905e-01 1.21052330714038e+00 -1.90637007755633e-02
-7.23622380340627e-01 9.02804812594575e-01 -1.04221319943209e-01
-9.91410897005522e-01 -8.40420621463787e-01 -6.92379564824536e-02
9.91383488099917e-01 8.40549013398286e-01 6.92177658639758e-02
6.36541134934757e-01 1.05981024993678e+00 8.70518935278736e-02
1.10893809652194e-01 1.28163249497622e+00 7.34036832339727e-02
-1.83886258654495e-01 -3.25092286430411e-01 -1.77827347039553e-01
-1.69947508477935e-01 -5.22212909568465e-01 1.69754096051753e-01
4.03890817643676e-01 -9.01212041909887e-01 1.30969001551976e-01
1.12026204955968e+00 -2.74944467326015e-01 1.04892265139565e-01
-1.26389818575467e-04 9.67528065505999e-01 1.33534719568529e-01
-2.75197999191666e-01 7.97470643130516e-01 1.47365742971551e-01
-1.05326671215742e+00 8.68993324218948e-01 4.19376883124205e-02
5.44283197551029e-01 -3.29658137191185e-01 -1.64400689404241e-01
-8.94112432545367e-02 8.37549080183981e-01 1.47495529595880e-01
2.19101421675846e-01 1.18140768178514e+00 9.50975998125286e-02
3.24928625037700e-01 -1.35159963351203e+00 2.41582643522575e-02
2.18302042381641e-01 -1.38508343202026e+00 -7.50548509553152e-07
-1.24949610927264e+00 5.44298409971004e-01 -4.33622124136157e-02
-1.38487096736082e+00 -1.89994910640272e-01 -1.45009385854691e-02
-1.29014768642016e+00 -1.70240817004233e-01 -6.87032351711377e-02
8.91021578328545e-02 -8.37481510906700e-01 -1.47505409599318e-01
-3.24894784618163e-01 -1.35161442856511e+00 -2.41518125737767e-02
-1.12115311669366e+00 8.92314521865274e-02 1.10175625607993e-01
7.23090859305234e-01 2.19475178942593e-01 1.55408653895212e-01
-8.82072967366012e-01 1.06365884184996e-01 -1.42730430608346e-01
-5.22246192708809e-01 -1.29015428382153e+00 -2.23572950923775e-02
1.11023133238746e-01 -1.28151670160295e+00 -7.34352914927885e-02
-9.03344359680714e-01 7.91691170869554e-01 -9.51816316366720e-02
-6.03866484561440e-01 1.26548690768806e+00 -2.96238192715832e-05
8.37209728884822e-01 1.12128686540112e+00 1.17002664498582e-02
-1.06784098137957e-01 -1.08494407748631e+00 -1.16025898893747e-01
8.89193059666695e-02 8.37166991595006e-01 -1.47538225081133e-01
3.29353704856370e-01 1.24955276848663e+00 7.16157954399479e-02
1.44113058079495e-01 6.92669496765675e-01 -1.59285398692239e-01
-3.43618741784508e-04 1.35007410424744e+00 -4.98273264385882e-02
-1.70238067538787e-01 -5.22426101752711e-01 -1.69737698699408e-01
1.44262486374752e-01 -6.93004194629375e-01 -1.59257851217926e-01
3.18747932514452e-01 1.05331259882578e+00 1.14330341667512e-01
-4.69836868130119e-01 -7.28813669600697e-01 -1.44983867103231e-01
-1.10201442411307e+00 -4.69761098876251e-01 9.58788506944137e-02
-7.92261676874074e-01 7.23017998672210e-01 -1.18832371191067e-01
-9.95367365946651e-01 -4.03820794937208e-01 1.18584897386006e-01
-4.31567136718227e-01 -1.28570824783242e+00 -4.68556901121676e-02
5.15951071190847e-01 5.37392703280943e-01 1.56299138478697e-01
-5.26692278601196e-01 9.91139076559357e-01 -1.10582251193862e-01
9.95178503247740e-01 -4.03823738293827e-01 -1.18612162341663e-01
-5.37096015781086e-01 -1.18802323782050e+00 6.78910319265115e-02
-7.23169667090753e-01 -2.19506292292636e-01 -1.55401544635716e-01
-7.23226204765579e-01 2.18964555888345e-01 -1.55410220413873e-01
-6.93168072619073e-01 1.21024461383275e+00 -1.90388975836272e-02
5.44697927231419e-01 -3.29415650229976e-01 1.64385323915729e-01
-1.18136171710180e+00 7.22815182764011e-01 2.88371541140014e-02
-1.18137796386060e+00 7.22738149410679e-01 -2.88590489416905e-02
-1.28159642885603e+00 5.57935801165530e-01 1.46103004875601e-02
1.35018089807831e+00 -3.78316487803719e-01 -3.55297593440437e-05
-1.28160299638392e+00 5.57899503199439e-01 -1.46243165824826e-02
-8.40396479376321e-01 -5.26555135881983e-01 -1.30424880710909e-01
-1.10597567165774e-01 1.38482494893524e+00 -2.50131845433343e-02
3.78456610141522e-01 1.58541366430952e-04 1.77645676122553e-01
5.58234053258181e-01 1.11289189661456e-01 1.68606878124931e-01
-9.91638537887413e-01 8.40010453476023e-01 -6.92676841327553e-02
-6.36945726686021e-01 1.05930253587920e+00 -8.71076254217542e-02
-5.44641322828504e-01 3.29602581181091e-01 1.64382083913619e-01
-1.26562817328520e+00 -1.15322895222501e-04 7.94151260784362e-02
-8.69344068951855e-01 3.18549895784427e-01 -1.38553447997274e-01
9.67190710079043e-01 1.01521124521746e+00 -5.15195894377521e-05
1.83263787224483e-01 3.24681706063869e-01 -1.77851456237072e-01
-4.03926642754336e-01 9.01344062295117e-01 1.30951359333390e-01
-1.10237293034890e-01 -1.38489118895318e+00 2.49772012919204e-02
1.26572533177470e+00 1.66505075345509e-04 7.93883128112164e-02
-1.65317040576975e-04 -9.67431587373009e-01 -1.33546819450436e-01
-8.81915790845148e-01 -1.06674664136189e-01 1.42743255198541e-01
3.36863411784286e-06 2.18441954293515e-01 1.82240259646600e-01
1.24937622340588e+00 5.44784536365275e-01 4.33163044152820e-02
-6.92857731016248e-01 -1.21045848907183e+00 -1.89990342790228e-02
1.05304480746349e+00 -8.69146706989776e-01 -4.19791135211655e-02
6.36744284769003e-01 -1.05954851143140e+00 8.70813265025165e-02
1.10303301920171e-01 -1.38488929573799e+00 2.49739732878521e-02
3.29611910087334e-01 -1.24936664290784e+00 7.16514383718409e-02
9.91320199871421e-01 -8.40323511747384e-01 -6.92808303381151e-02
5.37240937820799e-01 -1.18799831866928e+00 6.78787288182516e-02
8.93980389480287e-02 -8.37348942603508e-01 1.47515339293444e-01
-5.22536978942245e-01 1.29005600210637e+00 2.23378425529076e-02
-3.25180081236365e-01 1.35157231268718e+00 2.41261311883669e-02
6.36312310004643e-01 1.05954436802487e+00 -8.71368456140896e-02
8.40355535433178e-01 5.26616517398760e-01 1.30425157555121e-01
-1.12010652674449e+00 -2.75148227326218e-01 1.04911767036043e-01
6.03346961896739e-01 1.26573464725508e+00 -4.95300539241859e-05
5.21985127343690e-01 1.29019813003147e+00 -2.24189535534061e-02
3.24649000729136e-01 1.35170982150766e+00 2.41165807745917e-02
1.28572835387616e+00 3.56404292113078e-01 5.67440932617220e-02
3.24594062295795e-01 1.35162805216450e+00 -2.42085483756768e-02
9.03236466447905e-01 -7.91948083504026e-01 9.51623553883229e-02
5.37007418660841e-01 1.18821643130810e+00 6.78446175480528e-02
-6.36574071260192e-01 -1.05959017624031e+00 8.70940930193292e-02
-1.05329644776851e+00 8.68874327688821e-01 -4.19674328866015e-02
1.83708970216546e-01 -3.24797060607886e-01 1.77839858217878e-01
-1.70358682480297e-01 5.21991903862681e-01 -1.69758728602051e-01
-1.38509242930958e+00 -2.28604347168359e-04 -2.87156909270146e-02
7.99472215868878e-05 -6.03530252865402e-01 1.66528284969794e-01
-1.05302864110315e+00 -8.69209186007969e-01 4.19637358133371e-02
-9.01497662021418e-01 9.95125832296989e-01 -5.31439044303098e-02
5.57806049957939e-01 1.10956063688883e-01 -1.68635199569160e-01
-3.29582488426166e-01 -1.24940978365481e+00 -7.16407576061740e-02
5.37070231069694e-01 -1.18803227495000e+00 -6.78918255222886e-02
8.40451235904572e-01 -5.26270381126380e-01 1.30438668622799e-01
1.10188749917438e+00 -4.69718680761252e-01 -9.59076985494727e-02
1.69743674906404e-01 -5.22401450683002e-01 -1.69747583647134e-01
8.39982597847049e-01 5.26297280833388e-01 -1.30489040422020e-01
1.18804552070625e+00 5.16158055906109e-01 7.06403564998304e-02
9.03094890302122e-01 7.92260003412856e-01 9.51406666567663e-02
1.05932753859828e+00 6.61909654328691e-01 -8.38181573689643e-02
7.23292763437559e-01 9.03362405695195e-01 1.04177276821516e-01
1.38492887761263e+00 -1.89701845190895e-01 1.44715853286719e-02
-1.90085674297238e-01 -1.10496651063103e-01 -1.82210562072885e-01
-1.06824389823697e-01 1.08502479897029e+00 1.16012188012382e-01
1.24946439534149e+00 -5.44507437624999e-01 4.33325905803003e-02
-3.19041334174869e-01 1.05319176810476e+00 1.14335444628931e-01
-8.37624732178603e-01 1.12096109202583e+00 1.17264288765712e-02
2.75187508092774e-01 -7.97295403550564e-01 1.47382496652895e-01
5.18617291312097e-05 -1.35015747190002e+00 4.97882244001307e-02
4.31500085937980e-01 -1.28569447746073e+00 -4.68729191095626e-02
-2.19349758217672e-01 -1.18126948128299e+00 -9.51174079661563e-02
1.11172267272427e-01 -1.28148776017563e+00 7.34401288707261e-02
1.06749707049329e-01 -1.08486583302738e+00 1.16039112055294e-01
1.28149226974743e+00 -5.58113235623270e-01 -1.46510900312248e-02
1.89476845434722e-01 -1.10457509761627e-01 -1.82221950628786e-01
1.35153414998602e+00 -1.83579767641832e-01 -4.27905578972031e-02
-8.40411280679735e-01 5.26363750264209e-01 1.30436603160297e-01
1.28553729531737e+00 3.56276292691253e-01 -5.68328793825941e-02
-8.40535206673860e-01 5.26044591697396e-01 -1.30445068862773e-01
1.28998267253702e+00 1.70051935395220e-01 -6.87649476788463e-02
-2.75009778581756e-01 -7.97324121919654e-01 1.47385550180938e-01
-1.12119790198497e+00 -8.95652627006385e-02 -1.10163045787058e-01
-3.24857701075513e-01 -1.35160682269776e+00 2.41678118999835e-02
7.23131974368399e-01 -2.19120115624706e-01 1.55414015784981e-01
1.12021578434820e+00 2.75295887138756e-01 1.04884861770897e-01
-5.22216881933226e-01 -1.29014567418056e+00 2.23777397180611e-02
-5.44852727955485e-01 3.29237069400712e-01 -1.64382636246057e-01
-3.25217160520180e-01 1.35149055208122e+00 -2.41966682431637e-02
-1.08481811021063e+00 -8.81978995219314e-01 1.40451097909044e-02
3.18706932736786e-01 -1.05314660428124e+00 -1.14358790046477e-01
-4.69816935665932e-01 7.28759191510363e-01 1.44989726027308e-01
-5.15892155727196e-01 -5.37144148932770e-01 1.56317295457071e-01
1.83333227667794e-01 -3.25060274602344e-01 -1.77838245263585e-01
-3.43691065931704e-04 2.18059703733233e-01 -1.82248179066094e-01
3.78041954716115e-01 -1.70003769370168e-04 -1.77660960140639e-01
-1.12017288004438e+00 -2.75309488958974e-01 -1.04892176336011e-01
-1.18800267013424e+00 -5.16108482497122e-01 -7.06591007242731e-02
-1.28566965527137e+00 -3.56402932481835e-01 -5.67672612347999e-02
1.08477422361694e+00 8.82089091290083e-01 1.39839619323555e-02
1.08473021125938e+00 8.82049069652446e-01 -1.40863956099021e-02
5.15561831536987e-01 5.37008235235559e-01 -1.56344244481848e-01
5.15667966402603e-01 -5.37264121080330e-01 -1.56322963852926e-01
4.03707792118867e-01 9.01487977628729e-01 1.30945892378617e-01
8.92151629073792e-02 8.37580034449132e-01 1.47494542051323e-01
-1.11036954119608e-01 -1.28149137403898e+00 7.34425810919117e-02
-4.31500872162490e-01 -1.28568999401770e+00 4.68749227731648e-02
-6.03547470848335e-01 -1.26563910297574e+00 1.08889508545473e-05
1.12090272306121e+00 -8.93305188625309e-02 -1.10218334256016e-01
-1.24932068208417e+00 -5.44684686331726e-01 4.33657479761186e-02
1.18119673443221e+00 -7.22988523214165e-01 -2.88788971302202e-02
1.11992876564235e+00 -2.75105787887602e-01 -1.04946542021785e-01
1.18129038653642e+00 -7.22958856243768e-01 2.88253880028991e-02
-1.35011790809863e+00 -3.78541312092042e-01 8.99015826204750e-06
-1.08507047770022e+00 8.81665504967726e-01 -1.40483610520376e-02
-3.80729556238800e-04 9.67134394110532e-01 -1.33584072355646e-01
-3.29771123296477e-01 1.24941828852511e+00 7.16231596378858e-02
-5.16025269670889e-01 5.37236658051571e-01 1.56304184735525e-01
-1.08506103637546e+00 8.81705513140413e-01 1.40174818346987e-02
5.58255776789373e-01 -1.10948182955297e-01 1.68609523607306e-01
8.37176207415305e-01 1.12125015097913e+00 -1.18022580936798e-02
1.18781554605595e+00 5.15985917847198e-01 -7.07290249791915e-02
7.97094382017972e-01 1.12020625136209e+00 -3.62467203423115e-02
-3.19217703365193e-01 1.05284353836531e+00 -1.14382435406085e-01
1.89839581913641e-01 1.10427492554966e-01 1.82215729471760e-01
9.01159134037088e-01 9.95617966365750e-01 5.30836922576230e-02
7.28552510471492e-01 1.10227309204243e+00 6.17588890904652e-02
-7.23389509212075e-01 -9.03214594793698e-01 -1.04187834619618e-01
9.01337162586403e-01 -9.95366530466805e-01 5.31129883654719e-02
1.26545992287362e+00 1.96080736150298e-05 -7.94615313254119e-02
-6.36842854047076e-01 1.05956837039813e+00 8.70646631236571e-02
1.10180809035252e+00 4.69701739740380e-01 -9.59249272050116e-02
-4.03897648281135e-01 -9.01356139309179e-01 -1.30951468480233e-01
-3.29880741748344e-01 1.24918411817500e+00 -7.16851062732585e-02
1.29000986216735e+00 -1.69986080936657e-01 -6.87589359325094e-02
7.91675622580286e-01 7.23279314466645e-01 -1.18872452151224e-01
-5.58183190566249e-01 1.11155679158802e-01 1.68611317981267e-01
9.95468070454510e-01 4.04011930016910e-01 1.18558989379096e-01
-1.38508290605966e+00 -1.75499384372215e-04 2.87236486122122e-02
8.82015923706893e-01 1.06857449177212e-01 1.42730176922326e-01
1.12123786683040e+00 8.94959590269445e-02 1.10156978918829e-01
4.69318326281352e-01 7.28526413390241e-01 -1.45037925926961e-01
1.69631693404552e-01 5.22042944502996e-01 -1.69768614390104e-01
5.26482352903714e-01 -9.91388870600096e-01 1.10560790576255e-01
-1.29011747795472e+00 -1.70127026940097e-01 6.87179338985525e-02
-5.26301647930808e-01 -9.91428646026216e-01 1.10569510115906e-01
1.08492407572849e+00 -8.81879439575316e-01 1.40115947253533e-02
-7.97281111298240e-01 -1.12015445190709e+00 3.62033104824539e-02
9.67368993095284e-01 -1.01504143052984e+00 -1.90231637561942e-05
-7.92142272689963e-01 7.23335317223670e-01 1.18812718778650e-01
1.21025201132742e+00 -1.44499156298027e-01 -9.12077887611174e-02
1.38513051029069e+00 1.32908168848779e-04 2.86838839537725e-02
-1.01507505846073e+00 -4.31791494076668e-05 1.27277499079507e-01
-1.12112835790508e+00 -8.93726621391871e-02 1.10178005780574e-01
3.55920545925626e-01 -4.31688649399254e-01 -1.69169434683940e-01
3.55831925353920e-01 4.31368461083235e-01 -1.69186801078141e-01
-1.89777923196587e-01 -1.10182524932297e-01 1.82219408612567e-01
-3.56165747952237e-01 -4.31515231630384e-01 1.69168160077745e-01
9.01003584613401e-01 9.95459622008647e-01 -5.31807250138251e-02
1.11988250540826e+00 2.75069109917563e-01 -1.04956752102499e-01
7.23008691913267e-01 9.03062768366249e-01 -1.04256358703513e-01
-8.81944126808601e-01 1.06647095808841e-01 1.42740580928987e-01
-5.37183881313003e-01 -1.18805719148763e+00 -6.78687070830737e-02
-2.19192276844916e-01 -1.18122116001084e+00 9.51340803315860e-02
6.36515449926734e-01 -1.05960477537083e+00 -8.70984353315404e-02
8.68829538532197e-01 3.18784491097285e-01 -1.38599972966621e-01
3.29448609943711e-01 -1.24939749653388e+00 -7.16551263934443e-02
1.05958788436351e+00 6.62127559497330e-01 8.37313468880707e-02
1.21055095926904e+00 -1.44345478347460e-01 9.11432965773631e-02
1.10252609894800e-01 -1.38489620717221e+00 -2.49712132131082e-02
7.28383666480559e-01 1.10208142171139e+00 -6.18525150467241e-02
1.18107727936186e+00 7.23127889225752e-01 -2.89030596327039e-02
-2.95084279417273e-04 -2.18490119436688e-01 -1.82239255915790e-01
1.09951635095960e-01 1.38487216218924e+00 -2.50172308325634e-02
-9.67295904101615e-01 -1.01511108738571e+00 1.28731778938517e-05
-1.05305838801142e+00 -8.69245341669708e-01 -4.19378393786091e-02
1.10219011318924e+00 -4.69592466417127e-01 9.58581876686214e-02
-8.37635970734238e-01 1.12092438146013e+00 -1.17731896174464e-02
6.92693035334538e-01 1.21058459966810e+00 1.89638631578517e-02
5.19834375392850e-05 -2.18198323729276e-01 1.82245312245856e-01
8.69287757589134e-01 -3.18731889649489e-01 1.38552318661855e-01
5.26205689069574e-01 -9.91468863348578e-01 -1.10571173730405e-01
6.61647923222445e-01 -6.36718202525217e-01 -1.39428148721475e-01
-8.37329417158519e-01 -1.12116037599969e+00 1.17616752488150e-02
-1.24947505383399e+00 5.44405385516311e-01 4.33494651017193e-02
-1.10281729880965e-01 -1.38489810021930e+00 -2.49671692018706e-02
3.24873675508177e-01 -1.35160723951786e+00 -2.41636905565785e-02
-1.35022701971206e+00 3.78151940460781e-01 -3.12137117329828e-06
1.05944080423735e+00 -6.61903072992888e-01 -8.37942701306408e-02
7.28590020402454e-01 -1.10207009796968e+00 -6.18139206285538e-02
1.29024142408449e+00 -1.69872245213384e-01 6.86885525492570e-02
5.22239635069710e-01 -1.29013795767318e+00 -2.23762489245098e-02
-6.36676968509995e-01 -1.05964642690614e+00 -8.70692204702768e-02
1.35150533027348e+00 1.83707572354870e-01 -4.27968202652207e-02
-1.18796341027284e+00 -5.16019196187398e-01 7.06818137168180e-02
7.97300377973111e-01 -1.12013032148160e+00 -3.62088897744434e-02
1.10211070157532e+00 4.69930195498207e-01 9.58453408889286e-02
-1.28564441126559e+00 -3.56320908443998e-01 5.67860701156884e-02
1.21052728690674e+00 1.44688919298970e-01 9.11393120695071e-02
1.28578539875437e+00 -3.56102539564994e-01 5.67545125587235e-02
2.19147008761069e-01 -1.18125908658441e+00 -9.51277329733072e-02
-3.78650759659319e-01 -2.54234011960366e-04 -1.77638511633663e-01
1.01517864941543e+00 1.82862880958559e-04 1.27263192667163e-01
-7.97317285307031e-01 -1.12017533374301e+00 -3.61783246438810e-02
1.10744685234431e-01 1.28138979467282e+00 -7.34808945027382e-02
-1.11459850358842e-01 1.28134393161458e+00 -7.34760199875135e-02
8.90366746940550e-05 -9.67331275564496e-01 1.33559399716687e-01
1.28559433421391e+00 -3.56184597683245e-01 -5.68204915729541e-02
-7.28675270031697e-01 -1.10211317985551e+00 -6.17832186546989e-02
-2.19467936294414e-01 1.18132042344472e+00 9.51017345010237e-02
-1.18814737089351e+00 5.15630515369573e-01 -7.06773891090076e-02
-1.28577124934994e+00 3.55922137784045e-01 -5.67796474775991e-02
1.35012149174205e+00 3.78528363283931e-01 -4.76447809338300e-05
1.33343618038787e+00 3.73134746346143e-01 -2.90750215482544e-02
-9.60705165773217e-01 6.03243789894565e-01 -1.08440507391808e-01
-3.25699906718532e-01 6.24670096537496e-01 -1.59517082257867e-01
-6.03869872460060e-01 8.23854941156574e-01 -1.26389023633454e-01
-8.24097180641935e-01 -9.60530651401532e-01 7.94215992857312e-02
3.72709629404716e-01 -2.20747744199649e-01 -1.75468257195342e-01
-9.60454333429341e-01 -6.03609950884276e-01 1.08443699169272e-01
3.25110196713538e-01 -6.25071967141927e-01 -1.59510654784912e-01
1.33646887073832e+00 4.93669916383574e-05 -5.58170319650366e-02
-1.04037175870220e-04 -1.19722973267669e+00 -9.60369146675767e-02
2.01186758720003e-01 -9.50295192171017e-01 1.33052444269977e-01
-1.19713023836932e+00 -7.30062380436035e-01 1.20959700743942e-05
9.60640423201308e-01 -6.03482081728257e-01 1.08427482652709e-01
1.33665976141863e+00 1.52527340533262e-04 5.57378394045694e-02
2.20648169279932e-01 -1.33352282736820e+00 4.90801885685608e-02
-4.23847212946463e-01 -1.33658723274388e+00 9.05975887605144e-06
-2.20623445116873e-01 -1.33354473647301e+00 -4.90718064219127e-02
4.23879759286517e-01 -1.33657691273969e+00 -4.91604861813231e-06
-6.24952893377222e-01 -1.21233492656762e+00 -4.27954118644248e-02
-7.30150073457071e-01 -2.74755191673866e-04 -1.57506069930284e-01
1.19709363621516e+00 7.30122299863267e-01 -5.07501704094383e-05
-2.01451395936273e-01 9.50071515333717e-01 -1.33073164463258e-01
8.24095967611136e-01 9.60744180047542e-01 7.93770923535860e-02
2.00902999915982e-01 -9.50397686596573e-01 -1.33047193116040e-01
8.23870384939012e-01 9.60510642347553e-01 -7.94665107131743e-02
-2.20853573827630e-01 1.33356073977260e+00 4.90463495851924e-02
9.60209382778554e-01 6.03543622420104e-01 -1.08487634552881e-01
-6.03715821695067e-01 8.24206912184110e-01 1.26362033904580e-01
1.01093443055501e+00 2.01037466030739e-01 -1.25080390741958e-01
-6.25208591151680e-01 1.21223048617983e+00 4.27819709908398e-02
-9.50282621940907e-01 -1.01127948665195e+00 -2.64426446405011e-02
-8.24426493750162e-01 9.60209683102648e-01 -7.94296222352107e-02
-2.01228396082998e-01 9.50461126447054e-01 1.33030833247991e-01
-1.21231205435833e+00 -3.25576766116967e-01 -8.22122269740335e-02
4.23609692956370e-01 1.33666248244300e+00 -4.77059536528459e-05
-9.60542562970382e-01 -6.03736161248263e-01 -1.08418004329621e-01
-3.73265752801100e-01 -2.20818560988140e-01 -1.75446247930540e-01
-4.24172443269035e-01 1.33648403210268e+00 -3.37263142395918e-05
-3.25550857022586e-01 -6.25114210187449e-01 -1.59492228535754e-01
-1.19733529926497e+00 7.29726023378259e-01 -1.12696443545609e-05
6.24786371770263e-01 1.21248206953905e+00 4.27653270931763e-02
-1.33658024056248e+00 -1.45090709915277e-04 5.57708433188092e-02
-9.60616955194643e-01 6.03518603116381e-01 1.08427563023570e-01
2.00984399642745e-01 9.50534245770099e-01 1.33028174472385e-01
-1.33660180575459e+00 -2.48208107972986e-04 -5.57618889378845e-02
-3.73059051041593e-01 2.20686143015649e-01 1.75456743158911e-01
-3.73005918044757e-01 -2.20538082593495e-01 1.75461921649496e-01
2.00700660272702e-01 9.50144611180234e-01 -1.33083767551309e-01
-6.03662161468373e-01 -8.24285693669275e-01 -1.26357575535370e-01
3.73072977453687e-01 2.20781442566324e-01 1.75454154924495e-01
-3.70634119018870e-04 1.19702611348733e+00 -9.60808343954743e-02
6.03694592990263e-01 -8.24109688791888e-01 1.26374766895440e-01
1.33353542517494e+00 3.73200733853578e-01 2.89814086561848e-02
7.29637413083402e-01 -1.12258722822364e-04 -1.57547196502004e-01
1.01135109782178e+00 -2.00934567323744e-01 1.25024928177352e-01
1.01131621636778e+00 2.01297251214514e-01 1.25019712656194e-01
-2.55954187986493e-05 4.24038773860199e-01 1.75854251765384e-01
3.25343561663184e-01 6.25180938142370e-01 1.59495023431276e-01
6.88060100719379e-05 -4.23800519677663e-01 1.75864194383823e-01
-1.01135734362718e+00 2.00782199493607e-01 -1.25028291227763e-01
3.25472858152679e-01 -6.24890194700034e-01 1.59510180891435e-01
-2.20542281054476e-01 -1.33352829581571e+00 4.90858552708033e-02
7.88788774056063e-05 -1.19718268889749e+00 9.60470672930873e-02
-6.24901762121900e-01 -1.21231469210808e+00 4.28182554033567e-02
-9.50260761722284e-01 -1.01126096271976e+00 2.64684966835170e-02
-6.03508081629829e-01 -8.24170274059153e-01 1.26383348748766e-01
8.24271355511509e-01 -9.60464613321176e-01 7.94041323915816e-02
1.01096930714590e+00 -2.01137328398755e-01 -1.25072731058118e-01
6.03367281488601e-01 -8.24225129152039e-01 -1.26388793997178e-01
9.50378555555114e-01 -1.01119198625407e+00 2.64408866210887e-02
-1.21226864368612e+00 -3.25455087795730e-01 8.22316473056066e-02
-1.01120816158670e+00 -2.01129594287189e-01 1.25039513952491e-01
2.20542383619325e-01 -1.33353926817634e+00 -4.90806864428127e-02
-2.01007470625975e-01 -9.50311633693320e-01 1.33055102480133e-01
-8.24174104895422e-01 -9.60590869006029e-01 -7.93951675620807e-02
-3.25305956107896e-01 -6.24932455551277e-01 1.59513208813853e-01
1.21242404325349e+00 -3.25243607016073e-01 8.22064656804519e-02
-6.25259710278122e-01 1.21209239174844e+00 -4.28367395156160e-02
6.24907543475742e-01 -1.21230818398942e+00 -4.28199846598530e-02
-2.01230496291341e-01 -9.50414125008581e-01 -1.33036591563084e-01
1.33349504569085e+00 -3.72980463429892e-01 -2.90625515015983e-02
9.50200109380882e-01 1.01140656772068e+00 2.64098132507703e-02
-2.66111398798441e-04 -4.24041014274580e-01 -1.75854154785770e-01
9.50121185080673e-01 1.01132722309913e+00 -2.65113789442021e-02
1.33359429206513e+00 -3.72939075528605e-01 2.89928242332343e-02
-3.60497521805662e-04 4.23628824684327e-01 -1.75871349580087e-01
3.72664512055188e-01 2.20412957393027e-01 -1.75477201909984e-01
1.21210094777054e+00 3.25392589070509e-01 -8.22787116708137e-02
1.21237077652951e+00 3.25575058607454e-01 8.21973513264551e-02
6.03207948214455e-01 8.24063112268041e-01 -1.26420246316083e-01
-1.87736094149465e-04 1.19733431697518e+00 9.60143375358895e-02
3.24980913117607e-01 6.24772712107135e-01 -1.59535510567806e-01
-9.50554540626350e-01 1.01097300059638e+00 -2.64763140171862e-02
-8.24349593243847e-01 9.60443161541158e-01 7.93945629463390e-02
-1.21240369008994e+00 3.25064231669031e-01 -8.22239432921276e-02
2.20365514035584e-01 1.33365351778057e+00 4.90406809154135e-02
2.20259739677782e-01 1.33348840918623e+00 -4.91265606337879e-02
-2.20934729197837e-01 1.33339564251590e+00 -4.91176787344829e-02
-9.50532686685461e-01 1.01105232545320e+00 2.64374288840790e-02
-1.21236028421073e+00 3.25246632838685e-01 8.22225359259934e-02
-1.01130266973774e+00 -2.01332290785255e-01 -1.25020632938703e-01
8.24045767397987e-01 -9.60524846267993e-01 -7.94320493583385e-02
-1.33348383625518e+00 -3.73162204747424e-01 2.90310495947764e-02
9.60315578034175e-01 -6.03608327017978e-01 -1.08465127155844e-01
-1.33349515998900e+00 -3.73203574429685e-01 -2.90128327819916e-02
-7.29980706794578e-01 1.65156592541190e-05 1.57519664214423e-01
1.19721367375391e+00 -7.29925524606145e-01 -2.73799445515545e-05
-1.33359110293505e+00 3.72830003705712e-01 2.90196368773778e-02
-1.33360242299117e+00 3.72764043089880e-01 -2.90252998445416e-02
9.50299628770991e-01 -1.01121051623569e+00 -2.64777034769445e-02
-1.01126283811374e+00 2.01041903689374e-01 1.25034300036156e-01
9.60534220306218e-01 6.03818517384223e-01 1.08411343681741e-01
3.73118101799194e-01 -2.20467236957481e-01 1.75459333635187e-01
6.24674438184186e-01 1.21234394832897e+00 -4.28613181848227e-02
7.30068031427300e-01 1.79075733846266e-04 1.57512655991384e-01
6.03535244671687e-01 8.24415150328975e-01 1.26353450009967e-01
-3.25455025893406e-01 6.25078280677954e-01 1.59498052180459e-01
1.21215420958133e+00 -3.25365332296555e-01 -8.22669929112702e-02
-3.73318877839219e-01 2.20317698671918e-01 -1.75455191897602e-01
6.25019485398206e-01 -1.21228794371530e+00 4.28016164396378e-02
-4.33226332036860e-01 -1.13439078535308e+00 9.22516936353446e-02
2.98073608905035e-05 1.22732628317800e-04 1.84492799665656e-01
-4.33502871193705e-01 1.13443178029953e+00 9.22204712691345e-02
-4.33356616718566e-01 -1.13444253605013e+00 -9.22300803087524e-02
1.40218107946539e+00 1.08244877328865e-04 -4.24461009562170e-05
1.13430561447702e+00 -7.01089193095981e-01 -5.70401953249331e-02
-7.01227025046315e-01 -4.33497867180776e-01 -1.49236653832406e-01
1.13448765499247e+00 -7.01029145749833e-01 5.69902739706770e-02
-7.01338288538340e-01 4.32979189552306e-01 -1.49253668874443e-01
-1.40218110562378e+00 -2.03958342956014e-04 3.79115020751891e-06
4.33169638517850e-01 -1.13441899445120e+00 -9.22502972281984e-02
7.00820431132377e-01 -4.33386870742239e-01 -1.49275294888263e-01
-3.02023672039420e-04 1.40218105229200e+00 -4.17682630563766e-05
7.00738728678552e-01 4.33180340565401e-01 -1.49292312202894e-01
1.02353178137887e-05 -1.40218112051566e+00 3.11986303883066e-06
4.33390728052960e-01 -1.13436723696565e+00 9.22433382834771e-02
-7.01172890305291e-01 4.33328622444766e-01 1.49249565996774e-01
1.13418818713384e+00 7.01164517489370e-01 -5.70645859456057e-02
-7.01061610805391e-01 -4.33295306603383e-01 1.49260290017521e-01
7.01141834904409e-01 4.33529845518586e-01 1.49241974977374e-01
1.13437022215528e+00 7.01315374439130e-01 5.69697727392216e-02
-1.13432376412581e+00 -7.01163720051717e-01 5.70180834724915e-02
7.01223549393346e-01 -4.33184269779761e-01 1.49252700096869e-01
4.33162010705283e-01 1.13460121452726e+00 9.22121133473849e-02
-1.13435890505799e+00 -7.01223742915203e-01 -5.69931961069212e-02
-3.21538307322739e-04 -2.18449767245372e-04 -1.84492793324409e-01
4.32940941985695e-01 1.13431175334236e+00 -9.22917034653710e-02
-1.13451858079057e+00 7.00944750188923e-01 5.69975867790988e-02
-1.13455370930106e+00 7.00793944354936e-01 -5.70175813413846e-02
-4.33633134154367e-01 1.13414235555325e+00 -9.22714833729996e-02
-7.37121583149654e-01 -1.19279657060282e+00 1.19224186689763e-05
7.37176093515075e-01 -1.19276288242478e+00 -1.23828939439055e-05
7.36953241219896e-01 1.19290052725969e+00 -5.05696517449098e-05
-7.37429966589210e-01 1.19260592818654e+00 -2.62585149284915e-05
-1.19278012348191e+00 -9.09688472959207e-05 9.69907048011439e-02
-1.19283347882346e+00 -2.70306086518729e-04 -9.69793386097414e-02
1.19256809759513e+00 -4.76436464168061e-06 -9.70358318825241e-02
1.19288421820513e+00 1.74640075531628e-04 9.69685372839084e-02
-7.85005383326071e-05 7.37346394213055e-01 1.56924622561934e-01
8.56749621743116e-05 -7.37125426659368e-01 1.56942593389407e-01
-2.13208272076214e-04 -7.37284293327441e-01 -1.56929671699512e-01
-3.77362681280245e-04 7.36924794484337e-01 -1.56958896546622e-01
3 631 67 1
3 599 6 67
3 497 1 6
3 67 6 1
3 615 294 296
3 494 73 294
3 599 296 73
3 294 73 296
3 614 232 293
3 497 231 232
3 494 293 231
3 232 231 293
3 599 73 6
3 494 231 73
3 497 6 231
3 73 231 6
3 639 43 297
3 553 473 43
3 490 297 473
3 43 473 297
3 600 430 152
3 542 47 430
3 553 152 47
3 430 47 152
3 615 74 70
3 490 340 74
3 542 70 340
3 74 340 70
3 553 47 473
3 542 340 47
3 490 473 340
3 47 340 473
3 630 374 145
3 495 353 374
3 543 145 353
3 374 353 145
3 614 284 147
3 541 350 284
3 495 147 350
3 284 350 147
3 600 262 168
3 543 373 262
3 541 168 373
3 262 373 168
3 495 350 353
3 541 373 350
3 543 353 373
3 350 373 353
3 615 70 294
3 542 339 70
3 494 294 339
3 70 339 294
3 600 168 430
3 541 372 168
3 542 430 372
3 168 372 430
3 614 293 284
3 494 336 293
3 541 284 336
3 293 336 284
3 542 372 339
3 541 336 372
3 494 339 336
3 372 336 339
3 640 236 3
3 503 286 236
3 559 3 286
3 236 286 3
3 610 467 357
3 489 135 467
3 503 357 135
3 467 135 357
3 603 5 338
3 559 246 5
3 489 338 246
3 5 246 338
3 503 135 286
3 489 246 135
3 559 286 246
3 135 246 286
3 631 1 104
3 497 458 1
3 558 104 458
3 1 458 104
3 614 436 232
3 552 453 436
3 497 232 453
3 436 453 232
3 610 320 433
3 558 337 320
3 552 433 337
3 320 337 433
3 497 453 458
3 552 337 453
3 558 458 337
3 453 337 458
3 630 290 374
3 498 241 290
3 495 374 241
3 290 241 374
3 603 319 429
3 496 258 319
3 498 429 258
3 319 258 429
3 614 147 452
3 495 237 147
3 496 452 237
3 147 237 452
3 498 258 241
3 496 237 258
3 495 241 237
3 258 237 241
3 610 433 467
3 552 242 433
3 489 467 242
3 433 242 467
3 614 452 436
3 496 25 452
3 552 436 25
3 452 25 436
3 603 338 319
3 489 17 338
3 496 319 17
3 338 17 319
3 552 25 242
3 496 17 25
3 489 242 17
3 25 17 242
3 635 349 20
3 580 363 349
3 513 20 363
3 349 363 20
3 606 272 9
3 515 44 272
3 580 9 44
3 272 44 9
3 624 364 45
3 513 129 364
3 515 45 129
3 364 129 45
3 580 44 363
3 515 129 44
3 513 363 129
3 44 129 363
3 640 3 194
3 559 140 3
3 518 194 140
3 3 140 194
3 603 87 5
3 528 399 87
3 559 5 399
3 87 399 5
3 606 199 89
3 518 254 199
3 528 89 254
3 199 254 89
3 559 399 140
3 528 254 399
3 518 140 254
3 399 254 140
3 630 85 290
3 510 470 85
3 498 290 470
3 85 470 290
3 624 217 442
3 554 86 217
3 510 442 86
3 217 86 442
3 603 429 459
3 498 475 429
3 554 459 475
3 429 475 459
3 510 86 470
3 554 475 86
3 498 470 475
3 86 475 470
3 606 89 272
3 528 213 89
3 515 272 213
3 89 213 272
3 603 459 87
3 554 394 459
3 528 87 394
3 459 394 87
3 624 45 217
3 515 100 45
3 554 217 100
3 45 100 217
3 528 394 213
3 554 100 394
3 515 213 100
3 394 100 213
3 634 279 111
3 521 411 279
3 550 111 411
3 279 411 111
3 609 151 405
3 582 163 151
3 521 405 163
3 151 163 405
3 621 461 376
3 550 464 461
3 582 376 464
3 461 464 376
3 521 163 411
3 582 464 163
3 550 411 464
3 163 464 411
3 635 20 205
3 513 235 20
3 524 205 235
3 20 235 205
3 624 2 364
3 584 365 2
3 513 364 365
3 2 365 364
3 609 314 234
3 524 90 314
3 584 234 90
3 314 90 234
3 513 365 235
3 584 90 365
3 524 235 90
3 365 90 235
3 630 450 85
3 544 441 450
3 510 85 441
3 450 441 85
3 621 36 316
3 491 356 36
3 544 316 356
3 36 356 316
3 624 442 38
3 510 8 442
3 491 38 8
3 442 8 38
3 544 356 441
3 491 8 356
3 510 441 8
3 356 8 441
3 609 234 151
3 584 380 234
3 582 151 380
3 234 380 151
3 624 38 2
3 491 40 38
3 584 2 40
3 38 40 2
3 621 376 36
3 582 37 376
3 491 36 37
3 376 37 36
3 584 40 380
3 491 37 40
3 582 380 37
3 40 37 380
3 639 132 43
3 555 348 132
3 553 43 348
3 132 348 43
3 618 58 359
3 545 34 58
3 555 359 34
3 58 34 359
3 600 152 412
3 553 33 152
3 545 412 33
3 152 33 412
3 555 34 348
3 545 33 34
3 553 348 33
3 34 33 348
3 634 111 420
3 550 302 111
3 551 420 302
3 111 302 420
3 621 177 461
3 486 255 177
3 550 461 255
3 177 255 461
3 618 174 62
3 551 257 174
3 486 62 257
3 174 257 62
3 550 255 302
3 486 257 255
3 551 302 257
3 255 257 302
3 630 145 450
3 543 414 145
3 544 450 414
3 145 414 450
3 600 310 262
3 484 122 310
3 543 262 122
3 310 122 262
3 621 316 92
3 544 123 316
3 484 92 123
3 316 123 92
3 543 122 414
3 484 123 122
3 544 414 123
3 122 123 414
3 618 62 58
3 486 142 62
3 545 58 142
3 62 142 58
3 621 92 177
3 484 141 92
3 486 177 141
3 92 141 177
3 600 412 310
3 545 124 412
3 484 310 124
3 412 124 310
3 486 141 142
3 484 124 141
3 545 142 124
3 141 124 142
3 638 371 229
3 523 225 371
3 512 229 225
3 371 225 229
3 623 230 253
3 570 144 230
3 523 253 144
3 230 144 253
3 602 333 476
3 512 331 333
3 570 476 331
3 333 331 476
3 523 144 225
3 570 331 144
3 512 225 331
3 144 331 225
3 632 303 445
3 514 200 303
3 520 445 200
3 303 200 445
3 612 139 84
3 575 305 139
3 514 84 305
3 139 305 84
3 623 309 248
3 520 159 309
3 575 248 159
3 309 159 248
3 514 305 200
3 575 159 305
3 520 200 159
3 305 159 200
3 633 39 244
3 509 298 39
3 517 244 298
3 39 298 244
3 602 383 150
3 505 195 383
3 509 150 195
3 383 195 150
3 612 16 42
3 517 299 16
3 505 42 299
3 16 299 42
3 509 195 298
3 505 299 195
3 517 298 299
3 195 299 298
3 623 248 230
3 575 220 248
3 570 230 220
3 248 220 230
3 612 42 139
3 505 76 42
3 575 139 76
3 42 76 139
3 602 476 383
3 570 71 476
3 505 383 71
3 476 71 383
3 575 76 220
3 505 71 76
3 570 220 71
3 76 71 220
3 634 238 138
3 590 137 238
3 579 138 137
3 238 137 138
3 616 344 13
3 522 120 344
3 590 13 120
3 344 120 13
3 627 22 0
3 579 179 22
3 522 0 179
3 22 179 0
3 590 120 137
3 522 179 120
3 579 137 179
3 120 179 137
3 638 229 153
3 512 226 229
3 596 153 226
3 229 226 153
3 602 10 333
3 507 283 10
3 512 333 283
3 10 283 333
3 616 384 131
3 596 358 384
3 507 131 358
3 384 358 131
3 512 283 226
3 507 358 283
3 596 226 358
3 283 358 226
3 633 334 39
3 578 79 334
3 509 39 79
3 334 79 39
3 627 162 227
3 573 208 162
3 578 227 208
3 162 208 227
3 602 150 397
3 509 72 150
3 573 397 72
3 150 72 397
3 578 208 79
3 573 72 208
3 509 79 72
3 208 72 79
3 616 131 344
3 507 416 131
3 522 344 416
3 131 416 344
3 602 397 10
3 573 55 397
3 507 10 55
3 397 55 10
3 627 0 162
3 522 175 0
3 573 162 175
3 0 175 162
3 507 55 416
3 573 175 55
3 522 416 175
3 55 175 416
3 635 205 118
3 524 158 205
3 574 118 158
3 205 158 118
3 609 4 314
3 588 93 4
3 524 314 93
3 4 93 314
3 628 477 233
3 574 478 477
3 588 233 478
3 477 478 233
3 524 93 158
3 588 478 93
3 574 158 478
3 93 478 158
3 634 138 279
3 579 172 138
3 521 279 172
3 138 172 279
3 627 451 22
3 587 23 451
3 579 22 23
3 451 23 22
3 609 405 211
3 521 165 405
3 587 211 165
3 405 165 211
3 579 23 172
3 587 165 23
3 521 172 165
3 23 165 172
3 633 444 334
3 572 201 444
3 578 334 201
3 444 201 334
3 628 268 311
3 519 381 268
3 572 311 381
3 268 381 311
3 627 227 267
3 578 385 227
3 519 267 385
3 227 385 267
3 572 381 201
3 519 385 381
3 578 201 385
3 381 385 201
3 609 211 4
3 587 454 211
3 588 4 454
3 211 454 4
3 627 267 451
3 519 269 267
3 587 451 269
3 267 269 451
3 628 233 268
3 588 271 233
3 519 268 271
3 233 271 268
3 587 269 454
3 519 271 269
3 588 454 271
3 269 271 454
3 641 181 155
3 482 91 181
3 501 155 91
3 181 91 155
3 608 31 186
3 483 59 31
3 482 186 59
3 31 59 186
3 629 390 260
3 501 108 390
3 483 260 108
3 390 108 260
3 482 59 91
3 483 108 59
3 501 91 108
3 59 108 91
3 635 118 164
3 574 7 118
3 539 164 7
3 118 7 164
3 628 125 477
3 481 15 125
3 574 477 15
3 125 15 477
3 608 280 346
3 539 19 280
3 481 346 19
3 280 19 346
3 574 15 7
3 481 19 15
3 539 7 19
3 15 19 7
3 633 265 444
3 557 126 265
3 572 444 126
3 265 126 444
3 629 277 154
3 511 105 277
3 557 154 105
3 277 105 154
3 628 311 276
3 572 317 311
3 511 276 317
3 311 317 276
3 557 105 126
3 511 317 105
3 572 126 317
3 105 317 126
3 608 346 31
3 481 256 346
3 483 31 256
3 346 256 31
3 628 276 125
3 511 243 276
3 481 125 243
3 276 243 125
3 629 260 277
3 483 216 260
3 511 277 216
3 260 216 277
3 481 243 256
3 511 216 243
3 483 256 216
3 243 216 256
3 632 215 303
3 593 304 215
3 514 303 304
3 215 304 303
3 626 88 110
3 576 203 88
3 593 110 203
3 88 203 110
3 612 84 440
3 514 307 84
3 576 440 307
3 84 307 440
3 593 203 304
3 576 307 203
3 514 304 307
3 203 307 304
3 641 155 247
3 501 382 155
3 527 247 382
3 155 382 247
3 629 209 390
3 530 35 209
3 501 390 35
3 209 35 390
3 626 24 207
3 527 191 24
3 530 207 191
3 24 191 207
3 501 35 382
3 530 191 35
3 527 382 191
3 35 191 382
3 633 244 265
3 517 130 244
3 557 265 130
3 244 130 265
3 612 273 16
3 577 355 273
3 517 16 355
3 273 355 16
3 629 154 400
3 557 127 154
3 577 400 127
3 154 127 400
3 517 355 130
3 577 127 355
3 557 130 127
3 355 127 130
3 626 207 88
3 530 471 207
3 576 88 471
3 207 471 88
3 629 400 209
3 577 472 400
3 530 209 472
3 400 472 209
3 612 440 273
3 576 250 440
3 577 273 250
3 440 250 273
3 530 472 471
3 577 250 472
3 576 471 250
3 472 250 471
3 641 247 249
3 527 190 247
3 571 249 190
3 247 190 249
3 626 134 24
3 569 78 134
3 527 24 78
3 134 78 24
3 613 368 12
3 571 408 368
3 569 12 408
3 368 408 12
3 527 78 190
3 569 408 78
3 571 190 408
3 78 408 190
3 632 387 215
3 563 389 387
3 593 215 389
3 387 389 215
3 617 196 157
3 504 425 196
3 563 157 425
3 196 425 157
3 626 110 300
3 593 437 110
3 504 300 437
3 110 437 300
3 563 425 389
3 504 437 425
3 593 389 437
3 425 437 389
3 636 193 156
3 508 426 193
3 567 156 426
3 193 426 156
3 613 324 432
3 506 161 324
3 508 432 161
3 324 161 432
3 617 388 327
3 567 398 388
3 506 327 398
3 388 398 327
3 508 161 426
3 506 398 161
3 567 426 398
3 161 398 426
3 626 300 134
3 504 427 300
3 569 134 427
3 300 427 134
3 617 327 196
3 506 180 327
3 504 196 180
3 327 180 196
3 613 12 324
3 569 402 12
3 506 324 402
3 12 402 324
3 504 180 427
3 506 402 180
3 569 427 402
3 180 402 427
3 640 197 252
3 562 323 197
3 487 252 323
3 197 323 252
3 625 342 439
3 485 360 342
3 562 439 360
3 342 360 439
3 611 369 228
3 487 421 369
3 485 228 421
3 369 421 228
3 562 360 323
3 485 421 360
3 487 323 421
3 360 421 323
3 641 249 133
3 571 409 249
3 565 133 409
3 249 409 133
3 613 83 368
3 566 422 83
3 571 368 422
3 83 422 368
3 625 361 198
3 565 282 361
3 566 198 282
3 361 282 198
3 571 422 409
3 566 282 422
3 565 409 282
3 422 282 409
3 636 375 193
3 547 182 375
3 508 193 182
3 375 182 193
3 611 28 143
3 533 101 28
3 547 143 101
3 28 101 143
3 613 432 30
3 508 61 432
3 533 30 61
3 432 61 30
3 547 101 182
3 533 61 101
3 508 182 61
3 101 61 182
3 625 198 342
3 566 362 198
3 485 342 362
3 198 362 342
3 613 30 83
3 533 318 30
3 566 83 318
3 30 318 83
3 611 228 28
3 485 14 228
3 533 28 14
3 228 14 28
3 566 318 362
3 533 14 318
3 485 362 14
3 318 14 362
3 631 104 185
3 558 462 104
3 589 185 462
3 104 462 185
3 610 431 320
3 581 456 431
3 558 320 456
3 431 456 320
3 605 291 295
3 589 75 291
3 581 295 75
3 291 75 295
3 558 456 462
3 581 75 456
3 589 462 75
3 456 75 462
3 640 252 236
3 487 109 252
3 503 236 109
3 252 109 236
3 611 449 369
3 548 112 449
3 487 369 112
3 449 112 369
3 610 357 448
3 503 173 357
3 548 448 173
3 357 173 448
3 487 112 109
3 548 173 112
3 503 109 173
3 112 173 109
3 636 417 375
3 597 378 417
3 547 375 378
3 417 378 375
3 605 455 56
3 583 322 455
3 597 56 322
3 455 322 56
3 611 143 99
3 547 261 143
3 583 99 261
3 143 261 99
3 597 322 378
3 583 261 322
3 547 378 261
3 322 261 378
3 610 448 431
3 548 97 448
3 581 431 97
3 448 97 431
3 611 99 449
3 583 98 99
3 548 449 98
3 99 98 449
3 605 295 455
3 581 69 295
3 583 455 69
3 295 69 455
3 548 98 97
3 583 69 98
3 581 97 69
3 98 69 97
3 637 435 285
3 556 457 435
3 493 285 457
3 435 457 285
3 607 332 77
3 564 466 332
3 556 77 466
3 332 466 77
3 604 418 329
3 493 103 418
3 564 329 103
3 418 103 329
3 556 466 457
3 564 103 466
3 493 457 103
3 466 103 457
3 631 185 53
3 589 415 185
3 549 53 415
3 185 415 53
3 605 377 291
3 586 149 377
3 589 291 149
3 377 149 291
3 607 167 379
3 549 413 167
3 586 379 413
3 167 413 379
3 589 149 415
3 586 413 149
3 549 415 413
3 149 413 415
3 636 396 417
3 488 401 396
3 597 417 401
3 396 401 417
3 604 116 48
3 560 343 116
3 488 48 343
3 116 343 48
3 605 56 117
3 597 474 56
3 560 117 474
3 56 474 117
3 488 343 401
3 560 474 343
3 597 401 474
3 343 474 401
3 607 379 332
3 586 115 379
3 564 332 115
3 379 115 332
3 605 117 377
3 560 341 117
3 586 377 341
3 117 341 377
3 604 329 116
3 564 270 329
3 560 116 270
3 329 270 116
3 586 341 115
3 560 270 341
3 564 115 270
3 341 270 115
3 632 245 387
3 561 281 245
3 563 387 281
3 245 281 387
3 620 80 136
3 500 366 80
3 561 136 366
3 80 366 136
3 617 157 438
3 563 367 157
3 500 438 367
3 157 367 438
3 561 366 281
3 500 367 366
3 563 281 367
3 366 367 281
3 637 285 465
3 493 106 285
3 568 465 106
3 285 106 465
3 604 63 418
3 532 210 63
3 493 418 210
3 63 210 418
3 620 325 289
3 568 306 325
3 532 289 306
3 325 306 289
3 493 210 106
3 532 306 210
3 568 106 306
3 210 306 106
3 636 156 396
3 567 347 156
3 488 396 347
3 156 347 396
3 617 206 388
3 480 345 206
3 567 388 345
3 206 345 388
3 604 48 95
3 488 460 48
3 480 95 460
3 48 460 95
3 567 345 347
3 480 460 345
3 488 347 460
3 345 460 347
3 620 289 80
3 532 21 289
3 500 80 21
3 289 21 80
3 604 95 63
3 480 479 95
3 532 63 479
3 95 479 63
3 617 438 206
3 500 121 438
3 480 206 121
3 438 121 206
3 532 479 21
3 480 121 479
3 500 21 121
3 479 121 21
3 641 133 181
3 565 313 133
3 482 181 313
3 133 313 181
3 625 128 361
3 598 18 128
3 565 361 18
3 128 18 361
3 608 186 354
3 482 64 186
3 598 354 64
3 186 64 354
3 565 18 313
3 598 64 18
3 482 313 64
3 18 64 313
3 640 194 197
3 518 251 194
3 562 197 251
3 194 251 197
3 606 114 199
3 516 119 114
3 518 199 119
3 114 119 199
3 625 439 330
3 562 221 439
3 516 330 221
3 439 221 330
3 518 119 251
3 516 221 119
3 562 251 221
3 119 221 251
3 635 164 349
3 539 51 164
3 580 349 51
3 164 51 349
3 608 264 280
3 499 240 264
3 539 280 240
3 264 240 280
3 606 9 263
3 580 32 9
3 499 263 32
3 9 32 263
3 539 240 51
3 499 32 240
3 580 51 32
3 240 32 51
3 625 330 128
3 516 468 330
3 598 128 468
3 330 468 128
3 606 263 114
3 499 11 263
3 516 114 11
3 263 11 114
3 608 354 264
3 598 146 354
3 499 264 146
3 354 146 264
3 516 11 468
3 499 146 11
3 598 468 146
3 11 146 468
3 639 315 132
3 538 222 315
3 555 132 222
3 315 222 132
3 601 423 446
3 526 178 423
3 538 446 178
3 423 178 446
3 618 359 60
3 555 424 359
3 526 60 424
3 359 424 60
3 538 178 222
3 526 424 178
3 555 222 424
3 178 424 222
3 638 153 184
3 596 183 153
3 536 184 183
3 153 183 184
3 616 278 384
3 525 50 278
3 596 384 50
3 278 50 384
3 601 288 160
3 536 170 288
3 525 160 170
3 288 170 160
3 596 50 183
3 525 170 50
3 536 183 170
3 50 170 183
3 634 420 238
3 551 419 420
3 590 238 419
3 420 419 238
3 618 189 174
3 585 287 189
3 551 174 287
3 189 287 174
3 616 13 188
3 590 428 13
3 585 188 428
3 13 428 188
3 551 287 419
3 585 428 287
3 590 419 428
3 287 428 419
3 601 160 423
3 525 57 160
3 526 423 57
3 160 57 423
3 616 188 278
3 585 403 188
3 525 278 403
3 188 403 278
3 618 60 189
3 526 176 60
3 585 189 176
3 60 176 189
3 525 403 57
3 585 176 403
3 526 57 176
3 403 176 57
3 637 465 407
3 568 352 465
3 535 407 352
3 465 352 407
3 620 434 325
3 591 463 434
3 568 325 463
3 434 463 325
3 619 166 301
3 535 404 166
3 591 301 404
3 166 404 301
3 568 463 352
3 591 404 463
3 535 352 404
3 463 404 352
3 632 445 245
3 520 46 445
3 561 245 46
3 445 46 245
3 623 219 309
3 502 393 219
3 520 309 393
3 219 393 309
3 620 136 218
3 561 392 136
3 502 218 392
3 136 392 218
3 520 393 46
3 502 392 393
3 561 46 392
3 393 392 46
3 638 29 371
3 537 148 29
3 523 371 148
3 29 148 371
3 619 81 259
3 595 27 81
3 537 259 27
3 81 27 259
3 623 253 192
3 523 370 253
3 595 192 370
3 253 370 192
3 537 27 148
3 595 370 27
3 523 148 370
3 27 370 148
3 620 218 434
3 502 326 218
3 591 434 326
3 218 326 434
3 623 192 219
3 595 328 192
3 502 219 328
3 192 328 219
3 619 301 81
3 591 82 301
3 595 81 82
3 301 82 81
3 502 328 326
3 595 82 328
3 591 326 82
3 328 82 326
3 639 214 315
3 540 113 214
3 538 315 113
3 214 113 315
3 622 266 102
3 592 212 266
3 540 102 212
3 266 212 102
3 601 446 41
3 538 312 446
3 592 41 312
3 446 312 41
3 540 212 113
3 592 312 212
3 538 113 312
3 212 312 113
3 637 407 96
3 535 469 407
3 534 96 469
3 407 469 96
3 619 239 166
3 594 406 239
3 535 166 406
3 239 406 166
3 622 447 351
3 534 94 447
3 594 351 94
3 447 94 351
3 535 406 469
3 594 94 406
3 534 469 94
3 406 94 469
3 638 184 29
3 536 26 184
3 537 29 26
3 184 26 29
3 601 391 288
3 529 169 391
3 536 288 169
3 391 169 288
3 619 259 49
3 537 171 259
3 529 49 171
3 259 171 49
3 536 169 26
3 529 171 169
3 537 26 171
3 169 171 26
3 622 351 266
3 594 386 351
3 592 266 386
3 351 386 266
3 619 49 239
3 529 275 49
3 594 239 275
3 49 275 239
3 601 41 391
3 592 274 41
3 529 391 274
3 41 274 391
3 594 275 386
3 529 274 275
3 592 386 274
3 275 274 386
3 631 53 67
3 549 54 53
3 599 67 54
3 53 54 67
3 607 187 167
3 546 395 187
3 549 167 395
3 187 395 167
3 615 296 292
3 599 68 296
3 546 292 68
3 296 68 292
3 549 395 54
3 546 68 395
3 599 54 68
3 395 68 54
3 637 96 435
3 534 224 96
3 556 435 224
3 96 224 435
3 622 321 447
3 492 204 321
3 534 447 204
3 321 204 447
3 607 77 107
3 556 443 77
3 492 107 443
3 77 443 107
3 534 204 224
3 492 443 204
3 556 224 443
3 204 443 224
3 639 297 214
3 490 335 297
3 540 214 335
3 297 335 214
3 615 410 74
3 531 223 410
3 490 74 223
3 410 223 74
3 622 102 52
3 540 65 102
3 531 52 65
3 102 65 52
3 490 223 335
3 531 65 223
3 540 335 65
3 223 65 335
3 607 107 187
3 492 308 107
3 546 187 308
3 107 308 187
3 622 52 321
3 531 202 52
3 492 321 202
3 52 202 321
3 615 292 410
3 546 66 292
3 531 410 66
3 292 66 410
3 492 202 308
3 531 66 202
3 546 308 66
3 202 66 308
