OFF
642 1280 0
-1.01045034511337e+00 6.31030388484187e-01 1.06253343915651e-01
5.75539177310884e-01 -1.20679731800150e+00 -1.14313028535739e-05
-1.19127748002187e+00 -5.19420859518091e-01 -5.49878713479443e-02
-8.53281109943226e-02 -7.98567224205889e-01 -1.87126425348712e-01
-1.32056034957837e+00 1.80755539018169e-01 -1.84044831674673e-02
-3.04142597171657e-01 -1.00422088034760e+00 -1.45061002673680e-01
4.98021388439098e-01 -1.23016943530519e+00 2.83698588351229e-02
-1.06818455037646e+00 2.62003713203801e-01 -1.33084342130623e-01
-1.03440923074379e+00 -8.40999574896062e-01 -1.77858665184617e-02
-8.28859968204892e-01 -3.04260378558314e-01 -1.75760069378415e-01
-5.02076031296449e-01 9.45388648360537e-01 1.40240442705040e-01
-5.32418921482742e-01 -1.06178516264775e-01 -2.13892210050479e-01
6.30781624317115e-01 6.06948360744578e-01 -1.76916764891103e-01
-8.28819341601846e-01 3.04037121880004e-01 1.75777779447091e-01
5.31902239448273e-01 -1.06068818667632e-01 -2.13933269108076e-01
-1.05098076216692e+00 4.47564803344725e-01 -1.21629105627477e-01
-2.08441751517515e-01 1.32066539154929e+00 -4.80720738578481e-05
-1.06000927297008e-01 -1.22196052089951e+00 -9.31574515208954e-02
-1.75411730350876e-01 3.09544407241021e-01 -2.25617309576296e-01
-9.49298673641141e-01 3.84706034242611e-01 -1.50432742508513e-01
-1.15421025569420e+00 -1.38015693424203e-01 -1.15639297744040e-01
1.22189527780032e+00 5.32378524176361e-01 1.84852633086209e-02
-1.13288973545434e+00 4.91830209484511e-01 8.96517394531099e-02
-1.22598981708481e+00 3.39502347779594e-01 7.20283985731159e-02
3.03686712165399e-01 1.00402688770503e+00 -1.45131407991855e-01
-4.09550110782513e-05 -1.28742271080854e+00 -6.31544240287897e-02
1.62087365405630e-01 4.98175921448590e-01 2.15341004463964e-01
4.47843370718532e-01 6.95037632402820e-01 1.83934295371204e-01
6.89119828612706e-01 -2.09173501137265e-01 -1.97201460905892e-01
1.37729337090273e-01 6.60877396884441e-01 2.02030650617637e-01
6.89080631384055e-01 2.08963884445631e-01 -1.97212468610644e-01
-6.31386172943036e-01 6.06748249424736e-01 -1.76871707099621e-01
-8.41050830654363e-01 -1.01952066796326e-01 -1.81069599412631e-01
-3.84945534588959e-01 -8.59361664574822e-01 1.66160674514020e-01
-4.47811162901308e-01 -6.94800125320256e-01 1.83964195180582e-01
-1.02056926739797e-01 1.03425639895584e+00 -1.47248011282437e-01
-1.12626374627681e+00 -6.89488638230685e-01 3.66123108364034e-02
-1.22188140270007e+00 -5.32328350474871e-01 1.85575103624269e-02
-1.12627924654599e+00 -6.89516912223093e-01 -3.65813672387039e-02
-6.60932224759052e-01 1.15405585217463e+00 2.40850068578305e-02
-1.22188766713808e+00 -5.32345286823342e-01 -1.85299607393285e-02
1.81039072720359e-01 -1.05024353890413e-01 2.31171106702220e-01
-1.05415085013936e-01 1.32054546505945e+00 3.16331995729775e-02
-8.50744910785312e-02 -7.98440814789167e-01 1.87146493869348e-01
-9.49194297017300e-01 -3.85210137908901e-01 -1.50413392260210e-01
-1.01033328429120e+00 -6.31266269445880e-01 -1.06244518256612e-01
7.60145681080219e-01 1.06825141493510e+00 4.58583827251276e-02
-1.01623886150119e-01 -1.03445200689794e+00 1.47215076876799e-01
1.32066008928189e+00 7.60761638237590e-05 -3.64955807721503e-02
5.19320956505829e-01 3.14425059729212e-01 2.08537295522892e-01
-3.39711391562184e-01 4.11600219691077e-01 2.14602058057708e-01
-9.67989743270054e-01 -2.65575209983411e-04 -1.61453756101125e-01
6.31250350479874e-01 -6.06976403847719e-01 1.76862573844723e-01
7.98494191882840e-01 -1.06900849360942e+00 1.48882590890867e-02
7.60342112623375e-01 -1.06805134564690e+00 4.59013780202869e-02
-6.89883786172612e-01 8.61131796066194e-01 1.32180509708373e-01
1.13269188277019e+00 -4.91956359509049e-01 -8.97071240799932e-02
-3.60802811175570e-01 7.08245819193336e-05 2.25373248772044e-01
-6.31078187728833e-01 -6.07057322203024e-01 1.76872891027165e-01
-4.48171358853851e-01 6.94519385528544e-01 -1.83969801362484e-01
-5.19250321172552e-01 -3.14195992871836e-01 2.08553265779443e-01
8.40627865717119e-01 1.01622938849555e-01 -1.81135449944228e-01
-8.01220117611714e-01 -5.01927343230942e-01 1.65495452431550e-01
1.32053496728058e+00 1.81115306385423e-01 1.83518296510473e-02
-3.39953364358183e-01 4.11222857027962e-01 -2.14612485427603e-01
4.47982240673219e-01 -6.94748820338589e-01 1.83957368417614e-01
6.89838565801235e-01 -8.61093898825761e-01 1.32195307629788e-01
6.60717638623569e-01 -1.15416425612409e+00 2.41062386672170e-02
6.94889157107872e-01 -1.05081518088977e+00 7.83909355054750e-02
8.60991828156662e-01 -7.55227802320185e-01 -1.20769255261151e-01
2.09157315376238e-01 -1.12631293532696e+00 1.20686547405673e-01
-1.06155135027445e-01 1.22202374655664e+00 9.31266487276062e-02
-6.95017222909023e-01 1.05077561801761e+00 7.83723923363531e-02
4.11552774672611e-01 -1.22592327406736e+00 5.94535970472249e-02
3.04141902363266e-01 -1.00412940792396e+00 1.45080451272861e-01
8.59298399630436e-01 -9.49142391976512e-01 -6.74239995562548e-02
-2.37251495291753e-04 1.28748879304416e+00 6.31131130813628e-02
1.13291116852812e+00 -4.91871187731822e-01 8.96365483075968e-02
3.84650058622289e-01 8.59231747096250e-01 -1.66202229085862e-01
-7.60506027852423e-01 1.06795575357565e+00 4.58863185730470e-02
1.12627495863104e+00 6.89593355511920e-01 3.65412320328717e-02
6.31134700512212e-01 6.07290339554300e-01 1.76842194997866e-01
7.55199500033054e-01 6.89966908543060e-01 1.50716262292658e-01
5.18925510034275e-01 3.14076483306970e-01 -2.08583555877932e-01
2.07876184878885e-01 1.32075451942952e+00 -5.72061174741577e-05
-7.98424499614101e-01 -1.06905988852587e+00 -1.48897071342626e-02
-8.59346795324041e-01 -9.49206795544034e-01 -6.73772957940782e-02
-5.01979079146987e-01 -9.45427385360678e-01 -1.40243075965761e-01
3.13891013931998e-01 1.19125538464283e+00 -9.09614949862136e-02
-6.31231457168221e-01 -6.07207044357760e-01 -1.76840377084188e-01
-1.28877878727190e+00 -1.75299584507244e-01 -5.42187872394463e-02
-2.62631689305207e-01 7.60020392835527e-01 -1.86994059959692e-01
-9.45282758835123e-01 -8.01302236025380e-01 8.78721663358891e-02
-1.28882928613022e+00 1.74847572613828e-01 -5.42267293039193e-02
8.41041733165057e-01 -1.01542902288229e-01 1.81077940274061e-01
1.32048685581856e+00 1.81086732061889e-01 -1.84662064618793e-02
1.06914165109802e+00 -8.49950865622683e-02 1.39753602791220e-01
6.89567691156222e-01 -8.61175759159572e-01 -1.32222272789980e-01
7.55008811801158e-01 -6.89772669713670e-01 -1.50772776352950e-01
8.01034904674031e-01 -5.01967207438494e-01 -1.65519221649592e-01
-8.61159286757529e-01 -7.55318331723872e-01 -1.20715302847124e-01
8.40646143371621e-01 -1.01778171362335e-01 -1.81130179336001e-01
4.92073005135983e-01 -5.12109570863013e-01 1.98305435914125e-01
1.28886060754367e+00 -1.74980839025297e-01 5.41907299276828e-02
6.60668829609898e-01 -1.15417287415025e+00 -2.41345729830153e-02
-6.95080677854165e-01 1.05059290156149e+00 -7.84301934438649e-02
1.23025037592234e+00 1.62282470649177e-01 8.71355059405824e-02
1.01045060712057e+00 -6.31052837933288e-01 1.06249181539960e-01
-3.85334369549307e-01 8.59094566264884e-01 -1.66175381133173e-01
2.62086442034207e-01 -7.60373059458364e-01 -1.86973565600618e-01
5.11886754749770e-01 1.13278595673634e+00 -8.61841475806345e-02
-1.15416415470044e+00 -1.37869214627293e-01 1.15658751893195e-01
4.47645203836215e-01 -6.94890121498285e-01 -1.83966156072101e-01
1.62194153865391e-01 -4.97919080946039e-01 2.15356744246510e-01
-5.19451914076596e-01 -3.14427177642205e-01 -2.08527201838039e-01
1.22198061556122e+00 -5.32157477278528e-01 1.85074299447254e-02
1.32051496464846e+00 -1.80907886937757e-01 -1.84583264389656e-02
1.19125701569697e+00 -5.19251868430555e-01 -5.50503345272579e-02
-1.15424904392456e+00 1.37507690523840e-01 -1.15645979241183e-01
-3.39854602900585e-01 -4.11679378652382e-01 -2.14590455626215e-01
-9.49211165349428e-01 3.84966908359326e-01 1.50429212819319e-01
1.22184844255460e+00 5.32343903258840e-01 -1.86102693068456e-02
-6.94745961997465e-01 -1.05085627538630e+00 7.84129463250455e-02
-8.59302146161748e-01 -9.49170393447495e-01 6.74104546935226e-02
-6.89661707927101e-01 -8.61155053821003e-01 1.32211377862531e-01
-1.01050634831732e+00 6.30822680092887e-01 -1.06274817250131e-01
-7.60540510912269e-01 1.06784803127105e+00 -4.59455943062415e-02
-4.11808410324588e-01 1.22576495547459e+00 -5.94993693573963e-02
-1.81275655244992e-01 1.04908922409619e-01 -2.31167031249519e-01
-1.05085702443130e+00 -4.48048844506310e-01 -1.21607253975198e-01
-4.98279548188888e-01 1.23002882495342e+00 -2.84177395617249e-02
-6.31232925681041e-01 6.07090158182356e-01 1.76852514386295e-01
-1.37710702311545e-01 -6.60651338851406e-01 2.02053696500013e-01
-3.54318423619173e-04 5.75297406301600e-01 -2.11281287167808e-01
5.01563506215966e-01 9.45260569067964e-01 -1.40323079437642e-01
1.01564305829967e-01 -1.03451405747117e+00 -1.47202973945661e-01
1.00408554276623e+00 8.28959214869019e-01 5.31684744560646e-02
-1.06812127999749e+00 2.62219871219186e-01 1.33086857813384e-01
-1.15420294595851e+00 1.37682673292540e-01 1.15653698509369e-01
1.04889869963845e-01 1.32059048786647e+00 3.16291032723400e-02
-2.62452233945410e-01 -7.60400435920813e-01 -1.86954428355393e-01
-8.61079521153038e-01 -7.55232136832552e-01 1.20749262722500e-01
-7.55146575781157e-01 -6.89743296675982e-01 1.50755750054483e-01
8.28504757572553e-01 -3.04115083048430e-01 -1.75819090187275e-01
1.01563412209171e-01 1.03463631901467e+00 1.47176657156113e-01
-6.60636306517193e-01 -1.15419273726923e+00 2.41327454292877e-02
-5.32445390154841e-01 1.05672031863475e-01 -2.13897877531757e-01
-2.08133596825611e-01 -1.32071401874459e+00 8.17977757540040e-06
2.62238766505137e-01 7.60496926128309e-01 1.86951580430366e-01
1.03445930077953e+00 -8.40904644236430e-01 -1.78341116507739e-02
-5.12415872002535e-01 1.13278866175529e+00 8.60866436155744e-02
-1.32050326626267e+00 -1.81142130060760e-01 1.84135178089167e-02
-3.03974405170619e-01 -1.00414961422851e+00 1.45086923080438e-01
-1.37862481276826e-01 6.60832524330275e-01 2.02032365834144e-01
-5.12499637872517e-01 1.13258163832002e+00 -8.61548116832547e-02
-8.55093693997259e-02 7.98229409545828e-01 -1.87168055698863e-01
1.15398191073920e+00 1.37789326631997e-01 -1.15717383194476e-01
1.00396151745795e+00 8.28845715525907e-01 -5.32943267400649e-02
-1.23023319229176e+00 1.61843755642538e-01 -8.71679407698858e-02
4.11305510265440e-01 1.22608296933332e+00 5.94050959106953e-02
-1.80982208399164e-01 1.05252007428585e-01 2.31169298205749e-01
9.48859617258373e-01 3.84974163988963e-01 -1.50496596837688e-01
-9.45499837883020e-01 8.01155351622998e-01 8.78416322853421e-02
-1.28876371555270e+00 -1.75232718934848e-01 5.42363873094729e-02
-1.06911284416694e+00 8.48794857940672e-02 -1.39762509195941e-01
-1.28881421707158e+00 1.74931437557797e-01 5.42294160502831e-02
8.28831988044985e-01 3.04260888968927e-01 1.75764085911284e-01
1.00422764561843e+00 -8.28717847454530e-01 5.32015265325721e-02
-3.14160305231091e-01 -1.19131293481054e+00 9.09098918068881e-02
1.75104708931182e-01 3.09968053934050e-01 2.25606793427720e-01
-1.75124143890956e-01 3.09920603015952e-01 2.25608328897678e-01
3.39666721137694e-01 4.11697635462593e-01 2.14598498377708e-01
-1.23020438940179e+00 1.61977551221256e-01 8.71727821010744e-02
3.84824554494014e-01 -8.59430567575941e-01 -1.66158341116444e-01
-8.28738774361028e-01 -3.04063884898120e-01 1.75788001821380e-01
-8.61280885421021e-01 7.55146037345986e-01 1.20721750683060e-01
-5.32214652595956e-01 -1.05901506702156e-01 2.13911997056228e-01
-1.01027726955906e+00 -6.31178599124744e-01 1.06276799488837e-01
-1.75052376518469e-01 -3.09732362269476e-01 2.25617957789318e-01
-1.05092107766463e+00 4.47782560733770e-01 1.21620347465267e-01
8.60856835654605e-01 7.55189527257306e-01 -1.20806075541122e-01
-1.38126820738926e-01 6.60432211525600e-01 -2.02066944897488e-01
9.67626225953692e-01 -5.01096260895843e-05 -1.61520527243210e-01
-1.62164074702384e-01 4.98127233649397e-01 2.15342686217240e-01
-5.19452493169787e-05 5.75699937157896e-01 2.11247692349242e-01
7.98462224493571e-01 -1.06901493408107e+00 -1.49265787334614e-02
-4.92239076074885e-01 5.11901563835872e-01 -1.98309263470068e-01
9.45447847123604e-01 -8.01209619199473e-01 8.78436130615830e-02
-6.89453094917465e-01 2.09098908806760e-01 1.97168183758122e-01
-6.89399181118802e-01 -2.09067403579013e-01 1.97174984740350e-01
2.61927292428770e-01 7.60109797923308e-01 -1.87013200108246e-01
1.01339307696950e-01 1.03429540025898e+00 -1.47254804774338e-01
5.01827295178054e-01 9.45574258341623e-01 1.40229376855743e-01
1.06879346331056e+00 8.51316287131987e-02 -1.39832651425121e-01
-1.37975055922594e-01 -6.60812697664223e-01 -2.02031998106032e-01
-4.11745234497794e-01 1.22591283650559e+00 5.94193452263224e-02
9.45107931226451e-01 8.01298566661070e-01 -8.79308024800266e-02
-2.26160498442342e-04 -5.75665402675904e-01 -2.11250572943685e-01
1.80648301735585e-01 1.04952175744600e-01 -2.31181479385454e-01
-4.92112170832315e-01 -5.12364590688165e-01 -1.98282268703753e-01
4.97778699453688e-01 1.23030571369253e+00 2.83192377157377e-02
-9.22601028817385e-01 9.67684058478215e-01 -2.48877314043143e-05
7.55326524856625e-01 -6.89656186289738e-01 1.50740335673273e-01
4.11198478316169e-01 1.22593506775825e+00 -5.95212332452092e-02
9.49269897927737e-01 -3.84898346471837e-01 1.50423231491702e-01
-1.20684236965068e+00 -2.49976871491237e-04 -1.00736948703660e-01
1.19117294456897e+00 5.19363142443798e-01 -5.50739114639296e-02
2.08723158670498e-01 1.12621126950228e+00 -1.20738646159716e-01
-8.59555120542857e-01 9.49027422265098e-01 6.73732935265456e-02
-2.09418104543787e-01 1.12612808573192e+00 -1.20725544901761e-01
1.28883312805366e+00 1.75253500409385e-01 5.41837561851904e-02
-1.32055575955662e+00 1.80784097910126e-01 1.84059797284235e-02
3.39751236913883e-01 -4.11406309561024e-01 2.14611519665165e-01
-7.55260455190890e-01 -6.89859752161208e-01 -1.50721933878016e-01
1.37871836649788e-01 -6.60634843004356e-01 2.02051981841965e-01
6.60450706022820e-01 1.15426315987097e+00 -2.41851517983011e-02
-6.89991386666016e-01 8.60846156026374e-01 -1.32220310899804e-01
-9.45334193863148e-01 -8.01361325659315e-01 -8.78386892160412e-02
9.45308058810807e-01 8.01483750464473e-01 8.78130744008206e-02
6.06957319585454e-01 1.01055462603646e+00 1.10438329057279e-01
1.05739921226009e-01 1.22206748496170e+00 9.31235357955090e-02
-1.75339981245626e-01 -3.09983333300106e-01 -2.25600550106919e-01
-1.62049046879847e-01 -4.97942600170032e-01 2.15358425403827e-01
3.85119632696337e-01 -8.59327410775776e-01 1.66153740068494e-01
1.06819687450952e+00 -2.62166178687183e-01 1.33071505094114e-01
-1.20515739353310e-04 9.22561338197587e-01 1.69408736589500e-01
-2.62407927433902e-01 7.60407485766331e-01 1.86955455585254e-01
-1.00431520499484e+00 8.28606086643005e-01 5.32042214597632e-02
5.18987151890557e-01 -3.14336982086167e-01 -2.08566829483791e-01
-8.52557762070457e-02 7.98623241814271e-01 1.87120109303214e-01
2.08918488247212e-01 1.12650070909788e+00 1.20645509190339e-01
3.09827278216173e-01 -1.28878283850929e+00 3.06483666220663e-02
2.08156260816627e-01 -1.32071044770328e+00 -9.52182886693221e-07
-1.19142466636395e+00 5.19001657299785e-01 -5.50114430498076e-02
-1.32050785752784e+00 -1.81164728197678e-01 -1.83966064635763e-02
-1.23018692531036e+00 -1.62328723631534e-01 -8.71603153663773e-02
8.49610558052191e-02 -7.98558812879245e-01 -1.87132643563258e-01
-3.09795010560230e-01 -1.28879694594912e+00 -3.06401815774224e-02
-1.06904652850598e+00 8.50843410888181e-02 1.39774236973847e-01
6.89484568543447e-01 2.09274874812588e-01 1.97159089385376e-01
-8.41077841742523e-01 1.01422435121776e-01 -1.81074869519805e-01
-4.97974336446829e-01 -1.23019321609163e+00 -2.83635681221809e-02
1.05863234383862e-01 -1.22195707318843e+00 -9.31636355928433e-02
-8.61360627181842e-01 7.54896619618630e-01 -1.20752116110303e-01
-5.75801252647199e-01 1.20667227820172e+00 -3.75822393754242e-05
7.98299662168540e-01 1.06917406112331e+00 1.48435355496724e-02
-1.01821212209337e-01 -1.03452033659804e+00 -1.47196182436760e-01
8.47867021421330e-02 7.98258911132277e-01 -1.87174274903278e-01
3.14046698514858e-01 1.19147869229058e+00 9.08553330889156e-02
1.37415275539354e-01 6.60477065882931e-01 -2.02077319193071e-01
-3.27648755165254e-04 1.28732820957399e+00 -6.32134058233586e-02
-1.62326101949940e-01 -4.98145884057915e-01 -2.15337622913261e-01
1.37557759021697e-01 -6.60796208365755e-01 -2.02042371107400e-01
3.03933838874697e-01 1.00435895903948e+00 1.45045114845951e-01
-4.48000781837783e-01 -6.94941406140889e-01 -1.83933690288042e-01
-1.05079732368393e+00 -4.47928534027374e-01 1.21636642622058e-01
-7.55440610849214e-01 6.89415094173141e-01 -1.50756611722107e-01
-9.49106782391581e-01 -3.85052864357426e-01 1.50442654237568e-01
-4.11509670228166e-01 -1.22595381357916e+00 -5.94434412981100e-02
4.91971786299934e-01 5.12416899469684e-01 1.98288802082779e-01
-5.02213786543273e-01 9.45075006513960e-01 -1.40290102263336e-01
9.48926697254566e-01 -3.85055670918929e-01 -1.50477243906127e-01
-5.12134000785240e-01 -1.13280880128300e+00 8.61299142394597e-02
-6.89559713667047e-01 -2.09304542142017e-01 -1.97150070227863e-01
-6.89613623703154e-01 2.08787983418905e-01 -1.97161076748274e-01
-6.60952469980138e-01 1.15399741908266e+00 -2.41536852447123e-02
5.19382606640214e-01 -3.14105764922135e-01 2.08547336066616e-01
-1.12645688066407e+00 6.89221704314648e-01 3.65842371263048e-02
-1.12647237234031e+00 6.89148251154921e-01 -3.66120139854515e-02
-1.22203309504652e+00 5.32005238610231e-01 1.85353483707307e-02
1.28743004006660e+00 -3.60733892580035e-01 -4.50748064716944e-05
-1.22203935734271e+00 5.31970627624396e-01 -1.85531298805912e-02
-8.01338305596834e-01 -5.02083017653902e-01 -1.65463441511421e-01
-1.05457446872605e-01 1.32046397784952e+00 -3.17329605757822e-02
3.60867502607572e-01 1.51173015428467e-04 2.25370073414239e-01
5.32289629171628e-01 1.06116925597712e-01 2.13903008114573e-01
-9.45551254932602e-01 8.00970220593561e-01 -8.78764031805866e-02
-6.07343107575256e-01 1.01007050844123e+00 -1.10509033288812e-01
-5.19328632977266e-01 3.14284008091051e-01 2.08543225640011e-01
-1.20680697835460e+00 -1.09963161105460e-04 1.00749948916015e-01
-8.28940530202517e-01 3.03745006077822e-01 -1.75775743201314e-01
9.22239661664123e-01 9.68028399725272e-01 -6.53602941951007e-05
1.74746439728914e-01 3.09591835021246e-01 -2.25631136224934e-01
-3.85153792803118e-01 8.59453295396191e-01 1.66131358279166e-01
-1.05113916802362e-01 -1.32052713930371e+00 3.16873104468861e-02
1.20689962131688e+00 1.58766603888753e-04 1.00715932281703e-01
-1.57633784092657e-04 -9.22469343971630e-01 -1.69424087096943e-01
-8.40927970140250e-01 -1.01716864250126e-01 1.81091139427956e-01
3.21207385134595e-06 2.08289670197967e-01 2.31198988863934e-01
1.19131035229947e+00 5.19465190537550e-01 5.49532018970783e-02
-6.60656551779304e-01 -1.15420135427980e+00 -2.41031126888172e-02
1.00410361351891e+00 -8.28752340813148e-01 -5.32567755243474e-02
6.07151027850483e-01 -1.01030505206090e+00 1.10475669181739e-01
1.05176857865995e-01 -1.32052533407739e+00 3.16832152415891e-02
3.14292903428080e-01 -1.19130121706359e+00 9.09005514716692e-02
9.45247711959015e-01 -8.01268729203344e-01 -8.78930811056098e-02
5.12272187444272e-01 -1.13278504027150e+00 8.61143059090333e-02
8.52431855824259e-02 -7.98432405805842e-01 1.87145240863361e-01
-4.98251608131457e-01 1.23009950210659e+00 2.83388896704217e-02
-3.10067047764374e-01 1.28875678744408e+00 3.06076009042447e-02
6.06739129497470e-01 1.01030110122286e+00 -1.10546103467133e-01
8.01299264559861e-01 5.02141546410098e-01 1.65463792729654e-01
-1.06804857975548e+00 -2.62360468760165e-01 1.33096246162610e-01
5.75305875260373e-01 1.20690850385203e+00 -6.28362712380583e-05
4.97725404326730e-01 1.23023502450997e+00 -2.84417910893363e-02
3.09560649696031e-01 1.28888790541983e+00 3.05954847779160e-02
1.22597298517665e+00 3.39840085671568e-01 7.19883576304797e-02
3.09508264575238e-01 1.28880993637961e+00 -3.07121594162223e-02
8.61257748382982e-01 -7.55141592009931e-01 1.20727661310162e-01
5.12049521294952e-01 1.13299301593145e+00 8.60710306679087e-02
-6.06988725165873e-01 -1.01034478046076e+00 1.10491865415129e-01
-1.00434355861697e+00 8.28492620582444e-01 -5.32419568947773e-02
1.75170932445500e-01 -3.09701828360240e-01 2.25616422405300e-01
-1.62441111204775e-01 4.97731865900975e-01 -2.15364302485800e-01
-1.32071902683558e+00 -2.17979756826102e-04 -3.64301429318058e-02
7.62316033631594e-05 -5.75480647618259e-01 2.11266002237501e-01
-1.00408819850454e+00 -8.28811916063405e-01 5.32372666051445e-02
-8.59599756438609e-01 9.48876474233093e-01 -6.74209803717123e-02
5.31881517705406e-01 1.05799281950977e-01 -2.13938938096683e-01
-3.14264849164780e-01 -1.19134235280598e+00 -9.08870013251359e-02
5.12109414441241e-01 -1.13281741840387e+00 -8.61309210342349e-02
8.01390517266737e-01 -5.01811497128811e-01 1.65480933537023e-01
1.05067629769465e+00 -4.47888087331993e-01 -1.21673240434932e-01
1.61854686654831e-01 -4.98122378668594e-01 -2.15350163445873e-01
8.00943659579717e-01 5.01837146648012e-01 -1.65544837687894e-01
1.13283004855181e+00 4.92169151216475e-01 8.96178431012971e-02
8.61122752114484e-01 7.55439015163594e-01 1.20700145914742e-01
1.01009434913671e+00 6.31146814479247e-01 -1.06335851747148e-01
6.89677089001660e-01 8.61377834491751e-01 1.32164435621633e-01
1.32056307634920e+00 -1.80885283225697e-01 1.83593674731110e-02
-1.81251273532967e-01 -1.05361220935555e-01 -2.31161313056032e-01
-1.01859631303150e-01 1.03459730647926e+00 1.47178788135884e-01
1.19139442636595e+00 -5.19200970207663e-01 5.49738633299142e-02
-3.04213604432010e-01 1.00424374403368e+00 1.45051588714691e-01
-7.98695377815162e-01 1.06886342835537e+00 1.48767264955918e-02
2.62397923918161e-01 -7.60240390601706e-01 1.86976710132378e-01
4.94514091469866e-05 -1.28740770264077e+00 6.31637990472740e-02
4.11445735692562e-01 -1.22594068319774e+00 -5.94652988546378e-02
-2.09155283127400e-01 -1.12636893158697e+00 -1.20670638791772e-01
1.06005437280696e-01 -1.22192947683969e+00 9.31697725292705e-02
1.01788419477139e-01 -1.03444572861992e+00 1.47212945305706e-01
1.22193377682512e+00 -5.32174426643748e-01 -1.85870959992173e-02
1.80670740533294e-01 -1.05323898760876e-01 -2.31175761140193e-01
1.28872039838839e+00 -1.75047734675352e-01 -5.42862139131153e-02
-8.01352418996508e-01 5.01900526852922e-01 1.65478313189341e-01
1.22579080623429e+00 3.39718035136708e-01 -7.21009960859482e-02
-8.01470585419844e-01 5.01596201464343e-01 -1.65489053197374e-01
1.23002958059419e+00 1.62148620463280e-01 -8.72386068998186e-02
-2.62228454544231e-01 -7.60267774259052e-01 1.86980583988776e-01
-1.06908923236105e+00 -8.54026374624139e-02 -1.39758277592063e-01
-3.09759650508204e-01 -1.28878969357123e+00 3.06604791123836e-02
6.89523772747486e-01 -2.08936313378173e-01 1.97165891743402e-01
1.06815275951489e+00 2.62501265951595e-01 1.33062112815187e-01
-4.97946387915608e-01 -1.23018500659138e+00 2.83895051834807e-02
-5.19530212862958e-01 3.13935483795730e-01 -2.08543926356206e-01
-3.10102403755498e-01 1.28867882673499e+00 -3.06970876937065e-02
-1.03440022376353e+00 -8.40988237034917e-01 1.78183195548395e-02
3.03894744598161e-01 -1.00420067923902e+00 -1.45081205863732e-01
-4.47981775752596e-01 6.94889459968253e-01 1.83941123208326e-01
-4.91915608984852e-01 -5.12179896905893e-01 1.98311836921782e-01
1.74812652865866e-01 -3.09952809250218e-01 -2.25614376131867e-01
-3.27717717983388e-04 2.07925185072426e-01 -2.31209035830411e-01
3.60472118661831e-01 -1.62102692997078e-04 -2.25389463474010e-01
-1.06811184922675e+00 -2.62514235615122e-01 -1.33071392433542e-01
-1.13278918949825e+00 -4.92121881775758e-01 -8.96416229496500e-02
-1.22591701464172e+00 -3.39838789230396e-01 -7.20177496647098e-02
1.03435837683831e+00 8.41093216292884e-01 1.77407443631935e-02
1.03431640999421e+00 8.41055054696449e-01 -1.78706967827100e-02
4.91600636905155e-01 5.12050299918633e-01 -1.98346025784832e-01
4.91701839058501e-01 -5.12294293241198e-01 -1.98319028128559e-01
3.84945113445565e-01 8.59590522136683e-01 1.66124422630488e-01
8.50688088684051e-02 7.98652757452420e-01 1.87118856455444e-01
-1.05876412926995e-01 -1.22193292274553e+00 9.31728835381095e-02
-4.11446485376589e-01 -1.22593640812672e+00 5.94678408011854e-02
-5.75497065380122e-01 -1.20681740007804e+00 1.38142605384912e-05
1.06880777214029e+00 -8.51788035529501e-02 -1.39828419272852e-01
-1.19125739231008e+00 -5.19369981123110e-01 5.50159284389160e-02
1.12629956571078e+00 -6.89386988613222e-01 -3.66371943771375e-02
1.06787908025865e+00 -2.62320001732202e-01 -1.33140363426034e-01
1.12638886525016e+00 -6.89358700441658e-01 3.65693100569789e-02
-1.28736997760224e+00 -3.60948267959612e-01 1.14053585302325e-05
-1.03464086224960e+00 8.40689316521572e-01 -1.78224442651971e-02
-3.63034811513551e-04 9.22185963030333e-01 -1.69471347971316e-01
-3.14444717061732e-01 1.19135046240488e+00 9.08646756739203e-02
-4.92042536339629e-01 5.12268106581125e-01 1.98295204013276e-01
-1.03463185971880e+00 8.40727465278851e-01 1.77832693658663e-02
5.32310343082388e-01 -1.05791767481494e-01 2.13906364304096e-01
7.98267698639131e-01 1.06913905303674e+00 -1.49729271833863e-02
1.13261076217792e+00 4.92005013426941e-01 -8.97303323109378e-02
7.60048711723618e-01 1.06814366958279e+00 -4.59843785836735e-02
-3.04381776707362e-01 1.00391169858107e+00 -1.45111203534078e-01
1.81016618511759e-01 1.05295276630589e-01 2.31167868673310e-01
8.59276961843418e-01 9.49345735933333e-01 6.73445922373370e-02
6.94692384614474e-01 1.05104396979123e+00 7.83503751518157e-02
-6.89769338430266e-01 -8.61236893233355e-01 -1.32177829765443e-01
8.59446716357575e-01 -9.49105985741404e-01 6.73817587258255e-02
1.20664654753053e+00 1.86967709554741e-05 -1.00808820902916e-01
-6.07245016033695e-01 1.01032398806449e+00 1.10454529196804e-01
1.05060057946840e+00 4.47871933660133e-01 -1.21695097557764e-01
-3.85126145873845e-01 -8.59464811120284e-01 -1.66131496748238e-01
-3.14549240898560e-01 1.19112717533004e+00 -9.09432642332731e-02
1.23005550656227e+00 -1.62085826649246e-01 -8.72309801016725e-02
7.54881793949933e-01 6.89664265083630e-01 -1.50807460406579e-01
-5.32241130368537e-01 1.05989620114405e-01 2.13908640735475e-01
9.49202806567876e-01 3.85235116264314e-01 1.50409786061169e-01
-1.32070994618717e+00 -1.67342894404420e-04 3.64402384440430e-02
8.41023449238193e-01 1.01891154193809e-01 1.81074547681198e-01
1.06912733980474e+00 8.53365547385895e-02 1.39750580863564e-01
4.47506339682599e-01 6.94667500418283e-01 -1.84002271980198e-01
1.61747909592867e-01 4.97780534382138e-01 -2.15376844084492e-01
5.02013617329277e-01 -9.45313191154503e-01 1.40262876264533e-01
-1.23015812081021e+00 -1.62220222061826e-01 8.71789628975127e-02
-5.01841310780696e-01 -9.45351117982320e-01 1.40273938302935e-01
1.03450126443970e+00 -8.40893308328013e-01 1.77758006883599e-02
-7.60226762594519e-01 -1.06809427755352e+00 4.59293066927244e-02
9.22409658818630e-01 -9.67866477326284e-01 -2.41337245346006e-05
-7.55326756080750e-01 6.89717665062717e-01 1.50731679701661e-01
1.15400447277219e+00 -1.37783429499806e-01 -1.15710702887374e-01
1.32075533796923e+00 1.26731143500622e-04 3.63897910355417e-02
-9.67898542369173e-01 -4.11723600378842e-05 1.61470517817391e-01
-1.06902292040412e+00 -8.52189881833438e-02 1.39777256578271e-01
3.39378822018394e-01 -4.11625535499275e-01 -2.14616695133423e-01
3.39294320166572e-01 4.11320228220001e-01 -2.14638726998321e-01
-1.80957825438415e-01 -1.05061694096044e-01 2.31172536212942e-01
-3.39612628062749e-01 -4.11460177475442e-01 2.14615078105089e-01
8.59128641717534e-01 9.49194750771049e-01 -6.74676927814434e-02
1.06783497001008e+00 2.62285028403439e-01 -1.33153316438403e-01
6.89406219954096e-01 8.61092123074148e-01 -1.32264762800657e-01
-8.40954989164601e-01 1.01690577185309e-01 1.81087746717595e-01
-5.12217782688418e-01 -1.13284117692326e+00 -8.61015918411084e-02
-2.09005120841497e-01 -1.12632285608892e+00 1.20691790177513e-01
6.06932828311021e-01 -1.01035870108370e+00 -1.10497374286739e-01
8.28449913041707e-01 3.03968698364879e-01 -1.75834767073924e-01
3.14137192803861e-01 -1.19133063673992e+00 -9.09052302779180e-02
1.01034259510097e+00 6.31354592311381e-01 1.06225719686075e-01
1.15428952684235e+00 -1.37636893868664e-01 1.15628884919695e-01
1.05128521797586e-01 -1.32053192429655e+00 -3.16797136745302e-02
6.94531387798180e-01 1.05086120750929e+00 -7.84691536613528e-02
1.12618566242106e+00 6.89519877465477e-01 -3.66678481204623e-02
-2.81369975100306e-04 -2.08335596823276e-01 -2.31197715481484e-01
1.04841535070192e-01 1.32050899682555e+00 -3.17380938980252e-02
-9.22339966700942e-01 -9.67932896817822e-01 1.63315489030559e-05
-1.00411656289880e+00 -8.28846391358610e-01 -5.32044131097867e-02
1.05096484745404e+00 -4.47767738911760e-01 1.21610428487600e-01
-7.98706094048929e-01 1.06882842394586e+00 -1.49360494796012e-02
6.60499510475872e-01 1.15432160377395e+00 2.40584928684343e-02
4.95674610485561e-05 -2.08057362580872e-01 2.31205398840749e-01
8.28886835960459e-01 -3.03918541616150e-01 1.75774310470656e-01
5.01749811692878e-01 -9.45389466168858e-01 -1.40276048846406e-01
6.30897247558932e-01 -6.07126157802173e-01 -1.76885431715728e-01
-7.98413787823274e-01 -1.06905345042931e+00 1.49214417832000e-02
-1.19140458949554e+00 5.19103661061486e-01 5.49952711807217e-02
-1.05156288406496e-01 -1.32053372936259e+00 -3.16745832422596e-02
3.09774882514904e-01 -1.28879009101923e+00 -3.06552505727084e-02
-1.28747401815640e+00 3.60576992721199e-01 -3.95992554298941e-06
1.01020235065448e+00 -6.31140539016879e-01 -1.06305547217524e-01
6.94728151238035e-01 -1.05085041004854e+00 -7.84201908774210e-02
1.23027630643337e+00 -1.61977281542451e-01 8.71416882675173e-02
4.97968083579839e-01 -1.23017764871555e+00 -2.83876138891952e-02
-6.07086840174479e-01 -1.01039841682686e+00 -1.10460310871679e-01
1.28869291809763e+00 1.75169599550690e-01 -5.42941586622962e-02
-1.13275175427382e+00 -4.92036745126684e-01 8.96704377731178e-02
7.60245133833541e-01 -1.06807126861102e+00 -4.59363848579391e-02
1.05088912656550e+00 4.48089771733439e-01 1.21594130428758e-01
-1.22589294387355e+00 -3.39760577332665e-01 7.20416115394213e-02
1.15426695467414e+00 1.37964373096517e-01 1.15623829976351e-01
1.22602737884340e+00 -3.39552357341518e-01 7.20015760649578e-02
2.08961956632106e-01 -1.12635901999126e+00 -1.20683737605492e-01
-3.61052628853863e-01 -2.42418260153346e-04 -2.25360984189990e-01
9.67997318842130e-01 1.74364165938242e-04 1.61452367996519e-01
-7.60261255384081e-01 -1.06811418888755e+00 -4.58976084245964e-02
1.05597727498183e-01 1.22183606437075e+00 -9.32214898222543e-02
-1.06279654687411e-01 1.22179233283892e+00 -9.32153057716316e-02
8.48986160535323e-05 -9.22373694243629e-01 1.69440047043678e-01
1.22584519419738e+00 -3.39630601735745e-01 -7.20852802991701e-02
-6.94809438814943e-01 -1.05089148966541e+00 -7.83812408379228e-02
-2.09267968772924e-01 1.12641750616644e+00 1.20650754660254e-01
-1.13292716516104e+00 4.91666128595538e-01 -8.96648244972486e-02
-1.22601388704513e+00 3.39380339893777e-01 -7.20334634637164e-02
1.28737339469265e+00 3.60935920958874e-01 -6.04445208644140e-05
1.27146354802262e+00 3.55792977165044e-01 -3.68860074946613e-02
-9.16055538797782e-01 5.75207498268755e-01 -1.37572980358437e-01
-3.10562713894955e-01 5.95637998255126e-01 -2.02371244400451e-01
-5.75804483090217e-01 7.85565550076946e-01 -1.60343354010907e-01
-7.85796531266791e-01 -9.15889135136724e-01 1.00758161146311e-01
3.55387617911544e-01 -2.10488296467575e-01 -2.22607692284621e-01
-9.15816364110163e-01 -5.75556641600826e-01 1.37577029604874e-01
3.10000411186896e-01 -5.96021191565816e-01 -2.02363090190997e-01
1.27435529139193e+00 4.70726167977912e-05 -7.08122419092653e-02
-9.92019555969484e-05 -1.14158741610302e+00 -1.21837170380535e-01
1.91836425184516e-01 -9.06129377976778e-01 1.68796898340391e-01
-1.14149254588207e+00 -6.96132082029623e-01 1.53455446999004e-05
9.15993805194481e-01 -5.75434715277553e-01 1.37556456531508e-01
1.27453731025810e+00 1.45438496732902e-04 7.07117743180697e-02
2.10393349380809e-01 -1.27154616800747e+00 6.22655498423188e-02
-4.04148536779352e-01 -1.27446815241801e+00 1.14936573046812e-05
-2.10369774295216e-01 -1.27156705886715e+00 -6.22549158373337e-02
4.04179570499307e-01 -1.27445831204520e+00 -6.23674193574020e-06
-5.95907651860223e-01 -1.15599058267417e+00 -5.42923718955272e-02
-6.96215699439517e-01 -2.61985699789299e-04 -1.99819974897041e-01
1.14145764484558e+00 6.96189216648185e-01 -6.43841712368489e-05
-1.92088763150807e-01 9.05916096719417e-01 -1.68823185000347e-01
7.85795374612676e-01 9.16092739849011e-01 1.00701697455305e-01
1.91565854323271e-01 -9.06227108882754e-01 -1.68790236467307e-01
7.85580276095860e-01 9.15870056021324e-01 -1.00815138000017e-01
-2.10589207569478e-01 1.27158231839916e+00 6.22226200377074e-02
9.15582797758717e-01 5.75493395811016e-01 -1.37632768201195e-01
-5.75657591971531e-01 7.85901162937954e-01 1.60309113508631e-01
9.63950353827811e-01 1.91694071005758e-01 -1.58683157729939e-01
-5.96151465853210e-01 1.15589099624629e+00 5.42753201398485e-02
-9.06117391959292e-01 -9.64279373135772e-01 -3.35464442139596e-02
-7.86110539255440e-01 9.15583084124981e-01 -1.00768339456037e-01
-1.91876127414036e-01 9.06287600309764e-01 1.68769481531168e-01
-1.15596877347115e+00 -3.10445296362361e-01 -1.04298489178560e-01
4.03922055742035e-01 1.27453990482044e+00 -6.05221275952756e-05
-9.15900493104818e-01 -5.75676986225903e-01 -1.37544431862982e-01
-3.55917894978497e-01 -2.10555821982841e-01 -2.22579770244904e-01
-4.04458651733441e-01 1.27436974811839e+00 -4.27868669931760e-05
-3.10420591416184e-01 -5.96061471328229e-01 -2.02339713741786e-01
-1.14168807639022e+00 6.95811357465243e-01 -1.42972271038423e-05
5.95748869493042e-01 1.15613088704514e+00 5.42542048697209e-02
-1.27446148520447e+00 -1.38347490136601e-04 7.07536447127651e-02
-9.15971427884297e-01 5.75469539301684e-01 1.37556558493948e-01
1.91643470925340e-01 9.06357321347243e-01 1.68766108477195e-01
-1.27448204813509e+00 -2.36672415412873e-04 -7.07422847431310e-02
-3.55720799867092e-01 2.10429558253387e-01 2.22593085009666e-01
-3.55670136273537e-01 -2.10288379071028e-01 2.22599654698435e-01
1.91372918594861e-01 9.05985795371460e-01 -1.68836636601223e-01
-5.75606425651595e-01 -7.85976282983532e-01 -1.60303457401384e-01
3.55734079036799e-01 2.10520428672691e-01 2.22589801447729e-01
-3.53408568716721e-04 1.14139326029657e+00 -1.21892889115247e-01
5.75637349889662e-01 -7.85808458089351e-01 1.60325267209342e-01
1.27155818031994e+00 3.55855897844385e-01 3.67672455589996e-02
6.95726865412645e-01 -1.07041398842719e-04 -1.99872150095954e-01
9.64347656112799e-01 -1.91595954607683e-01 1.58612795182818e-01
9.64314395805399e-01 1.91941782442079e-01 1.58606178515236e-01
-2.44058489468832e-05 4.04331194729259e-01 2.23097384049074e-01
3.10222930292966e-01 5.96125098042101e-01 2.02343259484203e-01
6.56081895617219e-05 -4.04104013621745e-01 2.23109997745599e-01
-9.64353611638838e-01 1.91450668207958e-01 -1.58617061714572e-01
3.10346217613123e-01 -5.95847867159818e-01 2.02362488986341e-01
-2.10292382404802e-01 -1.27155138230402e+00 6.22727389004950e-02
7.52129114278271e-05 -1.14154255872530e+00 1.21850050502396e-01
-5.95858896975465e-01 -1.15597128862913e+00 5.43213523365854e-02
-9.06096547713771e-01 -9.64261710119803e-01 3.35792413918002e-02
-5.75459506810577e-01 -7.85866227602438e-01 1.60336154572077e-01
7.85962611204400e-01 -9.15826166234884e-01 1.00736001782217e-01
9.63983609498126e-01 -1.91789292181408e-01 -1.58673440276934e-01
5.75325250481132e-01 -7.85918533256097e-01 -1.60343062682992e-01
9.06208866973461e-01 -9.64195939396704e-01 3.35442139037563e-02
-1.15592738034854e+00 -3.10329273149317e-01 1.04323126769791e-01
-9.64211362966361e-01 -1.91781917519556e-01 1.58631299417122e-01
2.10292480202858e-01 -1.27156184471444e+00 -6.22661814701701e-02
-1.91665469664106e-01 -9.06145055364710e-01 1.68800270677006e-01
-7.85869880397184e-01 -9.15946554074498e-01 -1.00724628557004e-01
-3.10187072489305e-01 -5.95888163900415e-01 2.02366330358180e-01
1.15607555758281e+00 -3.10127621126974e-01 1.04291180117141e-01
-5.96200209172789e-01 1.15575931987642e+00 -5.43448021937831e-02
5.95864409635746e-01 -1.15596508298108e+00 -5.43235461567336e-02
-1.91878130013328e-01 -9.06242783304944e-01 -1.68776786813929e-01
1.27151967750829e+00 -3.55645864684536e-01 -3.68701873779452e-02
9.06038714243876e-01 9.64400547998815e-01 3.35047926923723e-02
-2.53743634875054e-04 -4.04333331018389e-01 -2.23097261015948e-01
9.05963458020710e-01 9.64324890989112e-01 -3.36336439443965e-02
1.27161431131906e+00 -3.55606400322770e-01 3.67817279235236e-02
-3.43743078873905e-04 4.03940298305920e-01 -2.23119075180763e-01
3.55344597430960e-01 2.10169069175532e-01 -2.22619039991132e-01
1.15576747824977e+00 3.10269679107934e-01 -1.04382834946615e-01
1.15602476647720e+00 3.10443668210871e-01 1.04279617197772e-01
5.75173322362604e-01 7.85764046250871e-01 -1.60382964647259e-01
-1.79010892212144e-04 1.14168713975323e+00 1.21808527916857e-01
3.09877136161064e-01 5.95735844674906e-01 -2.02394623464071e-01
-9.06376672982000e-01 9.63987131292205e-01 -3.35891588471607e-02
-7.86037212768547e-01 9.15805711445420e-01 1.00723861511630e-01
-1.15605615035064e+00 3.09956582408712e-01 -1.04313353078017e-01
2.10123830790319e-01 1.27167078446670e+00 6.22154284834173e-02
2.10022972389866e-01 1.27151334944112e+00 -6.23243797332157e-02
-2.10666591171680e-01 1.27142489418429e+00 -6.23131117173421e-02
-9.06355834722449e-01 9.64062769455756e-01 3.35398272479101e-02
-1.15601476179827e+00 3.10130506321789e-01 1.04311567623871e-01
-9.64301478767037e-01 -1.91975193517607e-01 -1.58607346031052e-01
7.85747507499079e-01 -9.15883599801929e-01 -1.00771418624241e-01
-1.27150898904111e+00 -3.55819159412705e-01 3.68302225040001e-02
9.15684057495389e-01 -5.75555093205159e-01 -1.37604214206337e-01
-1.27151978649433e+00 -3.55858606402191e-01 -3.68071117561097e-02
-6.96054204243288e-01 1.57480793022029e-05 1.99837221276920e-01
1.14157210353296e+00 -6.96001586696139e-01 -3.47355491467446e-05
-1.27161127040663e+00 3.55502397709847e-01 3.68157437673705e-02
-1.27162206435308e+00 3.55439502672298e-01 -3.68229280870415e-02
9.06133608381823e-01 -9.64213608180947e-01 -3.35909215843946e-02
-9.64263498353182e-01 1.91698302420262e-01 1.58624684785496e-01
9.15892538173391e-01 5.75755514787202e-01 1.37535981836309e-01
3.55777106188217e-01 -2.10220826048954e-01 2.22596371415737e-01
5.95642138119926e-01 1.15599918514115e+00 -5.43759839067550e-02
6.96137470386043e-01 1.70753029856065e-04 1.99828330299244e-01
5.75485407425907e-01 7.86099723029841e-01 1.60298223556219e-01
-3.10329214123959e-01 5.96027211674641e-01 2.02347101904917e-01
1.15581826467055e+00 -3.10243689116790e-01 -1.04367967949814e-01
-3.55968550983223e-01 2.10078237688204e-01 -2.22591117002999e-01
5.95971148957808e-01 -1.15594578339170e+00 5.43002433259035e-02
-4.13091752968772e-01 -1.08166896474163e+00 1.17035052138519e-01
2.84220372841585e-05 1.17028520265363e-04 2.34056672318683e-01
-4.13355439722364e-01 1.08170805441149e+00 1.16995441903592e-01
-4.13215982554028e-01 -1.08171831027901e+00 -1.17007632405559e-01
1.33701346677773e+00 1.03214100388215e-04 -5.38492188352022e-05
1.08158775225778e+00 -6.68505449338291e-01 -7.23640073236248e-02
-6.68636875426153e-01 -4.13350668275387e-01 -1.89328985452490e-01
1.08176133227839e+00 -6.68448192745957e-01 7.23006746294709e-02
-6.68742967848435e-01 4.12856096650981e-01 -1.89350571574691e-01
-1.33701349172039e+00 -1.94479197578271e-04 4.80964028645149e-06
4.13037694331478e-01 -1.08169586279683e+00 -1.17033280587486e-01
6.68249178325966e-01 -4.13244830495044e-01 -1.89378007403294e-01
-2.87986853278840e-04 1.33701344086725e+00 -5.29892802170251e-05
6.68171273066344e-01 4.13047898991851e-01 -1.89399596408619e-01
9.75962231568773e-06 -1.33701350592015e+00 3.95801224916147e-06
4.13248508533819e-01 -1.08164651078645e+00 1.17024452126716e-01
-6.68585256645362e-01 4.13189289338999e-01 1.89345366461559e-01
1.08147578245481e+00 6.68577272963507e-01 -7.23949504689440e-02
-6.68479148959186e-01 -4.13157521880974e-01 1.89358971483622e-01
6.68555644571855e-01 4.13381160391507e-01 1.89335736119652e-01
1.08164935723673e+00 6.68721118702363e-01 7.22746657552948e-02
-1.08160505838551e+00 -6.68576512587478e-01 7.23359551361645e-02
6.68633561307247e-01 -4.13051645592479e-01 1.89349342535641e-01
4.13030421028284e-01 1.08186961403280e+00 1.16984838631509e-01
-1.08163856611161e+00 -6.68633745835003e-01 -7.23043817957485e-02
-3.06594528532169e-04 -2.08297120035938e-04 -2.34056664273865e-01
4.12819626674044e-01 1.08159360581390e+00 -1.17085810583797e-01
-1.08179082077251e+00 6.68367719543797e-01 7.23099520191988e-02
-1.08182431665424e+00 6.68223922545062e-01 -7.23353181078569e-02
-4.13479648596081e-01 1.08143208093769e+00 -1.17060158376540e-01
-7.02863202019076e-01 -1.13736028917913e+00 1.51253688203974e-05
7.02915178966785e-01 -1.13732816668913e+00 -1.57095504834773e-05
7.02702683930217e-01 1.13745941435792e+00 -6.41551563485306e-05
-7.03157253064020e-01 1.13717850703870e+00 -3.33128481725636e-05
-1.13734460645280e+00 -8.67409892153626e-05 1.23047195623567e-01
-1.13739548205740e+00 -2.57743370753027e-04 -1.23032775912112e-01
1.13714243465767e+00 -4.54293655780560e-06 -1.23104446066503e-01
1.13744386328118e+00 1.66523522706419e-04 1.23019072817001e-01
-7.48521559997186e-05 7.03077564788372e-01 1.99082322065000e-01
8.16931421128584e-05 -7.02866866898258e-01 1.99105120743782e-01
-2.03299228016252e-04 -7.03018350096645e-01 -1.99088727650159e-01
-3.59824415063000e-04 7.02675559281992e-01 -1.99125803733757e-01
3 631 67 1
3 599 6 67
3 497 1 6
3 67 6 1
3 615 294 296
3 494 73 294
3 599 296 73
3 294 73 296
3 614 232 293
3 497 231 232
3 494 293 231
3 232 231 293
3 599 73 6
3 494 231 73
3 497 6 231
3 73 231 6
3 639 43 297
3 553 473 43
3 490 297 473
3 43 473 297
3 600 430 152
3 542 47 430
3 553 152 47
3 430 47 152
3 615 74 70
3 490 340 74
3 542 70 340
3 74 340 70
3 553 47 473
3 542 340 47
3 490 473 340
3 47 340 473
3 630 374 145
3 495 353 374
3 543 145 353
3 374 353 145
3 614 284 147
3 541 350 284
3 495 147 350
3 284 350 147
3 600 262 168
3 543 373 262
3 541 168 373
3 262 373 168
3 495 350 353
3 541 373 350
3 543 353 373
3 350 373 353
3 615 70 294
3 542 339 70
3 494 294 339
3 70 339 294
3 600 168 430
3 541 372 168
3 542 430 372
3 168 372 430
3 614 293 284
3 494 336 293
3 541 284 336
3 293 336 284
3 542 372 339
3 541 336 372
3 494 339 336
3 372 336 339
3 640 236 3
3 503 286 236
3 559 3 286
3 236 286 3
3 610 467 357
3 489 135 467
3 503 357 135
3 467 135 357
3 603 5 338
3 559 246 5
3 489 338 246
3 5 246 338
3 503 135 286
3 489 246 135
3 559 286 246
3 135 246 286
3 631 1 104
3 497 458 1
3 558 104 458
3 1 458 104
3 614 436 232
3 552 453 436
3 497 232 453
3 436 453 232
3 610 320 433
3 558 337 320
3 552 433 337
3 320 337 433
3 497 453 458
3 552 337 453
3 558 458 337
3 453 337 458
3 630 290 374
3 498 241 290
3 495 374 241
3 290 241 374
3 603 319 429
3 496 258 319
3 498 429 258
3 319 258 429
3 614 147 452
3 495 237 147
3 496 452 237
3 147 237 452
3 498 258 241
3 496 237 258
3 495 241 237
3 258 237 241
3 610 433 467
3 552 242 433
3 489 467 242
3 433 242 467
3 614 452 436
3 496 25 452
3 552 436 25
3 452 25 436
3 603 338 319
3 489 17 338
3 496 319 17
3 338 17 319
3 552 25 242
3 496 17 25
3 489 242 17
3 25 17 242
3 635 349 20
3 580 363 349
3 513 20 363
3 349 363 20
3 606 272 9
3 515 44 272
3 580 9 44
3 272 44 9
3 624 364 45
3 513 129 364
3 515 45 129
3 364 129 45
3 580 44 363
3 515 129 44
3 513 363 129
3 44 129 363
3 640 3 194
3 559 140 3
3 518 194 140
3 3 140 194
3 603 87 5
3 528 399 87
3 559 5 399
3 87 399 5
3 606 199 89
3 518 254 199
3 528 89 254
3 199 254 89
3 559 399 140
3 528 254 399
3 518 140 254
3 399 254 140
3 630 85 290
3 510 470 85
3 498 290 470
3 85 470 290
3 624 217 442
3 554 86 217
3 510 442 86
3 217 86 442
3 603 429 459
3 498 475 429
3 554 459 475
3 429 475 459
3 510 86 470
3 554 475 86
3 498 470 475
3 86 475 470
3 606 89 272
3 528 213 89
3 515 272 213
3 89 213 272
3 603 459 87
3 554 394 459
3 528 87 394
3 459 394 87
3 624 45 217
3 515 100 45
3 554 217 100
3 45 100 217
3 528 394 213
3 554 100 394
3 515 213 100
3 394 100 213
3 634 279 111
3 521 411 279
3 550 111 411
3 279 411 111
3 609 151 405
3 582 163 151
3 521 405 163
3 151 163 405
3 621 461 376
3 550 464 461
3 582 376 464
3 461 464 376
3 521 163 411
3 582 464 163
3 550 411 464
3 163 464 411
3 635 20 205
3 513 235 20
3 524 205 235
3 20 235 205
3 624 2 364
3 584 365 2
3 513 364 365
3 2 365 364
3 609 314 234
3 524 90 314
3 584 234 90
3 314 90 234
3 513 365 235
3 584 90 365
3 524 235 90
3 365 90 235
3 630 450 85
3 544 441 450
3 510 85 441
3 450 441 85
3 621 36 316
3 491 356 36
3 544 316 356
3 36 356 316
3 624 442 38
3 510 8 442
3 491 38 8
3 442 8 38
3 544 356 441
3 491 8 356
3 510 441 8
3 356 8 441
3 609 234 151
3 584 380 234
3 582 151 380
3 234 380 151
3 624 38 2
3 491 40 38
3 584 2 40
3 38 40 2
3 621 376 36
3 582 37 376
3 491 36 37
3 376 37 36
3 584 40 380
3 491 37 40
3 582 380 37
3 40 37 380
3 639 132 43
3 555 348 132
3 553 43 348
3 132 348 43
3 618 58 359
3 545 34 58
3 555 359 34
3 58 34 359
3 600 152 412
3 553 33 152
3 545 412 33
3 152 33 412
3 555 34 348
3 545 33 34
3 553 348 33
3 34 33 348
3 634 111 420
3 550 302 111
3 551 420 302
3 111 302 420
3 621 177 461
3 486 255 177
3 550 461 255
3 177 255 461
3 618 174 62
3 551 257 174
3 486 62 257
3 174 257 62
3 550 255 302
3 486 257 255
3 551 302 257
3 255 257 302
3 630 145 450
3 543 414 145
3 544 450 414
3 145 414 450
3 600 310 262
3 484 122 310
3 543 262 122
3 310 122 262
3 621 316 92
3 544 123 316
3 484 92 123
3 316 123 92
3 543 122 414
3 484 123 122
3 544 414 123
3 122 123 414
3 618 62 58
3 486 142 62
3 545 58 142
3 62 142 58
3 621 92 177
3 484 141 92
3 486 177 141
3 92 141 177
3 600 412 310
3 545 124 412
3 484 310 124
3 412 124 310
3 486 141 142
3 484 124 141
3 545 142 124
3 141 124 142
3 638 371 229
3 523 225 371
3 512 229 225
3 371 225 229
3 623 230 253
3 570 144 230
3 523 253 144
3 230 144 253
3 602 333 476
3 512 331 333
3 570 476 331
3 333 331 476
3 523 144 225
3 570 331 144
3 512 225 331
3 144 331 225
3 632 303 445
3 514 200 303
3 520 445 200
3 303 200 445
3 612 139 84
3 575 305 139
3 514 84 305
3 139 305 84
3 623 309 248
3 520 159 309
3 575 248 159
3 309 159 248
3 514 305 200
3 575 159 305
3 520 200 159
3 305 159 200
3 633 39 244
3 509 298 39
3 517 244 298
3 39 298 244
3 602 383 150
3 505 195 383
3 509 150 195
3 383 195 150
3 612 16 42
3 517 299 16
3 505 42 299
3 16 299 42
3 509 195 298
3 505 299 195
3 517 298 299
3 195 299 298
3 623 248 230
3 575 220 248
3 570 230 220
3 248 220 230
3 612 42 139
3 505 76 42
3 575 139 76
3 42 76 139
3 602 476 383
3 570 71 476
3 505 383 71
3 476 71 383
3 575 76 220
3 505 71 76
3 570 220 71
3 76 71 220
3 634 238 138
3 590 137 238
3 579 138 137
3 238 137 138
3 616 344 13
3 522 120 344
3 590 13 120
3 344 120 13
3 627 22 0
3 579 179 22
3 522 0 179
3 22 179 0
3 590 120 137
3 522 179 120
3 579 137 179
3 120 179 137
3 638 229 153
3 512 226 229
3 596 153 226
3 229 226 153
3 602 10 333
3 507 283 10
3 512 333 283
3 10 283 333
3 616 384 131
3 596 358 384
3 507 131 358
3 384 358 131
3 512 283 226
3 507 358 283
3 596 226 358
3 283 358 226
3 633 334 39
3 578 79 334
3 509 39 79
3 334 79 39
3 627 162 227
3 573 208 162
3 578 227 208
3 162 208 227
3 602 150 397
3 509 72 150
3 573 397 72
3 150 72 397
3 578 208 79
3 573 72 208
3 509 79 72
3 208 72 79
3 616 131 344
3 507 416 131
3 522 344 416
3 131 416 344
3 602 397 10
3 573 55 397
3 507 10 55
3 397 55 10
3 627 0 162
3 522 175 0
3 573 162 175
3 0 175 162
3 507 55 416
3 573 175 55
3 522 416 175
3 55 175 416
3 635 205 118
3 524 158 205
3 574 118 158
3 205 158 118
3 609 4 314
3 588 93 4
3 524 314 93
3 4 93 314
3 628 477 233
3 574 478 477
3 588 233 478
3 477 478 233
3 524 93 158
3 588 478 93
3 574 158 478
3 93 478 158
3 634 138 279
3 579 172 138
3 521 279 172
3 138 172 279
3 627 451 22
3 587 23 451
3 579 22 23
3 451 23 22
3 609 405 211
3 521 165 405
3 587 211 165
3 405 165 211
3 579 23 172
3 587 165 23
3 521 172 165
3 23 165 172
3 633 444 334
3 572 201 444
3 578 334 201
3 444 201 334
3 628 268 311
3 519 381 268
3 572 311 381
3 268 381 311
3 627 227 267
3 578 385 227
3 519 267 385
3 227 385 267
3 572 381 201
3 519 385 381
3 578 201 385
3 381 385 201
3 609 211 4
3 587 454 211
3 588 4 454
3 211 454 4
3 627 267 451
3 519 269 267
3 587 451 269
3 267 269 451
3 628 233 268
3 588 271 233
3 519 268 271
3 233 271 268
3 587 269 454
3 519 271 269
3 588 454 271
3 269 271 454
3 641 181 155
3 482 91 181
3 501 155 91
3 181 91 155
3 608 31 186
3 483 59 31
3 482 186 59
3 31 59 186
3 629 390 260
3 501 108 390
3 483 260 108
3 390 108 260
3 482 59 91
3 483 108 59
3 501 91 108
3 59 108 91
3 635 118 164
3 574 7 118
3 539 164 7
3 118 7 164
3 628 125 477
3 481 15 125
3 574 477 15
3 125 15 477
3 608 280 346
3 539 19 280
3 481 346 19
3 280 19 346
3 574 15 7
3 481 19 15
3 539 7 19
3 15 19 7
3 633 265 444
3 557 126 265
3 572 444 126
3 265 126 444
3 629 277 154
3 511 105 277
3 557 154 105
3 277 105 154
3 628 311 276
3 572 317 311
3 511 276 317
3 311 317 276
3 557 105 126
3 511 317 105
3 572 126 317
3 105 317 126
3 608 346 31
3 481 256 346
3 483 31 256
3 346 256 31
3 628 276 125
3 511 243 276
3 481 125 243
3 276 243 125
3 629 260 277
3 483 216 260
3 511 277 216
3 260 216 277
3 481 243 256
3 511 216 243
3 483 256 216
3 243 216 256
3 632 215 303
3 593 304 215
3 514 303 304
3 215 304 303
3 626 88 110
3 576 203 88
3 593 110 203
3 88 203 110
3 612 84 440
3 514 307 84
3 576 440 307
3 84 307 440
3 593 203 304
3 576 307 203
3 514 304 307
3 203 307 304
3 641 155 247
3 501 382 155
3 527 247 382
3 155 382 247
3 629 209 390
3 530 35 209
3 501 390 35
3 209 35 390
3 626 24 207
3 527 191 24
3 530 207 191
3 24 191 207
3 501 35 382
3 530 191 35
3 527 382 191
3 35 191 382
3 633 244 265
3 517 130 244
3 557 265 130
3 244 130 265
3 612 273 16
3 577 355 273
3 517 16 355
3 273 355 16
3 629 154 400
3 557 127 154
3 577 400 127
3 154 127 400
3 517 355 130
3 577 127 355
3 557 130 127
3 355 127 130
3 626 207 88
3 530 471 207
3 576 88 471
3 207 471 88
3 629 400 209
3 577 472 400
3 530 209 472
3 400 472 209
3 612 440 273
3 576 250 440
3 577 273 250
3 440 250 273
3 530 472 471
3 577 250 472
3 576 471 250
3 472 250 471
3 641 247 249
3 527 190 247
3 571 249 190
3 247 190 249
3 626 134 24
3 569 78 134
3 527 24 78
3 134 78 24
3 613 368 12
3 571 408 368
3 569 12 408
3 368 408 12
3 527 78 190
3 569 408 78
3 571 190 408
3 78 408 190
3 632 387 215
3 563 389 387
3 593 215 389
3 387 389 215
3 617 196 157
3 504 425 196
3 563 157 425
3 196 425 157
3 626 110 300
3 593 437 110
3 504 300 437
3 110 437 300
3 563 425 389
3 504 437 425
3 593 389 437
3 425 437 389
3 636 193 156
3 508 426 193
3 567 156 426
3 193 426 156
3 613 324 432
3 506 161 324
3 508 432 161
3 324 161 432
3 617 388 327
3 567 398 388
3 506 327 398
3 388 398 327
3 508 161 426
3 506 398 161
3 567 426 398
3 161 398 426
3 626 300 134
3 504 427 300
3 569 134 427
3 300 427 134
3 617 327 196
3 506 180 327
3 504 196 180
3 327 180 196
3 613 12 324
3 569 402 12
3 506 324 402
3 12 402 324
3 504 180 427
3 506 402 180
3 569 427 402
3 180 402 427
3 640 197 252
3 562 323 197
3 487 252 323
3 197 323 252
3 625 342 439
3 485 360 342
3 562 439 360
3 342 360 439
3 611 369 228
3 487 421 369
3 485 228 421
3 369 421 228
3 562 360 323
3 485 421 360
3 487 323 421
3 360 421 323
3 641 249 133
3 571 409 249
3 565 133 409
3 249 409 133
3 613 83 368
3 566 422 83
3 571 368 422
3 83 422 368
3 625 361 198
3 565 282 361
3 566 198 282
3 361 282 198
3 571 422 409
3 566 282 422
3 565 409 282
3 422 282 409
3 636 375 193
3 547 182 375
3 508 193 182
3 375 182 193
3 611 28 143
3 533 101 28
3 547 143 101
3 28 101 143
3 613 432 30
3 508 61 432
3 533 30 61
3 432 61 30
3 547 101 182
3 533 61 101
3 508 182 61
3 101 61 182
3 625 198 342
3 566 362 198
3 485 342 362
3 198 362 342
3 613 30 83
3 533 318 30
3 566 83 318
3 30 318 83
3 611 228 28
3 485 14 228
3 533 28 14
3 228 14 28
3 566 318 362
3 533 14 318
3 485 362 14
3 318 14 362
3 631 104 185
3 558 462 104
3 589 185 462
3 104 462 185
3 610 431 320
3 581 456 431
3 558 320 456
3 431 456 320
3 605 291 295
3 589 75 291
3 581 295 75
3 291 75 295
3 558 456 462
3 581 75 456
3 589 462 75
3 456 75 462
3 640 252 236
3 487 109 252
3 503 236 109
3 252 109 236
3 611 449 369
3 548 112 449
3 487 369 112
3 449 112 369
3 610 357 448
3 503 173 357
3 548 448 173
3 357 173 448
3 487 112 109
3 548 173 112
3 503 109 173
3 112 173 109
3 636 417 375
3 597 378 417
3 547 375 378
3 417 378 375
3 605 455 56
3 583 322 455
3 597 56 322
3 455 322 56
3 611 143 99
3 547 261 143
3 583 99 261
3 143 261 99
3 597 322 378
3 583 261 322
3 547 378 261
3 322 261 378
3 610 448 431
3 548 97 448
3 581 431 97
3 448 97 431
3 611 99 449
3 583 98 99
3 548 449 98
3 99 98 449
3 605 295 455
3 581 69 295
3 583 455 69
3 295 69 455
3 548 98 97
3 583 69 98
3 581 97 69
3 98 69 97
3 637 435 285
3 556 457 435
3 493 285 457
3 435 457 285
3 607 332 77
3 564 466 332
3 556 77 466
3 332 466 77
3 604 418 329
3 493 103 418
3 564 329 103
3 418 103 329
3 556 466 457
3 564 103 466
3 493 457 103
3 466 103 457
3 631 185 53
3 589 415 185
3 549 53 415
3 185 415 53
3 605 377 291
3 586 149 377
3 589 291 149
3 377 149 291
3 607 167 379
3 549 413 167
3 586 379 413
3 167 413 379
3 589 149 415
3 586 413 149
3 549 415 413
3 149 413 415
3 636 396 417
3 488 401 396
3 597 417 401
3 396 401 417
3 604 116 48
3 560 343 116
3 488 48 343
3 116 343 48
3 605 56 117
3 597 474 56
3 560 117 474
3 56 474 117
3 488 343 401
3 560 474 343
3 597 401 474
3 343 474 401
3 607 379 332
3 586 115 379
3 564 332 115
3 379 115 332
3 605 117 377
3 560 341 117
3 586 377 341
3 117 341 377
3 604 329 116
3 564 270 329
3 560 116 270
3 329 270 116
3 586 341 115
3 560 270 341
3 564 115 270
3 341 270 115
3 632 245 387
3 561 281 245
3 563 387 281
3 245 281 387
3 620 80 136
3 500 366 80
3 561 136 366
3 80 366 136
3 617 157 438
3 563 367 157
3 500 438 367
3 157 367 438
3 561 366 281
3 500 367 366
3 563 281 367
3 366 367 281
3 637 285 465
3 493 106 285
3 568 465 106
3 285 106 465
3 604 63 418
3 532 210 63
3 493 418 210
3 63 210 418
3 620 325 289
3 568 306 325
3 532 289 306
3 325 306 289
3 493 210 106
3 532 306 210
3 568 106 306
3 210 306 106
3 636 156 396
3 567 347 156
3 488 396 347
3 156 347 396
3 617 206 388
3 480 345 206
3 567 388 345
3 206 345 388
3 604 48 95
3 488 460 48
3 480 95 460
3 48 460 95
3 567 345 347
3 480 460 345
3 488 347 460
3 345 460 347
3 620 289 80
3 532 21 289
3 500 80 21
3 289 21 80
3 604 95 63
3 480 479 95
3 532 63 479
3 95 479 63
3 617 438 206
3 500 121 438
3 480 206 121
3 438 121 206
3 532 479 21
3 480 121 479
3 500 21 121
3 479 121 21
3 641 133 181
3 565 313 133
3 482 181 313
3 133 313 181
3 625 128 361
3 598 18 128
3 565 361 18
3 128 18 361
3 608 186 354
3 482 64 186
3 598 354 64
3 186 64 354
3 565 18 313
3 598 64 18
3 482 313 64
3 18 64 313
3 640 194 197
3 518 251 194
3 562 197 251
3 194 251 197
3 606 114 199
3 516 119 114
3 518 199 119
3 114 119 199
3 625 439 330
3 562 221 439
3 516 330 221
3 439 221 330
3 518 119 251
3 516 221 119
3 562 251 221
3 119 221 251
3 635 164 349
3 539 51 164
3 580 349 51
3 164 51 349
3 608 264 280
3 499 240 264
3 539 280 240
3 264 240 280
3 606 9 263
3 580 32 9
3 499 263 32
3 9 32 263
3 539 240 51
3 499 32 240
3 580 51 32
3 240 32 51
3 625 330 128
3 516 468 330
3 598 128 468
3 330 468 128
3 606 263 114
3 499 11 263
3 516 114 11
3 263 11 114
3 608 354 264
3 598 146 354
3 499 264 146
3 354 146 264
3 516 11 468
3 499 146 11
3 598 468 146
3 11 146 468
3 639 315 132
3 538 222 315
3 555 132 222
3 315 222 132
3 601 423 446
3 526 178 423
3 538 446 178
3 423 178 446
3 618 359 60
3 555 424 359
3 526 60 424
3 359 424 60
3 538 178 222
3 526 424 178
3 555 222 424
3 178 424 222
3 638 153 184
3 596 183 153
3 536 184 183
3 153 183 184
3 616 278 384
3 525 50 278
3 596 384 50
3 278 50 384
3 601 288 160
3 536 170 288
3 525 160 170
3 288 170 160
3 596 50 183
3 525 170 50
3 536 183 170
3 50 170 183
3 634 420 238
3 551 419 420
3 590 238 419
3 420 419 238
3 618 189 174
3 585 287 189
3 551 174 287
3 189 287 174
3 616 13 188
3 590 428 13
3 585 188 428
3 13 428 188
3 551 287 419
3 585 428 287
3 590 419 428
3 287 428 419
3 601 160 423
3 525 57 160
3 526 423 57
3 160 57 423
3 616 188 278
3 585 403 188
3 525 278 403
3 188 403 278
3 618 60 189
3 526 176 60
3 585 189 176
3 60 176 189
3 525 403 57
3 585 176 403
3 526 57 176
3 403 176 57
3 637 465 407
3 568 352 465
3 535 407 352
3 465 352 407
3 620 434 325
3 591 463 434
3 568 325 463
3 434 463 325
3 619 166 301
3 535 404 166
3 591 301 404
3 166 404 301
3 568 463 352
3 591 404 463
3 535 352 404
3 463 404 352
3 632 445 245
3 520 46 445
3 561 245 46
3 445 46 245
3 623 219 309
3 502 393 219
3 520 309 393
3 219 393 309
3 620 136 218
3 561 392 136
3 502 218 392
3 136 392 218
3 520 393 46
3 502 392 393
3 561 46 392
3 393 392 46
3 638 29 371
3 537 148 29
3 523 371 148
3 29 148 371
3 619 81 259
3 595 27 81
3 537 259 27
3 81 27 259
3 623 253 192
3 523 370 253
3 595 192 370
3 253 370 192
3 537 27 148
3 595 370 27
3 523 148 370
3 27 370 148
3 620 218 434
3 502 326 218
3 591 434 326
3 218 326 434
3 623 192 219
3 595 328 192
3 502 219 328
3 192 328 219
3 619 301 81
3 591 82 301
3 595 81 82
3 301 82 81
3 502 328 326
3 595 82 328
3 591 326 82
3 328 82 326
3 639 214 315
3 540 113 214
3 538 315 113
3 214 113 315
3 622 266 102
3 592 212 266
3 540 102 212
3 266 212 102
3 601 446 41
3 538 312 446
3 592 41 312
3 446 312 41
3 540 212 113
3 592 312 212
3 538 113 312
3 212 312 113
3 637 407 96
3 535 469 407
3 534 96 469
3 407 469 96
3 619 239 166
3 594 406 239
3 535 166 406
3 239 406 166
3 622 447 351
3 534 94 447
3 594 351 94
3 447 94 351
3 535 406 469
3 594 94 406
3 534 469 94
3 406 94 469
3 638 184 29
3 536 26 184
3 537 29 26
3 184 26 29
3 601 391 288
3 529 169 391
3 536 288 169
3 391 169 288
3 619 259 49
3 537 171 259
3 529 49 171
3 259 171 49
3 536 169 26
3 529 171 169
3 537 26 171
3 169 171 26
3 622 351 266
3 594 386 351
3 592 266 386
3 351 386 266
3 619 49 239
3 529 275 49
3 594 239 275
3 49 275 239
3 601 41 391
3 592 274 41
3 529 391 274
3 41 274 391
3 594 275 386
3 529 274 275
3 592 386 274
3 275 274 386
3 631 53 67
3 549 54 53
3 599 67 54
3 53 54 67
3 607 187 167
3 546 395 187
3 549 167 395
3 187 395 167
3 615 296 292
3 599 68 296
3 546 292 68
3 296 68 292
3 549 395 54
3 546 68 395
3 599 54 68
3 395 68 54
3 637 96 435
3 534 224 96
3 556 435 224
3 96 224 435
3 622 321 447
3 492 204 321
3 534 447 204
3 321 204 447
3 607 77 107
3 556 443 77
3 492 107 443
3 77 443 107
3 534 204 224
3 492 443 204
3 556 224 443
3 204 443 224
3 639 297 214
3 490 335 297
3 540 214 335
3 297 335 214
3 615 410 74
3 531 223 410
3 490 74 223
3 410 223 74
3 622 102 52
3 540 65 102
3 531 52 65
3 102 65 52
3 490 223 335
3 531 65 223
3 540 335 65
3 223 65 335
3 607 107 187
3 492 308 107
3 546 187 308
3 107 308 187
3 622 52 321
3 531 202 52
3 492 321 202
3 52 202 321
3 615 292 410
3 546 66 292
3 531 410 66
3 292 66 410
3 492 202 308
3 531 66 202
3 546 308 66
3 202 66 308
