OFF
642 1280 0
-9.38993968208583e-01 5.86405587774319e-01 1.53321647388310e-01
5.34838568343518e-01 -1.12145580229038e+00 -1.64951626058564e-05
-1.10703348622019e+00 -4.82688789615369e-01 -7.93465006441218e-02
-7.92939325814290e-02 -7.42094661419773e-01 -2.70020036518814e-01
-1.22717381304905e+00 1.67972985193358e-01 -2.65573352760230e-02
-2.82634436813850e-01 -9.33205034721137e-01 -2.09320394842206e-01
4.62802632553614e-01 -1.14317510525124e+00 4.09371915506760e-02
-9.92645363117327e-01 2.43475503310375e-01 -1.92038290985504e-01
-9.61258544791454e-01 -7.81526308454851e-01 -2.56646826758125e-02
-7.70245182653312e-01 -2.82743889012242e-01 -2.53618591087118e-01
-4.66570541788051e-01 8.78533262635294e-01 2.02364414272665e-01
-4.94767663003095e-01 -9.86698523169625e-02 -3.08642578199701e-01
5.86174415551442e-01 5.64026577366650e-01 -2.55287681724611e-01
-7.70207429056222e-01 2.82536420455960e-01 2.53644146394882e-01
4.94287519356062e-01 -9.85679122438635e-02 -3.08701825674829e-01
-9.76658181325349e-01 4.15914203756350e-01 -1.75508592557572e-01
-1.93701301943559e-01 1.22727142672950e+00 -6.93671303475291e-05
-9.85048219714739e-02 -1.13554670356901e+00 -1.34424512277175e-01
-1.63007076546668e-01 2.87654245156805e-01 -3.25561684072898e-01
-8.82166781265660e-01 3.57500640614582e-01 -2.17071717957945e-01
-1.07258755799597e+00 -1.28255588481105e-01 -1.66865408462048e-01
1.13548607428930e+00 4.94730122487416e-01 2.66738995540165e-02
-1.05277476857875e+00 4.57049277406009e-01 1.29365833371703e-01
-1.13929105858103e+00 3.15493639345458e-01 1.03935672243302e-01
2.82210790789933e-01 9.33024760725356e-01 -2.09421988438885e-01
-3.80587809746147e-05 -1.19637958048134e+00 -9.11306879870126e-02
1.50624975462431e-01 4.62946237397241e-01 3.10733162251143e-01
4.16173071581978e-01 6.45886408630002e-01 2.65413850879917e-01
6.40387096278008e-01 -1.94381304164853e-01 -2.84558130024360e-01
1.27989482510021e-01 6.14141894652184e-01 2.91526563156622e-01
6.40350670973735e-01 1.94186511011452e-01 -2.84574013942591e-01
-5.86736212096887e-01 5.63840617390279e-01 -2.55222664149040e-01
-7.81573939541440e-01 -9.47422861807298e-02 -2.61280146589314e-01
-3.57723204129645e-01 -7.98589879698549e-01 2.39766838471141e-01
-4.16143141416435e-01 -6.45665697420378e-01 2.65456995762341e-01
-9.48397307062353e-02 9.61116520863481e-01 -2.12476208583120e-01
-1.04661735183758e+00 -6.40729824654888e-01 5.28309002358222e-02
-1.13547318039946e+00 -4.94683496937443e-01 2.67781507417936e-02
-1.04663175596871e+00 -6.40756099185306e-01 -5.27862491857887e-02
-6.14192845244461e-01 1.07244407348509e+00 3.47542278926565e-02
-1.13547900183297e+00 -4.94699235592127e-01 -2.67383971355284e-02
1.68236468141756e-01 -9.75973092542581e-02 3.33575712556397e-01
-9.79604089057684e-02 1.22715998112396e+00 4.56461330246916e-02
-7.90582479955437e-02 -7.41977191342791e-01 2.70048995029964e-01
-8.82069785880699e-01 -3.57969095402378e-01 -2.17043795900739e-01
-9.38885185618262e-01 -5.86624787858040e-01 -1.53308912122452e-01
7.06390188242299e-01 9.92707499191158e-01 6.61728142086692e-02
-9.44373136021556e-02 -9.61298295929074e-01 2.12428684833352e-01
1.22726649942444e+00 7.06962586538012e-05 -5.26624608710786e-02
4.82595951480003e-01 2.92189750804852e-01 3.00915533697035e-01
-3.15687900104428e-01 3.82492940372924e-01 3.09666875994508e-01
-8.99536067867218e-01 -2.46794433280313e-04 -2.32974840604604e-01
5.86609994639222e-01 -5.64052637335679e-01 2.55209485027937e-01
7.42026793749522e-01 -9.93411039263256e-01 2.14834877299944e-02
7.06572728666063e-01 -9.92521578274066e-01 6.62348556394688e-02
-6.41097028779083e-01 8.00234832170853e-01 1.90734077199514e-01
1.05259090751332e+00 -4.57166506434337e-01 -1.29445752383386e-01
-3.35287790285775e-01 6.58160547371451e-05 3.25209508760651e-01
-5.86450006782759e-01 -5.64127833358835e-01 2.55224372535005e-01
-4.16477865263526e-01 6.45404810804496e-01 -2.65465085381106e-01
-4.82530311290745e-01 -2.91976882950007e-01 3.00938578487471e-01
7.81180885566292e-01 9.44364332921823e-02 -2.61375167711604e-01
-7.44559949217850e-01 -4.66432368549425e-01 2.38806935076059e-01
1.22715022572025e+00 1.68307310763579e-01 2.64813572071849e-02
-3.15912761224039e-01 3.82142263799645e-01 -3.09681922500070e-01
4.16302121020624e-01 -6.45618020591372e-01 2.65447144867245e-01
6.41055006272814e-01 -8.00199614923068e-01 1.90755430331620e-01
6.13993434073141e-01 -1.07254481139384e+00 3.47848650083669e-02
6.45748433115363e-01 -9.76504309518341e-01 1.13116697593551e-01
8.00104762421826e-01 -7.01820088865931e-01 -1.74267844080261e-01
1.94366263018053e-01 -1.04666306236815e+00 1.74148498145475e-01
-9.86481245389195e-02 1.13560545807483e+00 1.34380064405351e-01
-6.45867442441646e-01 9.76467544427904e-01 1.13089940136959e-01
3.82448850540724e-01 -1.13922922130984e+00 8.57904618011614e-02
2.82633791140472e-01 -9.33120030985453e-01 2.09348458817945e-01
7.98531088683765e-01 -8.82021551427166e-01 -9.72916080051105e-02
-2.20473696807366e-04 1.19644098955597e+00 9.10710770394297e-02
1.05279468596221e+00 -4.57087357780011e-01 1.29343912824359e-01
3.57448623442137e-01 7.98469149640577e-01 -2.39826800964333e-01
-7.06725052243483e-01 9.92432746221360e-01 6.62131251303433e-02
1.04662777128377e+00 6.40827136606854e-01 5.27283348119940e-02
5.86502523131509e-01 5.64344372339097e-01 2.55180078721681e-01
7.01793788041719e-01 6.41174272955258e-01 2.17480831862226e-01
4.82228469937407e-01 2.91865824785600e-01 -3.00982286550000e-01
1.93175730682327e-01 1.22735425172169e+00 -8.25473895559454e-05
-7.41962029933770e-01 -9.93458799667090e-01 -2.14855772329095e-02
-7.98576061961871e-01 -8.82081400544667e-01 -9.72242153236920e-02
-4.66480445838270e-01 -8.78569260257201e-01 -2.02368214020107e-01
2.91693471314468e-01 1.10701295336794e+00 -1.31255786841505e-01
-5.86592437412618e-01 -5.64266967558634e-01 -2.55177455505228e-01
-1.19763975880251e+00 -1.62902861360599e-01 -7.82367262299755e-02
-2.44059070602178e-01 7.06273760051025e-01 -2.69829035664123e-01
-8.78434861337159e-01 -7.44636260434411e-01 1.26797941652485e-01
-1.19768668651508e+00 1.62482814553223e-01 -7.82481864849076e-02
7.81565485402525e-01 -9.43620567048673e-02 2.61292182301019e-01
1.22710551657363e+00 1.68280757140658e-01 -2.66464008699396e-02
9.93534780206310e-01 -7.89844587567355e-02 2.01661913110344e-01
6.40803287166538e-01 -8.00275686310499e-01 -1.90794340568516e-01
7.01616584777427e-01 -6.40993770182340e-01 -2.17562380625825e-01
7.44387834049440e-01 -4.66469413665615e-01 -2.38841233626420e-01
-8.00260378793179e-01 -7.01904216269538e-01 -1.74189991725744e-01
7.81197870673391e-01 -9.45806881720734e-02 -2.61367562319562e-01
4.57274903190930e-01 -4.75894535963865e-01 2.86151145930496e-01
1.19771579296098e+00 -1.62606656716413e-01 7.81962400381783e-02
6.13948076703872e-01 -1.07255281997598e+00 -3.48257509119604e-02
-6.45926410020835e-01 9.76297749196484e-01 -1.13173346086343e-01
1.14325032196195e+00 1.50806283378988e-01 1.25734954068172e-01
9.38994211687325e-01 -5.86426449657733e-01 1.53315641155711e-01
-3.58084541709627e-01 7.98341669874917e-01 -2.39788059855738e-01
2.43552381776619e-01 -7.06601487022701e-01 -2.69799462675833e-01
4.75687476817053e-01 1.05267832881730e+00 -1.24362161216404e-01
-1.07254471714261e+00 -1.28119468277442e-01 1.66893480446298e-01
4.15988918537650e-01 -6.45749329306636e-01 -2.65459825293225e-01
1.50724212124653e-01 -4.62707559975976e-01 3.10755874471772e-01
-4.82717648077600e-01 -2.92191718944638e-01 -3.00900968692934e-01
1.13556537718937e+00 -4.94524707441778e-01 2.67058856077194e-02
1.22713163762139e+00 -1.68114559470861e-01 -2.66350301398519e-02
1.10701446907824e+00 -4.82531749130753e-01 -7.94366338785269e-02
-1.07262360322523e+00 1.27783510202761e-01 -1.66875049741195e-01
-3.15820983915610e-01 -3.82566501421771e-01 -3.09650133896380e-01
-8.82085461328977e-01 3.57743066403481e-01 2.17066624680482e-01
1.13544255110833e+00 4.94697949869649e-01 -2.68542809413208e-02
-6.45615364384575e-01 -9.76542497920730e-01 1.13148458806822e-01
-7.98534570270289e-01 -8.82047572708153e-01 9.72720630139485e-02
-6.40890655319949e-01 -8.00256445198732e-01 1.90778619385886e-01
-9.39046011014016e-01 5.86212567971297e-01 -1.53352633020349e-01
-7.06757096752506e-01 9.92332641753340e-01 -6.62986589378321e-02
-3.82686408315262e-01 1.13908209858938e+00 -8.58565104142367e-02
-1.68456320175741e-01 9.74900407825995e-02 -3.33569831752097e-01
-9.76543193995244e-01 -4.16364014806731e-01 -1.75477061019815e-01
-4.63042535928441e-01 1.14304443849180e+00 -4.10062825704052e-02
-5.86593802076093e-01 5.64158347264523e-01 2.55194969411948e-01
-1.27972165533577e-01 -6.13931822845577e-01 2.91559817946742e-01
-3.29261961473473e-04 5.34613894740799e-01 -3.04875063853115e-01
4.66094261126209e-01 8.78414240771666e-01 -2.02483657578432e-01
9.43819466447221e-02 -9.61355958449822e-01 -2.12411220523319e-01
9.33079267855704e-01 7.70337410855747e-01 7.67211439406414e-02
-9.92586567052282e-01 2.43676375202406e-01 1.92041921070084e-01
-1.07258076518547e+00 1.27946118652691e-01 1.66886188505128e-01
9.74723356754189e-02 1.22720182003710e+00 4.56402221371958e-02
-2.43892305850969e-01 -7.06626927494106e-01 -2.69771847978203e-01
-8.00186254001346e-01 -7.01824116853043e-01 1.74238995209737e-01
-7.01744606452991e-01 -6.40966474328219e-01 2.17537811986066e-01
7.69915091577760e-01 -2.82608868416674e-01 -2.53703757043417e-01
9.43811162184259e-02 9.61469573980206e-01 2.12373245873498e-01
-6.13917853558296e-01 -1.07257127842770e+00 3.48231137850909e-02
-4.94792259880683e-01 9.81991851534430e-02 -3.08650756272353e-01
-1.93414939136745e-01 -1.22731661513812e+00 1.18032706257786e-05
2.43693934263692e-01 7.06716594169235e-01 2.69767738474062e-01
9.61305074006638e-01 -7.81438091040484e-01 -2.57342995263695e-02
-4.76179176296620e-01 1.05268084254447e+00 1.24221464763953e-01
-1.22712076651451e+00 -1.68332237539514e-01 2.65703720997081e-02
-2.82478138906448e-01 -9.33138808353567e-01 2.09357797518853e-01
-1.28113211091718e-01 6.14100195366411e-01 2.91529038182920e-01
-4.76257018465744e-01 1.05248845925919e+00 -1.24319830048761e-01
-7.94623728716263e-02 7.41780736119333e-01 -2.70080108358733e-01
1.07237536099248e+00 1.28045229749959e-01 -1.66978084350229e-01
9.32964013289324e-01 7.70231937886102e-01 -7.69027465029647e-02
-1.14323435351229e+00 1.50398593137712e-01 -1.25781756938352e-01
3.82219072018693e-01 1.13937762334881e+00 8.57204755411635e-02
-1.68183625115014e-01 9.78088637360968e-02 3.33573102928804e-01
8.81758773789473e-01 3.57749808934173e-01 -2.17163858596359e-01
-8.78636589128717e-01 7.44499763308622e-01 1.26753881571562e-01
-1.19762575291543e+00 -1.62840724344699e-01 7.82621228116846e-02
-9.93508010425237e-01 7.88770329692279e-02 -2.01674764890757e-01
-1.19767268310042e+00 1.62560748790084e-01 7.82520634111617e-02
7.70219181176337e-01 2.82744363327965e-01 2.53624386871170e-01
9.33211321569905e-01 -7.70113112306666e-01 7.67688374873382e-02
-2.91943719044861e-01 -1.10706643373995e+00 1.31181324390037e-01
1.62721766870050e-01 2.88047932675770e-01 3.25546509461310e-01
-1.62739827440852e-01 2.88003837361146e-01 3.25548725116600e-01
3.15646388654255e-01 3.82583467158632e-01 3.09661739440855e-01
-1.14320758748655e+00 1.50522927046842e-01 1.25788742891415e-01
3.57610779427158e-01 -7.98653910061599e-01 -2.39763471420776e-01
-7.70132559317665e-01 -2.82561290864193e-01 2.53658897095503e-01
-8.00373378320679e-01 7.01744106094531e-01 1.74199295836009e-01
-4.94577839471922e-01 -9.84124321382340e-02 3.08671130489977e-01
-9.38833132099881e-01 -5.86543317350226e-01 1.53355493354835e-01
-1.62673135267203e-01 -2.87828908502577e-01 3.25562619432527e-01
-9.76602717553262e-01 4.16116561918564e-01 1.75495954688413e-01
7.99979316232611e-01 7.01784520514305e-01 -1.74320975076185e-01
-1.28358857165937e-01 6.13728191624907e-01 -2.91578935143917e-01
8.99198257534375e-01 -4.65660058159788e-05 -2.33071190151124e-01
-1.50696260080528e-01 4.62900992670482e-01 3.10735588990606e-01
-4.82718186218852e-05 5.34987959679178e-01 3.04826587139475e-01
7.41997087009505e-01 -9.93417024281775e-01 -2.15387822815478e-02
-4.57429230032103e-01 4.75701238643739e-01 -2.86156669024275e-01
8.78588275018350e-01 -7.44550193225566e-01 1.26756739795738e-01
-6.40696794870808e-01 1.94311986806749e-01 2.84510111703915e-01
-6.40646693713445e-01 -1.94282709545412e-01 2.84519925397872e-01
2.43404486810507e-01 7.06356842647374e-01 -2.69856654551203e-01
9.41728597848049e-02 9.61152764097569e-01 -2.12486011468671e-01
4.66339395630322e-01 8.78705746769246e-01 2.02348446452910e-01
9.93211215338617e-01 7.91113450077521e-02 -2.01775978854788e-01
-1.28217824756169e-01 -6.14081770789764e-01 -2.91528507557927e-01
-3.82627700115910e-01 1.13921952186485e+00 8.57410370450709e-02
8.78272397074750e-01 7.44632850557844e-01 -1.26882552544570e-01
-2.10167025931966e-04 -5.34955867384448e-01 -3.04830743784991e-01
1.67873331447876e-01 9.75302353560874e-02 -3.33590680150101e-01
-4.57311299192767e-01 -4.76131521461222e-01 -2.86117716066280e-01
4.62577105891613e-01 1.14330174639133e+00 4.08641461938829e-02
-8.57357123298678e-01 8.99252000295666e-01 -3.59125448484374e-05
7.01911830005604e-01 -6.40885524158181e-01 2.17515569313662e-01
3.82119609085896e-01 1.13924018098210e+00 -8.58880596076480e-02
8.82140040494629e-01 -3.57679353031407e-01 2.17057993733257e-01
-1.12149766800604e+00 -2.32299168046290e-04 -1.45361589187989e-01
1.10693634323814e+00 4.82635154139973e-01 -7.94706549703595e-02
1.93962808726688e-01 1.04656858608180e+00 -1.74223675702268e-01
-7.98769654971997e-01 8.81914712069777e-01 9.72184401242605e-02
-1.94608609865166e-01 1.04649128484775e+00 -1.74204770824752e-01
1.19769025674785e+00 1.62860036208300e-01 7.81861770542947e-02
-1.22716954762151e+00 1.67999524475982e-01 2.65594947863289e-02
3.15724927698200e-01 -3.82312743054594e-01 3.09680528922394e-01
-7.01850432611950e-01 -6.41074694389423e-01 -2.17489015856992e-01
1.28121904877438e-01 -6.13916493541218e-01 2.91557343726289e-01
6.13745378240181e-01 1.07263672092923e+00 -3.48987352247056e-02
-6.41197020050076e-01 7.99969391839453e-01 -1.90791509596589e-01
-8.78482659015989e-01 -7.44691171405660e-01 -1.26749634775960e-01
8.78458372165452e-01 7.44804938652272e-01 1.26712673062357e-01
5.64034902661985e-01 9.39090874660492e-01 1.59360505014471e-01
9.82622735597488e-02 1.13564610341552e+00 1.34375572500817e-01
-1.62940401348446e-01 -2.88062131525456e-01 -3.25537500462674e-01
-1.50589366721483e-01 -4.62729415982631e-01 3.10758300351277e-01
3.57884990479162e-01 -7.98558048237609e-01 2.39756832192066e-01
9.92656815720282e-01 -2.43626479664311e-01 1.92019767374740e-01
-1.11993184894463e-04 8.57320239494575e-01 2.44453733112568e-01
-2.43851132578814e-01 7.06633478793187e-01 2.69773330252254e-01
-9.33292688978709e-01 7.70009254924251e-01 7.67727262183776e-02
4.82285752644586e-01 -2.92107901779858e-01 -3.00958150666742e-01
-7.92267131190644e-02 7.42146717610994e-01 2.70010922579761e-01
1.94144325112163e-01 1.04683755727444e+00 1.74089280745354e-01
2.87917112244468e-01 -1.19764352354710e+00 4.42250369455333e-02
1.93436000390237e-01 -1.22731329663141e+00 -1.37398262890113e-06
-1.10717026393331e+00 4.82299232269624e-01 -7.93805141822209e-02
-1.22712503309755e+00 -1.68353237595936e-01 -2.65459693352248e-02
-1.14319135840949e+00 -1.50849265472720e-01 -1.25770753619446e-01
7.89528345648519e-02 -7.42086844919911e-01 -2.70029009289580e-01
-2.87887126471842e-01 -1.19765663334608e+00 -4.42132260746232e-02
-9.93446384432492e-01 7.90674014391453e-02 2.01691687861483e-01
6.40726042765173e-01 1.94475508961876e-01 2.84496988689053e-01
-7.81599040476859e-01 9.42501086579259e-02 -2.61287751258344e-01
-4.62758907953839e-01 -1.14319720432334e+00 -4.09281141660406e-02
9.83768663371031e-02 -1.13554349967095e+00 -1.34433435780791e-01
-8.00447480955003e-01 7.01512326529425e-01 -1.74243112596564e-01
-5.35082110404942e-01 1.12133960497464e+00 -5.42304895190513e-05
7.41846020662306e-01 9.93564898280303e-01 2.14189524740924e-02
-9.46206852841703e-02 -9.61361793533442e-01 -2.12401420499200e-01
7.87908107318504e-02 7.41808151431586e-01 -2.70089082557861e-01
2.91838146295239e-01 1.10722046928924e+00 1.31102597149927e-01
1.27697630561645e-01 6.13769874000677e-01 -2.91593905064210e-01
-3.04478301461419e-04 1.19629176212425e+00 -9.12157976463981e-02
-1.50846829189517e-01 -4.62918324171419e-01 -3.10728282734834e-01
1.27830037988824e-01 -6.14066447570887e-01 -2.91543475610691e-01
2.82440441351721e-01 9.33333348852992e-01 2.09297468995064e-01
-4.16319351003051e-01 -6.45796987234905e-01 -2.65412977755893e-01
-9.76487715126887e-01 -4.16252212366780e-01 1.75519468304000e-01
-7.02017848138426e-01 6.40661481438654e-01 -2.17539055356813e-01
-8.81988460057933e-01 -3.57822943820652e-01 2.17086020403131e-01
-3.82408794328628e-01 -1.13925760114811e+00 -8.57758072394565e-02
4.57180842283357e-01 4.76180131104010e-01 2.86127143613671e-01
-4.66698555348027e-01 8.78241800710878e-01 -2.02436072114253e-01
8.81821110065686e-01 -3.57825551909545e-01 -2.17135932667260e-01
-4.75917238266581e-01 -1.05269955785802e+00 1.24283903489109e-01
-6.40795873824306e-01 -1.94503078296205e-01 -2.84483974208407e-01
-6.40845971485191e-01 1.94023049240276e-01 -2.84499856417655e-01
-6.14211658777037e-01 1.07238977262689e+00 -3.48533295588123e-02
4.82653241879880e-01 -2.91893035682357e-01 3.00930022019452e-01
-1.04679682827160e+00 6.40481767599655e-01 5.27903903815249e-02
-1.04681122441745e+00 6.40413508853183e-01 -5.28304718852847e-02
-1.13561414546422e+00 4.94383234689603e-01 2.67461713898876e-02
1.19638639143365e+00 -3.35223745431104e-01 -6.50421278923297e-05
-1.13561996490738e+00 4.94351071301179e-01 -2.67718297859850e-02
-7.44669779261135e-01 -4.66577034088776e-01 -2.38760743899125e-01
-9.79997750457923e-02 1.22708425647407e+00 -4.57900863416552e-02
3.35347906910741e-01 1.40482459459507e-04 3.25204926776953e-01
4.94647513902391e-01 9.86126171790364e-02 3.08658159610266e-01
-8.78684370100493e-01 7.44327724256124e-01 -1.26804055342510e-01
-5.64393408745123e-01 9.38640992581659e-01 -1.59462529937701e-01
-4.82603085091675e-01 2.92058673965620e-01 3.00924090748440e-01
-1.12146477948884e+00 -1.02186857080632e-04 1.45380348258538e-01
-7.70320047519460e-01 2.82264962310991e-01 -2.53641208129171e-01
8.57021311075086e-01 8.99571990640125e-01 -9.43137186132489e-05
1.62388833518548e-01 2.87698318969805e-01 -3.25581635676009e-01
-3.57916734873507e-01 7.98675030630491e-01 2.39724535676165e-01
-9.76805385138664e-02 -1.22714295131721e+00 4.57242140339432e-02
1.12155087098577e+00 1.47539049420359e-04 1.45331262872430e-01
-1.46486339645212e-04 -8.57234750857057e-01 -2.44475883616286e-01
-7.81459767398057e-01 -9.45237165367516e-02 2.61311228440601e-01
2.98492448089169e-06 1.93559975412846e-01 3.33615946009852e-01
1.10706403385724e+00 4.82729985662337e-01 7.92964732555717e-02
-6.13936667128996e-01 -1.07257928606606e+00 -3.47803542782543e-02
9.33096060692535e-01 -7.70145166386159e-01 -7.68485607800212e-02
5.64214912390652e-01 -9.38858949896643e-01 1.59414386136559e-01
9.77390285518877e-02 -1.22714127375172e+00 4.57183047270038e-02
2.92066940247932e-01 -1.10705554464109e+00 1.31167846455789e-01
8.78402292883470e-01 -7.44605123126243e-01 -1.26828121285710e-01
4.76045652730434e-01 -1.05267747716243e+00 1.24261380951504e-01
7.92150128701297e-02 -7.41969377020535e-01 2.70047186965061e-01
-4.63016571718001e-01 1.14311011754355e+00 4.08925036079230e-02
-2.88139925924141e-01 1.19761931474434e+00 4.41662127543780e-02
5.63832142400157e-01 9.38855278451430e-01 -1.59516021532410e-01
7.44633499103078e-01 4.66631423846077e-01 2.38761250700663e-01
-9.92519007979177e-01 -2.43807030057009e-01 1.92055468287672e-01
5.34621764797199e-01 1.12155912537152e+00 -9.06715992826152e-05
4.62527579655129e-01 1.14323605616087e+00 -4.10409884883527e-02
2.87669338988339e-01 1.19774116040351e+00 4.41487294039231e-02
1.13927541698091e+00 3.15807493306647e-01 1.03877893889589e-01
2.87620658404790e-01 1.19766870512767e+00 -4.43170887900311e-02
8.00351877472800e-01 -7.01739975120889e-01 1.74207824763673e-01
4.75838732942493e-01 1.05287074533357e+00 1.24198935563756e-01
-5.64064087322789e-01 -9.38895868809103e-01 1.59437757007474e-01
-9.33319037507639e-01 7.69903812883503e-01 -7.68271777664237e-02
1.62783307232522e-01 -2.87800533870674e-01 3.25560403901248e-01
-1.50953705293920e-01 4.62533584283926e-01 -3.10766780873929e-01
-1.22732126907016e+00 -2.02564804733991e-04 -5.25680352547788e-02
7.08407059199375e-05 -5.34784177716011e-01 3.04853007976015e-01
-9.33081735787228e-01 -7.70200528632227e-01 7.68204097635852e-02
-7.98811134335214e-01 8.81774438683509e-01 -9.72872513765963e-02
4.94268263000065e-01 9.83174364511900e-02 -3.08710005922531e-01
-2.92040869907961e-01 -1.10709377137253e+00 -1.31148293840198e-01
4.75894390603827e-01 -1.05270756559889e+00 -1.24285356275702e-01
7.44718298659784e-01 -4.66324714777354e-01 2.38785984574691e-01
9.76375247775595e-01 -4.16214625954760e-01 -1.75572278283939e-01
1.50408751137716e-01 -4.62896481021085e-01 -3.10746378495855e-01
7.44303041566956e-01 4.66348550430371e-01 -2.38878197104908e-01
1.05271930257616e+00 4.57364250074807e-01 1.29316921551060e-01
8.00226427783497e-01 7.02016365295474e-01 1.74168120547326e-01
9.38663147326186e-01 5.86513780430824e-01 -1.53440704692122e-01
6.40904948685580e-01 8.00463471409449e-01 1.90710882583999e-01
1.22717634698986e+00 -1.68093554233557e-01 2.64922341476550e-02
-1.68433662673929e-01 -9.79103539526012e-02 -3.33561580502646e-01
-9.46563874812438e-02 9.61433320308161e-01 2.12376320838642e-01
1.10714216242802e+00 -4.82484450295615e-01 7.93262873282687e-02
-2.82700422628486e-01 9.33226281547790e-01 2.09306810670194e-01
-7.42213752344620e-01 9.93276232640435e-01 2.14668464068310e-02
2.43841836485258e-01 -7.06478200156826e-01 2.69804000178107e-01
4.59543362353201e-05 -1.19636563365152e+00 9.11442159685833e-02
3.82349381074347e-01 -1.13924539931255e+00 -8.58073472969382e-02
-1.94364374484479e-01 -1.04671509872070e+00 -1.74125542304265e-01
9.85090130210397e-02 -1.13551785486302e+00 1.34442291268706e-01
9.45902115672931e-02 -9.61292461634279e-01 2.12425609014941e-01
1.13552185076485e+00 -4.94540458192701e-01 -2.68208422788744e-02
1.67894183433137e-01 -9.78756711034401e-02 -3.33582428825942e-01
1.19758549902646e+00 -1.62668821682960e-01 -7.83340216966767e-02
-7.44682894598499e-01 4.66407448554759e-01 2.38782203460529e-01
1.13910612125170e+00 3.15694073862926e-01 -1.04040429137095e-01
-7.44792704604793e-01 4.66124644253063e-01 -2.38797701097252e-01
1.14304514069564e+00 1.50681898724355e-01 -1.25883726881665e-01
-2.43684351537397e-01 -7.06503647314323e-01 2.69809590082601e-01
-9.93486068383835e-01 -7.93631887347353e-02 -2.01668658763139e-01
-2.87854266989209e-01 -1.19764989383718e+00 4.42425150492897e-02
6.40762474551553e-01 -1.94160889696990e-01 2.84506804368261e-01
9.92615820421438e-01 2.43937870443311e-01 1.92006214486664e-01
-4.62732935868854e-01 -1.14318957537724e+00 4.09655408748891e-02
-4.82790409780803e-01 2.91734796387010e-01 -3.00925101869196e-01
-2.88172781633049e-01 1.19754686721048e+00 -4.42953405679052e-02
-9.61250174761017e-01 -7.81515772377271e-01 2.57115118184711e-02
2.82404111719061e-01 -9.33186262181550e-01 -2.09349547678880e-01
-4.16301688977959e-01 6.45748714558259e-01 2.65423703324998e-01
-4.57128637679472e-01 -4.75959888734925e-01 2.86160382468405e-01
1.62450364237514e-01 -2.88033766055674e-01 -3.25557451165812e-01
-3.04542387411384e-04 1.93221265711731e-01 -3.33630443600184e-01
3.34980483472298e-01 -1.50639219127137e-04 -3.25232906281385e-01
-9.92577803200711e-01 -2.43949922926524e-01 -1.92019604807578e-01
-1.05268133296684e+00 -4.57320323403964e-01 -1.29351235440767e-01
-1.13922340453423e+00 -3.15806288546367e-01 -1.03920306061688e-01
9.61211287139711e-01 7.81613327779666e-01 2.55995722244658e-02
9.61172288079873e-01 7.81577864870437e-01 -2.57870912079454e-02
4.56835939592505e-01 4.75839456503967e-01 -2.86209716377457e-01
4.56929984997132e-01 -4.76066195263847e-01 -2.86170759249304e-01
3.57722812768399e-01 7.98802553058706e-01 2.39714527660966e-01
7.90529676162946e-02 7.42174145981248e-01 2.70009114743160e-01
-9.83891129285080e-02 -1.13552105708351e+00 1.34446780398014e-01
-3.82350077742702e-01 -1.13924142656325e+00 8.58110152796848e-02
-5.34799434457161e-01 -1.12147446421556e+00 1.99337273083301e-05
9.93224512285738e-01 -7.91551837675606e-02 -2.01769871935853e-01
-1.10701481905827e+00 -4.82641509205965e-01 7.93869865173205e-02
1.04665063821588e+00 -6.40635363429624e-01 -5.28668067336095e-02
9.92361495038623e-01 -2.43769424750274e-01 -1.92119128698321e-01
1.04673362272793e+00 -6.40609075722763e-01 5.27688508913274e-02
-1.19633057642797e+00 -3.35422960750618e-01 1.64577254180137e-05
-9.61473795929571e-01 7.81237990732322e-01 -2.57174637006776e-02
-3.37361949460977e-04 8.56971409866706e-01 -2.44544080200495e-01
-2.92208018022789e-01 1.10710130748203e+00 1.31116078330575e-01
-4.57246589067298e-01 4.76041860455139e-01 2.86136381483222e-01
-9.61465430033954e-01 7.81273441710347e-01 2.56609350317405e-02
4.94666762980146e-01 -9.83104533851208e-02 3.08663002530853e-01
7.41816317509189e-01 9.93532365873052e-01 -2.16056622538338e-02
1.05251552355486e+00 4.57211719675790e-01 -1.29479241439545e-01
7.06300076302222e-01 9.92607373305300e-01 -6.63546239464569e-02
-2.82856702205150e-01 9.32917717471701e-01 -2.09392833772906e-01
1.68215601835422e-01 9.78490730545342e-02 3.33571040139432e-01
7.98511166920367e-01 8.82210515436975e-01 9.71770246846944e-02
6.45565575852457e-01 9.76716919073579e-01 1.13058169739156e-01
-6.40990674478491e-01 -8.00332497144216e-01 -1.90730210090492e-01
7.98668916844092e-01 -8.81987719744750e-01 9.72306552532271e-02
1.12131569390849e+00 1.73745847453769e-05 -1.45465299467451e-01
-5.64302253978040e-01 9.38876546796123e-01 1.59383881521867e-01
9.76304884142117e-01 4.16199614627866e-01 -1.75603817715605e-01
-3.57891043061977e-01 -7.98685731993022e-01 -2.39724735484525e-01
-2.92305150210224e-01 1.10689381067879e+00 -1.31229480195794e-01
1.14306923324781e+00 -1.50623545522831e-01 -1.25872721550322e-01
7.01498549292821e-01 6.40893031641129e-01 -2.17612429085898e-01
-4.94602444806430e-01 9.84943144029298e-02 3.08666287380029e-01
8.82077693658357e-01 3.57992307354536e-01 2.17038592220954e-01
-1.22731283058119e+00 -1.55508847345374e-04 5.25826028957622e-02
7.81548494466628e-01 9.46856811564181e-02 2.61287286851074e-01
9.93521480969858e-01 7.93017792064255e-02 2.01657552523566e-01
4.15859874489840e-01 6.45542451400830e-01 -2.65511939893313e-01
1.50309525067269e-01 4.62578811058775e-01 -3.10784878173284e-01
4.66512541571623e-01 -8.78463141563371e-01 2.02396785491973e-01
-1.14316459088744e+00 -1.50748436847158e-01 1.25797661668530e-01
-4.66352420086601e-01 -8.78498386306199e-01 2.02412747812676e-01
9.61344070107711e-01 -7.81427556777539e-01 2.56501578656119e-02
-7.06465535886277e-01 -9.92561474149758e-01 6.62751562070527e-02
8.57179286480278e-01 -8.99421518965091e-01 -3.48245266162924e-05
-7.01912044878170e-01 6.40942655314877e-01 2.17503078903682e-01
1.07239632749815e+00 -1.28039749647366e-01 -1.66968444788290e-01
1.22735501237643e+00 1.17769052093212e-04 5.25098082006227e-02
-8.99451316452923e-01 -3.82607595904653e-05 2.32999027457048e-01
-9.93424445833179e-01 -7.91925266471358e-02 2.01696045095879e-01
3.15378848999503e-01 -3.82516465914097e-01 -3.09687997029186e-01
3.15300322895230e-01 3.82232749158420e-01 -3.09719788610483e-01
-1.68160966452784e-01 -9.76320088592696e-02 3.33577775314433e-01
-3.15596120898555e-01 -3.82362801572524e-01 3.09685663686640e-01
7.98373335601646e-01 8.82070207546183e-01 -9.73546565362790e-02
9.92320504150215e-01 2.43736924642857e-01 -1.92137819660147e-01
6.40653234780917e-01 8.00197964747914e-01 -1.90855652882976e-01
-7.81484875708441e-01 9.44992884236594e-02 2.61306332821109e-01
-4.75995095335075e-01 -1.05272964397860e+00 -1.24243034782175e-01
-1.94224831278426e-01 -1.04667228156006e+00 1.74156063370114e-01
5.64012143345729e-01 -9.38908805002397e-01 -1.59445706209253e-01
7.69864125507134e-01 2.82472835670921e-01 -2.53726378506407e-01
2.91922241067379e-01 -1.10708288383569e+00 -1.31174597888313e-01
9.38893837992176e-01 5.86706864764007e-01 1.53281786126252e-01
1.07266122329811e+00 -1.27903576628637e-01 1.66850382945450e-01
9.76941106824421e-02 -1.22714739792801e+00 -4.57132520292710e-02
6.45415964305356e-01 9.76547081257020e-01 -1.13229564973276e-01
1.04654478986567e+00 6.40758854733589e-01 -5.29110395290395e-02
-2.61472234367481e-04 -1.93602654228637e-01 -3.33614108542081e-01
9.74274188976530e-02 1.22712609182714e+00 -4.57974936325118e-02
-8.57114522804896e-01 -8.99483241445792e-01 2.35661287442122e-05
-9.33108094326516e-01 -7.70232565925704e-01 -7.67730027658843e-02
9.76643392058886e-01 -4.16102788256620e-01 1.75481641783612e-01
-7.42223710754668e-01 9.93243703650219e-01 -2.15524483963883e-02
6.13790731371346e-01 1.07269103183392e+00 3.47159686870328e-02
4.60621812532370e-05 -1.93344095976240e-01 3.33625195490092e-01
7.70270150392240e-01 -2.82426225874854e-01 2.53639140724828e-01
4.66267391572362e-01 -8.78534022610372e-01 -2.02415793288610e-01
5.86281862223291e-01 -5.64191801086405e-01 -2.55242468521060e-01
-7.41952075652470e-01 -9.93452816855698e-01 2.15313697555264e-02
-1.10715160684795e+00 4.82394022594983e-01 7.93571784685556e-02
-9.77199137101814e-02 -1.22714907534455e+00 -4.57058489085921e-02
2.87868421828666e-01 -1.19765026317871e+00 -4.42349703614060e-02
-1.19642725950921e+00 3.35077941115462e-01 -5.71410070885078e-06
9.38763511262157e-01 -5.86507948752563e-01 -1.53396975805727e-01
6.45598813154962e-01 -9.76537047364147e-01 -1.13158912564453e-01
1.14327441873579e+00 -1.50522676439009e-01 1.25743875053765e-01
4.62753097273070e-01 -1.14318273783093e+00 -4.09628117715511e-02
-5.64155263897391e-01 -9.38945712153205e-01 -1.59392224373807e-01
1.19755996206921e+00 1.62782068596508e-01 -7.83454858255937e-02
-1.05264654506251e+00 -4.57241207393622e-01 1.29392814708209e-01
7.06482607959846e-01 -9.92540092338836e-01 -6.62853698710298e-02
9.76573025951390e-01 4.16402047768564e-01 1.75458123980418e-01
-1.13920103598715e+00 -3.15733607587262e-01 1.03954738313942e-01
1.07264024737396e+00 1.28207897391309e-01 1.66843088753923e-01
1.13932596407136e+00 -3.15540112363381e-01 1.03896967850703e-01
1.94184719527802e-01 -1.04670588804683e+00 -1.74144443654795e-01
-3.35519941518345e-01 -2.25275081718212e-04 -3.25191811191278e-01
8.99543107714865e-01 1.62033593119669e-04 2.32972837594844e-01
-7.06497589436955e-01 -9.92579977406889e-01 -6.62294161812838e-02
9.81301353964133e-02 1.13543104827691e+00 -1.34516918384112e-01
-9.87638384977470e-02 1.13539040932340e+00 -1.34507994911268e-01
7.88948103873216e-05 -8.57145865224935e-01 2.44498913529845e-01
1.13915666304184e+00 -3.15612823520917e-01 -1.04017751541925e-01
-6.45674352289345e-01 -9.76575221939125e-01 -1.13102708364175e-01
-1.94469091299078e-01 1.04676023823433e+00 1.74096849863266e-01
-1.05280955135555e+00 4.56896799883696e-01 -1.29384714852978e-01
-1.13931342637739e+00 3.15380259534753e-01 -1.03942980788540e-01
1.19633375187078e+00 3.35411486897128e-01 -8.72203468898449e-05
1.18154900749365e+00 3.30632238491111e-01 -5.32258395476813e-02
-8.51274513027823e-01 5.34530344766331e-01 -1.98515314505488e-01
-2.88600539856445e-01 5.53516053809299e-01 -2.92018033805421e-01
-5.35085112399572e-01 7.30012431310463e-01 -2.31372550535778e-01
-7.30227078121247e-01 -8.51119876993724e-01 1.45392198357850e-01
3.30255545172301e-01 -1.95603120645555e-01 -3.21218860928110e-01
-8.51052252141764e-01 -5.34854797605050e-01 1.98521157494627e-01
2.88078001709244e-01 -5.53872148702171e-01 -2.92006267429131e-01
1.18423625441728e+00 4.37437657918368e-05 -1.02180780243556e-01
-9.21866555744298e-05 -1.06085737224751e+00 -1.75808826221066e-01
1.78270260386468e-01 -8.42050304056579e-01 2.43570861620420e-01
-1.06076921099775e+00 -6.46903461672782e-01 2.21433425693167e-05
8.51217145061731e-01 -5.34741493589000e-01 1.98491470923041e-01
1.18440540139047e+00 1.35153470764757e-04 1.02035807332365e-01
1.95514887965736e-01 -1.18162578481161e+00 8.98480586638466e-02
-3.75568220775418e-01 -1.18434113420999e+00 1.65851389474326e-05
-1.95492980047867e-01 -1.18164519832493e+00 -8.98327139875987e-02
3.75597059872747e-01 -1.18433198972233e+00 -8.99950545257707e-06
-5.53766638224372e-01 -1.07424198495888e+00 -7.83429075535654e-02
-6.46981165880523e-01 -2.43458763756922e-04 -2.88336598202746e-01
1.06073677807029e+00 6.46956555882176e-01 -9.29051908954622e-05
-1.78504753678933e-01 8.41852105485850e-01 -2.43608792793787e-01
7.30226003262654e-01 8.51309083319063e-01 1.45310722276218e-01
1.78018823581175e-01 -8.42141123691272e-01 -2.43561248658434e-01
7.30026115944253e-01 8.51102147102922e-01 -1.45474414923949e-01
-1.95696895581127e-01 1.18165937874318e+00 8.97861117347193e-02
8.50835202985173e-01 5.34796024390281e-01 -1.98601587277785e-01
-5.34948609032438e-01 7.30324310517258e-01 2.31323142112259e-01
8.95782333366700e-01 1.78137973118866e-01 -2.28976917425275e-01
-5.53993210336389e-01 1.07414944101988e+00 7.83183021795116e-02
-8.42039165658559e-01 -8.96088085299087e-01 -4.84069103273344e-02
-7.30518880295136e-01 8.50835469100372e-01 -1.45406885474109e-01
-1.78307154979284e-01 8.42197337324495e-01 2.43531299662168e-01
-1.07422171804503e+00 -2.88491425781319e-01 -1.50500827471964e-01
3.75357755878273e-01 1.18440781247223e+00 -8.73323319943660e-05
-8.51130431756344e-01 -5.34966631776417e-01 -1.98474119544536e-01
-3.30748322447064e-01 -1.95665870934910e-01 -3.21178569931422e-01
-3.75856405219858e-01 1.18424968880227e+00 -6.17406727376602e-05
-2.88468467903619e-01 -5.53909579986280e-01 -2.91972535637066e-01
-1.06095091410533e+00 6.46605417901641e-01 -2.06306392990895e-05
5.53619084526399e-01 1.07437236737568e+00 7.82878332278372e-02
-1.18433493848416e+00 -1.28563921407231e-04 1.02096225552206e-01
-8.51196350215760e-01 5.34773854950215e-01 1.98491618052993e-01
1.78090951342355e-01 8.42262127874537e-01 2.43526432406486e-01
-1.18435404725869e+00 -2.19935567926506e-04 -1.02079833322141e-01
-3.30565165380843e-01 1.95548536242577e-01 3.21197782895387e-01
-3.30518084582676e-01 -1.95417340878735e-01 3.21207262837080e-01
1.77839531757382e-01 8.41916875233495e-01 -2.43628203209782e-01
-5.34901061059371e-01 -7.30394118271821e-01 -2.31314980452128e-01
3.30577505482777e-01 1.95632980546078e-01 3.21193044775090e-01
-3.28416449104182e-04 1.06067694662637e+00 -1.75889227344284e-01
5.34929798417081e-01 -7.30238161510449e-01 2.31346451609291e-01
1.18163694764511e+00 3.30690709586364e-01 5.30544682293619e-02
6.46526900903616e-01 -9.94717141203462e-05 -2.88411886068099e-01
8.96151539484510e-01 -1.78046795253055e-01 2.28875385546452e-01
8.96120631258113e-01 1.78368167057327e-01 2.28865837815185e-01
-2.26799318353064e-05 3.75737961638032e-01 3.21925477259151e-01
2.88284784852444e-01 5.53968707187168e-01 2.91977652079038e-01
6.09685518555887e-05 -3.75526846177804e-01 3.21943678594371e-01
-8.96157073851493e-01 1.77911783123401e-01 -2.28881542074360e-01
2.88399353619276e-01 -5.53711081339917e-01 2.92005399901720e-01
-1.95421061107329e-01 -1.18163063036690e+00 8.98584323443552e-02
6.98940531849806e-05 -1.06081568706494e+00 1.75827412003213e-01
-5.53721331156164e-01 -1.07422405533769e+00 7.83847258041855e-02
-8.42019795462972e-01 -8.96071671364908e-01 4.84542360598799e-02
-5.34764531930354e-01 -7.30291845716306e-01 2.31362161876175e-01
7.30381413324763e-01 -8.51061361086140e-01 1.45360222797527e-01
8.95813237283934e-01 -1.78226460504727e-01 -2.28962895316904e-01
5.34639769853571e-01 -7.30340452452428e-01 -2.31372130154883e-01
8.42124171801575e-01 -8.96010551773458e-01 4.84036920301783e-02
-1.07418325213462e+00 -2.88383607423151e-01 1.50536379069082e-01
-8.96024884629047e-01 -1.78219607359463e-01 2.28902086820807e-01
1.95421151989365e-01 -1.18164035290331e+00 -8.98489700913756e-02
-1.78111394388477e-01 -8.42064872781085e-01 2.43575727840968e-01
-7.30295240195065e-01 -8.51173235416027e-01 -1.45343811439902e-01
-2.88251462817854e-01 -5.53748528401559e-01 2.92010942931585e-01
1.07432095066664e+00 -2.88196215698686e-01 1.50490280628955e-01
-5.54038506657278e-01 1.07402707645475e+00 -7.84185635226429e-02
5.53726453975684e-01 -1.07421828853666e+00 -7.83878914468542e-02
-1.78309015960049e-01 -8.42155689659766e-01 -2.43541841052642e-01
1.18160116765049e+00 -3.30495529416278e-01 -5.32030114063034e-02
8.41966051823164e-01 8.96200690996186e-01 4.83468079374175e-02
-2.35799555882445e-04 -3.75739946854443e-01 -3.21925299724583e-01
8.41896117521132e-01 8.96130384250182e-01 -4.85327379561855e-02
1.18168910920836e+00 -3.30458855869837e-01 5.30753660185990e-02
-3.19434477148730e-04 3.75374708376272e-01 -3.21956777168610e-01
3.30215566986363e-01 1.95306468263608e-01 -3.21235235462710e-01
1.07403465788951e+00 2.88328227714816e-01 -1.50622536884881e-01
1.07427375137374e+00 2.88489912768398e-01 1.50473595546104e-01
5.34498585689907e-01 7.30196890359767e-01 -2.31429707965331e-01
-1.66351715196832e-04 1.06095004370483e+00 1.75767495665674e-01
2.87963444367315e-01 5.53606980788965e-01 -2.92051769370030e-01
-8.42280111012848e-01 8.95816510026047e-01 -4.84685467680207e-02
-7.30450739263531e-01 8.51042352805307e-01 1.45342704607345e-01
-1.07430291586262e+00 2.88037272386375e-01 -1.50522275809188e-01
1.95264429017394e-01 1.18174158872431e+00 8.97757344523638e-02
1.95170703056363e-01 1.18159528708751e+00 -8.99329491289895e-02
-1.95768806819573e-01 1.18151308715258e+00 -8.99166895865330e-02
-8.42260746379918e-01 8.95886799258649e-01 4.83973621653845e-02
-1.07426445419925e+00 2.88198896860152e-01 1.50519699431251e-01
-8.96108627678553e-01 -1.78399215389929e-01 -2.28867522519324e-01
7.30181521184776e-01 -8.51114733103171e-01 -1.45411328657958e-01
-1.18159123504346e+00 -3.30656569199441e-01 5.31453428183312e-02
8.50929301900985e-01 -5.34853358707830e-01 -1.98560384381295e-01
-1.18160126892933e+00 -3.30693226602123e-01 -5.31119944284515e-02
-6.46831091197599e-01 1.46344167698610e-05 2.88361484415989e-01
1.06084314254192e+00 -6.46782194624269e-01 -5.01227671699849e-05
-1.18168628334122e+00 3.30362208046731e-01 5.31244502640798e-02
-1.18169631396832e+00 3.30303760779951e-01 -5.31348171070114e-02
8.42054235298563e-01 -8.96026971067993e-01 -4.84710903658658e-02
-8.96073333139151e-01 1.78141905298923e-01 2.28892542027389e-01
8.51123039376635e-01 5.35039607005480e-01 1.98461926309366e-01
3.30617489867805e-01 -1.95354565027781e-01 3.21202525119719e-01
5.53519900913805e-01 1.07424997908213e+00 -7.84635581686941e-02
6.46908468978883e-01 1.58677827033841e-04 2.88348654896522e-01
5.34788600922646e-01 7.30508828964415e-01 2.31307428108518e-01
-2.88383552571910e-01 5.53877743084816e-01 2.91983196622411e-01
1.07408185282888e+00 -2.88304075667132e-01 -1.50601084078247e-01
-3.30795396193064e-01 1.95222060138917e-01 -3.21194943097475e-01
5.53825644975095e-01 -1.07420035376322e+00 7.83542658847777e-02
-3.83878996360643e-01 -1.00517619534967e+00 1.68879456728434e-01
2.64121059516585e-05 1.08752572720654e-04 3.37739531384673e-01
-3.84124035884176e-01 1.00521252070141e+00 1.68822299878131e-01
-3.83994440758077e-01 -1.00522205130111e+00 -1.68839890551281e-01
1.24246340930002e+00 9.59150720936562e-05 -7.77034457281745e-05
1.00510072599796e+00 -6.21230511404094e-01 -1.04419949580934e-01
-6.21352643386496e-01 -3.84119601861313e-01 -2.73198290784875e-01
1.00526203089843e+00 -6.21177303846591e-01 1.04328561652391e-01
-6.21451233233169e-01 3.83660005034602e-01 -2.73229439167547e-01
-1.24246343247879e+00 -1.80726142903689e-04 6.94022366627190e-06
3.83828760607254e-01 -1.00520119124551e+00 -1.68876900412436e-01
6.20992363200213e-01 -3.84021248648975e-01 -2.73269028570420e-01
-2.67621184415411e-04 1.24246338522186e+00 -7.64625699050436e-05
6.20919967194580e-01 3.83838243621025e-01 -2.73300181113389e-01
9.06944762871692e-06 -1.24246344567439e+00 5.71133986057225e-06
3.84024666586572e-01 -1.00515532927883e+00 1.68864161103730e-01
-6.21304674949410e-01 3.83969635216641e-01 2.73221928283740e-01
1.00499667440342e+00 6.21297255852428e-01 -1.04464599978191e-01
-6.21206070918265e-01 -3.83940114269259e-01 2.73241560083725e-01
6.21277156963450e-01 3.84147937655599e-01 2.73208031875104e-01
1.00515797443567e+00 6.21430929200941e-01 1.04291031318865e-01
-1.00511680828208e+00 -6.21296549248181e-01 1.04379470783413e-01
6.21349563633317e-01 -3.83841725271963e-01 2.73227665686497e-01
3.83822001652833e-01 1.00536265525345e+00 1.68806999548903e-01
-1.00514794643039e+00 -6.21349735111758e-01 -1.04333911026066e-01
-2.84912974071140e-04 -1.93566898417972e-04 -3.37739519776147e-01
3.83626114118011e-01 1.00510616560606e+00 -1.68952700243999e-01
-1.00528943404421e+00 6.21102521496527e-01 1.04341948757438e-01
-1.00532056118574e+00 6.20968893441362e-01 -1.04378551563124e-01
-3.84239461034735e-01 1.00495606334205e+00 -1.68915684574366e-01
-6.53158574652803e-01 -1.05692917656369e+00 2.18256327701092e-05
6.53206875928190e-01 -1.05689932569125e+00 -2.26685963104244e-05
6.53009407978799e-01 1.05702129187191e+00 -9.25747265669109e-05
-6.53431831185282e-01 1.05676024957562e+00 -4.80698354780134e-05
-1.05691460287830e+00 -8.06068957901466e-05 1.77554870691821e-01
-1.05696188069465e+00 -2.39516441013918e-04 -1.77534063309826e-01
1.05672672813800e+00 -4.22167209538149e-06 -1.77637482042214e-01
1.05700684052620e+00 1.54747419447542e-04 1.77514289992213e-01
-6.95588094269567e-05 6.53357778253802e-01 2.87272178550231e-01
7.59160190888686e-05 -6.53161980361419e-01 2.87305076630050e-01
-1.88922444108130e-04 -6.53302751068518e-01 -2.87281421693392e-01
-3.34378583759531e-04 6.52984201513982e-01 -2.87334921809307e-01
3 631 67 1
3 599 6 67
3 497 1 6
3 67 6 1
3 615 294 296
3 494 73 294
3 599 296 73
3 294 73 296
3 614 232 293
3 497 231 232
3 494 293 231
3 232 231 293
3 599 73 6
3 494 231 73
3 497 6 231
3 73 231 6
3 639 43 297
3 553 473 43
3 490 297 473
3 43 473 297
3 600 430 152
3 542 47 430
3 553 152 47
3 430 47 152
3 615 74 70
3 490 340 74
3 542 70 340
3 74 340 70
3 553 47 473
3 542 340 47
3 490 473 340
3 47 340 473
3 630 374 145
3 495 353 374
3 543 145 353
3 374 353 145
3 614 284 147
3 541 350 284
3 495 147 350
3 284 350 147
3 600 262 168
3 543 373 262
3 541 168 373
3 262 373 168
3 495 350 353
3 541 373 350
3 543 353 373
3 350 373 353
3 615 70 294
3 542 339 70
3 494 294 339
3 70 339 294
3 600 168 430
3 541 372 168
3 542 430 372
3 168 372 430
3 614 293 284
3 494 336 293
3 541 284 336
3 293 336 284
3 542 372 339
3 541 336 372
3 494 339 336
3 372 336 339
3 640 236 3
3 503 286 236
3 559 3 286
3 236 286 3
3 610 467 357
3 489 135 467
3 503 357 135
3 467 135 357
3 603 5 338
3 559 246 5
3 489 338 246
3 5 246 338
3 503 135 286
3 489 246 135
3 559 286 246
3 135 246 286
3 631 1 104
3 497 458 1
3 558 104 458
3 1 458 104
3 614 436 232
3 552 453 436
3 497 232 453
3 436 453 232
3 610 320 433
3 558 337 320
3 552 433 337
3 320 337 433
3 497 453 458
3 552 337 453
3 558 458 337
3 453 337 458
3 630 290 374
3 498 241 290
3 495 374 241
3 290 241 374
3 603 319 429
3 496 258 319
3 498 429 258
3 319 258 429
3 614 147 452
3 495 237 147
3 496 452 237
3 147 237 452
3 498 258 241
3 496 237 258
3 495 241 237
3 258 237 241
3 610 433 467
3 552 242 433
3 489 467 242
3 433 242 467
3 614 452 436
3 496 25 452
3 552 436 25
3 452 25 436
3 603 338 319
3 489 17 338
3 496 319 17
3 338 17 319
3 552 25 242
3 496 17 25
3 489 242 17
3 25 17 242
3 635 349 20
3 580 363 349
3 513 20 363
3 349 363 20
3 606 272 9
3 515 44 272
3 580 9 44
3 272 44 9
3 624 364 45
3 513 129 364
3 515 45 129
3 364 129 45
3 580 44 363
3 515 129 44
3 513 363 129
3 44 129 363
3 640 3 194
3 559 140 3
3 518 194 140
3 3 140 194
3 603 87 5
3 528 399 87
3 559 5 399
3 87 399 5
3 606 199 89
3 518 254 199
3 528 89 254
3 199 254 89
3 559 399 140
3 528 254 399
3 518 140 254
3 399 254 140
3 630 85 290
3 510 470 85
3 498 290 470
3 85 470 290
3 624 217 442
3 554 86 217
3 510 442 86
3 217 86 442
3 603 429 459
3 498 475 429
3 554 459 475
3 429 475 459
3 510 86 470
3 554 475 86
3 498 470 475
3 86 475 470
3 606 89 272
3 528 213 89
3 515 272 213
3 89 213 272
3 603 459 87
3 554 394 459
3 528 87 394
3 459 394 87
3 624 45 217
3 515 100 45
3 554 217 100
3 45 100 217
3 528 394 213
3 554 100 394
3 515 213 100
3 394 100 213
3 634 279 111
3 521 411 279
3 550 111 411
3 279 411 111
3 609 151 405
3 582 163 151
3 521 405 163
3 151 163 405
3 621 461 376
3 550 464 461
3 582 376 464
3 461 464 376
3 521 163 411
3 582 464 163
3 550 411 464
3 163 464 411
3 635 20 205
3 513 235 20
3 524 205 235
3 20 235 205
3 624 2 364
3 584 365 2
3 513 364 365
3 2 365 364
3 609 314 234
3 524 90 314
3 584 234 90
3 314 90 234
3 513 365 235
3 584 90 365
3 524 235 90
3 365 90 235
3 630 450 85
3 544 441 450
3 510 85 441
3 450 441 85
3 621 36 316
3 491 356 36
3 544 316 356
3 36 356 316
3 624 442 38
3 510 8 442
3 491 38 8
3 442 8 38
3 544 356 441
3 491 8 356
3 510 441 8
3 356 8 441
3 609 234 151
3 584 380 234
3 582 151 380
3 234 380 151
3 624 38 2
3 491 40 38
3 584 2 40
3 38 40 2
3 621 376 36
3 582 37 376
3 491 36 37
3 376 37 36
3 584 40 380
3 491 37 40
3 582 380 37
3 40 37 380
3 639 132 43
3 555 348 132
3 553 43 348
3 132 348 43
3 618 58 359
3 545 34 58
3 555 359 34
3 58 34 359
3 600 152 412
3 553 33 152
3 545 412 33
3 152 33 412
3 555 34 348
3 545 33 34
3 553 348 33
3 34 33 348
3 634 111 420
3 550 302 111
3 551 420 302
3 111 302 420
3 621 177 461
3 486 255 177
3 550 461 255
3 177 255 461
3 618 174 62
3 551 257 174
3 486 62 257
3 174 257 62
3 550 255 302
3 486 257 255
3 551 302 257
3 255 257 302
3 630 145 450
3 543 414 145
3 544 450 414
3 145 414 450
3 600 310 262
3 484 122 310
3 543 262 122
3 310 122 262
3 621 316 92
3 544 123 316
3 484 92 123
3 316 123 92
3 543 122 414
3 484 123 122
3 544 414 123
3 122 123 414
3 618 62 58
3 486 142 62
3 545 58 142
3 62 142 58
3 621 92 177
3 484 141 92
3 486 177 141
3 92 141 177
3 600 412 310
3 545 124 412
3 484 310 124
3 412 124 310
3 486 141 142
3 484 124 141
3 545 142 124
3 141 124 142
3 638 371 229
3 523 225 371
3 512 229 225
3 371 225 229
3 623 230 253
3 570 144 230
3 523 253 144
3 230 144 253
3 602 333 476
3 512 331 333
3 570 476 331
3 333 331 476
3 523 144 225
3 570 331 144
3 512 225 331
3 144 331 225
3 632 303 445
3 514 200 303
3 520 445 200
3 303 200 445
3 612 139 84
3 575 305 139
3 514 84 305
3 139 305 84
3 623 309 248
3 520 159 309
3 575 248 159
3 309 159 248
3 514 305 200
3 575 159 305
3 520 200 159
3 305 159 200
3 633 39 244
3 509 298 39
3 517 244 298
3 39 298 244
3 602 383 150
3 505 195 383
3 509 150 195
3 383 195 150
3 612 16 42
3 517 299 16
3 505 42 299
3 16 299 42
3 509 195 298
3 505 299 195
3 517 298 299
3 195 299 298
3 623 248 230
3 575 220 248
3 570 230 220
3 248 220 230
3 612 42 139
3 505 76 42
3 575 139 76
3 42 76 139
3 602 476 383
3 570 71 476
3 505 383 71
3 476 71 383
3 575 76 220
3 505 71 76
3 570 220 71
3 76 71 220
3 634 238 138
3 590 137 238
3 579 138 137
3 238 137 138
3 616 344 13
3 522 120 344
3 590 13 120
3 344 120 13
3 627 22 0
3 579 179 22
3 522 0 179
3 22 179 0
3 590 120 137
3 522 179 120
3 579 137 179
3 120 179 137
3 638 229 153
3 512 226 229
3 596 153 226
3 229 226 153
3 602 10 333
3 507 283 10
3 512 333 283
3 10 283 333
3 616 384 131
3 596 358 384
3 507 131 358
3 384 358 131
3 512 283 226
3 507 358 283
3 596 226 358
3 283 358 226
3 633 334 39
3 578 79 334
3 509 39 79
3 334 79 39
3 627 162 227
3 573 208 162
3 578 227 208
3 162 208 227
3 602 150 397
3 509 72 150
3 573 397 72
3 150 72 397
3 578 208 79
3 573 72 208
3 509 79 72
3 208 72 79
3 616 131 344
3 507 416 131
3 522 344 416
3 131 416 344
3 602 397 10
3 573 55 397
3 507 10 55
3 397 55 10
3 627 0 162
3 522 175 0
3 573 162 175
3 0 175 162
3 507 55 416
3 573 175 55
3 522 416 175
3 55 175 416
3 635 205 118
3 524 158 205
3 574 118 158
3 205 158 118
3 609 4 314
3 588 93 4
3 524 314 93
3 4 93 314
3 628 477 233
3 574 478 477
3 588 233 478
3 477 478 233
3 524 93 158
3 588 478 93
3 574 158 478
3 93 478 158
3 634 138 279
3 579 172 138
3 521 279 172
3 138 172 279
3 627 451 22
3 587 23 451
3 579 22 23
3 451 23 22
3 609 405 211
3 521 165 405
3 587 211 165
3 405 165 211
3 579 23 172
3 587 165 23
3 521 172 165
3 23 165 172
3 633 444 334
3 572 201 444
3 578 334 201
3 444 201 334
3 628 268 311
3 519 381 268
3 572 311 381
3 268 381 311
3 627 227 267
3 578 385 227
3 519 267 385
3 227 385 267
3 572 381 201
3 519 385 381
3 578 201 385
3 381 385 201
3 609 211 4
3 587 454 211
3 588 4 454
3 211 454 4
3 627 267 451
3 519 269 267
3 587 451 269
3 267 269 451
3 628 233 268
3 588 271 233
3 519 268 271
3 233 271 268
3 587 269 454
3 519 271 269
3 588 454 271
3 269 271 454
3 641 181 155
3 482 91 181
3 501 155 91
3 181 91 155
3 608 31 186
3 483 59 31
3 482 186 59
3 31 59 186
3 629 390 260
3 501 108 390
3 483 260 108
3 390 108 260
3 482 59 91
3 483 108 59
3 501 91 108
3 59 108 91
3 635 118 164
3 574 7 118
3 539 164 7
3 118 7 164
3 628 125 477
3 481 15 125
3 574 477 15
3 125 15 477
3 608 280 346
3 539 19 280
3 481 346 19
3 280 19 346
3 574 15 7
3 481 19 15
3 539 7 19
3 15 19 7
3 633 265 444
3 557 126 265
3 572 444 126
3 265 126 444
3 629 277 154
3 511 105 277
3 557 154 105
3 277 105 154
3 628 311 276
3 572 317 311
3 511 276 317
3 311 317 276
3 557 105 126
3 511 317 105
3 572 126 317
3 105 317 126
3 608 346 31
3 481 256 346
3 483 31 256
3 346 256 31
3 628 276 125
3 511 243 276
3 481 125 243
3 276 243 125
3 629 260 277
3 483 216 260
3 511 277 216
3 260 216 277
3 481 243 256
3 511 216 243
3 483 256 216
3 243 216 256
3 632 215 303
3 593 304 215
3 514 303 304
3 215 304 303
3 626 88 110
3 576 203 88
3 593 110 203
3 88 203 110
3 612 84 440
3 514 307 84
3 576 440 307
3 84 307 440
3 593 203 304
3 576 307 203
3 514 304 307
3 203 307 304
3 641 155 247
3 501 382 155
3 527 247 382
3 155 382 247
3 629 209 390
3 530 35 209
3 501 390 35
3 209 35 390
3 626 24 207
3 527 191 24
3 530 207 191
3 24 191 207
3 501 35 382
3 530 191 35
3 527 382 191
3 35 191 382
3 633 244 265
3 517 130 244
3 557 265 130
3 244 130 265
3 612 273 16
3 577 355 273
3 517 16 355
3 273 355 16
3 629 154 400
3 557 127 154
3 577 400 127
3 154 127 400
3 517 355 130
3 577 127 355
3 557 130 127
3 355 127 130
3 626 207 88
3 530 471 207
3 576 88 471
3 207 471 88
3 629 400 209
3 577 472 400
3 530 209 472
3 400 472 209
3 612 440 273
3 576 250 440
3 577 273 250
3 440 250 273
3 530 472 471
3 577 250 472
3 576 471 250
3 472 250 471
3 641 247 249
3 527 190 247
3 571 249 190
3 247 190 249
3 626 134 24
3 569 78 134
3 527 24 78
3 134 78 24
3 613 368 12
3 571 408 368
3 569 12 408
3 368 408 12
3 527 78 190
3 569 408 78
3 571 190 408
3 78 408 190
3 632 387 215
3 563 389 387
3 593 215 389
3 387 389 215
3 617 196 157
3 504 425 196
3 563 157 425
3 196 425 157
3 626 110 300
3 593 437 110
3 504 300 437
3 110 437 300
3 563 425 389
3 504 437 425
3 593 389 437
3 425 437 389
3 636 193 156
3 508 426 193
3 567 156 426
3 193 426 156
3 613 324 432
3 506 161 324
3 508 432 161
3 324 161 432
3 617 388 327
3 567 398 388
3 506 327 398
3 388 398 327
3 508 161 426
3 506 398 161
3 567 426 398
3 161 398 426
3 626 300 134
3 504 427 300
3 569 134 427
3 300 427 134
3 617 327 196
3 506 180 327
3 504 196 180
3 327 180 196
3 613 12 324
3 569 402 12
3 506 324 402
3 12 402 324
3 504 180 427
3 506 402 180
3 569 427 402
3 180 402 427
3 640 197 252
3 562 323 197
3 487 252 323
3 197 323 252
3 625 342 439
3 485 360 342
3 562 439 360
3 342 360 439
3 611 369 228
3 487 421 369
3 485 228 421
3 369 421 228
3 562 360 323
3 485 421 360
3 487 323 421
3 360 421 323
3 641 249 133
3 571 409 249
3 565 133 409
3 249 409 133
3 613 83 368
3 566 422 83
3 571 368 422
3 83 422 368
3 625 361 198
3 565 282 361
3 566 198 282
3 361 282 198
3 571 422 409
3 566 282 422
3 565 409 282
3 422 282 409
3 636 375 193
3 547 182 375
3 508 193 182
3 375 182 193
3 611 28 143
3 533 101 28
3 547 143 101
3 28 101 143
3 613 432 30
3 508 61 432
3 533 30 61
3 432 61 30
3 547 101 182
3 533 61 101
3 508 182 61
3 101 61 182
3 625 198 342
3 566 362 198
3 485 342 362
3 198 362 342
3 613 30 83
3 533 318 30
3 566 83 318
3 30 318 83
3 611 228 28
3 485 14 228
3 533 28 14
3 228 14 28
3 566 318 362
3 533 14 318
3 485 362 14
3 318 14 362
3 631 104 185
3 558 462 104
3 589 185 462
3 104 462 185
3 610 431 320
3 581 456 431
3 558 320 456
3 431 456 320
3 605 291 295
3 589 75 291
3 581 295 75
3 291 75 295
3 558 456 462
3 581 75 456
3 589 462 75
3 456 75 462
3 640 252 236
3 487 109 252
3 503 236 109
3 252 109 236
3 611 449 369
3 548 112 449
3 487 369 112
3 449 112 369
3 610 357 448
3 503 173 357
3 548 448 173
3 357 173 448
3 487 112 109
3 548 173 112
3 503 109 173
3 112 173 109
3 636 417 375
3 597 378 417
3 547 375 378
3 417 378 375
3 605 455 56
3 583 322 455
3 597 56 322
3 455 322 56
3 611 143 99
3 547 261 143
3 583 99 261
3 143 261 99
3 597 322 378
3 583 261 322
3 547 378 261
3 322 261 378
3 610 448 431
3 548 97 448
3 581 431 97
3 448 97 431
3 611 99 449
3 583 98 99
3 548 449 98
3 99 98 449
3 605 295 455
3 581 69 295
3 583 455 69
3 295 69 455
3 548 98 97
3 583 69 98
3 581 97 69
3 98 69 97
3 637 435 285
3 556 457 435
3 493 285 457
3 435 457 285
3 607 332 77
3 564 466 332
3 556 77 466
3 332 466 77
3 604 418 329
3 493 103 418
3 564 329 103
3 418 103 329
3 556 466 457
3 564 103 466
3 493 457 103
3 466 103 457
3 631 185 53
3 589 415 185
3 549 53 415
3 185 415 53
3 605 377 291
3 586 149 377
3 589 291 149
3 377 149 291
3 607 167 379
3 549 413 167
3 586 379 413
3 167 413 379
3 589 149 415
3 586 413 149
3 549 415 413
3 149 413 415
3 636 396 417
3 488 401 396
3 597 417 401
3 396 401 417
3 604 116 48
3 560 343 116
3 488 48 343
3 116 343 48
3 605 56 117
3 597 474 56
3 560 117 474
3 56 474 117
3 488 343 401
3 560 474 343
3 597 401 474
3 343 474 401
3 607 379 332
3 586 115 379
3 564 332 115
3 379 115 332
3 605 117 377
3 560 341 117
3 586 377 341
3 117 341 377
3 604 329 116
3 564 270 329
3 560 116 270
3 329 270 116
3 586 341 115
3 560 270 341
3 564 115 270
3 341 270 115
3 632 245 387
3 561 281 245
3 563 387 281
3 245 281 387
3 620 80 136
3 500 366 80
3 561 136 366
3 80 366 136
3 617 157 438
3 563 367 157
3 500 438 367
3 157 367 438
3 561 366 281
3 500 367 366
3 563 281 367
3 366 367 281
3 637 285 465
3 493 106 285
3 568 465 106
3 285 106 465
3 604 63 418
3 532 210 63
3 493 418 210
3 63 210 418
3 620 325 289
3 568 306 325
3 532 289 306
3 325 306 289
3 493 210 106
3 532 306 210
3 568 106 306
3 210 306 106
3 636 156 396
3 567 347 156
3 488 396 347
3 156 347 396
3 617 206 388
3 480 345 206
3 567 388 345
3 206 345 388
3 604 48 95
3 488 460 48
3 480 95 460
3 48 460 95
3 567 345 347
3 480 460 345
3 488 347 460
3 345 460 347
3 620 289 80
3 532 21 289
3 500 80 21
3 289 21 80
3 604 95 63
3 480 479 95
3 532 63 479
3 95 479 63
3 617 438 206
3 500 121 438
3 480 206 121
3 438 121 206
3 532 479 21
3 480 121 479
3 500 21 121
3 479 121 21
3 641 133 181
3 565 313 133
3 482 181 313
3 133 313 181
3 625 128 361
3 598 18 128
3 565 361 18
3 128 18 361
3 608 186 354
3 482 64 186
3 598 354 64
3 186 64 354
3 565 18 313
3 598 64 18
3 482 313 64
3 18 64 313
3 640 194 197
3 518 251 194
3 562 197 251
3 194 251 197
3 606 114 199
3 516 119 114
3 518 199 119
3 114 119 199
3 625 439 330
3 562 221 439
3 516 330 221
3 439 221 330
3 518 119 251
3 516 221 119
3 562 251 221
3 119 221 251
3 635 164 349
3 539 51 164
3 580 349 51
3 164 51 349
3 608 264 280
3 499 240 264
3 539 280 240
3 264 240 280
3 606 9 263
3 580 32 9
3 499 263 32
3 9 32 263
3 539 240 51
3 499 32 240
3 580 51 32
3 240 32 51
3 625 330 128
3 516 468 330
3 598 128 468
3 330 468 128
3 606 263 114
3 499 11 263
3 516 114 11
3 263 11 114
3 608 354 264
3 598 146 354
3 499 264 146
3 354 146 264
3 516 11 468
3 499 146 11
3 598 468 146
3 11 146 468
3 639 315 132
3 538 222 315
3 555 132 222
3 315 222 132
3 601 423 446
3 526 178 423
3 538 446 178
3 423 178 446
3 618 359 60
3 555 424 359
3 526 60 424
3 359 424 60
3 538 178 222
3 526 424 178
3 555 222 424
3 178 424 222
3 638 153 184
3 596 183 153
3 536 184 183
3 153 183 184
3 616 278 384
3 525 50 278
3 596 384 50
3 278 50 384
3 601 288 160
3 536 170 288
3 525 160 170
3 288 170 160
3 596 50 183
3 525 170 50
3 536 183 170
3 50 170 183
3 634 420 238
3 551 419 420
3 590 238 419
3 420 419 238
3 618 189 174
3 585 287 189
3 551 174 287
3 189 287 174
3 616 13 188
3 590 428 13
3 585 188 428
3 13 428 188
3 551 287 419
3 585 428 287
3 590 419 428
3 287 428 419
3 601 160 423
3 525 57 160
3 526 423 57
3 160 57 423
3 616 188 278
3 585 403 188
3 525 278 403
3 188 403 278
3 618 60 189
3 526 176 60
3 585 189 176
3 60 176 189
3 525 403 57
3 585 176 403
3 526 57 176
3 403 176 57
3 637 465 407
3 568 352 465
3 535 407 352
3 465 352 407
3 620 434 325
3 591 463 434
3 568 325 463
3 434 463 325
3 619 166 301
3 535 404 166
3 591 301 404
3 166 404 301
3 568 463 352
3 591 404 463
3 535 352 404
3 463 404 352
3 632 445 245
3 520 46 445
3 561 245 46
3 445 46 245
3 623 219 309
3 502 393 219
3 520 309 393
3 219 393 309
3 620 136 218
3 561 392 136
3 502 218 392
3 136 392 218
3 520 393 46
3 502 392 393
3 561 46 392
3 393 392 46
3 638 29 371
3 537 148 29
3 523 371 148
3 29 148 371
3 619 81 259
3 595 27 81
3 537 259 27
3 81 27 259
3 623 253 192
3 523 370 253
3 595 192 370
3 253 370 192
3 537 27 148
3 595 370 27
3 523 148 370
3 27 370 148
3 620 218 434
3 502 326 218
3 591 434 326
3 218 326 434
3 623 192 219
3 595 328 192
3 502 219 328
3 192 328 219
3 619 301 81
3 591 82 301
3 595 81 82
3 301 82 81
3 502 328 326
3 595 82 328
3 591 326 82
3 328 82 326
3 639 214 315
3 540 113 214
3 538 315 113
3 214 113 315
3 622 266 102
3 592 212 266
3 540 102 212
3 266 212 102
3 601 446 41
3 538 312 446
3 592 41 312
3 446 312 41
3 540 212 113
3 592 312 212
3 538 113 312
3 212 312 113
3 637 407 96
3 535 469 407
3 534 96 469
3 407 469 96
3 619 239 166
3 594 406 239
3 535 166 406
3 239 406 166
3 622 447 351
3 534 94 447
3 594 351 94
3 447 94 351
3 535 406 469
3 594 94 406
3 534 469 94
3 406 94 469
3 638 184 29
3 536 26 184
3 537 29 26
3 184 26 29
3 601 391 288
3 529 169 391
3 536 288 169
3 391 169 288
3 619 259 49
3 537 171 259
3 529 49 171
3 259 171 49
3 536 169 26
3 529 171 169
3 537 26 171
3 169 171 26
3 622 351 266
3 594 386 351
3 592 266 386
3 351 386 266
3 619 49 239
3 529 275 49
3 594 239 275
3 49 275 239
3 601 41 391
3 592 274 41
3 529 391 274
3 41 274 391
3 594 275 386
3 529 274 275
3 592 386 274
3 275 274 386
3 631 53 67
3 549 54 53
3 599 67 54
3 53 54 67
3 607 187 167
3 546 395 187
3 549 167 395
3 187 395 167
3 615 296 292
3 599 68 296
3 546 292 68
3 296 68 292
3 549 395 54
3 546 68 395
3 599 54 68
3 395 68 54
3 637 96 435
3 534 224 96
3 556 435 224
3 96 224 435
3 622 321 447
3 492 204 321
3 534 447 204
3 321 204 447
3 607 77 107
3 556 443 77
3 492 107 443
3 77 443 107
3 534 204 224
3 492 443 204
3 556 224 443
3 204 443 224
3 639 297 214
3 490 335 297
3 540 214 335
3 297 335 214
3 615 410 74
3 531 223 410
3 490 74 223
3 410 223 74
3 622 102 52
3 540 65 102
3 531 52 65
3 102 65 52
3 490 223 335
3 531 65 223
3 540 335 65
3 223 65 335
3 607 107 187
3 492 308 107
3 546 187 308
3 107 308 187
3 622 52 321
3 531 202 52
3 492 321 202
3 52 202 321
3 615 292 410
3 546 66 292
3 531 410 66
3 292 66 410
3 492 202 308
3 531 66 202
3 546 308 66
3 202 66 308
