OFF
642 1280 0
-9.35691819855423e-01 5.84343382572248e-01 1.56046246173026e-01
5.32957708234234e-01 -1.11751199268557e+00 -1.67882895109944e-05
-1.10314039539407e+00 -4.80991323981209e-01 -8.07565257965314e-02
-7.90150805996757e-02 -7.39484946398097e-01 -2.74818421325395e-01
-1.22285822623700e+00 1.67382276695528e-01 -2.70292717876043e-02
-2.81640499822059e-01 -9.29923244238026e-01 -2.13040118071887e-01
4.61175100319472e-01 -1.13915491564515e+00 4.16646649652171e-02
-9.89154539574186e-01 2.42619276050657e-01 -1.95450902988770e-01
-9.57878098880070e-01 -7.78777924652835e-01 -2.61207563250313e-02
-7.67536471045419e-01 -2.81749567111273e-01 -2.58125514387434e-01
-4.64929758994592e-01 8.75443735689830e-01 2.05960526410702e-01
-4.93027719745845e-01 -9.83228612804209e-02 -3.14127303988908e-01
5.84113023309838e-01 5.62043072150804e-01 -2.59824265561452e-01
-7.67498850215932e-01 2.81542828157070e-01 2.58151523825203e-01
4.92549264613975e-01 -9.82212796987029e-02 -3.14187604319921e-01
-9.73223579704620e-01 4.14451563473782e-01 -1.78627463937674e-01
-1.93020114995747e-01 1.22295549664064e+00 -7.05998173311578e-05
-9.81584112950858e-02 -1.13155334066777e+00 -1.36813299959966e-01
-1.62433831597716e-01 2.86642655067748e-01 -3.31347070441259e-01
-8.79064476370639e-01 3.56243422579506e-01 -2.20929185895571e-01
-1.06881560273516e+00 -1.27804553655935e-01 -1.69830686339315e-01
1.13149292460230e+00 4.92990311248428e-01 2.71479074684008e-02
-1.04907248870687e+00 4.55441977924013e-01 1.31664725918139e-01
-1.13528452795332e+00 3.14384146806773e-01 1.05782658700247e-01
2.81218343628820e-01 9.29743604209553e-01 -2.13143517035223e-01
-3.79249401351912e-05 -1.19217228736211e+00 -9.27501237677335e-02
1.50095274493620e-01 4.61318200149739e-01 3.16255038715828e-01
4.14709520942163e-01 6.43615027968574e-01 2.70130381571259e-01
6.38135054979602e-01 -1.93697725861727e-01 -2.89614863684948e-01
1.27539383496394e-01 6.11982149526343e-01 2.96707129196832e-01
6.38098757771741e-01 1.93503617734974e-01 -2.89631029867980e-01
-5.84672844192393e-01 5.61857766137557e-01 -2.59758092592561e-01
-7.78825388235776e-01 -9.44091071669357e-02 -2.65923219384277e-01
-3.56465203408237e-01 -7.95781488648787e-01 2.44027609522335e-01
-4.14679696031659e-01 -6.43395092931303e-01 2.70174293158817e-01
-9.45062090104961e-02 9.57736574405870e-01 -2.16252012127810e-01
-1.04293672567621e+00 -6.38476578087883e-01 5.37697305251511e-02
-1.13148007605623e+00 -4.92943849665944e-01 2.72540112494964e-02
-1.04295107915251e+00 -6.38502760218988e-01 -5.37242860046669e-02
-6.12032920941309e-01 1.06867262281446e+00 3.53718270946807e-02
-1.13148587701758e+00 -4.92959532972698e-01 -2.72135512026915e-02
1.67644833056734e-01 -9.72540900165012e-02 3.39503512032358e-01
-9.76159127600048e-02 1.22284444295446e+00 4.64572865746601e-02
-7.87802248428282e-02 -7.39367889426667e-01 2.74847894443097e-01
-8.78967822088135e-01 -3.56710229958204e-01 -2.20900767650093e-01
-9.35583419819477e-01 -5.84561811797774e-01 -1.56033284595420e-01
7.03906034695239e-01 9.89216457134863e-01 6.73487366713174e-02
-9.41052070816173e-02 -9.57917710225362e-01 2.16203643858347e-01
1.22295058666337e+00 7.04476420045019e-05 -5.35982979125766e-02
4.80898812328554e-01 2.91162210759764e-01 3.06262946220829e-01
-3.14577724411360e-01 3.81147832229623e-01 3.15169804043960e-01
-8.96372680619072e-01 -2.45926534381047e-04 -2.37114914614981e-01
5.84547070602084e-01 -5.62069040475065e-01 2.59744679272191e-01
7.39417317397235e-01 -9.89917523076381e-01 2.18652595512451e-02
7.04087933181376e-01 -9.89031190043536e-01 6.74118806079265e-02
-6.38842490869923e-01 7.97420656337290e-01 1.94123512701896e-01
1.04888927422335e+00 -4.55558794694481e-01 -1.31746065128769e-01
-3.34108687903851e-01 6.55846002399705e-05 3.30988636805780e-01
-5.84387645372916e-01 -5.62143972057306e-01 2.59759831337359e-01
-4.15013242759581e-01 6.43135123772123e-01 -2.70182526533965e-01
-4.80833402975329e-01 -2.90950091494643e-01 3.06286400528180e-01
7.78433716508631e-01 9.41043298674190e-02 -2.66019929077220e-01
-7.41941564549384e-01 -4.64792071668067e-01 2.43050648186198e-01
1.22283472185746e+00 1.67715426547194e-01 2.69519435522532e-02
-3.14801794764681e-01 3.80798388876267e-01 -3.15185117933100e-01
4.14838116554261e-01 -6.43347583766805e-01 2.70164267208618e-01
6.38800616143676e-01 -7.97385562937560e-01 1.94145245289342e-01
6.11834211036763e-01 -1.06877300645947e+00 3.54030086465464e-02
6.43477537670703e-01 -9.73070249016672e-01 1.15126835248893e-01
7.97291044002923e-01 -6.99352006930235e-01 -1.77364666768277e-01
1.93682737609940e-01 -1.04298227545712e+00 1.77243199999320e-01
-9.83012099121834e-02 1.13161188855236e+00 1.36768062228265e-01
-6.43596128478376e-01 9.73033613217569e-01 1.15099602299539e-01
3.81103897447585e-01 -1.13522290814449e+00 8.73149992161008e-02
2.81639856419312e-01 -9.29838539433917e-01 2.13068680757857e-01
7.95722904383631e-01 -8.78919757260102e-01 -9.90205262723555e-02
-2.19698359713117e-04 1.19223348048022e+00 9.26894535051869e-02
1.04909233604712e+00 -4.55479924381240e-01 1.31642415832216e-01
3.56191588335201e-01 7.95661183160701e-01 -2.44088637577625e-01
-7.04239721084375e-01 9.88942670385400e-01 6.73897639372918e-02
1.04294710848046e+00 6.38573547824123e-01 5.36653424648337e-02
5.84439977038079e-01 5.62359749537643e-01 2.59714750401851e-01
6.99325798597802e-01 6.38919463402469e-01 2.21345569949014e-01
4.80532623103706e-01 2.90839423887095e-01 -3.06330885303822e-01
1.92496392004401e-01 1.22303803036321e+00 -8.40142960306453e-05
-7.39352781335584e-01 -9.89965115521800e-01 -2.18673861856234e-02
-7.95767719504771e-01 -8.78979395906960e-01 -9.89519359908523e-02
-4.64839979884111e-01 -8.75479606719350e-01 -2.05964393681468e-01
2.90667676529262e-01 1.10311993474945e+00 -1.33588264762314e-01
-5.84529575118759e-01 -5.62282616965604e-01 -2.59712080569590e-01
-1.19342803402993e+00 -1.62329982903890e-01 -7.96270301618557e-02
-2.43200791118658e-01 7.03790015945531e-01 -2.74624026294439e-01
-8.75345680438311e-01 -7.42017607403244e-01 1.29051201538585e-01
-1.19347479671240e+00 1.61911413269872e-01 -7.96386940709826e-02
7.78816963827426e-01 -9.40302148393191e-02 2.65935468976318e-01
1.22279016993894e+00 1.67688966305067e-01 -2.71199201195952e-02
9.90040828861207e-01 -7.87066950977139e-02 2.05245541467742e-01
6.38549782254835e-01 -7.97461366805693e-01 -1.94184846979702e-01
6.99149218502016e-01 -6.38739595401396e-01 -2.21428567873029e-01
7.41770054656237e-01 -4.64828986508160e-01 -2.43085556238154e-01
-7.97446113120128e-01 -6.99435838484052e-01 -1.77285430940296e-01
7.78450641884416e-01 -9.42480774479768e-02 -2.66012188533735e-01
4.55666810253556e-01 -4.74220963596612e-01 2.91236188243358e-01
1.19350380080002e+00 -1.62034819918874e-01 7.95858245111246e-02
6.11789013175187e-01 -1.06878098687793e+00 -3.54446211121430e-02
-6.43654888687016e-01 9.72864415102917e-01 -1.15184490412416e-01
1.13922986784218e+00 1.50275944806892e-01 1.27969324158018e-01
9.35692062477926e-01 -5.84364171090938e-01 1.56040133206810e-01
-3.56825270276868e-01 7.95534151701540e-01 -2.44049208021056e-01
2.42695884159359e-01 -7.04116590403860e-01 -2.74593927780045e-01
4.74014632612114e-01 1.04897638809393e+00 -1.26572136122665e-01
-1.06877291253969e+00 -1.27668912144491e-01 1.69859257176112e-01
4.14526015506545e-01 -6.43478430710351e-01 -2.70177172971814e-01
1.50194162171512e-01 -4.61080362082379e-01 3.16278154543448e-01
-4.81020080957247e-01 -2.91164171978217e-01 -3.06248122389660e-01
1.13157194861885e+00 -4.92785618583314e-01 2.71804619295304e-02
1.22281619912713e+00 -1.67523353100539e-01 -2.71083473262119e-02
1.10312144512947e+00 -4.80834835758903e-01 -8.08482607414915e-02
-1.06885152120461e+00 1.27334135529373e-01 -1.69840498948590e-01
-3.14710340208366e-01 -3.81221134587248e-01 -3.15152764430764e-01
-8.78983442410760e-01 3.56484995832663e-01 2.20924002108138e-01
1.13144955447876e+00 4.92958251771704e-01 -2.73314943189715e-02
-6.43344936901057e-01 -9.73108303122384e-01 1.15159160874070e-01
-7.95726373726502e-01 -8.78945687032376e-01 9.90006339573807e-02
-6.38636843161753e-01 -7.97442193358904e-01 1.94168846424159e-01
-9.35743679642572e-01 5.84151041559555e-01 -1.56077782434521e-01
-7.04271652902874e-01 9.88842917953511e-01 -6.74768177213260e-02
-3.81340619805666e-01 1.13507630280866e+00 -8.73822215445254e-02
-1.67863911939819e-01 9.71471987745364e-02 -3.39497526723360e-01
-9.73108996749022e-01 -4.14899792679264e-01 -1.78595372069455e-01
-4.61414160029098e-01 1.13902470839986e+00 -4.17349837653126e-02
-5.84530934983139e-01 5.62174378655124e-01 2.59729905706784e-01
-1.27522127418344e-01 -6.11772816476633e-01 2.96740974940429e-01
-3.28104050048427e-04 5.32733824738366e-01 -3.10292839115864e-01
4.64455153263001e-01 8.75325132388903e-01 -2.06081888726873e-01
9.40500348324710e-02 -9.57975169965043e-01 -2.16185869199197e-01
9.29797919655357e-01 7.67628374910087e-01 7.80845152525427e-02
-9.89095950276527e-01 2.42819441539016e-01 1.95454597581685e-01
-1.06880883381285e+00 1.27496172136199e-01 1.69851835653670e-01
9.71295559306849e-02 1.22288613473321e+00 4.64512706478749e-02
-2.43034612826965e-01 -7.04141941409078e-01 -2.74565822356070e-01
-7.97372249002025e-01 -6.99356020752175e-01 1.77335305239567e-01
-6.99276789965352e-01 -6.38712395538265e-01 2.21403562636826e-01
7.67207540797027e-01 -2.81615021340946e-01 -2.58212193783388e-01
9.40492073265246e-02 9.58088385945112e-01 2.16147219721741e-01
-6.11758896314970e-01 -1.06879938041704e+00 3.54419371222716e-02
-4.93052230123901e-01 9.78538493062333e-02 -3.14135627389811e-01
-1.92734759237437e-01 -1.22300052613574e+00 1.20130203731265e-05
2.42836938850570e-01 7.04231292754531e-01 2.74561639824081e-01
9.57924464466545e-01 -7.78690017471546e-01 -2.61916103002192e-02
-4.74504602938266e-01 1.04897889298110e+00 1.26428939427164e-01
-1.22280536625054e+00 -1.67740265663448e-01 2.70425402818628e-02
-2.81484751565554e-01 -9.29857250767896e-01 2.13078185411933e-01
-1.27662676963334e-01 6.11940596883927e-01 2.96709648205527e-01
-4.74582171360806e-01 1.04878718624772e+00 -1.26529052709988e-01
-7.91829285380094e-02 7.39172125074838e-01 -2.74879560670555e-01
1.06860415196221e+00 1.27594934690710e-01 -1.69945364531759e-01
9.29683070403270e-01 7.67523272855916e-01 -7.82693449789946e-02
-1.13921395554857e+00 1.49869688284793e-01 -1.28016958737520e-01
3.80874926984811e-01 1.13537078829986e+00 8.72437692668901e-02
-1.67592175862404e-01 9.74649005273375e-02 3.39500856030437e-01
8.78657903729244e-01 3.56491714651982e-01 -2.21022963917066e-01
-8.75546698816266e-01 7.41881590295192e-01 1.29006358489014e-01
-1.19341407739718e+00 -1.62268064404457e-01 7.96528780529320e-02
-9.90014153221089e-01 7.85996470931307e-02 -2.05258621630422e-01
-1.19346084254337e+00 1.61989073436375e-01 7.96426398920651e-02
7.67510561007513e-01 2.81750039758976e-01 2.58131413165332e-01
9.29929508977911e-01 -7.67404865148910e-01 7.81330563363066e-02
-2.90917044216589e-01 -1.10317322704770e+00 1.33512479077576e-01
1.62149525266072e-01 2.87034958110735e-01 3.31331626169587e-01
-1.62167522323490e-01 2.86991017865553e-01 3.31333881198128e-01
3.14536358943985e-01 3.81238040660915e-01 3.15164576211299e-01
-1.13918728365058e+00 1.49993584950418e-01 1.28024068834300e-01
3.56353174068296e-01 -7.95845293837060e-01 -2.44024182637880e-01
-7.67424243770849e-01 -2.81567611103849e-01 2.58166536652808e-01
-7.97558715263602e-01 6.99276291366498e-01 1.77294900389037e-01
-4.92838563764712e-01 -9.80663463680178e-02 3.14156363666997e-01
-9.35531549357054e-01 -5.84480627796277e-01 1.56080693598515e-01
-1.62101064685375e-01 -2.86816704177114e-01 3.31348022422675e-01
-9.73168310981287e-01 4.14653210005576e-01 1.78614601487554e-01
7.97166038968754e-01 6.99316563661386e-01 -1.77418741927334e-01
-1.27907459177074e-01 6.11569901363332e-01 -2.96760431859314e-01
8.96036058259606e-01 -4.64022477252726e-05 -2.37212976338887e-01
-1.50166308425992e-01 4.61273114534546e-01 3.16257508579609e-01
-4.81020617206024e-05 5.33106574207251e-01 3.10243500947907e-01
7.39387715126539e-01 -9.89923487047460e-01 -2.19215367133465e-02
-4.55820594375455e-01 4.74028346042756e-01 -2.91241809485146e-01
8.75498554611527e-01 -7.41931842865876e-01 1.29009267505196e-01
-6.38443664459232e-01 1.93628652271111e-01 2.89565992056052e-01
-6.38393739491982e-01 -1.93599477968752e-01 2.89575980144030e-01
2.42548509293626e-01 7.03872806366351e-01 -2.74652135982312e-01
9.38416832657010e-02 9.57772690183829e-01 -2.16261989215312e-01
4.64699425705667e-01 8.75615613250984e-01 2.05944274835176e-01
9.89718401870041e-01 7.88331351294373e-02 -2.05361634214858e-01
-1.27766922734219e-01 -6.11922237100758e-01 -2.96709108151075e-01
-3.81282118064705e-01 1.13521324280941e+00 8.72646961585267e-02
8.75183787511943e-01 7.42014209518147e-01 -1.29137316006568e-01
-2.09427934178380e-04 -5.33074594771092e-01 -3.10247731458995e-01
1.67282973401128e-01 9.71872519962700e-02 -3.39518745607339e-01
-4.55703078262028e-01 -4.74457115690032e-01 -2.91202164314513e-01
4.60950366764264e-01 1.13928111142792e+00 4.15903215576024e-02
-8.54342066217777e-01 8.96089612024400e-01 -3.65507278951033e-05
6.99443425444988e-01 -6.38631730044678e-01 2.21380924701527e-01
3.80775813832066e-01 1.13523382927500e+00 -8.74143313821477e-02
8.79037829638543e-01 -3.56421506520608e-01 2.20915217784866e-01
-1.11755371117259e+00 -2.31482244465122e-04 -1.47944733942773e-01
1.10304359403353e+00 4.80937877125019e-01 -8.08828864043488e-02
1.93280702141239e-01 1.04288813141435e+00 -1.77319713497146e-01
-7.95960631708778e-01 8.78813293623346e-01 9.89460581633731e-02
-1.93924232198924e-01 1.04281110202459e+00 -1.77300472670941e-01
1.19347835438978e+00 1.62287308354268e-01 7.95755827032189e-02
-1.22285397580962e+00 1.67408722647788e-01 2.70314696734380e-02
3.14614621790656e-01 -3.80968268608950e-01 3.15183699590885e-01
-6.99382243966782e-01 -6.38820235023332e-01 -2.21353899377270e-01
1.27671340175727e-01 -6.11757541080647e-01 2.96738456751899e-01
6.11587027538651e-01 1.06886459277775e+00 -3.55189023909279e-02
-6.38942130502863e-01 7.97156149476586e-01 -1.94181965700053e-01
-8.75393310027642e-01 -7.42072325269766e-01 -1.29002036225829e-01
8.75369108586368e-01 7.42185692432525e-01 1.28964417684950e-01
5.62051368168677e-01 9.35788385517623e-01 1.62192417178801e-01
9.79167158503290e-02 1.13165239095608e+00 1.36763490500445e-01
-1.62367390875331e-01 -2.87049107027503e-01 -3.31322457076749e-01
-1.50059790977486e-01 -4.61102141228288e-01 3.16280623531988e-01
3.56626420805721e-01 -7.95749769129148e-01 2.44017425426910e-01
9.89165951901915e-01 -2.42769721467935e-01 1.95432050204610e-01
-1.11599339860751e-04 8.54305312122487e-01 2.48797792516462e-01
-2.42993584348342e-01 7.04148469669288e-01 2.74567330970837e-01
-9.30010590242966e-01 7.67301373000454e-01 7.81370141719510e-02
4.80589704365505e-01 -2.91080649572213e-01 -3.06306320514410e-01
-7.89480975271543e-02 7.39536819523961e-01 2.74809145427299e-01
1.93461580190310e-01 1.04315615671936e+00 1.77182930277761e-01
2.86904597734009e-01 -1.19343178553509e+00 4.50109369405329e-02
1.92755746425082e-01 -1.22299721929918e+00 -1.39839895539313e-06
-1.10327669210272e+00 4.80603136586914e-01 -8.07911437714218e-02
-1.22280961782934e+00 -1.67761191869235e-01 -2.70177038686183e-02
-1.13917111164611e+00 -1.50318775746032e-01 -1.28005759884390e-01
7.86751821182306e-02 -7.39477157386423e-01 -2.74827553546576e-01
-2.86874717411975e-01 -1.19344484923100e+00 -4.49989161848147e-02
-9.89952743947702e-01 7.87893460966290e-02 2.05275845330408e-01
6.38472809497891e-01 1.93791599369918e-01 2.89552635838958e-01
-7.78850400899049e-01 9.39186604786754e-02 -2.65930959191902e-01
-4.61131529485449e-01 -1.13917693700171e+00 -4.16554262711282e-02
9.80309056406953e-02 -1.13155014803682e+00 -1.36822382038496e-01
-7.97632557302117e-01 6.99045326897691e-01 -1.77339495794321e-01
-5.33200393834334e-01 1.11739620399949e+00 -5.51941911773300e-05
7.39237180032475e-01 9.90070841019345e-01 2.17995774730724e-02
-9.42879339027295e-02 -9.57980984528498e-01 -2.16175895023977e-01
7.85137280724178e-02 7.39199443976006e-01 -2.74888694345480e-01
2.90811842733335e-01 1.10332672090210e+00 1.33432352816869e-01
1.27248557900118e-01 6.11611437155212e-01 -2.96775667802229e-01
-3.03407546423810e-04 1.19208477783474e+00 -9.28367458663504e-02
-1.50316348030476e-01 -4.61290385086010e-01 -3.16250072488188e-01
1.27380499691752e-01 -6.11906967768854e-01 -2.96724342193274e-01
2.81447186581347e-01 9.30051107129177e-01 2.13016784821509e-01
-4.14855285944224e-01 -6.43525921040580e-01 -2.70129492931405e-01
-9.73053712982507e-01 -4.14788383413556e-01 1.78638532951302e-01
-6.99549070745167e-01 6.38408475213382e-01 -2.21404828102864e-01
-8.78886782262875e-01 -3.56564592345919e-01 2.20943742502027e-01
-3.81063982100669e-01 -1.13525118817974e+00 -8.73000842358465e-02
4.55573080128800e-01 4.74505554387896e-01 2.91211759393918e-01
-4.65057322370881e-01 8.75153298745922e-01 -2.06033457646305e-01
8.78720020788253e-01 -3.56567191262979e-01 -2.20994541730890e-01
-4.74243586062424e-01 -1.04899754247875e+00 1.26492487718239e-01
-6.38542394983011e-01 -1.93819071751513e-01 -2.89539390084785e-01
-6.38592316466078e-01 1.93340730807767e-01 -2.89555554528465e-01
-6.12051668312570e-01 1.06861851291541e+00 -3.54726898447003e-02
4.80955901255997e-01 -2.90866539091632e-01 3.06277692007644e-01
-1.04311557094769e+00 6.38229393371796e-01 5.37285007914260e-02
-1.04312991646680e+00 6.38161374670005e-01 -5.37692945626203e-02
-1.13162054539092e+00 4.92644643346599e-01 2.72214636092578e-02
1.19217907436243e+00 -3.34044868274920e-01 -6.61979575199748e-05
-1.13162634436891e+00 4.92612593066761e-01 -2.72475779672889e-02
-7.42051008354729e-01 -4.64936228463924e-01 -2.43003636170024e-01
-9.76551404616160e-02 1.22276898460450e+00 -4.66037980107095e-02
3.34168593117433e-01 1.39988426549969e-04 3.30983973398047e-01
4.92907993171982e-01 9.82658274205890e-02 3.14143162288569e-01
-8.75594311757296e-01 7.41710156250280e-01 -1.29057423871796e-01
-5.62408613497952e-01 9.35340085533475e-01 -1.62296255133567e-01
-4.80905920853543e-01 2.91031594876814e-01 3.06271655335118e-01
-1.11752093831404e+00 -1.01827497837391e-04 1.47963826370951e-01
-7.67611072635228e-01 2.81272324645567e-01 -2.58148533345109e-01
8.54007434940835e-01 8.96408477062813e-01 -9.59897183660096e-05
1.61817762737127e-01 2.86686573886921e-01 -3.31367376593871e-01
-3.56658053564950e-01 7.95866340131511e-01 2.43984554986521e-01
-9.73370265848124e-02 -1.22282747303622e+00 4.65367551206785e-02
1.11760672705407e+00 1.47020200689094e-04 1.47913868714126e-01
-1.45971192965258e-04 -8.54220124121792e-01 -2.48820336645193e-01
-7.78711617600143e-01 -9.41913061640929e-02 2.65954853574882e-01
2.97442743427307e-06 1.92879285466278e-01 3.39544460453465e-01
1.10317083560462e+00 4.81032375154553e-01 8.07056093974315e-02
-6.11777643724221e-01 -1.06880735989504e+00 -3.53984177586089e-02
9.29814653437029e-01 -7.67436806504223e-01 -7.82141963499163e-02
5.62230744859380e-01 -9.35557276360693e-01 1.62247255794121e-01
9.73953109316480e-02 -1.22282580137020e+00 4.65307408025371e-02
2.91039832089194e-01 -1.10316237624239e+00 1.33498761634009e-01
8.75313226517696e-01 -7.41986579595258e-01 -1.29081917478283e-01
4.74371548932737e-01 -1.04897553943406e+00 1.26469564944402e-01
7.89364384243388e-02 -7.39360102584941e-01 2.74846054248018e-01
-4.61388287126673e-01 1.13909015647891e+00 4.16191828964121e-02
-2.87126627847599e-01 1.19340766186712e+00 4.49510674154508e-02
5.61849320951328e-01 9.35553617826806e-01 -1.62350697299421e-01
7.42014855782650e-01 4.64990426949445e-01 2.43004151977667e-01
-9.89028628787570e-01 -2.42949636921324e-01 1.95468385539789e-01
5.32741667118236e-01 1.11761495241173e+00 -9.22828768381449e-05
4.60901014696076e-01 1.13921565220947e+00 -4.17703064239713e-02
2.86657695818993e-01 1.19352907903318e+00 4.49332733775214e-02
1.13526894135982e+00 3.14696897041659e-01 1.05723853597637e-01
2.86609186429844e-01 1.19345687855991e+00 -4.51046245902018e-02
7.97537290027485e-01 -6.99272174920199e-01 1.77303580879813e-01
4.74165356817028e-01 1.04916812794144e+00 1.26406009872337e-01
-5.62080450196149e-01 -9.35594065440875e-01 1.62271041976557e-01
-9.30036846112353e-01 7.67196301766413e-01 -7.81924333499707e-02
1.62210849210320e-01 -2.86788429329925e-01 3.31345767520348e-01
-1.50422848285018e-01 4.60906998208471e-01 -3.16289254757572e-01
-1.22300516370135e+00 -2.01852447616685e-04 -5.35021943080488e-02
7.05915812947426e-05 -5.32903508881566e-01 3.10270391295310e-01
-9.29800378907937e-01 -7.67491974058572e-01 7.81855450764945e-02
-7.96001965202036e-01 8.78673513534742e-01 -9.90160922244752e-02
4.92530075976565e-01 9.79716847511193e-02 -3.14195929934525e-01
-2.91013853430462e-01 -1.10320046854237e+00 -1.33478861559116e-01
4.74220818747760e-01 -1.04900552205889e+00 -1.26493966321543e-01
7.42099357125815e-01 -4.64684796480671e-01 2.43029325384430e-01
9.72941641143744e-01 -4.14750929181202e-01 -1.78692281389766e-01
1.49879810562286e-01 -4.61268618751210e-01 -3.16268489819511e-01
7.41685560362416e-01 4.64708548311145e-01 -2.43123176575280e-01
1.04901721776088e+00 4.55755842932363e-01 1.31614944911119e-01
7.97412281505537e-01 6.99547593116911e-01 1.77263171100609e-01
9.35362162366689e-01 5.84451194748990e-01 -1.56167419181899e-01
6.38651086262084e-01 7.97648491523132e-01 1.94099905907003e-01
1.22286075126672e+00 -1.67502421732090e-01 2.69630137811420e-02
-1.67841334117360e-01 -9.75660338344659e-02 -3.39489128845272e-01
-9.43235105463327e-02 9.58052259765902e-01 2.16150349330482e-01
1.10324868942163e+00 -4.80787703258987e-01 8.07359532804170e-02
-2.81706253585205e-01 9.29944416346230e-01 2.13026292502660e-01
-7.39603618517378e-01 9.89783190526326e-01 2.18483225038337e-02
2.42984320946242e-01 -7.03993737099367e-01 2.74598545915898e-01
4.57927291953840e-05 -1.19215838957893e+00 9.27638921479875e-02
3.81004777784237e-01 -1.13523902925422e+00 -8.73321847751894e-02
-1.93680855717749e-01 -1.04303412881409e+00 -1.77219836221865e-01
9.81625876060400e-02 -1.13152459341367e+00 1.36831394892654e-01
9.42575673523916e-02 -9.57911896447958e-01 2.16200513381177e-01
1.13152857526317e+00 -4.92801313943769e-01 -2.72974614355483e-02
1.67303752056472e-01 -9.75314729540469e-02 -3.39510347653215e-01
1.19337396506856e+00 -1.62096766270660e-01 -7.97260546153950e-02
-7.42064077569550e-01 4.64767239309235e-01 2.43025477078067e-01
1.13510024099078e+00 3.14583876458679e-01 -1.05889277173996e-01
-7.42173501408367e-01 4.64485429541892e-01 -2.43041250115185e-01
1.13902540813427e+00 1.50151997574220e-01 -1.28120740735349e-01
-2.42827389823729e-01 -7.04019094767163e-01 2.74604235155661e-01
-9.89992288342989e-01 -7.90840932007332e-02 -2.05252406994005e-01
-2.86841973485873e-01 -1.19343813342285e+00 4.50287256385273e-02
6.38509113165064e-01 -1.93478086522669e-01 2.89562625947466e-01
9.89125100770726e-01 2.43080017182875e-01 1.95418256475250e-01
-4.61105648736171e-01 -1.13916933488424e+00 4.16935180704397e-02
-4.81092586780277e-01 2.90708856274437e-01 -3.06272684423972e-01
-2.87159368013246e-01 1.19333546910860e+00 -4.50824898917982e-02
-9.57869758284415e-01 -7.78767425627347e-01 2.61684176438852e-02
2.81410984708652e-01 -9.29904537715595e-01 -2.13069788968370e-01
-4.14837686030955e-01 6.43477818123852e-01 2.70140409098987e-01
-4.55521059112194e-01 -4.74286086542399e-01 2.91245588918949e-01
1.61879077071782e-01 -2.87020841310215e-01 -3.31342762313396e-01
-3.03471407003515e-04 1.92541766901336e-01 -3.39559215672890e-01
3.33802461792405e-01 -1.50109468067808e-04 -3.31012450111614e-01
-9.89087217244685e-01 -2.43092027281270e-01 -1.95431884748553e-01
-1.04897938167881e+00 -4.55712070737894e-01 -1.31649868575009e-01
-1.13521711182466e+00 -3.14695696518145e-01 -1.05767019454258e-01
9.57831007418721e-01 7.78864637957877e-01 2.60544888299166e-02
9.57792145506389e-01 7.78829299760618e-01 -2.62453401151501e-02
4.55229390352931e-01 4.74166077833962e-01 -2.91295799515090e-01
4.55323105029259e-01 -4.74392019224479e-01 -2.91256150100194e-01
3.56464813423286e-01 7.95993414103196e-01 2.43974369124119e-01
7.87749630330228e-02 7.39564151437209e-01 2.74807305464579e-01
-9.80431091646653e-02 -1.13152778437295e+00 1.36835963795930e-01
-3.81005472002627e-01 -1.13523507047584e+00 8.73359179397384e-02
-5.32918711969526e-01 -1.11753058898260e+00 2.02879591478927e-05
9.89731652055954e-01 -7.88768197220270e-02 -2.05355418773060e-01
-1.10312179387873e+00 -4.80944209842230e-01 8.07977311230024e-02
1.04296989499672e+00 -6.38382449053229e-01 -5.38062750985259e-02
9.88871669770806e-01 -2.42912163860701e-01 -1.95533177226291e-01
1.04305258767817e+00 -6.38356253792018e-01 5.37065785342167e-02
-1.19212345564069e+00 -3.34243383016410e-01 1.67501870464720e-05
-9.58092593047200e-01 7.78490620853637e-01 -2.61744752938766e-02
-3.36175552909403e-04 8.53957709219410e-01 -2.48889745115223e-01
-2.91180413737603e-01 1.10320797814973e+00 1.33446073564525e-01
-4.55638595701849e-01 4.74367769993689e-01 2.91221161424815e-01
-9.58084256571823e-01 7.78525947161651e-01 2.61169420835371e-02
4.92927174556746e-01 -9.79647262423112e-02 3.14148091270164e-01
7.39207581336066e-01 9.90038423018405e-01 -2.19896051746314e-02
1.04881415536672e+00 4.55603848935094e-01 -1.31780149301424e-01
7.03816239650696e-01 9.89116683360456e-01 -6.75337772548406e-02
-2.81861983575435e-01 9.29636937393571e-01 -2.13113844276928e-01
1.67624040130679e-01 9.75049684421673e-02 3.39498756584315e-01
7.95703052678848e-01 8.79108056742540e-01 9.89039067516972e-02
6.43295323459648e-01 9.73282110890545e-01 1.15067267326617e-01
-6.38736510584170e-01 -7.97517977853461e-01 -1.94119576872503e-01
7.95860247845388e-01 -8.78886044553142e-01 9.89584903610062e-02
1.11737237702108e+00 1.73134837603373e-05 -1.48050287203355e-01
-5.62317779293699e-01 9.35574811377376e-01 1.62216209097880e-01
9.72871524957177e-01 4.14735970644453e-01 -1.78724381292173e-01
-3.56632452103493e-01 -7.95877003860694e-01 -2.43984758345570e-01
-2.91277204341489e-01 1.10300121104790e+00 -1.33561490634965e-01
1.13904941596046e+00 -1.50093849582670e-01 -1.28109539834020e-01
6.99031598111323e-01 6.38639211126155e-01 -2.21479505718103e-01
-4.92863082569947e-01 9.81479406783767e-02 3.14151434492676e-01
8.78975702056610e-01 3.56733360281180e-01 2.20895471498437e-01
-1.22299675488792e+00 -1.54961971325347e-04 5.35170208229589e-02
7.78800032643341e-01 9.43527012048056e-02 2.65930486531893e-01
9.90027576394014e-01 7.90228996305442e-02 2.05241103391259e-01
4.14397425266324e-01 6.43272280329492e-01 -2.70230213673197e-01
1.49780933438921e-01 4.60952065934886e-01 -3.16307673654566e-01
4.64871962746800e-01 -8.75373861211805e-01 2.05993472882014e-01
-1.13914443825707e+00 -1.50218301703237e-01 1.28033146102337e-01
-4.64712404359004e-01 -8.75408982009886e-01 2.06009718860767e-01
9.57963323430517e-01 -7.78679520254312e-01 2.61059734020274e-02
-7.03981117365099e-01 -9.89070945617900e-01 6.74528973358134e-02
8.54164854795893e-01 -8.96258534549639e-01 -3.54433750601572e-05
-6.99443639561915e-01 6.38688660288950e-01 2.21368212331005e-01
1.06862504473523e+00 -1.27589473859925e-01 -1.69935553670207e-01
1.22303878834297e+00 1.17354895139504e-04 5.34429325313750e-02
-8.96288227249018e-01 -3.81262084553676e-05 2.37139531279327e-01
-9.89930882499587e-01 -7.89140312783644e-02 2.05280279994936e-01
3.14269760142594e-01 -3.81171275038819e-01 -3.15191300409496e-01
3.14191510190090e-01 3.80888556026311e-01 -3.15223656942352e-01
-1.67569596883608e-01 -9.72886675938455e-02 3.39505611446587e-01
-3.14486267964273e-01 -3.81018151086716e-01 3.15188925602339e-01
7.95565706069803e-01 8.78968242270753e-01 -9.90846952059873e-02
9.88830823034544e-01 2.42879778046005e-01 -1.95552200335421e-01
6.38400257556564e-01 7.97383918565556e-01 -1.94247248843225e-01
-7.78736637612446e-01 9.41669639570408e-02 2.65949870957897e-01
-4.74321169331938e-01 -1.04902752279584e+00 -1.26450892754896e-01
-1.93541803241545e-01 -1.04299146222801e+00 1.77250899661609e-01
5.62028688889823e-01 -9.35606956141619e-01 -1.62279132439442e-01
7.67156753958144e-01 2.81479466979850e-01 -2.58235217240562e-01
2.90895641770442e-01 -1.10318961929359e+00 -1.33505633042709e-01
9.35592041765697e-01 5.84643600064911e-01 1.56005676557333e-01
1.06888900897945e+00 -1.27453779719149e-01 1.69815393812123e-01
9.73505510243125e-02 -1.22283190400968e+00 -4.65255983159562e-02
6.43146238049605e-01 9.73112870340513e-01 -1.15241708335777e-01
1.04286441888207e+00 6.38505506076868e-01 -5.38512939318229e-02
-2.60552718228564e-04 -1.92921814194011e-01 -3.39542590333016e-01
9.70847971111900e-02 1.22281067283571e+00 -4.66113369326568e-02
-8.54100318874119e-01 -8.96320039971663e-01 2.39849100893820e-05
-9.29826644752479e-01 -7.67523898686899e-01 -7.81372956338387e-02
9.73208842447385e-01 -4.14639484781297e-01 1.78600034235609e-01
-7.39613541906809e-01 9.89750775930404e-01 -2.19354456815644e-02
6.11632221177026e-01 1.06891871268795e+00 3.53328880047294e-02
4.59001949560742e-05 -1.92664165210189e-01 3.39553874301380e-01
7.67561350980612e-01 -2.81433021095870e-01 2.58146429202005e-01
4.64627674863478e-01 -8.75444492992314e-01 -2.06012818456261e-01
5.84220092125319e-01 -5.62207714830368e-01 -2.59778248897715e-01
-7.39342862060381e-01 -9.89959153750086e-01 2.19139924632031e-02
-1.10325810062849e+00 4.80697593564320e-01 8.07673933709971e-02
-9.73762633108667e-02 -1.22283357552727e+00 -4.65180636382927e-02
2.86856078547183e-01 -1.19343850146552e+00 -4.50210468779423e-02
-1.19221979871774e+00 3.33899576707492e-01 -5.81564300318608e-06
9.35462173354060e-01 -5.84445383578919e-01 -1.56122913212340e-01
6.43328443876947e-01 -9.73102871733706e-01 -1.15169800399959e-01
1.13925387987520e+00 -1.49993335223895e-01 1.27978403673779e-01
4.61125739239029e-01 -1.13916252138344e+00 -4.16907404696340e-02
-5.62171306131230e-01 -9.35643733501512e-01 -1.62224700206278e-01
1.19334851791680e+00 1.62209614930203e-01 -7.97377224673494e-02
-1.04894471611267e+00 -4.55633232953837e-01 1.31692186725860e-01
7.03998129401521e-01 -9.89049639000126e-01 -6.74632925014698e-02
9.73138723795500e-01 4.14937691891055e-01 1.78576098509838e-01
-1.13519482194077e+00 -3.14623271155260e-01 1.05802063584054e-01
1.06886810682107e+00 1.27757030280798e-01 1.69807969999335e-01
1.13531931069195e+00 -3.14430456393615e-01 1.05743266512135e-01
1.93501832551413e-01 -1.04302495053128e+00 -1.77239073458407e-01
-3.34340022733082e-01 -2.24482859653652e-04 -3.30970624742160e-01
8.96379695709776e-01 1.61463771607719e-04 2.37112876010783e-01
-7.04013058193456e-01 -9.89089383804858e-01 -6.74063444879758e-02
9.77850423756212e-02 1.13143809209920e+00 -1.36907348167487e-01
-9.84165169411780e-02 1.13139759606019e+00 -1.36898266120275e-01
7.86173619936004e-05 -8.54131551072661e-01 2.48843775811297e-01
1.13515060504124e+00 -3.14502911848732e-01 -1.05866196587145e-01
-6.43403717363800e-01 -9.73140912060632e-01 -1.15112597424241e-01
-1.93785204276035e-01 1.04307910958616e+00 1.77190633902508e-01
-1.04910714916352e+00 4.55290036617497e-01 -1.31683942932340e-01
-1.13530681708913e+00 3.14271165717431e-01 -1.05790097121819e-01
1.19212661991645e+00 3.34231949512877e-01 -8.87702940446434e-05
1.17739386886510e+00 3.29469508230002e-01 -5.41716880969067e-02
-8.48280846586445e-01 5.32650568583049e-01 -2.02043026305239e-01
-2.87585621944644e-01 5.51569510820294e-01 -2.97207333513415e-01
-5.33203385271886e-01 7.27445205716418e-01 -2.35484151087588e-01
-7.27659097681446e-01 -8.48126754358955e-01 1.47975887052178e-01
3.29094139623878e-01 -1.94915245595681e-01 -3.26927073258336e-01
-8.48059367322467e-01 -5.32973880422524e-01 2.02048973127082e-01
2.87064921400815e-01 -5.51924353438707e-01 -2.97195358043007e-01
1.18007166558107e+00 4.35899326373532e-05 -1.03996581432854e-01
-9.18624639148505e-05 -1.05712666838432e+00 -1.78933032896533e-01
1.77643339589654e-01 -8.39089076275613e-01 2.47899231976906e-01
-1.05703881717013e+00 -6.44628504353629e-01 2.25368403257105e-05
8.48223680365562e-01 -5.32860974861292e-01 2.02018759010962e-01
1.18024021771721e+00 1.34678178243165e-04 1.03849032283902e-01
1.94827323202625e-01 -1.17747037618123e+00 9.14447015098798e-02
-3.74247464706985e-01 -1.18017617654431e+00 1.68798647750652e-05
-1.94805492328056e-01 -1.17748972142329e+00 -9.14290841514179e-02
3.74276202386222e-01 -1.18016706421496e+00 -9.15943095583645e-06
-5.51819214008287e-01 -1.07046421159544e+00 -7.97350983781978e-02
-6.44705935299954e-01 -2.42602595364982e-04 -2.93460477044607e-01
1.05700649829914e+00 6.44681411847281e-01 -9.45561604390287e-05
-1.77877008242488e-01 8.38891574707321e-01 -2.47937837205311e-01
7.27658026602794e-01 8.48315295304774e-01 1.47892963101724e-01
1.77392787009032e-01 -8.39179576526032e-01 -2.47889448188002e-01
7.27458842225628e-01 8.48109086818638e-01 -1.48059564645861e-01
-1.95008690754109e-01 1.17750385197344e+00 9.13816537542828e-02
8.47843081459932e-01 5.32915313894785e-01 -2.02130832185839e-01
-5.33067361944438e-01 7.27755988141505e-01 2.35433864652824e-01
8.92632146829762e-01 1.77511517535033e-01 -2.33045946434367e-01
-5.52044989336988e-01 1.07037199310456e+00 7.97100557549141e-02
-8.39077977047858e-01 -8.92936823528149e-01 -4.92671242064331e-02
-7.27949873678277e-01 8.47843346639287e-01 -1.47990835165496e-01
-1.77680104435717e-01 8.39235592473474e-01 2.47858966983790e-01
-1.07044401595400e+00 -2.87476891589623e-01 -1.53175298941673e-01
3.74037739949114e-01 1.18024262031994e+00 -8.88842691778715e-05
-8.48137272003773e-01 -5.33085321308058e-01 -2.02001099290188e-01
-3.29585183954957e-01 -1.94977775211878e-01 -3.26886066271424e-01
-3.74534635696791e-01 1.18008505272152e+00 -6.28378339329252e-05
-2.87454014447604e-01 -5.51961653088687e-01 -2.97161026820913e-01
-1.05721988128466e+00 6.44331508709293e-01 -2.09972555970467e-05
5.51672179210558e-01 1.07059413549803e+00 7.96790453554395e-02
-1.18017000260692e+00 -1.28111802271513e-04 1.03910524164319e-01
-8.48202958648566e-01 5.32893222417713e-01 2.02018908755484e-01
1.77464661119416e-01 8.39300155175398e-01 2.47854013234655e-01
-1.18018904418186e+00 -2.19162123263368e-04 -1.03893840636510e-01
-3.29402670994902e-01 1.94860853148991e-01 3.26905620658920e-01
-3.29355755765190e-01 -1.94730119158246e-01 3.26915269063697e-01
1.77214125698555e-01 8.38956116680004e-01 -2.47957592553654e-01
-5.33019981182733e-01 -7.27825550404010e-01 -2.35425557956100e-01
3.29414967700554e-01 1.94945000488265e-01 3.26900798339966e-01
-3.27261511081919e-04 1.05694687726371e+00 -1.79014862786049e-01
5.33048617480137e-01 -7.27670142093831e-01 2.35457588370733e-01
1.17748149975853e+00 3.29527773700685e-01 5.39972714285432e-02
6.44253267831014e-01 -9.91219031864216e-05 -2.93537102811228e-01
8.93000054565031e-01 -1.77420660313283e-01 2.32942610285642e-01
8.92969255033208e-01 1.77740901953348e-01 2.32932892886638e-01
-2.26001736024579e-05 3.74416608644029e-01 3.27646246498525e-01
2.87270977352320e-01 5.52020572357686e-01 2.97166234184498e-01
6.07541445112172e-05 -3.74206235610902e-01 3.27664771280152e-01
-8.93005569469375e-01 1.77286122979098e-01 -2.32948876217987e-01
2.87385143216601e-01 -5.51763852500033e-01 2.97194475099220e-01
-1.94733826303958e-01 -1.17747520469621e+00 9.14552595356376e-02
6.96482576416282e-05 -1.05708512979551e+00 1.78951948956891e-01
-5.51774066270878e-01 -1.07044634502713e+00 7.97776597590722e-02
-8.39058674971196e-01 -8.92920467316648e-01 4.93152909398128e-02
-5.32883932183999e-01 -7.27723637509112e-01 2.35473577816550e-01
7.27812890136280e-01 -8.48068444233532e-01 1.47943343270901e-01
8.92662942067576e-01 -1.77599693738410e-01 -2.33031675146444e-01
5.32759608856452e-01 -7.27772073310533e-01 -2.35483723236325e-01
8.39162684250833e-01 -8.92859562663700e-01 4.92638487186018e-02
-1.07040568531617e+00 -2.87369452394927e-01 1.53211482307624e-01
-8.92873845115115e-01 -1.77592864693516e-01 2.32969786054375e-01
1.94733916866390e-01 -1.17748489304150e+00 -9.14456291339106e-02
-1.77485032273733e-01 -8.39103593766468e-01 2.47904184672513e-01
-7.27727020050550e-01 -8.48179925136361e-01 -1.47926640275625e-01
-2.87237772500912e-01 -5.51801167872061e-01 2.97200116631369e-01
1.07054289960549e+00 -2.87182719668598e-01 1.53164564676234e-01
-5.52090126364872e-01 1.07025005885736e+00 -7.98120987899219e-02
5.51779171075043e-01 -1.07044059850613e+00 -7.97808816567206e-02
-1.77681958871994e-01 -8.39194091270566e-01 -2.47869695699800e-01
1.17744584559098e+00 -3.29333279918264e-01 -5.41484542885710e-02
8.39005120330974e-01 8.93049033226201e-01 4.92059537683878e-02
-2.34970322531118e-04 -3.74418586879054e-01 -3.27646065809083e-01
8.38935431966028e-01 8.92978973727052e-01 -4.93951878522491e-02
1.17753347788587e+00 -3.29296735341226e-01 5.40185405814601e-02
-3.18311125914993e-04 3.74054632830475e-01 -3.27678102622301e-01
3.29054302028728e-01 1.94619636447458e-01 -3.26943738776224e-01
1.07025761363059e+00 2.87314267439720e-01 -1.53299171188894e-01
1.07049586629774e+00 2.87475383897495e-01 1.53147583091505e-01
5.32618921193371e-01 7.27629016080889e-01 -2.35542324231920e-01
-1.65766708198937e-04 1.05721901394509e+00 1.78890967877463e-01
2.86950766921258e-01 5.51660118038187e-01 -2.97241668575093e-01
-8.39318075072631e-01 8.92666203300477e-01 -4.93298559560613e-02
-7.27881972277385e-01 8.48049502798883e-01 1.47925513774126e-01
-1.07052492822424e+00 2.87024335310246e-01 -1.53197128426077e-01
1.94577745040136e-01 1.17758577284776e+00 9.13710920626715e-02
1.94484348684021e-01 1.17743998570810e+00 -9.15311005190678e-02
-1.95080349103202e-01 1.17735807484465e+00 -9.15145520367886e-02
-8.39298778539064e-01 8.92736245347814e-01 4.92574063690923e-02
-1.07048660181851e+00 2.87185391401256e-01 1.53194506264675e-01
-8.92957293666486e-01 -1.77771841098666e-01 -2.32934607528773e-01
7.27613700954483e-01 -8.48121628557857e-01 -1.47995357306841e-01
-1.17743594791381e+00 -3.29493753374833e-01 5.40897609022916e-02
8.47936849459263e-01 -5.32972446585456e-01 -2.02088897094231e-01
-1.17744594651365e+00 -3.29530281864886e-01 -5.40558198956217e-02
-6.44556388382791e-01 1.45829520992963e-05 2.93485805497726e-01
1.05711248872016e+00 -6.44507663763430e-01 -5.10134726433748e-05
-1.17753066195642e+00 3.29200427398311e-01 5.40684970773886e-02
-1.17754065730894e+00 3.29142185672303e-01 -5.40790481440625e-02
8.39092993692648e-01 -8.92875924216708e-01 -4.93324447548531e-02
-8.92922123246949e-01 1.77515435886841e-01 2.32960071645427e-01
8.48129905620754e-01 5.33158039906045e-01 2.01988689375414e-01
3.29454811472995e-01 -1.94667564070342e-01 3.26910447154839e-01
5.51573344395736e-01 1.07047217760586e+00 -7.98578930122889e-02
6.44633494050600e-01 1.58119806702547e-04 2.93472747991580e-01
5.32907916533166e-01 7.27939857694944e-01 2.35417871403744e-01
-2.87369397736581e-01 5.51929928147656e-01 2.97171877257051e-01
1.07030464260010e+00 -2.87290200327240e-01 -1.53277337155657e-01
-3.29632092157303e-01 1.94535525159765e-01 -3.26902730396445e-01
5.51878013250707e-01 -1.07042272680369e+00 7.97466585523719e-02
-3.82529013891572e-01 -1.00164130478542e+00 1.71880525203783e-01
2.63192228287369e-05 1.08370123907275e-04 3.43741323906707e-01
-3.82773191687674e-01 1.00167750239225e+00 1.71822352648995e-01
-3.82644052307136e-01 -1.00168699947580e+00 -1.71840255916796e-01
1.23809405375590e+00 9.55777687582987e-05 -7.90842730112456e-05
1.00156610083583e+00 -6.19045837828310e-01 -1.06275541877094e-01
-6.19167540310696e-01 -3.82768773257885e-01 -2.78053154685297e-01
1.00172683847737e+00 -6.18992817385159e-01 1.06182529941483e-01
-6.19265783447687e-01 3.82310792689590e-01 -2.78084856589583e-01
-1.23809407685317e+00 -1.80090585535519e-04 7.06355475023089e-06
3.82478954801629e-01 -1.00166621277851e+00 -1.71877923460832e-01
6.18808527117241e-01 -3.82670765923059e-01 -2.78125149515022e-01
-2.66680044340705e-04 1.23809402976242e+00 -7.78213462330326e-05
6.18736385705737e-01 3.82488404466604e-01 -2.78156855653535e-01
9.03755321558413e-06 -1.23809409000236e+00 5.81283309331715e-06
3.82674171840838e-01 -1.00162051209403e+00 1.71864957768535e-01
-6.19119740563613e-01 3.82619333999038e-01 2.78077212233789e-01
1.00146241515823e+00 6.19112347557276e-01 -1.06320985733201e-01
-6.19021483292032e-01 -3.82589916867602e-01 2.78097192900221e-01
6.19092319349810e-01 3.82797009404036e-01 2.78063068879345e-01
1.00162314794868e+00 6.19245550818396e-01 1.06144332676034e-01
-1.00158212656359e+00 -6.19111643437936e-01 1.06234343752039e-01
6.19164471388046e-01 -3.82491873873663e-01 2.78083051592929e-01
3.82472219616338e-01 1.00182710896799e+00 1.71806780425621e-01
-1.00161315520876e+00 -6.19164642263451e-01 -1.06187974376079e-01
-2.83911024175851e-04 -1.92886184125359e-04 -3.43741312091892e-01
3.82277020956762e-01 1.00157152131453e+00 -1.71955070291546e-01
-1.00175414525486e+00 6.18918298021251e-01 1.06196154941770e-01
-1.00178516293196e+00 6.18785139894198e-01 -1.06233408196767e-01
-3.82888210924050e-01 1.00142194691328e+00 -1.71917396835812e-01
-6.50861620056005e-01 -1.05321228693717e+00 2.22134846718728e-05
6.50909751470901e-01 -1.05318254104092e+00 -2.30714280762621e-05
6.50712977954579e-01 1.05330407830464e+00 -9.42198236017789e-05
-6.51133915630651e-01 1.05304395401253e+00 -4.89240593763072e-05
-1.05319776450288e+00 -8.03234265270856e-05 1.80710105410125e-01
-1.05324487605793e+00 -2.38674136539101e-04 -1.80688928271031e-01
1.05301055045934e+00 -4.20682579388294e-06 -1.80794184803607e-01
1.05328967777980e+00 1.54203221131488e-04 1.80668803572135e-01
-6.93141928311384e-05 6.51060123120190e-01 2.92377142147303e-01
7.56490461732799e-05 -6.50865013787808e-01 2.92410624841688e-01
-1.88258062909946e-04 -6.51005289448320e-01 -2.92386549545526e-01
-3.33202678772836e-04 6.50687860133022e-01 -2.92441000384013e-01
3 631 67 1
3 599 6 67
3 497 1 6
3 67 6 1
3 615 294 296
3 494 73 294
3 599 296 73
3 294 73 296
3 614 232 293
3 497 231 232
3 494 293 231
3 232 231 293
3 599 73 6
3 494 231 73
3 497 6 231
3 73 231 6
3 639 43 297
3 553 473 43
3 490 297 473
3 43 473 297
3 600 430 152
3 542 47 430
3 553 152 47
3 430 47 152
3 615 74 70
3 490 340 74
3 542 70 340
3 74 340 70
3 553 47 473
3 542 340 47
3 490 473 340
3 47 340 473
3 630 374 145
3 495 353 374
3 543 145 353
3 374 353 145
3 614 284 147
3 541 350 284
3 495 147 350
3 284 350 147
3 600 262 168
3 543 373 262
3 541 168 373
3 262 373 168
3 495 350 353
3 541 373 350
3 543 353 373
3 350 373 353
3 615 70 294
3 542 339 70
3 494 294 339
3 70 339 294
3 600 168 430
3 541 372 168
3 542 430 372
3 168 372 430
3 614 293 284
3 494 336 293
3 541 284 336
3 293 336 284
3 542 372 339
3 541 336 372
3 494 339 336
3 372 336 339
3 640 236 3
3 503 286 236
3 559 3 286
3 236 286 3
3 610 467 357
3 489 135 467
3 503 357 135
3 467 135 357
3 603 5 338
3 559 246 5
3 489 338 246
3 5 246 338
3 503 135 286
3 489 246 135
3 559 286 246
3 135 246 286
3 631 1 104
3 497 458 1
3 558 104 458
3 1 458 104
3 614 436 232
3 552 453 436
3 497 232 453
3 436 453 232
3 610 320 433
3 558 337 320
3 552 433 337
3 320 337 433
3 497 453 458
3 552 337 453
3 558 458 337
3 453 337 458
3 630 290 374
3 498 241 290
3 495 374 241
3 290 241 374
3 603 319 429
3 496 258 319
3 498 429 258
3 319 258 429
3 614 147 452
3 495 237 147
3 496 452 237
3 147 237 452
3 498 258 241
3 496 237 258
3 495 241 237
3 258 237 241
3 610 433 467
3 552 242 433
3 489 467 242
3 433 242 467
3 614 452 436
3 496 25 452
3 552 436 25
3 452 25 436
3 603 338 319
3 489 17 338
3 496 319 17
3 338 17 319
3 552 25 242
3 496 17 25
3 489 242 17
3 25 17 242
3 635 349 20
3 580 363 349
3 513 20 363
3 349 363 20
3 606 272 9
3 515 44 272
3 580 9 44
3 272 44 9
3 624 364 45
3 513 129 364
3 515 45 129
3 364 129 45
3 580 44 363
3 515 129 44
3 513 363 129
3 44 129 363
3 640 3 194
3 559 140 3
3 518 194 140
3 3 140 194
3 603 87 5
3 528 399 87
3 559 5 399
3 87 399 5
3 606 199 89
3 518 254 199
3 528 89 254
3 199 254 89
3 559 399 140
3 528 254 399
3 518 140 254
3 399 254 140
3 630 85 290
3 510 470 85
3 498 290 470
3 85 470 290
3 624 217 442
3 554 86 217
3 510 442 86
3 217 86 442
3 603 429 459
3 498 475 429
3 554 459 475
3 429 475 459
3 510 86 470
3 554 475 86
3 498 470 475
3 86 475 470
3 606 89 272
3 528 213 89
3 515 272 213
3 89 213 272
3 603 459 87
3 554 394 459
3 528 87 394
3 459 394 87
3 624 45 217
3 515 100 45
3 554 217 100
3 45 100 217
3 528 394 213
3 554 100 394
3 515 213 100
3 394 100 213
3 634 279 111
3 521 411 279
3 550 111 411
3 279 411 111
3 609 151 405
3 582 163 151
3 521 405 163
3 151 163 405
3 621 461 376
3 550 464 461
3 582 376 464
3 461 464 376
3 521 163 411
3 582 464 163
3 550 411 464
3 163 464 411
3 635 20 205
3 513 235 20
3 524 205 235
3 20 235 205
3 624 2 364
3 584 365 2
3 513 364 365
3 2 365 364
3 609 314 234
3 524 90 314
3 584 234 90
3 314 90 234
3 513 365 235
3 584 90 365
3 524 235 90
3 365 90 235
3 630 450 85
3 544 441 450
3 510 85 441
3 450 441 85
3 621 36 316
3 491 356 36
3 544 316 356
3 36 356 316
3 624 442 38
3 510 8 442
3 491 38 8
3 442 8 38
3 544 356 441
3 491 8 356
3 510 441 8
3 356 8 441
3 609 234 151
3 584 380 234
3 582 151 380
3 234 380 151
3 624 38 2
3 491 40 38
3 584 2 40
3 38 40 2
3 621 376 36
3 582 37 376
3 491 36 37
3 376 37 36
3 584 40 380
3 491 37 40
3 582 380 37
3 40 37 380
3 639 132 43
3 555 348 132
3 553 43 348
3 132 348 43
3 618 58 359
3 545 34 58
3 555 359 34
3 58 34 359
3 600 152 412
3 553 33 152
3 545 412 33
3 152 33 412
3 555 34 348
3 545 33 34
3 553 348 33
3 34 33 348
3 634 111 420
3 550 302 111
3 551 420 302
3 111 302 420
3 621 177 461
3 486 255 177
3 550 461 255
3 177 255 461
3 618 174 62
3 551 257 174
3 486 62 257
3 174 257 62
3 550 255 302
3 486 257 255
3 551 302 257
3 255 257 302
3 630 145 450
3 543 414 145
3 544 450 414
3 145 414 450
3 600 310 262
3 484 122 310
3 543 262 122
3 310 122 262
3 621 316 92
3 544 123 316
3 484 92 123
3 316 123 92
3 543 122 414
3 484 123 122
3 544 414 123
3 122 123 414
3 618 62 58
3 486 142 62
3 545 58 142
3 62 142 58
3 621 92 177
3 484 141 92
3 486 177 141
3 92 141 177
3 600 412 310
3 545 124 412
3 484 310 124
3 412 124 310
3 486 141 142
3 484 124 141
3 545 142 124
3 141 124 142
3 638 371 229
3 523 225 371
3 512 229 225
3 371 225 229
3 623 230 253
3 570 144 230
3 523 253 144
3 230 144 253
3 602 333 476
3 512 331 333
3 570 476 331
3 333 331 476
3 523 144 225
3 570 331 144
3 512 225 331
3 144 331 225
3 632 303 445
3 514 200 303
3 520 445 200
3 303 200 445
3 612 139 84
3 575 305 139
3 514 84 305
3 139 305 84
3 623 309 248
3 520 159 309
3 575 248 159
3 309 159 248
3 514 305 200
3 575 159 305
3 520 200 159
3 305 159 200
3 633 39 244
3 509 298 39
3 517 244 298
3 39 298 244
3 602 383 150
3 505 195 383
3 509 150 195
3 383 195 150
3 612 16 42
3 517 299 16
3 505 42 299
3 16 299 42
3 509 195 298
3 505 299 195
3 517 298 299
3 195 299 298
3 623 248 230
3 575 220 248
3 570 230 220
3 248 220 230
3 612 42 139
3 505 76 42
3 575 139 76
3 42 76 139
3 602 476 383
3 570 71 476
3 505 383 71
3 476 71 383
3 575 76 220
3 505 71 76
3 570 220 71
3 76 71 220
3 634 238 138
3 590 137 238
3 579 138 137
3 238 137 138
3 616 344 13
3 522 120 344
3 590 13 120
3 344 120 13
3 627 22 0
3 579 179 22
3 522 0 179
3 22 179 0
3 590 120 137
3 522 179 120
3 579 137 179
3 120 179 137
3 638 229 153
3 512 226 229
3 596 153 226
3 229 226 153
3 602 10 333
3 507 283 10
3 512 333 283
3 10 283 333
3 616 384 131
3 596 358 384
3 507 131 358
3 384 358 131
3 512 283 226
3 507 358 283
3 596 226 358
3 283 358 226
3 633 334 39
3 578 79 334
3 509 39 79
3 334 79 39
3 627 162 227
3 573 208 162
3 578 227 208
3 162 208 227
3 602 150 397
3 509 72 150
3 573 397 72
3 150 72 397
3 578 208 79
3 573 72 208
3 509 79 72
3 208 72 79
3 616 131 344
3 507 416 131
3 522 344 416
3 131 416 344
3 602 397 10
3 573 55 397
3 507 10 55
3 397 55 10
3 627 0 162
3 522 175 0
3 573 162 175
3 0 175 162
3 507 55 416
3 573 175 55
3 522 416 175
3 55 175 416
3 635 205 118
3 524 158 205
3 574 118 158
3 205 158 118
3 609 4 314
3 588 93 4
3 524 314 93
3 4 93 314
3 628 477 233
3 574 478 477
3 588 233 478
3 477 478 233
3 524 93 158
3 588 478 93
3 574 158 478
3 93 478 158
3 634 138 279
3 579 172 138
3 521 279 172
3 138 172 279
3 627 451 22
3 587 23 451
3 579 22 23
3 451 23 22
3 609 405 211
3 521 165 405
3 587 211 165
3 405 165 211
3 579 23 172
3 587 165 23
3 521 172 165
3 23 165 172
3 633 444 334
3 572 201 444
3 578 334 201
3 444 201 334
3 628 268 311
3 519 381 268
3 572 311 381
3 268 381 311
3 627 227 267
3 578 385 227
3 519 267 385
3 227 385 267
3 572 381 201
3 519 385 381
3 578 201 385
3 381 385 201
3 609 211 4
3 587 454 211
3 588 4 454
3 211 454 4
3 627 267 451
3 519 269 267
3 587 451 269
3 267 269 451
3 628 233 268
3 588 271 233
3 519 268 271
3 233 271 268
3 587 269 454
3 519 271 269
3 588 454 271
3 269 271 454
3 641 181 155
3 482 91 181
3 501 155 91
3 181 91 155
3 608 31 186
3 483 59 31
3 482 186 59
3 31 59 186
3 629 390 260
3 501 108 390
3 483 260 108
3 390 108 260
3 482 59 91
3 483 108 59
3 501 91 108
3 59 108 91
3 635 118 164
3 574 7 118
3 539 164 7
3 118 7 164
3 628 125 477
3 481 15 125
3 574 477 15
3 125 15 477
3 608 280 346
3 539 19 280
3 481 346 19
3 280 19 346
3 574 15 7
3 481 19 15
3 539 7 19
3 15 19 7
3 633 265 444
3 557 126 265
3 572 444 126
3 265 126 444
3 629 277 154
3 511 105 277
3 557 154 105
3 277 105 154
3 628 311 276
3 572 317 311
3 511 276 317
3 311 317 276
3 557 105 126
3 511 317 105
3 572 126 317
3 105 317 126
3 608 346 31
3 481 256 346
3 483 31 256
3 346 256 31
3 628 276 125
3 511 243 276
3 481 125 243
3 276 243 125
3 629 260 277
3 483 216 260
3 511 277 216
3 260 216 277
3 481 243 256
3 511 216 243
3 483 256 216
3 243 216 256
3 632 215 303
3 593 304 215
3 514 303 304
3 215 304 303
3 626 88 110
3 576 203 88
3 593 110 203
3 88 203 110
3 612 84 440
3 514 307 84
3 576 440 307
3 84 307 440
3 593 203 304
3 576 307 203
3 514 304 307
3 203 307 304
3 641 155 247
3 501 382 155
3 527 247 382
3 155 382 247
3 629 209 390
3 530 35 209
3 501 390 35
3 209 35 390
3 626 24 207
3 527 191 24
3 530 207 191
3 24 191 207
3 501 35 382
3 530 191 35
3 527 382 191
3 35 191 382
3 633 244 265
3 517 130 244
3 557 265 130
3 244 130 265
3 612 273 16
3 577 355 273
3 517 16 355
3 273 355 16
3 629 154 400
3 557 127 154
3 577 400 127
3 154 127 400
3 517 355 130
3 577 127 355
3 557 130 127
3 355 127 130
3 626 207 88
3 530 471 207
3 576 88 471
3 207 471 88
3 629 400 209
3 577 472 400
3 530 209 472
3 400 472 209
3 612 440 273
3 576 250 440
3 577 273 250
3 440 250 273
3 530 472 471
3 577 250 472
3 576 471 250
3 472 250 471
3 641 247 249
3 527 190 247
3 571 249 190
3 247 190 249
3 626 134 24
3 569 78 134
3 527 24 78
3 134 78 24
3 613 368 12
3 571 408 368
3 569 12 408
3 368 408 12
3 527 78 190
3 569 408 78
3 571 190 408
3 78 408 190
3 632 387 215
3 563 389 387
3 593 215 389
3 387 389 215
3 617 196 157
3 504 425 196
3 563 157 425
3 196 425 157
3 626 110 300
3 593 437 110
3 504 300 437
3 110 437 300
3 563 425 389
3 504 437 425
3 593 389 437
3 425 437 389
3 636 193 156
3 508 426 193
3 567 156 426
3 193 426 156
3 613 324 432
3 506 161 324
3 508 432 161
3 324 161 432
3 617 388 327
3 567 398 388
3 506 327 398
3 388 398 327
3 508 161 426
3 506 398 161
3 567 426 398
3 161 398 426
3 626 300 134
3 504 427 300
3 569 134 427
3 300 427 134
3 617 327 196
3 506 180 327
3 504 196 180
3 327 180 196
3 613 12 324
3 569 402 12
3 506 324 402
3 12 402 324
3 504 180 427
3 506 402 180
3 569 427 402
3 180 402 427
3 640 197 252
3 562 323 197
3 487 252 323
3 197 323 252
3 625 342 439
3 485 360 342
3 562 439 360
3 342 360 439
3 611 369 228
3 487 421 369
3 485 228 421
3 369 421 228
3 562 360 323
3 485 421 360
3 487 323 421
3 360 421 323
3 641 249 133
3 571 409 249
3 565 133 409
3 249 409 133
3 613 83 368
3 566 422 83
3 571 368 422
3 83 422 368
3 625 361 198
3 565 282 361
3 566 198 282
3 361 282 198
3 571 422 409
3 566 282 422
3 565 409 282
3 422 282 409
3 636 375 193
3 547 182 375
3 508 193 182
3 375 182 193
3 611 28 143
3 533 101 28
3 547 143 101
3 28 101 143
3 613 432 30
3 508 61 432
3 533 30 61
3 432 61 30
3 547 101 182
3 533 61 101
3 508 182 61
3 101 61 182
3 625 198 342
3 566 362 198
3 485 342 362
3 198 362 342
3 613 30 83
3 533 318 30
3 566 83 318
3 30 318 83
3 611 228 28
3 485 14 228
3 533 28 14
3 228 14 28
3 566 318 362
3 533 14 318
3 485 362 14
3 318 14 362
3 631 104 185
3 558 462 104
3 589 185 462
3 104 462 185
3 610 431 320
3 581 456 431
3 558 320 456
3 431 456 320
3 605 291 295
3 589 75 291
3 581 295 75
3 291 75 295
3 558 456 462
3 581 75 456
3 589 462 75
3 456 75 462
3 640 252 236
3 487 109 252
3 503 236 109
3 252 109 236
3 611 449 369
3 548 112 449
3 487 369 112
3 449 112 369
3 610 357 448
3 503 173 357
3 548 448 173
3 357 173 448
3 487 112 109
3 548 173 112
3 503 109 173
3 112 173 109
3 636 417 375
3 597 378 417
3 547 375 378
3 417 378 375
3 605 455 56
3 583 322 455
3 597 56 322
3 455 322 56
3 611 143 99
3 547 261 143
3 583 99 261
3 143 261 99
3 597 322 378
3 583 261 322
3 547 378 261
3 322 261 378
3 610 448 431
3 548 97 448
3 581 431 97
3 448 97 431
3 611 99 449
3 583 98 99
3 548 449 98
3 99 98 449
3 605 295 455
3 581 69 295
3 583 455 69
3 295 69 455
3 548 98 97
3 583 69 98
3 581 97 69
3 98 69 97
3 637 435 285
3 556 457 435
3 493 285 457
3 435 457 285
3 607 332 77
3 564 466 332
3 556 77 466
3 332 466 77
3 604 418 329
3 493 103 418
3 564 329 103
3 418 103 329
3 556 466 457
3 564 103 466
3 493 457 103
3 466 103 457
3 631 185 53
3 589 415 185
3 549 53 415
3 185 415 53
3 605 377 291
3 586 149 377
3 589 291 149
3 377 149 291
3 607 167 379
3 549 413 167
3 586 379 413
3 167 413 379
3 589 149 415
3 586 413 149
3 549 415 413
3 149 413 415
3 636 396 417
3 488 401 396
3 597 417 401
3 396 401 417
3 604 116 48
3 560 343 116
3 488 48 343
3 116 343 48
3 605 56 117
3 597 474 56
3 560 117 474
3 56 474 117
3 488 343 401
3 560 474 343
3 597 401 474
3 343 474 401
3 607 379 332
3 586 115 379
3 564 332 115
3 379 115 332
3 605 117 377
3 560 341 117
3 586 377 341
3 117 341 377
3 604 329 116
3 564 270 329
3 560 116 270
3 329 270 116
3 586 341 115
3 560 270 341
3 564 115 270
3 341 270 115
3 632 245 387
3 561 281 245
3 563 387 281
3 245 281 387
3 620 80 136
3 500 366 80
3 561 136 366
3 80 366 136
3 617 157 438
3 563 367 157
3 500 438 367
3 157 367 438
3 561 366 281
3 500 367 366
3 563 281 367
3 366 367 281
3 637 285 465
3 493 106 285
3 568 465 106
3 285 106 465
3 604 63 418
3 532 210 63
3 493 418 210
3 63 210 418
3 620 325 289
3 568 306 325
3 532 289 306
3 325 306 289
3 493 210 106
3 532 306 210
3 568 106 306
3 210 306 106
3 636 156 396
3 567 347 156
3 488 396 347
3 156 347 396
3 617 206 388
3 480 345 206
3 567 388 345
3 206 345 388
3 604 48 95
3 488 460 48
3 480 95 460
3 48 460 95
3 567 345 347
3 480 460 345
3 488 347 460
3 345 460 347
3 620 289 80
3 532 21 289
3 500 80 21
3 289 21 80
3 604 95 63
3 480 479 95
3 532 63 479
3 95 479 63
3 617 438 206
3 500 121 438
3 480 206 121
3 438 121 206
3 532 479 21
3 480 121 479
3 500 21 121
3 479 121 21
3 641 133 181
3 565 313 133
3 482 181 313
3 133 313 181
3 625 128 361
3 598 18 128
3 565 361 18
3 128 18 361
3 608 186 354
3 482 64 186
3 598 354 64
3 186 64 354
3 565 18 313
3 598 64 18
3 482 313 64
3 18 64 313
3 640 194 197
3 518 251 194
3 562 197 251
3 194 251 197
3 606 114 199
3 516 119 114
3 518 199 119
3 114 119 199
3 625 439 330
3 562 221 439
3 516 330 221
3 439 221 330
3 518 119 251
3 516 221 119
3 562 251 221
3 119 221 251
3 635 164 349
3 539 51 164
3 580 349 51
3 164 51 349
3 608 264 280
3 499 240 264
3 539 280 240
3 264 240 280
3 606 9 263
3 580 32 9
3 499 263 32
3 9 32 263
3 539 240 51
3 499 32 240
3 580 51 32
3 240 32 51
3 625 330 128
3 516 468 330
3 598 128 468
3 330 468 128
3 606 263 114
3 499 11 263
3 516 114 11
3 263 11 114
3 608 354 264
3 598 146 354
3 499 264 146
3 354 146 264
3 516 11 468
3 499 146 11
3 598 468 146
3 11 146 468
3 639 315 132
3 538 222 315
3 555 132 222
3 315 222 132
3 601 423 446
3 526 178 423
3 538 446 178
3 423 178 446
3 618 359 60
3 555 424 359
3 526 60 424
3 359 424 60
3 538 178 222
3 526 424 178
3 555 222 424
3 178 424 222
3 638 153 184
3 596 183 153
3 536 184 183
3 153 183 184
3 616 278 384
3 525 50 278
3 596 384 50
3 278 50 384
3 601 288 160
3 536 170 288
3 525 160 170
3 288 170 160
3 596 50 183
3 525 170 50
3 536 183 170
3 50 170 183
3 634 420 238
3 551 419 420
3 590 238 419
3 420 419 238
3 618 189 174
3 585 287 189
3 551 174 287
3 189 287 174
3 616 13 188
3 590 428 13
3 585 188 428
3 13 428 188
3 551 287 419
3 585 428 287
3 590 419 428
3 287 428 419
3 601 160 423
3 525 57 160
3 526 423 57
3 160 57 423
3 616 188 278
3 585 403 188
3 525 278 403
3 188 403 278
3 618 60 189
3 526 176 60
3 585 189 176
3 60 176 189
3 525 403 57
3 585 176 403
3 526 57 176
3 403 176 57
3 637 465 407
3 568 352 465
3 535 407 352
3 465 352 407
3 620 434 325
3 591 463 434
3 568 325 463
3 434 463 325
3 619 166 301
3 535 404 166
3 591 301 404
3 166 404 301
3 568 463 352
3 591 404 463
3 535 352 404
3 463 404 352
3 632 445 245
3 520 46 445
3 561 245 46
3 445 46 245
3 623 219 309
3 502 393 219
3 520 309 393
3 219 393 309
3 620 136 218
3 561 392 136
3 502 218 392
3 136 392 218
3 520 393 46
3 502 392 393
3 561 46 392
3 393 392 46
3 638 29 371
3 537 148 29
3 523 371 148
3 29 148 371
3 619 81 259
3 595 27 81
3 537 259 27
3 81 27 259
3 623 253 192
3 523 370 253
3 595 192 370
3 253 370 192
3 537 27 148
3 595 370 27
3 523 148 370
3 27 370 148
3 620 218 434
3 502 326 218
3 591 434 326
3 218 326 434
3 623 192 219
3 595 328 192
3 502 219 328
3 192 328 219
3 619 301 81
3 591 82 301
3 595 81 82
3 301 82 81
3 502 328 326
3 595 82 328
3 591 326 82
3 328 82 326
3 639 214 315
3 540 113 214
3 538 315 113
3 214 113 315
3 622 266 102
3 592 212 266
3 540 102 212
3 266 212 102
3 601 446 41
3 538 312 446
3 592 41 312
3 446 312 41
3 540 212 113
3 592 312 212
3 538 113 312
3 212 312 113
3 637 407 96
3 535 469 407
3 534 96 469
3 407 469 96
3 619 239 166
3 594 406 239
3 535 166 406
3 239 406 166
3 622 447 351
3 534 94 447
3 594 351 94
3 447 94 351
3 535 406 469
3 594 94 406
3 534 469 94
3 406 94 469
3 638 184 29
3 536 26 184
3 537 29 26
3 184 26 29
3 601 391 288
3 529 169 391
3 536 288 169
3 391 169 288
3 619 259 49
3 537 171 259
3 529 49 171
3 259 171 49
3 536 169 26
3 529 171 169
3 537 26 171
3 169 171 26
3 622 351 266
3 594 386 351
3 592 266 386
3 351 386 266
3 619 49 239
3 529 275 49
3 594 239 275
3 49 275 239
3 601 41 391
3 592 274 41
3 529 391 274
3 41 274 391
3 594 275 386
3 529 274 275
3 592 386 274
3 275 274 386
3 631 53 67
3 549 54 53
3 599 67 54
3 53 54 67
3 607 187 167
3 546 395 187
3 549 167 395
3 187 395 167
3 615 296 292
3 599 68 296
3 546 292 68
3 296 68 292
3 549 395 54
3 546 68 395
3 599 54 68
3 395 68 54
3 637 96 435
3 534 224 96
3 556 435 224
3 96 224 435
3 622 321 447
3 492 204 321
3 534 447 204
3 321 204 447
3 607 77 107
3 556 443 77
3 492 107 443
3 77 443 107
3 534 204 224
3 492 443 204
3 556 224 443
3 204 443 224
3 639 297 214
3 490 335 297
3 540 214 335
3 297 335 214
3 615 410 74
3 531 223 410
3 490 74 223
3 410 223 74
3 622 102 52
3 540 65 102
3 531 52 65
3 102 65 52
3 490 223 335
3 531 65 223
3 540 335 65
3 223 65 335
3 607 107 187
3 492 308 107
3 546 187 308
3 107 308 187
3 622 52 321
3 531 202 52
3 492 321 202
3 52 202 321
3 615 292 410
3 546 66 292
3 531 410 66
3 292 66 410
3 492 202 308
3 531 66 202
3 546 308 66
3 202 66 308
