OFF
642 1280 0
-9.42327667674386e-01 5.88487496775754e-01 1.50628716804934e-01
5.36737399550047e-01 -1.12543729390331e+00 -1.62054427351419e-05
-1.11096377445056e+00 -4.84402474063373e-01 -7.79528643122129e-02
-7.95754489166110e-02 -7.44729311545449e-01 -2.65277423672864e-01
-1.23153063409745e+00 1.68569337747226e-01 -2.60908841153682e-02
-2.83637870598224e-01 -9.36518181803082e-01 -2.05643906214560e-01
4.64445715407341e-01 -1.14723370665522e+00 4.02181736102729e-02
-9.96169540512277e-01 2.44339911584339e-01 -1.88665344009109e-01
-9.64671289926955e-01 -7.84300952302646e-01 -2.52139100023666e-02
-7.72979775250160e-01 -2.83747711383495e-01 -2.49164052070056e-01
-4.68227001806517e-01 8.81652309154756e-01 1.98810099996340e-01
-4.96524230936110e-01 -9.90201587567231e-02 -3.03221601760144e-01
5.88255503824798e-01 5.66029034425296e-01 -2.50803826917505e-01
-7.72941887616909e-01 2.83539506253988e-01 2.49189158526200e-01
4.96042382640620e-01 -9.89178567669572e-02 -3.03279808616804e-01
-9.80125599612996e-01 4.17390819161588e-01 -1.72425972036631e-01
-1.94388997443932e-01 1.23162859433462e+00 -6.81487709705207e-05
-9.88545425059005e-02 -1.13957822194639e+00 -1.32063489639910e-01
-1.63585798692288e-01 2.88675500708898e-01 -3.19843541653028e-01
-8.85298727824448e-01 3.58769871019666e-01 -2.13259085638684e-01
-1.07639555324427e+00 -1.28710932819068e-01 -1.63934596215966e-01
1.13951737741525e+00 4.96486557140770e-01 2.62054010666177e-02
-1.05651242270907e+00 4.58671934189248e-01 1.27093661013365e-01
-1.14333587049886e+00 3.16613732777960e-01 1.02110153438518e-01
2.83212720508709e-01 9.36337267782611e-01 -2.05743715428484e-01
-3.81939006261777e-05 -1.20062707312068e+00 -8.95300750211029e-02
1.51159737577244e-01 4.64589830089588e-01 3.05275466940994e-01
4.17650606042674e-01 6.48179491704355e-01 2.60752140753126e-01
6.42660655207084e-01 -1.95071413869277e-01 -2.79560171131117e-01
1.28443882095022e-01 6.16322275544337e-01 2.86406211196127e-01
6.42624100582472e-01 1.94875929143988e-01 -2.79575776065330e-01
-5.88819294910045e-01 5.65842414237364e-01 -2.50739951306038e-01
-7.84348752493332e-01 -9.50786486276922e-02 -2.56691040552660e-01
-3.58993224699412e-01 -8.01425104146716e-01 2.35555590658474e-01
-4.17620569616409e-01 -6.47957996906267e-01 2.60794527841884e-01
-9.51764391093738e-02 9.64528761773067e-01 -2.08744291465870e-01
-1.05033314536219e+00 -6.43004600368571e-01 5.19029820362999e-02
-1.13950443774837e+00 -4.96439766056644e-01 2.63078211938974e-02
-1.05034760063214e+00 -6.43030968181152e-01 -5.18591152341548e-02
-6.16373407025914e-01 1.07625155932198e+00 3.41438070891496e-02
-1.13951027984965e+00 -4.96455560588093e-01 -2.62687658171643e-02
1.68833756136100e-01 -9.79438078567415e-02 3.27716812306391e-01
-9.83081966167608e-02 1.23151675306503e+00 4.48444075689003e-02
-7.93389275824561e-02 -7.44611424415806e-01 2.65305873558771e-01
-8.85201388077890e-01 -3.59239988957097e-01 -2.13231654002518e-01
-9.42218498874487e-01 -5.88707475083006e-01 -1.50616205220385e-01
7.08898077188257e-01 9.96231897187095e-01 6.50105595746624e-02
-9.47725933084863e-02 -9.64711182192582e-01 2.08697602419886e-01
1.23162364953621e+00 7.09472507663044e-05 -5.17375011286593e-02
4.84309306325846e-01 2.93227108710388e-01 2.95630274521248e-01
-3.16808683218664e-01 3.83850900651867e-01 3.04227908860843e-01
-9.02729680404090e-01 -2.47670624713107e-04 -2.28882886962647e-01
5.88692629343994e-01 -5.66055186914733e-01 2.50727003662087e-01
7.44661202925391e-01 -9.96937935029405e-01 2.11061532691979e-02
7.09081265683184e-01 -9.96045316197113e-01 6.50715113141543e-02
-6.43373108173337e-01 8.03075896674829e-01 1.87384037341921e-01
1.05632790888382e+00 -4.58789579414444e-01 -1.27172176333172e-01
-3.36478158664283e-01 6.60497207179150e-05 3.19497551923085e-01
-5.88532073484488e-01 -5.66130649905463e-01 2.50741629686033e-01
-4.17956481829718e-01 6.47696184067639e-01 -2.60802475375156e-01
-4.84243433094980e-01 -2.93013485113250e-01 2.95652914554613e-01
7.83954303063186e-01 9.47717098731587e-02 -2.56784392730670e-01
-7.47203351826389e-01 -4.68088338013033e-01 2.34612546938812e-01
1.23150696302682e+00 1.68904850269667e-01 2.60162405199637e-02
-3.17034342660117e-01 3.83498979075591e-01 -3.04242691090645e-01
4.17780113644055e-01 -6.47910150810764e-01 2.60784849967213e-01
6.43330936475048e-01 -8.03040554395654e-01 1.87405015429123e-01
6.16173287887411e-01 -1.07635265487937e+00 3.41739060967240e-02
6.48041026336836e-01 -9.79971181516683e-01 1.11129923908105e-01
8.02945365140670e-01 -7.04311752640732e-01 -1.71207015977923e-01
1.95056319322067e-01 -1.05037901817833e+00 1.71089766226705e-01
-9.89983538388001e-02 1.13963718504766e+00 1.32019822447366e-01
-6.48160458180559e-01 9.79934285899570e-01 1.11103636417591e-01
3.83806654288044e-01 -1.14327381368752e+00 8.42836441907216e-02
2.83637222632519e-01 -9.36432876279614e-01 2.05671477276612e-01
8.01366104406870e-01 -8.85152982378132e-01 -9.55827850752388e-02
-2.21256442032739e-04 1.20068870021524e+00 8.94715110759921e-02
1.05653241080499e+00 -4.58710149759563e-01 1.27072125476966e-01
3.58717669171253e-01 8.01303945462210e-01 -2.35614499974672e-01
-7.09234130053246e-01 9.95956168764994e-01 6.50501624781560e-02
1.05034360180042e+00 6.43102257806038e-01 5.18022180643301e-02
5.88584776281426e-01 5.66347957661572e-01 2.50698113846117e-01
7.04285358441006e-01 6.43450626588621e-01 2.13661013895252e-01
4.83940520117763e-01 2.92902032660321e-01 -2.95695854931820e-01
1.93861560253107e-01 1.23171171337943e+00 -8.10975330373149e-05
-7.44596209179410e-01 -9.96985864996450e-01 -2.11082060722315e-02
-8.01411237353087e-01 -8.85213043977265e-01 -9.55165760741158e-02
-4.68136585990123e-01 -8.81688434578605e-01 -1.98813833005287e-01
2.92729067284647e-01 1.11094316870076e+00 -1.28950419473938e-01
-5.88675009784171e-01 -5.66270278071809e-01 -2.50695536703652e-01
-1.20189172543842e+00 -1.63481213512245e-01 -7.68625818974771e-02
-2.44925550708374e-01 7.08781235643317e-01 -2.65089777543692e-01
-8.81553558503626e-01 -7.47279933969784e-01 1.24570871562895e-01
-1.20193881975791e+00 1.63059675417529e-01 -7.68738408653012e-02
7.84340268339785e-01 -9.46970692275027e-02 2.56702864869975e-01
1.23146209514984e+00 1.68878202373725e-01 -2.61783853674852e-02
9.97062115288503e-01 -7.92648763705636e-02 1.98119937514806e-01
6.43078323693329e-01 -8.03116895858456e-01 -1.87443242249367e-01
7.04107526054007e-01 -6.43269482978787e-01 -2.13741130342128e-01
7.47030625599481e-01 -4.68125514650072e-01 -2.34646243071857e-01
-8.03101533995033e-01 -7.04396178720890e-01 -1.71130531016661e-01
7.83971348472315e-01 -9.49164768994876e-02 -2.56776920919197e-01
4.58898361010793e-01 -4.77584098851418e-01 2.81125207418416e-01
1.20196802954008e+00 -1.63183957256123e-01 7.68228068022925e-02
6.16127769486396e-01 -1.07636069189428e+00 -3.42140738831952e-02
-6.48219635111665e-01 9.79763887846095e-01 -1.11185577430773e-01
1.14730919040694e+00 1.51341689189208e-01 1.23526554217418e-01
9.42327912017547e-01 -5.88508432724873e-01 1.50622816065380e-01
-3.59355845132041e-01 8.01176013106606e-01 -2.35576439312171e-01
2.44417062991316e-01 -7.09110126140284e-01 -2.65060723973279e-01
4.77376304584902e-01 1.05641564055865e+00 -1.22177873002318e-01
-1.07635256029352e+00 -1.28574329349415e-01 1.63962175145868e-01
4.17465799201915e-01 -6.48041925709847e-01 -2.60797307675087e-01
1.51259326558244e-01 -4.64350305294625e-01 3.05297780245785e-01
-4.84431434981471e-01 -2.93229083837637e-01 -2.95615965335850e-01
1.13959696186349e+00 -4.96280412812463e-01 2.62368253195330e-02
1.23148830893485e+00 -1.68711414654256e-01 -2.61672143520976e-02
1.11094468979227e+00 -4.84244876039735e-01 -7.80414144528564e-02
-1.07643172644449e+00 1.28237178526652e-01 -1.63944068156368e-01
-3.16942239515768e-01 -3.83924722863658e-01 -3.04211460819744e-01
-8.85217119178531e-01 3.59013157490050e-01 2.13254081819186e-01
1.13947369971443e+00 4.96454270300929e-01 -2.63826142479783e-02
-6.47907485173666e-01 -9.80009505498918e-01 1.11161127269671e-01
-8.01369598354030e-01 -8.85179096042173e-01 9.55635833709209e-02
-6.43166002028889e-01 -8.03097586435191e-01 1.87427797192478e-01
-9.42379895246791e-01 5.88293791696749e-01 -1.50659158207520e-01
-7.09266288329520e-01 9.95855708897235e-01 -6.51341939758925e-02
-3.84045055461211e-01 1.14312616863897e+00 -8.43485327306228e-02
-1.69054388708228e-01 9.78361585510640e-02 -3.27711034792122e-01
-9.80010204044697e-01 -4.17842227170958e-01 -1.72394994316575e-01
-4.64686470508354e-01 1.14710257599108e+00 -4.02860511202125e-02
-5.88676379292595e-01 5.66161272144320e-01 2.50712742997351e-01
-1.28426503638315e-01 -6.16111457922215e-01 2.86438881901462e-01
-3.30430936421382e-04 5.36511928291226e-01 -2.99520259769386e-01
4.67749030210929e-01 8.81532864729177e-01 -1.98927248921108e-01
9.47170297823818e-02 -9.64769049431912e-01 -2.08680444851760e-01
9.36391968428995e-01 7.73072330889320e-01 7.53736191884052e-02
-9.96110535704239e-01 2.44541496629534e-01 1.88668910335140e-01
-1.07638873631733e+00 1.28400364283489e-01 1.63955011279838e-01
9.78183905856454e-02 1.23155874051838e+00 4.48386004998149e-02
-2.44758193894190e-01 -7.09135656932701e-01 -2.65033594298247e-01
-8.03027146038806e-01 -7.04315794928360e-01 1.71178673806923e-01
-7.04236002243450e-01 -6.43242090216510e-01 2.13716993224222e-01
7.72648512256066e-01 -2.83612211425862e-01 -2.49247722177516e-01
9.47161964078328e-02 9.64883068330205e-01 2.08643137186006e-01
-6.16097439039935e-01 -1.07637921587883e+00 3.42114830746357e-02
-4.96548915139709e-01 9.85478205889962e-02 -3.03229636193705e-01
-1.94101617966545e-01 -1.23167394317512e+00 1.15959588143451e-05
2.44559118030552e-01 7.09225641950394e-01 2.65029556973147e-01
9.64717984334276e-01 -7.84212421691009e-01 -2.52823041074785e-02
-4.77869749739466e-01 1.05641816321027e+00 1.22039647732419e-01
-1.23147739923241e+00 -1.68929865542848e-01 2.61036919612031e-02
-2.83481017788162e-01 -9.36451720312802e-01 2.05680651953236e-01
-1.28568049948876e-01 6.16280428214070e-01 2.86408642751238e-01
-4.77947868270746e-01 1.05622509690883e+00 -1.22136285336313e-01
-7.97444872184297e-02 7.44414271719632e-01 -2.65336440415231e-01
1.07618260288020e+00 1.28499827253743e-01 -1.64045293072808e-01
9.36276304675656e-01 7.72966483460206e-01 -7.55520320961530e-02
-1.14729316526468e+00 1.50932551529966e-01 -1.23572535045293e-01
3.83576059985974e-01 1.14342274259654e+00 8.42148871644501e-02
-1.68780725501369e-01 9.81561134180195e-02 3.27714248514112e-01
8.84889271804020e-01 3.59019923958671e-01 -2.13349607925434e-01
-8.81756002487038e-01 7.47142952239822e-01 1.24527585350121e-01
-1.20187766982641e+00 -1.63418855892013e-01 7.68875324154192e-02
-9.97035250466985e-01 7.91570691905204e-02 -1.98132563567456e-01
-1.20192476662709e+00 1.63137886343412e-01 7.68776496974965e-02
7.72953681460441e-01 2.83748187383176e-01 2.49169746057367e-01
9.36524490971976e-01 -7.72847236015684e-01 7.54204750490170e-02
-2.92980203466674e-01 -1.11099683894352e+00 1.28877264875707e-01
1.63299476084012e-01 2.89070585932126e-01 3.19828633567246e-01
-1.63317600775050e-01 2.89026334066415e-01 3.19830810306923e-01
3.16767024390868e-01 3.83941748833780e-01 3.04222862525256e-01
-1.14726630421183e+00 1.51057326860340e-01 1.23579398297570e-01
3.58880400856799e-01 -8.01489361836026e-01 -2.35552282746744e-01
-7.72866752069182e-01 -2.83564464959344e-01 2.49203650146558e-01
-8.03214934703454e-01 7.04235500108574e-01 1.71139671710190e-01
-4.96333733476641e-01 -9.87618246621002e-02 3.03249652560010e-01
-9.42166260551099e-01 -5.88625715331387e-01 1.50661968303293e-01
-1.63250671824946e-01 -2.88850784159934e-01 3.19844460584067e-01
-9.80069938928517e-01 4.17593895753654e-01 1.72413556138113e-01
8.02819473581295e-01 7.04276058011197e-01 -1.71259213784789e-01
-1.28814568137523e-01 6.15907103751969e-01 -2.86457663325536e-01
9.02390670747116e-01 -4.67313285698719e-05 -2.28977544232539e-01
-1.51231275276299e-01 4.64544424730998e-01 3.05277851057377e-01
-4.84431975033280e-05 5.36887321268045e-01 2.99472634497320e-01
7.44631390717876e-01 -9.96943941296466e-01 -2.11604766311541e-02
-4.59053235756772e-01 4.77390115270043e-01 -2.81130633504966e-01
8.81707516847642e-01 -7.47193561197518e-01 1.24530393372649e-01
-6.42971453319229e-01 1.95001850414555e-01 2.79512996201060e-01
-6.42921174288304e-01 -1.94972469210494e-01 2.79522637527990e-01
2.44268642955410e-01 7.08864613206850e-01 -2.65116911334591e-01
9.45072006037950e-02 9.64565133681092e-01 -2.08753922174231e-01
4.67995035013248e-01 8.81825405657141e-01 1.98794412634243e-01
9.96737401672188e-01 7.93922131043751e-02 -1.98231999816573e-01
-1.28673035022015e-01 -6.16261938224861e-01 -2.86408121446104e-01
-3.83986138830816e-01 1.14326407980670e+00 8.42350875275555e-02
8.81390517446218e-01 7.47276511987171e-01 -1.24653996355248e-01
-2.10913179502489e-04 -5.36855115036411e-01 -2.99476718135808e-01
1.68469330202200e-01 9.78764958268831e-02 -3.27731517010336e-01
-4.58934886228936e-01 -4.77821925715655e-01 -2.81092364713973e-01
4.64219388060630e-01 1.14736079740788e+00 4.01464112169662e-02
-8.60400988414655e-01 9.02444604310712e-01 -3.52817794477481e-05
7.04403819487916e-01 -6.43160852650016e-01 2.13695141220545e-01
3.83476243931072e-01 1.14328481226978e+00 -8.43795277962299e-02
8.85271892115966e-01 -3.58949217917125e-01 2.13245602465309e-01
-1.12547930825434e+00 -2.33123897105945e-04 -1.42808468504507e-01
1.11086628658290e+00 4.84348648166567e-01 -7.80748380006355e-02
1.94651432651579e-01 1.05028420647392e+00 -1.71163623370202e-01
-8.01605517674246e-01 8.85045763710203e-01 9.55109023098792e-02
-1.95299526570398e-01 1.05020663079819e+00 -1.71145050536618e-01
1.20194240266604e+00 1.63438236318300e-01 7.68129205639470e-02
-1.23152635352640e+00 1.68595971251959e-01 2.60930056961876e-02
3.16845842271077e-01 -3.83670063581074e-01 3.04241321989669e-01
-7.04342204115803e-01 -6.43350694490151e-01 -2.13669054146912e-01
1.28576774600044e-01 -6.16096074194403e-01 2.86436451138042e-01
6.15924351384685e-01 1.07644489072013e+00 -3.42857763046273e-02
-6.43473454442187e-01 8.02809513953679e-01 -1.87440461000431e-01
-8.81601525878005e-01 -7.47335039890820e-01 -1.24523413144937e-01
8.81577152802141e-01 7.47449211043978e-01 1.24487100624261e-01
5.66037389277832e-01 9.42424918172154e-01 1.56561508362361e-01
9.86111329773440e-02 1.13967797469103e+00 1.32015409438325e-01
-1.63518886777878e-01 -2.89084835191824e-01 -3.19819782802025e-01
-1.51124002414993e-01 -4.64372238896408e-01 3.05300163517313e-01
3.59155585437141e-01 -8.01393159674907e-01 2.35545760128978e-01
9.96181033775277e-01 -2.44491423947884e-01 1.88647145745736e-01
-1.12390793008356e-04 8.60363973662407e-01 2.40160165013524e-01
-2.44716874445042e-01 7.09142231490784e-01 2.65035050537741e-01
-9.36606147258555e-01 7.72743009909601e-01 7.54242954786592e-02
4.83998006195078e-01 -2.93144969097742e-01 -2.95672142969510e-01
-7.95079908057637e-02 7.44781552551166e-01 2.65268469810393e-01
1.94833593472587e-01 1.05055413259188e+00 1.71031588916816e-01
2.88939301050554e-01 -1.20189550354894e+00 4.34482715208835e-02
1.94122753993562e-01 -1.23167061288676e+00 -1.34985009507161e-06
-1.11110103776402e+00 4.84011533676673e-01 -7.79862804389318e-02
-1.23148168096305e+00 -1.68950940155528e-01 -2.60797178051512e-02
-1.14725001751686e+00 -1.51384823881771e-01 -1.23561724987903e-01
7.92331399036759e-02 -7.44721467294757e-01 -2.65286238846519e-01
-2.88909208819785e-01 -1.20190865989149e+00 -4.34366680952757e-02
-9.96973405684188e-01 7.93481135234230e-02 1.98149189304320e-01
6.43000805052056e-01 1.95165953120505e-01 2.79500103677905e-01
-7.84373942544313e-01 9.45847237327002e-02 -2.56698511653820e-01
-4.64401835572622e-01 -1.14725588418539e+00 -4.02092556601799e-02
9.87261325921154e-02 -1.13957500667356e+00 -1.32072256411738e-01
-8.03289300423506e-01 7.04002897659148e-01 -1.71182718876259e-01
-5.36981806256046e-01 1.12532068405358e+00 -5.32779890322318e-05
7.44479788041565e-01 9.97092340290347e-01 2.10427515059715e-02
-9.49566160128708e-02 -9.64774905231762e-01 -2.08670816954573e-01
7.90705408393270e-02 7.44441784364153e-01 -2.65345256992159e-01
2.92874255903335e-01 1.11115142136345e+00 1.28799920395281e-01
1.28150993988036e-01 6.15948934112197e-01 -2.86472370315207e-01
-3.05559287266756e-04 1.20053894298309e+00 -8.96136898204434e-02
-1.51382378949060e-01 -4.64561817763763e-01 -3.05270673128165e-01
1.28283871499778e-01 -6.16246560604137e-01 -2.86422826601047e-01
2.83443186396241e-01 9.36646951487121e-01 2.05621383035378e-01
-4.17797404797890e-01 -6.48089752837509e-01 -2.60751282964591e-01
-9.79954528210352e-01 -4.17730027800092e-01 1.72436656762217e-01
-7.04510214015693e-01 6.42936014514203e-01 -2.13718214756493e-01
-8.85119773524993e-01 -3.59093318495094e-01 2.13273136876733e-01
-3.83766455864839e-01 -1.14330229428241e+00 -8.42692470207033e-02
4.58803966159863e-01 4.77870707936698e-01 2.81101626676588e-01
-4.68355469851560e-01 8.81359812456428e-01 -1.98880499244660e-01
8.84951829391996e-01 -3.59095935843456e-01 -2.13322172485380e-01
-4.77606881753858e-01 -1.05643694496859e+00 1.22100989788217e-01
-6.43070884031594e-01 -1.95193620333924e-01 -2.79487317782677e-01
-6.43121159553627e-01 1.94711887036369e-01 -2.79502921037924e-01
-6.16392287351958e-01 1.07619706568007e+00 -3.42411681406421e-02
4.84366800123169e-01 -2.92929340163612e-01 2.95644508371793e-01
-1.05051325898933e+00 6.42755662639233e-01 5.18631836942216e-02
-1.05052770624565e+00 6.42687161554520e-01 -5.19025612092809e-02
-1.13964590327979e+00 4.96138437791206e-01 2.62764035250691e-02
1.20063390825383e+00 -3.36413886431903e-01 -6.38997325529062e-05
-1.13965174338364e+00 4.96106160213475e-01 -2.63016112589101e-02
-7.47313571798012e-01 -4.68233517156782e-01 -2.34567167060446e-01
-9.83477025179380e-02 1.23144075957079e+00 -4.49858324999743e-02
3.36538488720610e-01 1.40981212716621e-04 3.19493050417026e-01
4.96403655271438e-01 9.89627204175463e-02 3.03236909499914e-01
-8.81803953095048e-01 7.46970302399058e-01 -1.24576877872500e-01
-5.66397168160986e-01 9.41973438882160e-01 -1.56661741327047e-01
-4.84316465263897e-01 2.93095566510563e-01 2.95638681277207e-01
-1.12544630297342e+00 -1.02549649901881e-04 1.42826898092067e-01
-7.73054905908180e-01 2.83267084354294e-01 -2.49186271867981e-01
8.60063983960795e-01 9.02765730713204e-01 -9.26571991222840e-05
1.62965360723069e-01 2.88719730996649e-01 -3.19863142827591e-01
-3.59187442533244e-01 8.01510557389031e-01 2.35514030866801e-01
-9.80273326042313e-02 -1.23149966279756e+00 4.49211171688214e-02
1.12553270012000e+00 1.48062855607502e-04 1.42778674838213e-01
-1.47006408408970e-04 -8.60278181515565e-01 -2.40181926467359e-01
-7.84234175005905e-01 -9.48593029984254e-02 2.56721576484506e-01
2.99552182388250e-06 1.94247169163265e-01 3.27756339102312e-01
1.11099443054053e+00 4.84443816368193e-01 7.79037156011812e-02
-6.16116319404238e-01 -1.07638725194662e+00 -3.41694745927565e-02
9.36408820885242e-01 -7.72879403896406e-01 -7.54987980874194e-02
5.66218038092963e-01 -9.42192170008488e-01 1.56614443120227e-01
9.80860302987606e-02 -1.23149797927622e+00 4.49153116525316e-02
2.93103862140562e-01 -1.11098591118521e+00 1.28864023666944e-01
8.81520874422531e-01 -7.47248686115188e-01 -1.24600521123174e-01
4.77735752126102e-01 -1.05641478588016e+00 1.22078862834872e-01
7.94962490175700e-02 -7.44603582350452e-01 2.65304097250592e-01
-4.64660414117478e-01 1.14716848822241e+00 4.01742705633894e-02
-2.89162905783066e-01 1.20187120879795e+00 4.33904805136661e-02
5.65833909158582e-01 9.42188485528586e-01 -1.56714293399165e-01
7.47277162834927e-01 4.68288100013412e-01 2.34567664960558e-01
-9.96042736776936e-01 -2.44672615346561e-01 1.88682219610356e-01
5.36519826288596e-01 1.12554098381120e+00 -8.90790497182773e-05
4.64169685991719e-01 1.14729487395815e+00 -4.03201474658689e-02
2.88690648127889e-01 1.20199348704435e+00 4.33733042395434e-02
1.14332017336655e+00 3.16928701011252e-01 1.02053389899728e-01
2.88641794714224e-01 1.20192077453139e+00 -4.35387065732875e-02
8.03193357521362e-01 -7.04231354468784e-01 1.71148050836372e-01
4.77528097713222e-01 1.05660874020906e+00 1.22017514233503e-01
-5.66066677552600e-01 -9.42229219993738e-01 1.56637403506817e-01
-9.36632589332362e-01 7.72637193519191e-01 -7.54777906435621e-02
1.63361234932524e-01 -2.88822308789903e-01 3.19842283966222e-01
-1.51489634494465e-01 4.64175711938681e-01 -3.05308495088665e-01
-1.23167861362996e+00 -2.03283968226191e-04 -5.16447339972135e-02
7.10922108619053e-05 -5.36682815820122e-01 2.99498591280153e-01
-9.36394445122388e-01 -7.72934962694419e-01 7.54711415134473e-02
-8.01647144301168e-01 8.84904992312948e-01 -9.55785049662401e-02
4.96023057919003e-01 9.86664917129631e-02 -3.03287845187213e-01
-2.93077699243363e-01 -1.11102427363258e+00 -1.28844814472112e-01
4.77583952975310e-01 -1.05644498113924e+00 -1.22102417058169e-01
7.47362263454523e-01 -4.67980302039016e-01 2.34591964410569e-01
9.79841661567519e-01 -4.17692307945467e-01 -1.72488539191399e-01
1.50942745593801e-01 -4.64539897063944e-01 -3.05288451056518e-01
7.46945532079222e-01 4.68004222315477e-01 -2.34682557326420e-01
1.05645675978617e+00 4.58988025101883e-01 1.27045608276484e-01
8.03067462449473e-01 7.04508725908221e-01 1.71109043982076e-01
9.41995672282422e-01 5.88596073547401e-01 -1.50745682994673e-01
6.43180346140091e-01 8.03305347648678e-01 1.87361250114995e-01
1.23153317703448e+00 -1.68690334842299e-01 2.60269264186197e-02
-1.69031650765748e-01 -9.82579639540702e-02 -3.27702928467033e-01
-9.49924449630432e-02 9.64846685947165e-01 2.08646158142680e-01
1.11107283649027e+00 -4.84197409280087e-01 7.79330060216115e-02
-2.83704090681537e-01 9.36539504062099e-01 2.05630560633985e-01
-7.44848825277435e-01 9.96802649804184e-01 2.10898042330589e-02
2.44707545347672e-01 -7.08986401570470e-01 2.65065181779184e-01
4.61174873857489e-05 -1.20061307677559e+00 8.95433653981609e-02
3.83706831676366e-01 -1.14329004912681e+00 -8.43002331108435e-02
-1.95054424083654e-01 -1.05043123927495e+00 -1.71067213580268e-01
9.88587484349013e-02 -1.13954927081917e+00 1.32080956362489e-01
9.49260341055077e-02 -9.64705327184357e-01 2.08694580624932e-01
1.13955328090761e+00 -4.96296219483096e-01 -2.63497628998368e-02
1.68490256218024e-01 -9.82231579707892e-02 -3.27723410611852e-01
1.20183727302451e+00 -1.63246342926234e-01 -7.69581684734746e-02
-7.47326733698607e-01 4.68063329545197e-01 2.34588249707630e-01
1.14315027658867e+00 3.16814878895786e-01 -1.02213070389629e-01
-7.47436933562101e-01 4.67779521206648e-01 -2.34603475144957e-01
1.14710328068795e+00 1.51216862933169e-01 -1.23672713995725e-01
-2.44549501282815e-01 -7.09011939072717e-01 2.65070673502991e-01
-9.97013230525006e-01 -7.96449509492404e-02 -1.98126564687432e-01
-2.88876232676509e-01 -1.20190189645538e+00 4.34654426404603e-02
6.43037366181788e-01 -1.94850216866468e-01 2.79509746955216e-01
9.96139892931296e-01 2.44803920253980e-01 1.88633830899629e-01
-4.64375771279243e-01 -1.14724822815434e+00 4.02460250089582e-02
-4.84504455009710e-01 2.92770539073118e-01 -2.95639674638709e-01
-2.89195878139219e-01 1.20179850405445e+00 -4.35173403353987e-02
-9.64662890180496e-01 -7.84290378818951e-01 2.52599166412719e-02
2.83406727782905e-01 -9.36499342615564e-01 -2.05672547012870e-01
-4.17779680067514e-01 6.48041308778935e-01 2.60761820150558e-01
-4.58751576214575e-01 -4.77649683643668e-01 2.81134281726425e-01
1.63027109893837e-01 -2.89056369016441e-01 -3.19839383092423e-01
-3.05623600740330e-04 1.93907256945001e-01 -3.27770582057991e-01
3.36169760822968e-01 -1.51174031811068e-04 -3.19520538491418e-01
-9.96101740738468e-01 -2.44816015526984e-01 -1.88646986033893e-01
-1.05641865537378e+00 -4.58943942478686e-01 -1.27079319479456e-01
-1.14326797626068e+00 -3.16927491973725e-01 -1.02095057147433e-01
9.64623864496916e-01 7.84388280571167e-01 2.51499431463877e-02
9.64584726979165e-01 7.84352691758380e-01 -2.53341685596886e-02
4.58457838964963e-01 4.77528823843547e-01 -2.81182749138184e-01
4.58552218257906e-01 -4.77756367591434e-01 -2.81144476250278e-01
3.58992831948720e-01 8.01638532558652e-01 2.35504198631674e-01
7.93336284563374e-02 7.44809078300047e-01 2.65266693726506e-01
-9.87384226624526e-02 -1.13955248440847e+00 1.32085366645047e-01
-3.83707530818095e-01 -1.14328606227310e+00 8.43038366694003e-02
-5.36698126727105e-01 -1.12545602208371e+00 1.95836127300975e-05
9.96750745827308e-01 -7.94362075044274e-02 -1.98226000159130e-01
-1.11094504101483e+00 -4.84355025794877e-01 7.79926390943949e-02
1.05036654991674e+00 -6.42909803778708e-01 -5.19382578748966e-02
9.95884664620004e-01 -2.44634876530139e-01 -1.88744761894049e-01
1.05044982904775e+00 -6.42883422742904e-01 5.18420225221083e-02
-1.20057789508878e+00 -3.36613809023270e-01 1.61686630914217e-05
-9.64887305268708e-01 7.84011610969028e-01 -2.52657639850397e-02
-3.38559681702905e-04 8.60013905588729e-01 -2.40248925251581e-01
-2.93245440782217e-01 1.11103183649744e+00 1.28813164793424e-01
-4.58869946363855e-01 4.77731946387136e-01 2.81110702292851e-01
-9.64878909671748e-01 7.84047187808253e-01 2.52102281816504e-02
4.96422972688972e-01 -9.86594838549948e-02 3.03241667359786e-01
7.44449979433687e-01 9.97059692383666e-01 -2.12261819283316e-02
1.05625225729056e+00 4.58834953175947e-01 -1.27205077189914e-01
7.08807645324797e-01 9.96131415825459e-01 -6.51891760190595e-02
-2.83860925095782e-01 9.36229844494526e-01 -2.05715072832999e-01
1.68812815748359e-01 9.81964654911369e-02 3.27712221955427e-01
8.01346111915464e-01 8.85342617264688e-01 9.54702142881678e-02
6.47857519877896e-01 9.80184545897176e-01 1.11072424032810e-01
-6.43266376284297e-01 -8.03173908387021e-01 -1.87380238154529e-01
8.01504421896926e-01 -8.85119030583484e-01 9.55229028931835e-02
1.12529668809625e+00 1.74362695334003e-05 -1.42910357223948e-01
-5.66305689768183e-01 9.42209829382037e-01 1.56584474286433e-01
9.79771048122844e-01 4.17677243324032e-01 -1.72519524666716e-01
-3.59161659508372e-01 -8.01521296744486e-01 -2.35514227165741e-01
-2.93342917816938e-01 1.11082360302069e+00 -1.28924574876294e-01
1.14712745877563e+00 -1.51158302560946e-01 -1.23661901961245e-01
7.03989071509380e-01 6.43168386786695e-01 -2.13790299754584e-01
-4.96358426167185e-01 9.88439976324568e-02 3.03244894514103e-01
8.85209323930439e-01 3.59263283318381e-01 2.13226541719797e-01
-1.23167014518193e+00 -1.56060948614259e-04 5.16590457731798e-02
7.84323217081165e-01 9.50218426392149e-02 2.56698055403367e-01
9.97048768835925e-01 7.95833233993898e-02 1.98115653517066e-01
4.17336297010508e-01 6.47834313327796e-01 -2.60848506938021e-01
1.50843167242179e-01 4.64221099281627e-01 -3.05326274528332e-01
4.68168795672589e-01 -8.81581939132799e-01 1.98841902649839e-01
-1.14722315496239e+00 -1.51283637285502e-01 1.23588160425914e-01
-4.68008105710104e-01 -8.81617309004631e-01 1.98857584609469e-01
9.64757118882758e-01 -7.84201850028392e-01 2.51996403049064e-02
-7.08973692338107e-01 -9.96085353714673e-01 6.51111040454162e-02
8.60222520224247e-01 -9.02614724820317e-01 -3.42128710909698e-05
-7.04404035123342e-01 6.43218186638800e-01 2.13682870191243e-01
1.07620364382301e+00 -1.28494327695205e-01 -1.64035822819453e-01
1.23171247673471e+00 1.18187166201868e-04 5.15875296389231e-02
-9.02644628097826e-01 -3.83965963243809e-05 2.28906648998924e-01
-9.96951389196519e-01 -7.94736829619978e-02 1.98153470008558e-01
3.16498534893163e-01 -3.83874509715498e-01 -3.04248658927161e-01
3.16419729998567e-01 3.83589785683492e-01 -3.04279892123370e-01
-1.68757986394352e-01 -9.79786306553609e-02 3.27718838834290e-01
-3.16716578170134e-01 -3.83720299821184e-01 3.04246366567278e-01
8.01207791255800e-01 8.85201811240407e-01 -9.56447262264599e-02
9.95843528202118e-01 2.44602261037965e-01 -1.88763124569142e-01
6.42927738578453e-01 8.03038898361902e-01 -1.87503477678667e-01
-7.84259372458033e-01 9.48347881584848e-02 2.56716766851329e-01
-4.77685015237405e-01 -1.05646713790357e+00 -1.22060838896365e-01
-1.94914385458964e-01 -1.05038827010103e+00 1.71097198576273e-01
5.66014549159437e-01 -9.42242202114249e-01 -1.56645213089377e-01
7.72597365241186e-01 2.83475695724619e-01 -2.49269946318728e-01
2.92958649236176e-01 -1.11101334744184e+00 -1.28870656517784e-01
9.42227181966825e-01 5.88789843385667e-01 1.50589555663266e-01
1.07646948007948e+00 -1.28357671222976e-01 1.63919834606481e-01
9.80409529579206e-02 -1.23150412519510e+00 -4.49103477000249e-02
6.47707377166644e-01 9.80014105107374e-01 -1.11240808893147e-01
1.05026032577435e+00 6.43033733512426e-01 -5.19817137686325e-02
-2.62400536228351e-04 -1.94289999501164e-01 -3.27754533907695e-01
9.77733143403609e-02 1.23148274345143e+00 -4.49931096896976e-02
-8.60157526619135e-01 -9.02676666433629e-01 2.31522149237694e-05
-9.36420897242095e-01 -7.72967113729529e-01 -7.54245671689050e-02
9.80110757840370e-01 -4.17580073191236e-01 1.72399494624161e-01
-7.44858819042711e-01 9.96770005326669e-01 -2.11739027153190e-02
6.15969865532549e-01 1.07649939444419e+00 3.41062198655106e-02
4.62257152845904e-05 -1.94030523292383e-01 3.27765426125334e-01
7.73004831631764e-01 -2.83428920450330e-01 2.49184240775381e-01
4.67922775320110e-01 -8.81653071827965e-01 -1.98860576594879e-01
5.88363331963327e-01 -5.66194844736919e-01 -2.50759407835467e-01
-7.44586219557539e-01 -9.96979860944352e-01 2.11531942982161e-02
-1.11108231444062e+00 4.84106660535032e-01 7.79633545920927e-02
-9.80668475938520e-02 -1.23150580856696e+00 -4.49030746072346e-02
2.88890437769729e-01 -1.20190226710819e+00 -4.34580304669415e-02
-1.20067492142285e+00 3.36267564468879e-01 -5.61373864767108e-06
9.42096392539318e-01 -5.88590221164999e-01 -1.50702722159348e-01
6.47890875182414e-01 -9.80004035591287e-01 -1.11171397418241e-01
1.14733337273128e+00 -1.51057075362777e-01 1.23535318515451e-01
4.64396004262261e-01 -1.14724136633277e+00 -4.02433438393985e-02
-5.66158177830344e-01 -9.42279240296090e-01 -1.56592670605111e-01
1.20181164540370e+00 1.63359991898995e-01 -7.69694312472411e-02
-1.05638374396235e+00 -4.58864545583684e-01 1.27120168451582e-01
7.08990825022462e-01 -9.96063895992154e-01 -6.51211383173208e-02
9.80040141912893e-01 4.17880395160777e-01 1.72376389886001e-01
-1.14324552829881e+00 -3.16854552976248e-01 1.02128884634041e-01
1.07644842968475e+00 1.28663072412146e-01 1.63912668529619e-01
1.14337089991376e+00 -3.16660370788503e-01 1.02072128847137e-01
1.94874131300055e-01 -1.05042199590053e+00 -1.71085782948812e-01
-3.36711134100699e-01 -2.26074873245111e-04 -3.19480165192571e-01
9.02736745245228e-01 1.62608859118295e-04 2.28880919133609e-01
-7.09005859688137e-01 -9.96103922663705e-01 -6.50661673942286e-02
9.84785256854098e-02 1.13946215604464e+00 -1.32154272732512e-01
-9.91144786155623e-02 1.13942137281112e+00 -1.32145505990915e-01
7.91749097235767e-05 -8.60188980313807e-01 2.40204551885143e-01
1.14320099781674e+00 -3.16733340091624e-01 -1.02190791102139e-01
-6.47966682502515e-01 -9.80042345697018e-01 -1.11116180384566e-01
-1.95159512673154e-01 1.05047653904688e+00 1.71039025091276e-01
-1.05654732897476e+00 4.58518915327744e-01 -1.27112210861636e-01
-1.14335831770736e+00 3.16499950436220e-01 -1.02117333616984e-01
1.20058108180533e+00 3.36602294434291e-01 -8.56884148787212e-05
1.18574384732059e+00 3.31806078317727e-01 -5.22909846619858e-02
-8.54296783122641e-01 5.36428081690246e-01 -1.95028605545555e-01
-2.89625155027707e-01 5.55481195477267e-01 -2.86889049689170e-01
-5.36984818908622e-01 7.32604186033799e-01 -2.27308739403396e-01
-7.32819594902683e-01 -8.54141598086013e-01 1.42838540057072e-01
3.31428047628967e-01 -1.96297568150952e-01 -3.15576995547158e-01
-8.54073733146320e-01 -5.36753686430139e-01 1.95034345908846e-01
2.89100761719343e-01 -5.55838554609734e-01 -2.86877489976681e-01
1.18844063474602e+00 4.38990687794913e-05 -1.00386084237882e-01
-9.25139447954978e-05 -1.06462372195250e+00 -1.72720932417269e-01
1.78903171237805e-01 -8.45039825548572e-01 2.39292800213894e-01
-1.06453524770488e+00 -6.49200155578834e-01 2.17544184647375e-05
8.54239211483720e-01 -5.36639980152147e-01 1.95005180750106e-01
1.18861038223975e+00 1.35633304574711e-04 1.00243657620662e-01
1.96209022219667e-01 -1.18582089722018e+00 8.82699737087580e-02
-3.76901596302164e-01 -1.18854588689224e+00 1.62938387386110e-05
-1.96187036522369e-01 -1.18584037965707e+00 -8.82548985453197e-02
3.76930537786608e-01 -1.18853670993901e+00 -8.84143877457478e-06
-5.55732669539302e-01 -1.07805585390016e+00 -7.69668982598007e-02
-6.49278135658928e-01 -2.44323112600642e-04 -2.83272274561346e-01
1.06450269963117e+00 6.49253438287988e-01 -9.12734106858276e-05
-1.79138497049103e-01 8.44840923315742e-01 -2.39330065166811e-01
7.32818516228031e-01 8.54331476148388e-01 1.42758495015582e-01
1.78650841759319e-01 -8.45130967619168e-01 -2.39283356093293e-01
7.32617919251987e-01 8.54123805248984e-01 -1.42919312577212e-01
-1.96391676014597e-01 1.18585461041990e+00 8.82091148111177e-02
8.53855913402609e-01 5.36694704553503e-01 -1.95113363028975e-01
-5.36847830915157e-01 7.32917172501749e-01 2.27260198785938e-01
8.98962619063228e-01 1.78770414312240e-01 -2.24955183023608e-01
-5.55960046047677e-01 1.07796298140348e+00 7.69427250527985e-02
-8.45028647606027e-01 -8.99269456503177e-01 -4.75566947740336e-02
-7.33112433058467e-01 8.53856180462594e-01 -1.42852969209858e-01
-1.78940196817068e-01 8.45187380827006e-01 2.39253933119081e-01
-1.07803551503292e+00 -2.89515653566137e-01 -1.47857441570322e-01
3.76690384193919e-01 1.18861280188155e+00 -8.57984330847777e-05
-8.54152190321084e-01 -5.36865917645076e-01 -1.94988134129988e-01
-3.31922574405210e-01 -1.96360541221936e-01 -3.15537412218689e-01
-3.77190803884516e-01 1.18845411682695e+00 -6.06562639233432e-05
-2.89492614181348e-01 -5.55876118785700e-01 -2.86844350647430e-01
-1.06471759591091e+00 6.48901053666326e-01 -2.02682842078843e-05
5.55584591983134e-01 1.07818669921215e+00 7.69127912556388e-02
-1.18853966916980e+00 -1.29020360416029e-04 1.00303014659157e-01
-8.54218342810047e-01 5.36672456405530e-01 1.95005325295878e-01
1.78723225594858e-01 8.45252401402191e-01 2.39249151351535e-01
-1.18855884578599e+00 -2.20716402639115e-04 -1.00286910341064e-01
-3.31738767078568e-01 1.96242789957597e-01 3.15556287727513e-01
-3.31691519129986e-01 -1.96111128812367e-01 3.15565601164179e-01
1.78470913397829e-01 8.44905923014675e-01 -2.39349134659631e-01
-5.36800114133069e-01 -7.32987228093978e-01 -2.27252180476629e-01
3.31751150991423e-01 1.96327534062735e-01 3.15551632827226e-01
-3.29582422239269e-04 1.06444265576836e+00 -1.72799921380839e-01
5.36828953516689e-01 -7.32830717641113e-01 2.27283098876611e-01
1.18583209968496e+00 3.31864757002235e-01 5.21226232973949e-02
6.48822257910308e-01 -9.98248674008279e-05 -2.83346240075951e-01
8.99333135969264e-01 -1.78678912738703e-01 2.24855434443532e-01
8.99302118009747e-01 1.79001425505589e-01 2.24846054407942e-01
-2.27604521359725e-05 3.77071939793806e-01 3.16271200918879e-01
2.89308279002354e-01 5.55935455905208e-01 2.86849377224577e-01
6.11850078027334e-05 -3.76860074812792e-01 3.16289082567133e-01
-8.99338689984846e-01 1.78543421277041e-01 -2.24861482838618e-01
2.89423254521358e-01 -5.55676915411880e-01 2.86876637686460e-01
-1.96114862248845e-01 -1.18582575997859e+00 8.82801651866750e-02
7.01421972366512e-05 -1.06458188877551e+00 1.72739191760052e-01
-5.55687201617931e-01 -1.07803786062365e+00 7.70079820176211e-02
-8.45009208640657e-01 -8.99252984294797e-01 4.76031892807559e-02
-5.36663100286259e-01 -7.32884592441387e-01 2.27298533209477e-01
7.32974478040693e-01 -8.54082874430076e-01 1.42807126113231e-01
8.98993632698283e-01 -1.78859215853848e-01 -2.24941407198558e-01
5.36537895268112e-01 -7.32933371745445e-01 -2.27308326406042e-01
8.45113955545372e-01 -8.99191647711165e-01 4.75535330028213e-02
-1.07799691255743e+00 -2.89407452421695e-01 1.47892368741700e-01
-8.99206031452526e-01 -1.78852338377942e-01 2.24881666738591e-01
1.96114953453539e-01 -1.18583551703281e+00 -8.82708691280384e-02
-1.78743741219692e-01 -8.45054445996254e-01 2.39297580964487e-01
-7.32887998971525e-01 -8.54195145946107e-01 -1.42791003003532e-01
-2.89274838664928e-01 -5.55714495421393e-01 2.86882083358941e-01
1.07813509995897e+00 -2.89219395402549e-01 1.47847079971319e-01
-5.56005503183572e-01 1.07784018240884e+00 -7.70412254127819e-02
5.55692342624938e-01 -1.07803207334881e+00 -7.70110920591656e-02
-1.78942064404852e-01 -8.45145585301052e-01 -2.39264289361318e-01
1.18579619266104e+00 -3.31668883886241e-01 -5.22685574724704e-02
8.44955274195424e-01 8.99382461982986e-01 4.74976480182473e-02
-2.36636712328701e-04 -3.77073932058308e-01 -3.16271026502515e-01
8.44885091606446e-01 8.99311905627751e-01 -4.76803123753006e-02
1.18588444643681e+00 -3.31632080138130e-01 5.21431540393382e-02
-3.20568561692278e-04 3.76707396878176e-01 -3.16301951078939e-01
3.31387927508937e-01 1.95999862567472e-01 -3.15593082480589e-01
1.07784779075989e+00 2.89351876099419e-01 -1.47977013287709e-01
1.07808773309495e+00 2.89514135181584e-01 1.47830687944085e-01
5.36396209859938e-01 7.32789299965941e-01 -2.27364892923895e-01
-1.66942311774513e-04 1.06471672242023e+00 1.72680327788832e-01
2.88985797665802e-01 5.55572445273941e-01 -2.86922192724705e-01
-8.45270448385830e-01 8.98996917059574e-01 -4.76172486366300e-02
-7.33044050106542e-01 8.54063798664363e-01 1.42789915611304e-01
-1.07811700112619e+00 2.89059887795628e-01 -1.47878513190467e-01
1.95957674069806e-01 1.18593711227018e+00 8.81989197946164e-02
1.95863615354576e-01 1.18579029122036e+00 -8.83533731637682e-02
-1.96463842558685e-01 1.18570779945195e+00 -8.83373992027668e-02
-8.45251015002868e-01 8.99067455839229e-01 4.75473143153257e-02
-1.07807840291281e+00 2.89222086082911e-01 1.47875982063849e-01
-8.99290071814017e-01 -1.79032584068729e-01 -2.24847709522058e-01
7.32773876225944e-01 -8.54136435933164e-01 -1.42857334353940e-01
-1.18578622479038e+00 -3.31830495407089e-01 5.22119017715034e-02
8.53950346396718e-01 -5.36752242424419e-01 -1.95072883817248e-01
-1.18579629429944e+00 -3.31867282954126e-01 -5.21791391103876e-02
-6.49127528167586e-01 1.46863731710944e-05 2.83296723674899e-01
1.06460944172735e+00 -6.49078457997316e-01 -4.92424144283159e-05
-1.18588161053703e+00 3.31535089187371e-01 5.21913761725989e-02
-1.18589167677574e+00 3.31476434415933e-01 -5.22015609330336e-02
8.45043770747600e-01 -8.99208125298933e-01 -4.76197475589022e-02
-8.99254651968818e-01 1.78774360452671e-01 2.24872289589250e-01
8.54144771696296e-01 5.36939151957254e-01 1.94976155055938e-01
3.31791277332553e-01 -1.96048130089032e-01 3.15560946659751e-01
5.55485056240104e-01 1.07806387640486e+00 -7.70854297760485e-02
6.49205180662316e-01 1.59241179094799e-04 2.83284119492205e-01
5.36687254730417e-01 7.33102346042622e-01 2.27244760781849e-01
-2.89407397375716e-01 5.55844168854051e-01 2.86854824383982e-01
1.07789515325491e+00 -2.89327638304998e-01 -1.47955937276655e-01
-3.31969815276588e-01 1.95915154769589e-01 -3.15553497807610e-01
5.55791885781012e-01 -1.07801407490175e+00 7.69780570940859e-02
-3.85241877538188e-01 -1.00874486081391e+00 1.65913269880883e-01
2.65058765470861e-05 1.09138675726486e-04 3.31807498114919e-01
-3.85487787022718e-01 1.00878131513113e+00 1.65857116929461e-01
-3.85357731796536e-01 -1.00879087956720e+00 -1.65874398641271e-01
1.24687451282581e+00 9.62555982689319e-05 -7.63386678967363e-05
1.00866912352423e+00 -6.23436058930623e-01 -1.02585924963204e-01
-6.23558624516795e-01 -3.85483337257795e-01 -2.68399855305523e-01
1.00883100110362e+00 -6.23382662470941e-01 1.02496142165782e-01
-6.23657564385864e-01 3.85022108729766e-01 -2.68430456600202e-01
-1.24687453608688e+00 -1.81367772846429e-04 6.81832606808706e-06
3.85191463433383e-01 -1.00876994545239e+00 -1.65910758463839e-01
6.23197065231918e-01 -3.85384634863181e-01 -2.68469350657600e-01
-2.68571316822784e-04 1.24687448866216e+00 -7.51195867289017e-05
6.23124412199580e-01 3.85200980114589e-01 -2.68499956039504e-01
9.10164678413072e-06 -1.24687454932932e+00 5.61102629073668e-06
3.85388064935442e-01 -1.00872392066250e+00 1.65898242907451e-01
-6.23510485777919e-01 3.85332838188273e-01 2.68423077637028e-01
1.00856470251651e+00 6.23503040341002e-01 -1.02629791124038e-01
-6.23411531674018e-01 -3.85303212433011e-01 2.68442364625465e-01
6.23482870095171e-01 3.85511773652325e-01 2.68409425303931e-01
1.00872657521041e+00 6.23637188268465e-01 1.02459271012383e-01
-1.00868526290510e+00 -6.23502331228107e-01 1.02546157132423e-01
6.23555533829603e-01 -3.85204474126392e-01 2.68428714268448e-01
3.85184680482724e-01 1.00893198270414e+00 1.65842085334135e-01
-1.00871651160282e+00 -6.23555705916842e-01 -1.02501397583435e-01
-2.85924497320084e-04 -1.94254116747057e-04 -3.31807486710284e-01
3.84988097490644e-01 1.00867458244451e+00 -1.65985226952515e-01
-1.00885850153848e+00 6.23307614621961e-01 1.02509294140661e-01
-1.00888973919034e+00 6.23173512148652e-01 -1.02545254057254e-01
-3.85603621965860e-01 1.00852394727416e+00 -1.65948861423488e-01
-6.55477476014393e-01 -1.06068158004081e+00 2.14422888979989e-05
6.55525948773243e-01 -1.06065162318916e+00 -2.22704466862428e-05
6.55327779755665e-01 1.06077402238495e+00 -9.09487506093974e-05
-6.55751702686391e-01 1.06051205331320e+00 -4.72255402835536e-05
-1.06066695461463e+00 -8.08930735234799e-05 1.74436309486289e-01
-1.06071440028087e+00 -2.40366793474629e-04 -1.74415867563681e-01
1.06047841286481e+00 -4.23666024917764e-06 -1.74517469856759e-01
1.06075951973279e+00 1.55296817427734e-04 1.74396441543222e-01
-6.98057632665760e-05 6.55677386845642e-01 2.82226550300412e-01
7.61855428566998e-05 -6.55480893814257e-01 2.82258870560682e-01
-1.89593173284594e-04 -6.55622164297976e-01 -2.82235631097660e-01
-3.35565724192586e-04 6.55302483800627e-01 -2.82288191541319e-01
3 631 67 1
3 599 6 67
3 497 1 6
3 67 6 1
3 615 294 296
3 494 73 294
3 599 296 73
3 294 73 296
3 614 232 293
3 497 231 232
3 494 293 231
3 232 231 293
3 599 73 6
3 494 231 73
3 497 6 231
3 73 231 6
3 639 43 297
3 553 473 43
3 490 297 473
3 43 473 297
3 600 430 152
3 542 47 430
3 553 152 47
3 430 47 152
3 615 74 70
3 490 340 74
3 542 70 340
3 74 340 70
3 553 47 473
3 542 340 47
3 490 473 340
3 47 340 473
3 630 374 145
3 495 353 374
3 543 145 353
3 374 353 145
3 614 284 147
3 541 350 284
3 495 147 350
3 284 350 147
3 600 262 168
3 543 373 262
3 541 168 373
3 262 373 168
3 495 350 353
3 541 373 350
3 543 353 373
3 350 373 353
3 615 70 294
3 542 339 70
3 494 294 339
3 70 339 294
3 600 168 430
3 541 372 168
3 542 430 372
3 168 372 430
3 614 293 284
3 494 336 293
3 541 284 336
3 293 336 284
3 542 372 339
3 541 336 372
3 494 339 336
3 372 336 339
3 640 236 3
3 503 286 236
3 559 3 286
3 236 286 3
3 610 467 357
3 489 135 467
3 503 357 135
3 467 135 357
3 603 5 338
3 559 246 5
3 489 338 246
3 5 246 338
3 503 135 286
3 489 246 135
3 559 286 246
3 135 246 286
3 631 1 104
3 497 458 1
3 558 104 458
3 1 458 104
3 614 436 232
3 552 453 436
3 497 232 453
3 436 453 232
3 610 320 433
3 558 337 320
3 552 433 337
3 320 337 433
3 497 453 458
3 552 337 453
3 558 458 337
3 453 337 458
3 630 290 374
3 498 241 290
3 495 374 241
3 290 241 374
3 603 319 429
3 496 258 319
3 498 429 258
3 319 258 429
3 614 147 452
3 495 237 147
3 496 452 237
3 147 237 452
3 498 258 241
3 496 237 258
3 495 241 237
3 258 237 241
3 610 433 467
3 552 242 433
3 489 467 242
3 433 242 467
3 614 452 436
3 496 25 452
3 552 436 25
3 452 25 436
3 603 338 319
3 489 17 338
3 496 319 17
3 338 17 319
3 552 25 242
3 496 17 25
3 489 242 17
3 25 17 242
3 635 349 20
3 580 363 349
3 513 20 363
3 349 363 20
3 606 272 9
3 515 44 272
3 580 9 44
3 272 44 9
3 624 364 45
3 513 129 364
3 515 45 129
3 364 129 45
3 580 44 363
3 515 129 44
3 513 363 129
3 44 129 363
3 640 3 194
3 559 140 3
3 518 194 140
3 3 140 194
3 603 87 5
3 528 399 87
3 559 5 399
3 87 399 5
3 606 199 89
3 518 254 199
3 528 89 254
3 199 254 89
3 559 399 140
3 528 254 399
3 518 140 254
3 399 254 140
3 630 85 290
3 510 470 85
3 498 290 470
3 85 470 290
3 624 217 442
3 554 86 217
3 510 442 86
3 217 86 442
3 603 429 459
3 498 475 429
3 554 459 475
3 429 475 459
3 510 86 470
3 554 475 86
3 498 470 475
3 86 475 470
3 606 89 272
3 528 213 89
3 515 272 213
3 89 213 272
3 603 459 87
3 554 394 459
3 528 87 394
3 459 394 87
3 624 45 217
3 515 100 45
3 554 217 100
3 45 100 217
3 528 394 213
3 554 100 394
3 515 213 100
3 394 100 213
3 634 279 111
3 521 411 279
3 550 111 411
3 279 411 111
3 609 151 405
3 582 163 151
3 521 405 163
3 151 163 405
3 621 461 376
3 550 464 461
3 582 376 464
3 461 464 376
3 521 163 411
3 582 464 163
3 550 411 464
3 163 464 411
3 635 20 205
3 513 235 20
3 524 205 235
3 20 235 205
3 624 2 364
3 584 365 2
3 513 364 365
3 2 365 364
3 609 314 234
3 524 90 314
3 584 234 90
3 314 90 234
3 513 365 235
3 584 90 365
3 524 235 90
3 365 90 235
3 630 450 85
3 544 441 450
3 510 85 441
3 450 441 85
3 621 36 316
3 491 356 36
3 544 316 356
3 36 356 316
3 624 442 38
3 510 8 442
3 491 38 8
3 442 8 38
3 544 356 441
3 491 8 356
3 510 441 8
3 356 8 441
3 609 234 151
3 584 380 234
3 582 151 380
3 234 380 151
3 624 38 2
3 491 40 38
3 584 2 40
3 38 40 2
3 621 376 36
3 582 37 376
3 491 36 37
3 376 37 36
3 584 40 380
3 491 37 40
3 582 380 37
3 40 37 380
3 639 132 43
3 555 348 132
3 553 43 348
3 132 348 43
3 618 58 359
3 545 34 58
3 555 359 34
3 58 34 359
3 600 152 412
3 553 33 152
3 545 412 33
3 152 33 412
3 555 34 348
3 545 33 34
3 553 348 33
3 34 33 348
3 634 111 420
3 550 302 111
3 551 420 302
3 111 302 420
3 621 177 461
3 486 255 177
3 550 461 255
3 177 255 461
3 618 174 62
3 551 257 174
3 486 62 257
3 174 257 62
3 550 255 302
3 486 257 255
3 551 302 257
3 255 257 302
3 630 145 450
3 543 414 145
3 544 450 414
3 145 414 450
3 600 310 262
3 484 122 310
3 543 262 122
3 310 122 262
3 621 316 92
3 544 123 316
3 484 92 123
3 316 123 92
3 543 122 414
3 484 123 122
3 544 414 123
3 122 123 414
3 618 62 58
3 486 142 62
3 545 58 142
3 62 142 58
3 621 92 177
3 484 141 92
3 486 177 141
3 92 141 177
3 600 412 310
3 545 124 412
3 484 310 124
3 412 124 310
3 486 141 142
3 484 124 141
3 545 142 124
3 141 124 142
3 638 371 229
3 523 225 371
3 512 229 225
3 371 225 229
3 623 230 253
3 570 144 230
3 523 253 144
3 230 144 253
3 602 333 476
3 512 331 333
3 570 476 331
3 333 331 476
3 523 144 225
3 570 331 144
3 512 225 331
3 144 331 225
3 632 303 445
3 514 200 303
3 520 445 200
3 303 200 445
3 612 139 84
3 575 305 139
3 514 84 305
3 139 305 84
3 623 309 248
3 520 159 309
3 575 248 159
3 309 159 248
3 514 305 200
3 575 159 305
3 520 200 159
3 305 159 200
3 633 39 244
3 509 298 39
3 517 244 298
3 39 298 244
3 602 383 150
3 505 195 383
3 509 150 195
3 383 195 150
3 612 16 42
3 517 299 16
3 505 42 299
3 16 299 42
3 509 195 298
3 505 299 195
3 517 298 299
3 195 299 298
3 623 248 230
3 575 220 248
3 570 230 220
3 248 220 230
3 612 42 139
3 505 76 42
3 575 139 76
3 42 76 139
3 602 476 383
3 570 71 476
3 505 383 71
3 476 71 383
3 575 76 220
3 505 71 76
3 570 220 71
3 76 71 220
3 634 238 138
3 590 137 238
3 579 138 137
3 238 137 138
3 616 344 13
3 522 120 344
3 590 13 120
3 344 120 13
3 627 22 0
3 579 179 22
3 522 0 179
3 22 179 0
3 590 120 137
3 522 179 120
3 579 137 179
3 120 179 137
3 638 229 153
3 512 226 229
3 596 153 226
3 229 226 153
3 602 10 333
3 507 283 10
3 512 333 283
3 10 283 333
3 616 384 131
3 596 358 384
3 507 131 358
3 384 358 131
3 512 283 226
3 507 358 283
3 596 226 358
3 283 358 226
3 633 334 39
3 578 79 334
3 509 39 79
3 334 79 39
3 627 162 227
3 573 208 162
3 578 227 208
3 162 208 227
3 602 150 397
3 509 72 150
3 573 397 72
3 150 72 397
3 578 208 79
3 573 72 208
3 509 79 72
3 208 72 79
3 616 131 344
3 507 416 131
3 522 344 416
3 131 416 344
3 602 397 10
3 573 55 397
3 507 10 55
3 397 55 10
3 627 0 162
3 522 175 0
3 573 162 175
3 0 175 162
3 507 55 416
3 573 175 55
3 522 416 175
3 55 175 416
3 635 205 118
3 524 158 205
3 574 118 158
3 205 158 118
3 609 4 314
3 588 93 4
3 524 314 93
3 4 93 314
3 628 477 233
3 574 478 477
3 588 233 478
3 477 478 233
3 524 93 158
3 588 478 93
3 574 158 478
3 93 478 158
3 634 138 279
3 579 172 138
3 521 279 172
3 138 172 279
3 627 451 22
3 587 23 451
3 579 22 23
3 451 23 22
3 609 405 211
3 521 165 405
3 587 211 165
3 405 165 211
3 579 23 172
3 587 165 23
3 521 172 165
3 23 165 172
3 633 444 334
3 572 201 444
3 578 334 201
3 444 201 334
3 628 268 311
3 519 381 268
3 572 311 381
3 268 381 311
3 627 227 267
3 578 385 227
3 519 267 385
3 227 385 267
3 572 381 201
3 519 385 381
3 578 201 385
3 381 385 201
3 609 211 4
3 587 454 211
3 588 4 454
3 211 454 4
3 627 267 451
3 519 269 267
3 587 451 269
3 267 269 451
3 628 233 268
3 588 271 233
3 519 268 271
3 233 271 268
3 587 269 454
3 519 271 269
3 588 454 271
3 269 271 454
3 641 181 155
3 482 91 181
3 501 155 91
3 181 91 155
3 608 31 186
3 483 59 31
3 482 186 59
3 31 59 186
3 629 390 260
3 501 108 390
3 483 260 108
3 390 108 260
3 482 59 91
3 483 108 59
3 501 91 108
3 59 108 91
3 635 118 164
3 574 7 118
3 539 164 7
3 118 7 164
3 628 125 477
3 481 15 125
3 574 477 15
3 125 15 477
3 608 280 346
3 539 19 280
3 481 346 19
3 280 19 346
3 574 15 7
3 481 19 15
3 539 7 19
3 15 19 7
3 633 265 444
3 557 126 265
3 572 444 126
3 265 126 444
3 629 277 154
3 511 105 277
3 557 154 105
3 277 105 154
3 628 311 276
3 572 317 311
3 511 276 317
3 311 317 276
3 557 105 126
3 511 317 105
3 572 126 317
3 105 317 126
3 608 346 31
3 481 256 346
3 483 31 256
3 346 256 31
3 628 276 125
3 511 243 276
3 481 125 243
3 276 243 125
3 629 260 277
3 483 216 260
3 511 277 216
3 260 216 277
3 481 243 256
3 511 216 243
3 483 256 216
3 243 216 256
3 632 215 303
3 593 304 215
3 514 303 304
3 215 304 303
3 626 88 110
3 576 203 88
3 593 110 203
3 88 203 110
3 612 84 440
3 514 307 84
3 576 440 307
3 84 307 440
3 593 203 304
3 576 307 203
3 514 304 307
3 203 307 304
3 641 155 247
3 501 382 155
3 527 247 382
3 155 382 247
3 629 209 390
3 530 35 209
3 501 390 35
3 209 35 390
3 626 24 207
3 527 191 24
3 530 207 191
3 24 191 207
3 501 35 382
3 530 191 35
3 527 382 191
3 35 191 382
3 633 244 265
3 517 130 244
3 557 265 130
3 244 130 265
3 612 273 16
3 577 355 273
3 517 16 355
3 273 355 16
3 629 154 400
3 557 127 154
3 577 400 127
3 154 127 400
3 517 355 130
3 577 127 355
3 557 130 127
3 355 127 130
3 626 207 88
3 530 471 207
3 576 88 471
3 207 471 88
3 629 400 209
3 577 472 400
3 530 209 472
3 400 472 209
3 612 440 273
3 576 250 440
3 577 273 250
3 440 250 273
3 530 472 471
3 577 250 472
3 576 471 250
3 472 250 471
3 641 247 249
3 527 190 247
3 571 249 190
3 247 190 249
3 626 134 24
3 569 78 134
3 527 24 78
3 134 78 24
3 613 368 12
3 571 408 368
3 569 12 408
3 368 408 12
3 527 78 190
3 569 408 78
3 571 190 408
3 78 408 190
3 632 387 215
3 563 389 387
3 593 215 389
3 387 389 215
3 617 196 157
3 504 425 196
3 563 157 425
3 196 425 157
3 626 110 300
3 593 437 110
3 504 300 437
3 110 437 300
3 563 425 389
3 504 437 425
3 593 389 437
3 425 437 389
3 636 193 156
3 508 426 193
3 567 156 426
3 193 426 156
3 613 324 432
3 506 161 324
3 508 432 161
3 324 161 432
3 617 388 327
3 567 398 388
3 506 327 398
3 388 398 327
3 508 161 426
3 506 398 161
3 567 426 398
3 161 398 426
3 626 300 134
3 504 427 300
3 569 134 427
3 300 427 134
3 617 327 196
3 506 180 327
3 504 196 180
3 327 180 196
3 613 12 324
3 569 402 12
3 506 324 402
3 12 402 324
3 504 180 427
3 506 402 180
3 569 427 402
3 180 402 427
3 640 197 252
3 562 323 197
3 487 252 323
3 197 323 252
3 625 342 439
3 485 360 342
3 562 439 360
3 342 360 439
3 611 369 228
3 487 421 369
3 485 228 421
3 369 421 228
3 562 360 323
3 485 421 360
3 487 323 421
3 360 421 323
3 641 249 133
3 571 409 249
3 565 133 409
3 249 409 133
3 613 83 368
3 566 422 83
3 571 368 422
3 83 422 368
3 625 361 198
3 565 282 361
3 566 198 282
3 361 282 198
3 571 422 409
3 566 282 422
3 565 409 282
3 422 282 409
3 636 375 193
3 547 182 375
3 508 193 182
3 375 182 193
3 611 28 143
3 533 101 28
3 547 143 101
3 28 101 143
3 613 432 30
3 508 61 432
3 533 30 61
3 432 61 30
3 547 101 182
3 533 61 101
3 508 182 61
3 101 61 182
3 625 198 342
3 566 362 198
3 485 342 362
3 198 362 342
3 613 30 83
3 533 318 30
3 566 83 318
3 30 318 83
3 611 228 28
3 485 14 228
3 533 28 14
3 228 14 28
3 566 318 362
3 533 14 318
3 485 362 14
3 318 14 362
3 631 104 185
3 558 462 104
3 589 185 462
3 104 462 185
3 610 431 320
3 581 456 431
3 558 320 456
3 431 456 320
3 605 291 295
3 589 75 291
3 581 295 75
3 291 75 295
3 558 456 462
3 581 75 456
3 589 462 75
3 456 75 462
3 640 252 236
3 487 109 252
3 503 236 109
3 252 109 236
3 611 449 369
3 548 112 449
3 487 369 112
3 449 112 369
3 610 357 448
3 503 173 357
3 548 448 173
3 357 173 448
3 487 112 109
3 548 173 112
3 503 109 173
3 112 173 109
3 636 417 375
3 597 378 417
3 547 375 378
3 417 378 375
3 605 455 56
3 583 322 455
3 597 56 322
3 455 322 56
3 611 143 99
3 547 261 143
3 583 99 261
3 143 261 99
3 597 322 378
3 583 261 322
3 547 378 261
3 322 261 378
3 610 448 431
3 548 97 448
3 581 431 97
3 448 97 431
3 611 99 449
3 583 98 99
3 548 449 98
3 99 98 449
3 605 295 455
3 581 69 295
3 583 455 69
3 295 69 455
3 548 98 97
3 583 69 98
3 581 97 69
3 98 69 97
3 637 435 285
3 556 457 435
3 493 285 457
3 435 457 285
3 607 332 77
3 564 466 332
3 556 77 466
3 332 466 77
3 604 418 329
3 493 103 418
3 564 329 103
3 418 103 329
3 556 466 457
3 564 103 466
3 493 457 103
3 466 103 457
3 631 185 53
3 589 415 185
3 549 53 415
3 185 415 53
3 605 377 291
3 586 149 377
3 589 291 149
3 377 149 291
3 607 167 379
3 549 413 167
3 586 379 413
3 167 413 379
3 589 149 415
3 586 413 149
3 549 415 413
3 149 413 415
3 636 396 417
3 488 401 396
3 597 417 401
3 396 401 417
3 604 116 48
3 560 343 116
3 488 48 343
3 116 343 48
3 605 56 117
3 597 474 56
3 560 117 474
3 56 474 117
3 488 343 401
3 560 474 343
3 597 401 474
3 343 474 401
3 607 379 332
3 586 115 379
3 564 332 115
3 379 115 332
3 605 117 377
3 560 341 117
3 586 377 341
3 117 341 377
3 604 329 116
3 564 270 329
3 560 116 270
3 329 270 116
3 586 341 115
3 560 270 341
3 564 115 270
3 341 270 115
3 632 245 387
3 561 281 245
3 563 387 281
3 245 281 387
3 620 80 136
3 500 366 80
3 561 136 366
3 80 366 136
3 617 157 438
3 563 367 157
3 500 438 367
3 157 367 438
3 561 366 281
3 500 367 366
3 563 281 367
3 366 367 281
3 637 285 465
3 493 106 285
3 568 465 106
3 285 106 465
3 604 63 418
3 532 210 63
3 493 418 210
3 63 210 418
3 620 325 289
3 568 306 325
3 532 289 306
3 325 306 289
3 493 210 106
3 532 306 210
3 568 106 306
3 210 306 106
3 636 156 396
3 567 347 156
3 488 396 347
3 156 347 396
3 617 206 388
3 480 345 206
3 567 388 345
3 206 345 388
3 604 48 95
3 488 460 48
3 480 95 460
3 48 460 95
3 567 345 347
3 480 460 345
3 488 347 460
3 345 460 347
3 620 289 80
3 532 21 289
3 500 80 21
3 289 21 80
3 604 95 63
3 480 479 95
3 532 63 479
3 95 479 63
3 617 438 206
3 500 121 438
3 480 206 121
3 438 121 206
3 532 479 21
3 480 121 479
3 500 21 121
3 479 121 21
3 641 133 181
3 565 313 133
3 482 181 313
3 133 313 181
3 625 128 361
3 598 18 128
3 565 361 18
3 128 18 361
3 608 186 354
3 482 64 186
3 598 354 64
3 186 64 354
3 565 18 313
3 598 64 18
3 482 313 64
3 18 64 313
3 640 194 197
3 518 251 194
3 562 197 251
3 194 251 197
3 606 114 199
3 516 119 114
3 518 199 119
3 114 119 199
3 625 439 330
3 562 221 439
3 516 330 221
3 439 221 330
3 518 119 251
3 516 221 119
3 562 251 221
3 119 221 251
3 635 164 349
3 539 51 164
3 580 349 51
3 164 51 349
3 608 264 280
3 499 240 264
3 539 280 240
3 264 240 280
3 606 9 263
3 580 32 9
3 499 263 32
3 9 32 263
3 539 240 51
3 499 32 240
3 580 51 32
3 240 32 51
3 625 330 128
3 516 468 330
3 598 128 468
3 330 468 128
3 606 263 114
3 499 11 263
3 516 114 11
3 263 11 114
3 608 354 264
3 598 146 354
3 499 264 146
3 354 146 264
3 516 11 468
3 499 146 11
3 598 468 146
3 11 146 468
3 639 315 132
3 538 222 315
3 555 132 222
3 315 222 132
3 601 423 446
3 526 178 423
3 538 446 178
3 423 178 446
3 618 359 60
3 555 424 359
3 526 60 424
3 359 424 60
3 538 178 222
3 526 424 178
3 555 222 424
3 178 424 222
3 638 153 184
3 596 183 153
3 536 184 183
3 153 183 184
3 616 278 384
3 525 50 278
3 596 384 50
3 278 50 384
3 601 288 160
3 536 170 288
3 525 160 170
3 288 170 160
3 596 50 183
3 525 170 50
3 536 183 170
3 50 170 183
3 634 420 238
3 551 419 420
3 590 238 419
3 420 419 238
3 618 189 174
3 585 287 189
3 551 174 287
3 189 287 174
3 616 13 188
3 590 428 13
3 585 188 428
3 13 428 188
3 551 287 419
3 585 428 287
3 590 419 428
3 287 428 419
3 601 160 423
3 525 57 160
3 526 423 57
3 160 57 423
3 616 188 278
3 585 403 188
3 525 278 403
3 188 403 278
3 618 60 189
3 526 176 60
3 585 189 176
3 60 176 189
3 525 403 57
3 585 176 403
3 526 57 176
3 403 176 57
3 637 465 407
3 568 352 465
3 535 407 352
3 465 352 407
3 620 434 325
3 591 463 434
3 568 325 463
3 434 463 325
3 619 166 301
3 535 404 166
3 591 301 404
3 166 404 301
3 568 463 352
3 591 404 463
3 535 352 404
3 463 404 352
3 632 445 245
3 520 46 445
3 561 245 46
3 445 46 245
3 623 219 309
3 502 393 219
3 520 309 393
3 219 393 309
3 620 136 218
3 561 392 136
3 502 218 392
3 136 392 218
3 520 393 46
3 502 392 393
3 561 46 392
3 393 392 46
3 638 29 371
3 537 148 29
3 523 371 148
3 29 148 371
3 619 81 259
3 595 27 81
3 537 259 27
3 81 27 259
3 623 253 192
3 523 370 253
3 595 192 370
3 253 370 192
3 537 27 148
3 595 370 27
3 523 148 370
3 27 370 148
3 620 218 434
3 502 326 218
3 591 434 326
3 218 326 434
3 623 192 219
3 595 328 192
3 502 219 328
3 192 328 219
3 619 301 81
3 591 82 301
3 595 81 82
3 301 82 81
3 502 328 326
3 595 82 328
3 591 326 82
3 328 82 326
3 639 214 315
3 540 113 214
3 538 315 113
3 214 113 315
3 622 266 102
3 592 212 266
3 540 102 212
3 266 212 102
3 601 446 41
3 538 312 446
3 592 41 312
3 446 312 41
3 540 212 113
3 592 312 212
3 538 113 312
3 212 312 113
3 637 407 96
3 535 469 407
3 534 96 469
3 407 469 96
3 619 239 166
3 594 406 239
3 535 166 406
3 239 406 166
3 622 447 351
3 534 94 447
3 594 351 94
3 447 94 351
3 535 406 469
3 594 94 406
3 534 469 94
3 406 94 469
3 638 184 29
3 536 26 184
3 537 29 26
3 184 26 29
3 601 391 288
3 529 169 391
3 536 288 169
3 391 169 288
3 619 259 49
3 537 171 259
3 529 49 171
3 259 171 49
3 536 169 26
3 529 171 169
3 537 26 171
3 169 171 26
3 622 351 266
3 594 386 351
3 592 266 386
3 351 386 266
3 619 49 239
3 529 275 49
3 594 239 275
3 49 275 239
3 601 41 391
3 592 274 41
3 529 391 274
3 41 274 391
3 594 275 386
3 529 274 275
3 592 386 274
3 275 274 386
3 631 53 67
3 549 54 53
3 599 67 54
3 53 54 67
3 607 187 167
3 546 395 187
3 549 167 395
3 187 395 167
3 615 296 292
3 599 68 296
3 546 292 68
3 296 68 292
3 549 395 54
3 546 68 395
3 599 54 68
3 395 68 54
3 637 96 435
3 534 224 96
3 556 435 224
3 96 224 435
3 622 321 447
3 492 204 321
3 534 447 204
3 321 204 447
3 607 77 107
3 556 443 77
3 492 107 443
3 77 443 107
3 534 204 224
3 492 443 204
3 556 224 443
3 204 443 224
3 639 297 214
3 490 335 297
3 540 214 335
3 297 335 214
3 615 410 74
3 531 223 410
3 490 74 223
3 410 223 74
3 622 102 52
3 540 65 102
3 531 52 65
3 102 65 52
3 490 223 335
3 531 65 223
3 540 335 65
3 223 65 335
3 607 107 187
3 492 308 107
3 546 187 308
3 107 308 187
3 622 52 321
3 531 202 52
3 492 321 202
3 52 202 321
3 615 292 410
3 546 66 292
3 531 410 66
3 292 66 410
3 492 202 308
3 531 66 202
3 546 308 66
3 202 66 308
