OFF
642 1280 0
-8.73276076166312e-01 5.45364494417928e-01 2.20373655892897e-01
4.97406524598340e-01 -1.04296785259066e+00 -2.37089761943004e-05
-1.02955491916039e+00 -4.48906581379809e-01 -1.14047029412406e-01
-7.37443441096999e-02 -6.90157270450828e-01 -3.88107639238172e-01
-1.14128691825151e+00 1.56216966645108e-01 -3.81716291550674e-02
-2.62853543608118e-01 -8.67892295980004e-01 -3.00862281680901e-01
4.30412207830161e-01 -1.06316707463989e+00 5.88402141359858e-02
-9.23172541120334e-01 2.26435248118944e-01 -2.76022211975829e-01
-8.93982409469909e-01 -7.26829192918299e-01 -3.68885936522432e-02
-7.16337605529829e-01 -2.62955335514750e-01 -3.64533365459620e-01
-4.33916410309626e-01 8.17046867552737e-01 2.90864248822909e-01
-4.60140083951361e-01 -9.17641905960849e-02 -4.43620939904297e-01
5.45149501373725e-01 5.24551736233145e-01 -3.66932397899373e-01
-7.16302494214693e-01 2.62762387175471e-01 3.64570096845535e-01
4.59693544384257e-01 -9.16693850594638e-02 -4.43706098020707e-01
-9.08304263094128e-01 3.86805385524586e-01 -2.52263596441620e-01
-1.80144621410393e-01 1.14137770018912e+00 -9.97033907075643e-05
-9.16107103209862e-02 -1.05607256614033e+00 -1.93212254869102e-01
-1.51598609803205e-01 2.67522027838326e-01 -4.67939262067067e-01
-8.20426085097933e-01 3.32480044848910e-01 -3.12003483475429e-01
-9.97519777234034e-01 -1.19279293421724e-01 -2.39840496963292e-01
1.05601618015568e+00 4.60105170804589e-01 3.83391703765812e-02
-9.79093636506856e-01 4.25061515942675e-01 1.85941268786075e-01
-1.05955486289982e+00 2.93413010893623e-01 1.49389759763883e-01
2.62459547533622e-01 8.67724638920427e-01 -3.01008305107448e-01
-3.53951399459914e-05 -1.11264789873087e+00 -1.30984784065554e-01
1.40083101700244e-01 4.30545762121888e-01 4.46625797067101e-01
3.87046135824017e-01 6.00682398049513e-01 3.81487034866538e-01
5.95567969123495e-01 -1.80777031938789e-01 -4.09003663185892e-01
1.19031811556941e-01 5.71159604991275e-01 4.19019594473876e-01
5.95534093137209e-01 1.80595871881935e-01 -4.09026493602797e-01
-5.45671979152519e-01 5.24378791140858e-01 -3.66838946250047e-01
-7.26873490421593e-01 -8.81115052110270e-02 -3.75545541656561e-01
-3.32687031687709e-01 -7.42698526530217e-01 3.44623839202210e-01
-3.87018300397582e-01 -6.00477133877823e-01 3.81549048258873e-01
-8.82021298324393e-02 8.93850325449413e-01 -3.05398224408159e-01
-9.73367162308834e-01 -5.95886710779231e-01 7.59353869946007e-02
-1.05600418867766e+00 -4.60061808462862e-01 3.84890136359836e-02
-9.73380558330039e-01 -5.95911146419505e-01 -7.58712087438256e-02
-5.71206989676170e-01 9.97386334853256e-01 4.99532609315254e-02
-1.05600960268327e+00 -4.60076445607585e-01 -3.84318746233470e-02
1.56462009066150e-01 -9.07667122000258e-02 4.79458057915024e-01
-9.11043993946871e-02 1.14127405438903e+00 6.56085124532241e-02
-7.35251545117439e-02 -6.90048021817326e-01 3.88149262147136e-01
-8.20335878182817e-01 -3.32915713631456e-01 -3.11963350291815e-01
-8.73174907003520e-01 -5.45568353223722e-01 -2.20355351125476e-01
6.56951666055419e-01 9.23230328442277e-01 9.51121073657189e-02
-8.78278769175848e-02 -8.94019378522597e-01 3.05329917142639e-01
1.14137311773410e+00 6.57484003593900e-05 -7.56932842045699e-02
4.48820240758553e-01 2.71740104535148e-01 4.32514634465334e-01
-2.93593675817030e-01 3.55723194652071e-01 4.45093192867983e-01
-8.36579737797273e-01 -2.29521894294901e-04 -3.34861503444920e-01
5.45554595346120e-01 -5.24575972328657e-01 3.66820003516595e-01
6.90094152672885e-01 -9.23884629464849e-01 3.08788407445068e-02
6.57121430921226e-01 -9.23057419675605e-01 9.52012813157451e-02
-5.96228215184569e-01 7.44228352800810e-01 2.74147627629910e-01
9.78922643427867e-01 -4.25170540397929e-01 -1.86056138702228e-01
-3.11821817605322e-01 6.12097499830095e-05 4.67433070264426e-01
-5.45405804648569e-01 -5.24645905566003e-01 3.66841401762802e-01
-3.87329597740998e-01 6.00234506078332e-01 -3.81560675702828e-01
-4.48759194565654e-01 -2.71542134781012e-01 4.32547757411794e-01
7.26507945333169e-01 8.78270582183542e-02 -3.75682118274818e-01
-6.92450018783421e-01 -4.33787907478145e-01 3.43244142179112e-01
1.14126498174218e+00 1.56527893586078e-01 3.80624236705012e-02
-2.93802799456653e-01 3.55397061074770e-01 -4.45114819647343e-01
3.87166153407971e-01 -6.00432793833511e-01 3.81534889281304e-01
5.96189133730770e-01 -7.44195600322093e-01 2.74178319106732e-01
5.71021534805180e-01 -9.97480022362078e-01 4.99972965475661e-02
6.00554079103800e-01 -9.08161160398683e-01 1.62585914095276e-01
7.44107386315503e-01 -6.52701416760742e-01 -2.50480232626749e-01
1.80763043485078e-01 -9.73409673671127e-01 2.50308693249156e-01
-9.17439834921038e-02 1.05612720856195e+00 1.93148368652267e-01
-6.00664759258309e-01 9.08126968407037e-01 1.62547454825943e-01
3.55682190559429e-01 -1.05949735346806e+00 1.23309121900965e-01
2.62852943123841e-01 -8.67813241447950e-01 3.00902618848143e-01
7.42643850154817e-01 -8.20291019540756e-01 -1.39840053306259e-01
-2.05043281814829e-04 1.11270500993451e+00 1.30899103519631e-01
9.79112159921352e-01 -4.25096931164405e-01 1.85909761746856e-01
3.32431668231184e-01 7.42586246073823e-01 -3.44710025034846e-01
-6.57263093743885e-01 9.22974804761078e-01 9.51700474239760e-02
9.73376852523454e-01 5.95977212105601e-01 7.57879667326726e-02
5.45454645506470e-01 5.24847289512463e-01 3.66777736978723e-01
6.52676956666912e-01 5.96300053229711e-01 3.12591514769762e-01
4.48478478350649e-01 2.71438849306000e-01 -4.32610580279247e-01
1.79655833596739e-01 1.14145472846261e+00 -1.18647759991690e-04
-6.90033921518254e-01 -9.23929047234790e-01 -3.08818440477210e-02
-7.42685675863146e-01 -8.20346679964851e-01 -1.39743187848331e-01
-4.33832619955090e-01 -8.17080345789099e-01 -2.90869710310244e-01
2.71278558432918e-01 1.02953582335227e+00 -1.88657753788045e-01
-5.45538266906880e-01 -5.24775302103335e-01 -3.66773966553543e-01
-1.11381988025241e+00 -1.51501688383208e-01 -1.12451918421703e-01
-2.26977972962786e-01 6.56843386388591e-01 -3.87833108163508e-01
-8.16955353120873e-01 -6.92520989164513e-01 1.82250363452479e-01
-1.11386352360912e+00 1.51111039624887e-01 -1.12468390578896e-01
7.26865627967191e-01 -8.77578870665384e-02 3.75562840934483e-01
1.14122340167942e+00 1.56503198386303e-01 -3.82996457194600e-02
9.23999710081838e-01 -7.34565296013489e-02 2.89854523503316e-01
5.95955031829302e-01 -7.44266347659109e-01 -2.74234245920084e-01
6.52512155425835e-01 -5.96132183404549e-01 -3.12708727175668e-01
6.92289949534836e-01 -4.33822359897226e-01 -3.43293440481495e-01
-7.44252111477499e-01 -6.52779656293057e-01 -2.50368333176952e-01
7.26523741694150e-01 -8.79612170518975e-02 -3.75671186823994e-01
4.25271350730553e-01 -4.42587840929768e-01 4.11293351205234e-01
1.11389059296603e+00 -1.51226214377863e-01 1.12393726442609e-01
5.70979351887290e-01 -9.97487470443129e-01 -5.00560630440320e-02
-6.00719599840803e-01 9.07969056728723e-01 -1.62667336618907e-01
1.06323702711691e+00 1.40251720319010e-01 1.80722500530874e-01
8.73276302604572e-01 -5.45383896229128e-01 2.20365022960375e-01
-3.33023080133921e-01 7.42467688305280e-01 -3.44654341314511e-01
2.26506746049300e-01 -6.57148176550795e-01 -3.87790602048708e-01
4.42395273346392e-01 9.79003946328523e-01 -1.78749345502338e-01
-9.97479934707257e-01 -1.19152699938308e-01 2.39880845641400e-01
3.86874871201016e-01 -6.00554912572837e-01 -3.81553115225775e-01
1.40175393031106e-01 -4.30323789149784e-01 4.46658442001320e-01
-4.48933420108826e-01 -2.71741934929642e-01 -4.32493699762006e-01
1.05608993283967e+00 -4.59914132255766e-01 3.83851448603685e-02
1.14124769457891e+00 -1.56348632485070e-01 -3.82833022389257e-02
1.02953723298171e+00 -4.48760531774755e-01 -1.14176580527475e-01
-9.97553299745830e-01 1.18840254747874e-01 -2.39854354653771e-01
-2.93717445417651e-01 -3.55791607342962e-01 -4.45069128964192e-01
-8.20350456544795e-01 3.32705503849562e-01 3.11996162759834e-01
1.05597570305574e+00 4.60075249869680e-01 -3.85984377824069e-02
-6.00430323528133e-01 -9.08196676088158e-01 1.62631565409382e-01
-7.42647088073612e-01 -8.20315219655907e-01 1.39811960722922e-01
-5.96036285299266e-01 -7.44248453185711e-01 2.74211649407784e-01
-8.73324476623035e-01 5.45184983598995e-01 -2.20418192441577e-01
-6.57292895536069e-01 9.22881706360024e-01 -9.52929876491811e-02
-3.55903122246144e-01 1.05936052750709e+00 -1.23404055490435e-01
-1.56666474193804e-01 9.06669511864326e-02 -4.79449605264238e-01
-9.08197323446118e-01 -3.87223715399316e-01 -2.52218275246799e-01
-4.30635320954334e-01 1.06304555292746e+00 -5.89395206648840e-02
-5.45539536060895e-01 5.24674283878037e-01 3.66799139800233e-01
-1.19015706553339e-01 -5.70964235596797e-01 4.19067392549356e-01
-3.06217721818748e-04 4.97197575351760e-01 -4.38205782134153e-01
4.33473463366824e-01 8.16936175738342e-01 -2.91035640688835e-01
8.77763849581326e-02 -8.94073005384499e-01 -3.05304815182706e-01
8.67775331229989e-01 7.16423378905869e-01 1.10273527988282e-01
-9.23117860048127e-01 2.26622061478374e-01 2.76027429601805e-01
-9.97513459835731e-01 1.18991482629963e-01 2.39870364722615e-01
9.06504852164155e-02 1.14131296509893e+00 6.56000165629880e-02
-2.26822879668783e-01 -6.57171836505807e-01 -3.87750910641938e-01
-7.44183174498616e-01 -6.52705162838884e-01 2.50438767307441e-01
-6.52631217177332e-01 -5.96106797920522e-01 3.12673413956326e-01
7.16030616721599e-01 -2.62829764680547e-01 -3.64655776961629e-01
8.77756126513426e-02 8.94178669241696e-01 3.05250233115824e-01
-5.70951243985779e-01 -9.97504637032941e-01 5.00522726250065e-02
-4.60162959353625e-01 9.13264642765828e-02 -4.43632694485592e-01
-1.79878300436285e-01 -1.14141972597150e+00 1.69651836097763e-05
2.26638391623890e-01 6.57255227629575e-01 3.87745003932306e-01
8.94025682219084e-01 -7.26747149625077e-01 -3.69886559730592e-02
-4.42852559981565e-01 9.79006284126073e-01 1.78547118405736e-01
-1.14123758431423e+00 -1.56551075797910e-01 3.81903673603088e-02
-2.62708184609114e-01 -8.67830704633980e-01 3.00916041634131e-01
-1.19146880677715e-01 5.71120824136561e-01 4.19023151901043e-01
-4.42924954167592e-01 9.78827365276565e-01 -1.78688501685887e-01
-7.39009956758143e-02 6.89865316014634e-01 -3.88193982238034e-01
9.97322431380006e-01 1.19083657183855e-01 -2.40002449289220e-01
8.67668143048918e-01 7.16325287731494e-01 -1.10534550624422e-01
-1.06322217626000e+00 1.39872563320939e-01 -1.80789771655231e-01
3.55468493674359e-01 1.05963536921115e+00 1.23208528617232e-01
-1.56412864393651e-01 9.09634605009206e-02 4.79454307021507e-01
8.20046633067447e-01 3.32711774487017e-01 -3.12135919890569e-01
-8.17142962477514e-01 6.92394045138829e-01 1.82187034618766e-01
-1.11380685460313e+00 -1.51443900185129e-01 1.12488421666051e-01
-9.23974813852292e-01 7.33566222820584e-02 -2.89872995740490e-01
-1.11385050025922e+00 1.51183519435055e-01 1.12473962997578e-01
7.16313423832656e-01 2.62955776634275e-01 3.64541695908334e-01
8.67898142827597e-01 -7.16214778463839e-01 1.10342079307858e-01
-2.71511291936504e-01 -1.02958556076380e+00 1.88550726744334e-01
1.51333268253285e-01 2.67888162130385e-01 4.67917451157195e-01
-1.51350064808894e-01 2.67847152939021e-01 4.67920635782881e-01
2.93555069651761e-01 3.55807385689381e-01 4.45085809950264e-01
-1.06319728352296e+00 1.39988195403759e-01 1.80799812768424e-01
3.32582475315277e-01 -7.42758075564709e-01 -3.44618999642949e-01
-7.16232864426086e-01 -2.62785516964639e-01 3.64591298455864e-01
-7.44357202444348e-01 6.52630751837738e-01 2.50381706244805e-01
-4.59963545705026e-01 -9.15247866262863e-02 4.43661978940203e-01
-8.73126496583622e-01 -5.45492584637558e-01 2.20422303683390e-01
-1.51288040257420e-01 -2.67684466923570e-01 4.67940606486622e-01
-9.08252681095842e-01 3.86993581133782e-01 2.52245431665303e-01
7.43990719798362e-01 6.52668337751083e-01 -2.50556599349991e-01
-1.19375334583792e-01 5.70774856027394e-01 -4.19094870251974e-01
8.36265569983697e-01 -4.33069649204419e-05 -3.34999989445899e-01
-1.40149397282208e-01 4.30503683962935e-01 4.46629285090198e-01
-4.48933920586888e-05 4.97545460399672e-01 4.38136105145989e-01
6.90066525034970e-01 -9.23890195606554e-01 -3.09583172090788e-02
-4.25414876613433e-01 4.42408072016475e-01 -4.11301289708299e-01
8.17098029753606e-01 -6.92440945589184e-01 1.82191142827371e-01
-5.95855992668982e-01 1.80712565933101e-01 4.08934645059577e-01
-5.95809397969128e-01 -1.80685337715704e-01 4.08948750566867e-01
2.26369201890270e-01 6.56920654237154e-01 -3.87872805591896e-01
8.75819315763342e-02 8.93884032108160e-01 -3.05412314380214e-01
4.33701441506336e-01 8.17207279943869e-01 2.90841297811908e-01
9.23698790728136e-01 7.35745353938874e-02 -2.90018473510009e-01
-1.19244172687566e-01 -5.71103689050986e-01 -4.19022389218332e-01
-3.55848522890126e-01 1.05948833286350e+00 1.23238082263857e-01
8.16804259334973e-01 6.92517817936869e-01 -1.82371977144574e-01
-1.95457949634711e-04 -4.97515614166186e-01 -4.38142079613287e-01
1.56124287421624e-01 9.07043326399958e-02 -4.79479571272079e-01
-4.25305199465207e-01 -4.42808240391582e-01 -4.11245301490670e-01
4.30202465227832e-01 1.06328485247621e+00 5.87352239236008e-02
-7.97352794433705e-01 8.36315551420523e-01 -5.16181435268819e-05
6.52786737162351e-01 -5.96031513254965e-01 3.12641443917405e-01
3.55375991909046e-01 1.05950754609964e+00 -1.23449402062240e-01
8.20401215848087e-01 -3.32646249620623e-01 3.11983757248765e-01
-1.04300678822723e+00 -2.16041117234419e-04 -2.08932433100121e-01
1.02946457497815e+00 4.48856699720200e-01 -1.14225480030659e-01
1.80387825973141e-01 9.73321809549073e-01 -2.50416748134515e-01
-7.42865719771818e-01 8.20191657608774e-01 1.39734886986490e-01
-1.80988429068888e-01 9.73249918439398e-01 -2.50389575605107e-01
1.11386684397003e+00 1.51461860458613e-01 1.12379262623667e-01
-1.14128295135081e+00 1.56241648508228e-01 3.81747330819371e-02
2.93628111940045e-01 -3.55555608903478e-01 4.45112816617683e-01
-6.52729636822166e-01 -5.96207443924235e-01 -3.12603277863083e-01
1.19154966006628e-01 -5.70949979152971e-01 4.19063836280453e-01
5.70790839793485e-01 9.97565499373800e-01 -5.01609655160343e-02
-5.96321208310978e-01 7.43981489989217e-01 -2.74230176881929e-01
-8.16999805557025e-01 -6.92572057051138e-01 -1.82180930576131e-01
8.16977218483776e-01 6.92677862006315e-01 1.82127804431888e-01
5.24559478861415e-01 8.73366200372584e-01 2.29053481313265e-01
9.13851372795792e-02 1.05616500923461e+00 1.93141912307445e-01
-1.51536601039089e-01 -2.67901367237297e-01 -4.67904502261855e-01
-1.40049985128013e-01 -4.30344115507969e-01 4.46661928788375e-01
3.32837495006183e-01 -7.42668922875402e-01 3.44609456886737e-01
9.23183192183609e-01 -2.26575658006997e-01 2.75995587452195e-01
-1.04155055701359e-04 7.97318492036872e-01 3.51360448966781e-01
-2.26784588013280e-01 6.57177929295483e-01 3.87753041157473e-01
-8.67973815530399e-01 7.16118189805693e-01 1.10347668693901e-01
4.48531751981206e-01 -2.71663983923296e-01 -4.32575889073391e-01
-7.36818291731581e-02 6.90205683356500e-01 3.88094539508924e-01
1.80556638470595e-01 9.73571956105557e-01 2.50223578360426e-01
2.67766497501221e-01 -1.11382338151174e+00 6.35659297933468e-02
1.79897887664139e-01 -1.14141663971896e+00 -1.97486512975832e-06
-1.02968212413578e+00 4.48544288200245e-01 -1.14095918058390e-01
-1.14124155228955e+00 -1.56570606111728e-01 -3.81552925583178e-02
-1.06318219027932e+00 -1.40291694201090e-01 -1.80773956265457e-01
7.34271187093357e-02 -6.90150001008680e-01 -3.88120536062143e-01
-2.67738610359507e-01 -1.11383557378794e+00 -6.35489536856276e-02
-9.23917500912107e-01 7.35336673282075e-02 2.89897319617719e-01
5.95883193574730e-01 1.80864643572394e-01 4.08915782969255e-01
-7.26896834603912e-01 8.76537739896951e-02 -3.75556472068179e-01
-4.30371543408219e-01 -1.06318762705196e+00 -5.88271669474633e-02
9.14917099886200e-02 -1.05606958647526e+00 -1.93225080879966e-01
-7.44426118816472e-01 6.52415193957704e-01 -2.50444685347088e-01
-4.97633021746333e-01 1.04285978764095e+00 -7.79470573121819e-05
6.89926031452062e-01 9.24027720265470e-01 3.07860823472461e-02
-8.79984148639097e-02 -8.94078432084883e-01 -3.05290729323471e-01
7.32764345282659e-02 6.89890812596212e-01 -3.88206881115030e-01
2.71413107965507e-01 1.02972881574160e+00 1.88437569796070e-01
1.18760385612868e-01 5.70813621155595e-01 -4.19116386953103e-01
-2.83168609576145e-04 1.11256622656588e+00 -1.31107114650374e-01
-1.40289428427392e-01 -4.30519802474495e-01 -4.46618783596621e-01
1.18883526167949e-01 -5.71089438266734e-01 -4.19043903235207e-01
2.62673125414074e-01 8.68011629719492e-01 3.00829329695091e-01
-3.87182177506054e-01 -6.00599235039228e-01 -3.81485779900026e-01
-9.08145727408114e-01 -3.87119737738785e-01 2.52279228467767e-01
-6.52885335345266e-01 5.95823150737605e-01 -3.12675201089205e-01
-8.20260244155549e-01 -3.32779790841601e-01 3.12024040795204e-01
-3.55644937783682e-01 -1.05952374707083e+00 -1.23288058473892e-01
4.25183872915926e-01 4.42853447964320e-01 4.11258851978290e-01
-4.34035464513526e-01 8.16775804335802e-01 -2.90967244719400e-01
8.20104606580097e-01 -3.32782216396730e-01 -3.12095781141771e-01
-4.42608954353823e-01 -9.79023689600589e-01 1.78636863398476e-01
-5.95948137328767e-01 -1.80890283396419e-01 -4.08897076878311e-01
-5.95994728776853e-01 1.80443850400468e-01 -4.08919904838846e-01
-5.71224486495599e-01 9.97335834379363e-01 -5.00957026339716e-02
4.48873521543414e-01 -2.71464155778623e-01 4.32535458951850e-01
-9.73534077626044e-01 5.95656014630806e-01 7.58771610047079e-02
-9.73547466220848e-01 5.95592533147111e-01 -7.59347713139348e-02
-1.05613528794220e+00 4.59782560835623e-01 3.84430487848836e-02
1.11265423300128e+00 -3.11762255093443e-01 -9.34869390907608e-05
-1.05614070009675e+00 4.59752648484117e-01 -3.84799283426542e-02
-6.92552162090506e-01 -4.33922448230097e-01 -3.43177750259221e-01
-9.11410103948189e-02 1.14120362952225e+00 -6.58154207357631e-02
3.11877726814689e-01 1.30650435594427e-04 4.67426484446208e-01
4.60028343792456e-01 9.17109612055253e-02 4.43643335518150e-01
-8.17187399375898e-01 6.92234046678989e-01 -1.82259150836678e-01
-5.24892893980323e-01 8.72947804440509e-01 -2.29200124697988e-01
-4.48826875106185e-01 2.71618201443417e-01 4.32526933763796e-01
-1.04297620149695e+00 -9.50350487952437e-05 2.08959396056942e-01
-7.16407230787036e-01 2.62509927722367e-01 -3.64565873590909e-01
7.97040484886598e-01 8.36613146423134e-01 -1.35559846412401e-04
1.51023636093050e-01 2.67563017032913e-01 -4.67967939085566e-01
-3.32867017687981e-01 7.42777717956622e-01 3.44563036166617e-01
-9.08441164472455e-02 -1.14125821645682e+00 6.57207405551110e-02
1.04305626766050e+00 1.37213152076924e-04 2.08888844206164e-01
-1.36234118885118e-04 -7.97238986540078e-01 -3.51392286528974e-01
-7.26767308907381e-01 -8.79082327220392e-02 3.75590216503959e-01
2.77601691446311e-06 1.80013185978028e-01 4.79515886625960e-01
1.02958332884300e+00 4.48944894216172e-01 1.13975123594165e-01
-5.70968740840664e-01 -9.97512084236278e-01 -4.99908131441943e-02
8.67790948777228e-01 -7.16244589156679e-01 -1.10456667911409e-01
5.24726890149287e-01 -8.73150507455912e-01 2.29130926214623e-01
9.08985129105108e-02 -1.14125665630004e+00 6.57122469366547e-02
2.71625889188841e-01 -1.02957543376634e+00 1.88531354518072e-01
8.16925064053629e-01 -6.92492031080414e-01 -1.82293741515660e-01
4.42728381403318e-01 -9.79003154278896e-01 1.78604491101175e-01
7.36709477960398e-02 -6.90040754400379e-01 3.88146663362949e-01
-4.30611173915503e-01 1.06310663526296e+00 5.87759828582336e-02
-2.67973716996221e-01 1.11380086702389e+00 6.34813800752826e-02
5.24370909294574e-01 8.73147092966173e-01 -2.29277009720333e-01
6.92518421092008e-01 4.33973031381264e-01 3.43178478699788e-01
-9.23055029269371e-01 -2.26743572119147e-01 2.76046901411024e-01
4.97204894602154e-01 1.04306394434197e+00 -1.30324922539863e-04
4.30156405211550e-01 1.06322375974437e+00 -5.89894044885285e-02
2.67536065289495e-01 1.11391418500328e+00 6.34562507479981e-02
1.05954031601705e+00 2.93704898983425e-01 1.49306713258343e-01
2.67490791740967e-01 1.11384680069505e+00 -6.36982385824135e-02
7.44337206388243e-01 -6.52626909980841e-01 2.50393965120197e-01
4.42535943425427e-01 9.79182896083268e-01 1.78514736532097e-01
-5.24586620959164e-01 -8.73184842503954e-01 2.29164517846025e-01
-8.67998319990209e-01 7.16020127395577e-01 -1.10425933485053e-01
1.51390501556251e-01 -2.67658078162780e-01 4.67937422039181e-01
-1.40388824534555e-01 4.30161989591059e-01 -4.46674118089837e-01
-1.14142405418622e+00 -1.88387789311337e-04 -7.55575635243634e-02
6.58827381145357e-05 -4.97355940637870e-01 4.38174080581546e-01
-8.67777626437019e-01 -7.16296076734503e-01 1.10416205638046e-01
-7.42904296095818e-01 8.20061201613849e-01 -1.39833791397590e-01
4.59675635733535e-01 9.14364394551189e-02 -4.43717855728263e-01
-2.71601643448224e-01 -1.02961098510231e+00 -1.88503250975921e-01
4.42587705743124e-01 -9.79031136899251e-01 -1.78638951530832e-01
6.92597285735071e-01 -4.33687788130373e-01 3.43214029415142e-01
9.08041131371762e-01 -3.87084781907846e-01 -2.52355133785411e-01
1.39882010387359e-01 -4.30499488072848e-01 -4.46644793159394e-01
6.92211091470887e-01 4.33709955584313e-01 -3.43346569162458e-01
9.79042052434180e-01 4.25354444444476e-01 1.85870966405979e-01
7.44220536615977e-01 6.52883956282867e-01 2.50336897097125e-01
8.72968408628634e-01 5.45465114934929e-01 -2.20544780412812e-01
5.96049578307184e-01 7.44440990138108e-01 2.74114289335514e-01
1.14128927484799e+00 -1.56329097352968e-01 3.80780574128796e-02
-1.56645402435146e-01 -9.10578476653103e-02 -4.79437745503806e-01
-8.80316183515001e-02 8.94144952875519e-01 3.05254652852515e-01
1.02965598938614e+00 -4.48716543269445e-01 1.14017976226583e-01
-2.62914911236919e-01 8.67912055793207e-01 3.00842756756015e-01
-6.90268026493017e-01 9.23759257627964e-01 3.08549216874989e-02
2.26775942530583e-01 -6.57033518231233e-01 3.87797123932484e-01
4.27381045982324e-05 -1.11263492800557e+00 1.31004228226287e-01
3.55589682717806e-01 -1.05951239921191e+00 -1.23333391914360e-01
-1.80761287125352e-01 -9.73458068126591e-01 -2.50275698152000e-01
9.16146080492398e-02 -1.05604573648475e+00 1.93237809129888e-01
8.79700739279701e-02 -8.94013952555830e-01 3.05325496179523e-01
1.05604945272318e+00 -4.59928780650143e-01 -3.85503754218921e-02
1.56143680027418e-01 -9.10255921839641e-02 -4.79467711404266e-01
1.11376941798543e+00 -1.51284028570392e-01 -1.12591764021225e-01
-6.92564359517474e-01 4.33764731572977e-01 3.43208594709963e-01
1.05938286888201e+00 2.93599417489266e-01 -1.49540329889226e-01
-6.92666484189908e-01 4.33501720052915e-01 -3.43230869913240e-01
1.06304620598577e+00 1.40136041042241e-01 -1.80936336015723e-01
-2.26629479569180e-01 -6.57057184404394e-01 3.87805158464532e-01
-9.23954407480720e-01 -7.38087531941642e-02 -2.89864219225957e-01
-2.67708050631723e-01 -1.11382930596079e+00 6.35910515793991e-02
5.95917075589455e-01 -1.80572043740630e-01 4.08929891330004e-01
9.23145066045500e-01 2.26865255306710e-01 2.75976107492619e-01
-4.30347389045962e-01 -1.06318053203715e+00 5.88809614428752e-02
-4.49001089398320e-01 2.71316991264670e-01 -4.32528387077018e-01
-2.68004273214393e-01 1.11373348991580e+00 -6.36669792312346e-02
-8.93974625237438e-01 -7.26819394235029e-01 3.69559025387952e-02
2.62639338403580e-01 -8.67874837284565e-01 -3.00904183899583e-01
-3.87165751602916e-01 6.00554340849195e-01 3.81501196071945e-01
-4.25135321984630e-01 -4.42648619820166e-01 4.11306627149377e-01
1.51080860427435e-01 -2.67874986997393e-01 -4.67933177986798e-01
-2.83228210307159e-04 1.79698181740766e-01 -4.79536724433520e-01
3.11536018444372e-01 -1.40096348485682e-04 -4.67466700200387e-01
-9.23109709557101e-01 -2.26876464266090e-01 -2.75995353789693e-01
-9.79006740224978e-01 -4.25313592093926e-01 -1.85920286756050e-01
-1.05949194379435e+00 -2.93703778541372e-01 -1.49367673504851e-01
8.93938459265669e-01 7.26910121973328e-01 3.67950085098676e-02
8.93902189654678e-01 7.26877141026411e-01 -3.70645349899350e-02
4.24863109121138e-01 4.42536616346601e-01 -4.11377536209398e-01
4.24950572517831e-01 -4.42747486215042e-01 -4.11321541997882e-01
3.32686667716880e-01 7.42896315401872e-01 3.44548651355762e-01
7.35202436933282e-02 6.90231192082182e-01 3.88091941052882e-01
-9.15030994710348e-02 -1.05604871458965e+00 1.93244261485797e-01
-3.55590330628046e-01 -1.05950870450562e+00 1.23338664012471e-01
-4.97370129597009e-01 -1.04298520841332e+00 2.86513250890344e-05
9.23711157054438e-01 -7.36153059860804e-02 -2.90009695858092e-01
-1.02953755846750e+00 -4.48862610010661e-01 1.14105220933570e-01
9.73398119054900e-01 -5.95798860664170e-01 -7.59869964465110e-02
9.22908540274415e-01 -2.26708598715887e-01 -2.76138402367799e-01
9.73475295683845e-01 -5.95774412769640e-01 7.58462016699906e-02
-1.11260232435139e+00 -3.11947527819816e-01 2.36551666371259e-05
-8.94182595707147e-01 7.26561053848247e-01 -3.69644573519192e-02
-3.13750811451066e-04 7.96994076141786e-01 -3.51490307459726e-01
-2.71757093275164e-01 1.02961799377793e+00 1.88456946688477e-01
-4.25245018243207e-01 4.42724854540099e-01 4.11272129836441e-01
-8.94174815320110e-01 7.26594023698997e-01 3.68832070545957e-02
4.60046245674323e-01 -9.14299451167706e-02 4.43650296388537e-01
6.89898407150009e-01 9.23997464721863e-01 -3.10544457352833e-02
9.78852535408349e-01 4.25212589275157e-01 -1.86104273495088e-01
6.56867860829708e-01 9.23137210122368e-01 -9.53734277811703e-02
-2.63060253188109e-01 8.67625087362380e-01 -3.00966400259453e-01
1.56442603141579e-01 9.10008556674703e-02 4.79451342114444e-01
7.42625322666931e-01 8.20466758421526e-01 1.39675359372594e-01
6.00384019573648e-01 9.08358889930970e-01 1.62501790310642e-01
-5.96129304361444e-01 -7.44319182441473e-01 -2.74142069321822e-01
7.42772032059185e-01 -8.20259555655076e-01 1.39752444146052e-01
1.04283755005186e+00 1.61585800390268e-05 -2.09081498896296e-01
-5.24808118912519e-01 8.73166872791421e-01 2.29087081046144e-01
9.07975692316956e-01 3.87070821187019e-01 -2.52400466326377e-01
-3.32843123983525e-01 -7.42787670356954e-01 -3.44563323356974e-01
-2.71847427418283e-01 1.02942501916863e+00 -1.88619942482281e-01
1.06306861235912e+00 -1.40081771838621e-01 -1.80920517733415e-01
6.52402380956206e-01 5.96038495307537e-01 -3.12780663280621e-01
-4.59986428972330e-01 9.16009381514740e-02 4.43655017797641e-01
8.20343232514451e-01 3.32937301035834e-01 3.11955870891757e-01
-1.14141620628646e+00 -1.44625163330919e-04 7.55785020177590e-02
7.26849826185355e-01 8.80588618339705e-02 3.75555804562125e-01
9.23987341626430e-01 7.37516415685976e-02 2.89848255905320e-01
3.86754858630606e-01 6.00362513545853e-01 -3.81628021053768e-01
1.39789728906980e-01 4.30204051054513e-01 -4.46700129863703e-01
4.33862469386539e-01 -8.16981654083196e-01 2.90910776916406e-01
-1.06315729615069e+00 -1.40197922324511e-01 1.80812631985752e-01
-4.33713554412764e-01 -8.17014432132645e-01 2.90933720023460e-01
8.94061949078386e-01 -7.26737352629440e-01 3.68677167207755e-02
-6.57021740302016e-01 -9.23094523336501e-01 9.52592064917675e-02
7.97187403979422e-01 -8.36473205892740e-01 -5.00543033283177e-05
-6.52786936996512e-01 5.96084645941687e-01 3.12623491088448e-01
9.97341930491204e-01 -1.19078560620243e-01 -2.39988594066934e-01
1.14145543588099e+00 1.09526684076570e-04 7.54738720886474e-02
-8.36500917927252e-01 -3.55829825723461e-05 3.34896267910268e-01
-9.23897097741721e-01 -7.36500353288156e-02 2.89903582397239e-01
2.93306254443325e-01 -3.55745073698136e-01 -4.45123550744432e-01
2.93233224189098e-01 3.55481213584516e-01 -4.45169245707383e-01
-1.56391791555791e-01 -9.07989832645213e-02 4.79461022777047e-01
-2.93508320013381e-01 -3.55602163948128e-01 4.45120196963435e-01
7.42497137825217e-01 8.20336270336964e-01 -1.39930674790890e-01
9.22870418238067e-01 2.26678373211527e-01 -2.76165267429973e-01
5.95815481243280e-01 7.44194065638663e-01 -2.74322371890023e-01
-7.26790659948509e-01 8.78855142728568e-02 3.75583179887906e-01
-4.42681362396450e-01 -9.79051670067144e-01 -1.78578121619269e-01
-1.80631510207115e-01 -9.73418247634332e-01 2.50319566966206e-01
5.24538312414058e-01 -8.73196873324707e-01 -2.29175943464568e-01
7.15983217641646e-01 2.62703252534076e-01 -3.64688291447258e-01
2.71491317150153e-01 -1.02960085955755e+00 -1.88541058548084e-01
8.73182953818939e-01 5.45644685767714e-01 2.20316362143463e-01
9.97588286881785e-01 -1.18951918018159e-01 2.39818900351981e-01
9.08567387329258e-02 -1.14126235186020e+00 -6.57049845474848e-02
6.00244878972936e-01 9.08200938647947e-01 -1.62748141657560e-01
9.73299678771922e-01 5.95913709113700e-01 -7.60505735277994e-02
-2.43172431970458e-04 -1.80052877807849e-01 -4.79513245580177e-01
9.06087120541061e-02 1.14124253692124e+00 -6.58260674500018e-02
-7.97127172955336e-01 -8.36530608567925e-01 3.38722811492611e-05
-8.67802140206588e-01 -7.16325871816139e-01 -1.10348066183662e-01
9.08290508892265e-01 -3.86980771456761e-01 2.52224859311619e-01
-6.90277287938293e-01 9.23729005262241e-01 -3.09779599127711e-02
5.70833018769886e-01 9.97616009191052e-01 4.98982698643247e-02
4.28384018070209e-05 -1.79812415415375e-01 4.79529181172493e-01
7.16360825837755e-01 -2.62659904843677e-01 3.64562902050614e-01
4.33634476836346e-01 -8.17047574339019e-01 -2.90938097374454e-01
5.45249428115713e-01 -5.24705396348718e-01 -3.66867411649024e-01
-6.90024663912764e-01 -9.23923483145740e-01 3.09476629701859e-02
-1.02966477281421e+00 4.48632444382489e-01 1.14062376959524e-01
-9.08807358698407e-02 -1.14126391187846e+00 -6.56943438271637e-02
2.67721214808574e-01 -1.11382964945301e+00 -6.35802073804237e-02
-1.11269224082016e+00 3.11626655265369e-01 -8.21304287293777e-06
8.73061748338111e-01 -5.45459691401571e-01 -2.20481927614610e-01
6.00414930678615e-01 -9.08191607002704e-01 -1.62646590898778e-01
1.06325943741646e+00 -1.39987962335355e-01 1.80735322922513e-01
4.30366139402791e-01 -1.06317417303398e+00 -5.88770388234008e-02
-5.24671416308232e-01 -8.73231197434267e-01 -2.29099072469495e-01
1.11374566829738e+00 1.51389349609344e-01 -1.12608241746609e-01
-9.78974387041018e-01 -4.25240013219714e-01 1.85980049844509e-01
6.57037617542896e-01 -9.23074637986247e-01 -9.52738868875828e-02
9.08225067536591e-01 3.87259086527139e-01 2.52191056490187e-01
-1.05947114076719e+00 -2.93636184344893e-01 1.49417163980848e-01
9.97568779011282e-01 1.19234940114700e-01 2.39808416198693e-01
1.05958732544023e+00 -2.93456231378645e-01 1.49334128816515e-01
1.80594205779846e-01 -9.73449502085265e-01 -2.50302865611967e-01
-3.12037721140723e-01 -2.09508629534908e-04 -4.67407633034071e-01
8.36586284943196e-01 1.50693258101144e-04 3.34858624460829e-01
-6.57051550503051e-01 -9.23111731595904e-01 -9.51934630245466e-02
9.12622471432245e-02 1.05596500527936e+00 -1.93345072849859e-01
-9.18515989138678e-02 1.05592721054684e+00 -1.93332246883224e-01
7.33731555021246e-05 -7.97156321796027e-01 3.51425388092466e-01
1.05942987337583e+00 -2.93523853660041e-01 -1.49507734723184e-01
-6.00485183013671e-01 -9.08227109832514e-01 -1.62565806969680e-01
-1.80858675066125e-01 9.73500048436028e-01 2.50234457673392e-01
-9.79125984922151e-01 4.24919709949348e-01 -1.85968407687385e-01
-1.05957566522880e+00 2.93307566258661e-01 -1.49400264548176e-01
1.11260527755272e+00 3.11936856993279e-01 -1.25364337259445e-04
1.09885528128659e+00 3.07492096498179e-01 -7.65030447356488e-02
-7.91695891184032e-01 4.97119872835730e-01 -2.85331825958700e-01
-2.68402093685581e-01 5.14776818521876e-01 -4.19725999508551e-01
-4.97635813638698e-01 6.78920646086429e-01 -3.32558485402244e-01
-6.79120270291727e-01 -7.91552077747883e-01 2.08976428548782e-01
3.07141767023756e-01 -1.81913336471286e-01 -4.61697196255646e-01
-7.91489185793973e-01 -4.97421618013537e-01 2.85340224256657e-01
2.67916126705723e-01 -5.15107991203830e-01 -4.19709087354241e-01
1.10135445436822e+00 4.06822465753558e-05 -1.46867402534692e-01
-8.57347369424747e-05 -9.86610558506397e-01 -2.52695131004242e-01
1.65793560723768e-01 -7.83117262045962e-01 3.50091472134596e-01
-9.86528567446965e-01 -6.01628270036472e-01 3.18272692657044e-05
7.91642538261625e-01 -4.97316243868548e-01 2.85297554885287e-01
1.10151176315831e+00 1.25694409789316e-04 1.46659028759763e-01
1.81831278981003e-01 -1.09892668514778e+00 1.29141223694815e-01
-3.49283119248606e-01 -1.10145199388066e+00 2.38383018027502e-05
-1.81810904344742e-01 -1.09894473995677e+00 -1.29119168346071e-01
3.49309939968023e-01 -1.10144348939333e+00 -1.29352505115574e-05
-5.15009865146405e-01 -9.99058414898798e-01 -1.12604535921356e-01
-6.01700535916695e-01 -2.26419680125910e-04 -4.14434565216555e-01
9.86498404420796e-01 6.01677648311963e-01 -1.33535328623279e-04
-1.66011642404017e-01 7.82932934908614e-01 -3.50145991711508e-01
6.79119270659858e-01 7.91728041985111e-01 2.08859320610777e-01
1.65559721365727e-01 -7.83201725436473e-01 -3.50077655145195e-01
6.78933372966158e-01 7.91535588728790e-01 -2.09094600806612e-01
-1.82000548328392e-01 1.09895792792222e+00 1.29052185574787e-01
7.91287327377177e-01 4.97366958192372e-01 -2.85455828319483e-01
-4.97508863808486e-01 6.79210697630069e-01 3.32487469240416e-01
8.33088717996756e-01 1.65670531918589e-01 -3.29115172368941e-01
-5.15220580030259e-01 9.98972347883827e-01 1.12569169902746e-01
-7.83106903197188e-01 -8.33373071098943e-01 -6.95766578368218e-02
-6.79391649944907e-01 7.91287574867624e-01 -2.08997538767459e-01
-1.65827873154238e-01 7.83254004814947e-01 3.50034608583213e-01
-9.99039566416703e-01 -2.68300616237795e-01 -2.16319209517126e-01
3.49087384275036e-01 1.10151400549435e+00 -1.25525296701958e-04
-7.91561893808473e-01 -4.97525625184679e-01 -2.85272615245119e-01
-3.07600056021874e-01 -1.81971695021310e-01 -4.61639284836150e-01
-3.49551134368376e-01 1.10136694851345e+00 -8.87416617304261e-05
-2.68279265125824e-01 -5.15142802763882e-01 -4.19660603670015e-01
-9.86697553598296e-01 6.01351085620171e-01 -2.96530169300455e-05
5.14872638370991e-01 9.99179672169028e-01 1.12525375993757e-01
-1.10144623177854e+00 -1.19566046880209e-04 1.46745869621544e-01
-7.91623198796082e-01 4.97346340337214e-01 2.85297766359440e-01
1.65626801081251e-01 7.83314260832800e-01 3.50027612735288e-01
-1.10146400317666e+00 -2.04542815258643e-04 -1.46722308593280e-01
-3.07429717670908e-01 1.81862572297217e-01 4.61666900187157e-01
-3.07385931942695e-01 -1.81740558976124e-01 4.61680525982626e-01
1.65392977738322e-01 7.82993171579980e-01 -3.50173890866051e-01
-4.97464643601801e-01 -6.79275619710567e-01 -3.32475738249313e-01
3.07441194119279e-01 1.81941106550377e-01 4.61660089949270e-01
-3.05431384792949e-04 9.86442760433349e-01 -2.52810693873303e-01
4.97491369702107e-01 -6.79130577981616e-01 3.32520972657352e-01
1.09893706672186e+00 3.07546475344434e-01 7.62567277636063e-02
6.01278063834868e-01 -9.25099320523612e-05 -4.14542778651611e-01
8.33432084281071e-01 -1.65585735368682e-01 3.28969237651261e-01
8.33403339245871e-01 1.65884615146111e-01 3.28955514419867e-01
-2.10926188574369e-05 3.49440980363253e-01 4.62712836426735e-01
2.68108437602306e-01 5.15197791796543e-01 4.19667957680631e-01
5.67015119762344e-05 -3.49244640357920e-01 4.62738997734371e-01
-8.33437231311240e-01 1.65460172407884e-01 -3.28978086607594e-01
2.68214987981261e-01 -5.14958196552459e-01 4.19707840431902e-01
-1.81744018835014e-01 -1.09893119157450e+00 1.29156134087037e-01
6.50023392899804e-05 -9.86571790767841e-01 2.52721844888610e-01
-5.14967729009126e-01 -9.99041740127964e-01 1.12664642507276e-01
-7.83088888674230e-01 -8.33357805935887e-01 6.96446804864379e-02
-4.97337669812718e-01 -6.79180504961161e-01 3.32543553480134e-01
6.79263803951690e-01 -7.91497657225603e-01 2.08930469147434e-01
8.33117459024382e-01 -1.65752826288661e-01 -3.29095017985411e-01
4.97221639528652e-01 -6.79225709830662e-01 -3.32557881176577e-01
7.83185959968089e-01 -8.33300963955207e-01 6.95720320848675e-02
-9.99003792641310e-01 -2.68200343822905e-01 2.16370308859999e-01
-8.33314293689277e-01 -1.65746452778279e-01 3.29007616168234e-01
1.81744103356439e-01 -1.09894023365436e+00 -1.29142533716068e-01
-1.65645813368557e-01 -7.83130811141061e-01 3.50098466494692e-01
-6.79183661868651e-01 -7.91601701744668e-01 -2.08906880626572e-01
-2.68077447695446e-01 -5.14993022785812e-01 4.19715807589684e-01
9.99131853989745e-01 -2.68026067187072e-01 2.16304050233413e-01
-5.15262706172396e-01 9.98858547315433e-01 -1.12713278442583e-01
5.14972493295033e-01 -9.99036376931236e-01 -1.12669192577407e-01
-1.65829603889509e-01 -7.83215271968445e-01 -3.50049760029839e-01
1.09890379088159e+00 -3.07364955357247e-01 -7.64702331851705e-02
7.83038906420372e-01 8.33477795798618e-01 6.94902709265616e-02
-2.19296521484192e-04 -3.49442826639221e-01 -4.62712581251145e-01
7.82973866649154e-01 8.33412409649870e-01 -6.97575135415093e-02
1.09898557762483e+00 -3.07330848502657e-01 7.62867647628998e-02
-2.97078039094193e-04 3.49103150309148e-01 -4.62757824695477e-01
3.07104586813308e-01 1.81637446064252e-01 -4.61720731849705e-01
9.98865598144113e-01 2.68148840004955e-01 -2.16494145990469e-01
9.99087958059948e-01 2.68299209116949e-01 2.16280068279336e-01
4.97090336499415e-01 6.79092195297865e-01 -3.32640639435459e-01
-1.54709165371716e-04 9.86696744114998e-01 2.52635725396834e-01
2.67809586952069e-01 5.14861381744547e-01 -4.19774488615166e-01
-7.83330985375229e-01 8.33120502715275e-01 -6.96652496827982e-02
-6.79328277937502e-01 7.91479979287871e-01 2.08905289743998e-01
-9.99115081397562e-01 2.67878247928581e-01 -2.16350037835028e-01
1.81598349042096e-01 1.09903438422777e+00 1.29037270005525e-01
1.81511182731923e-01 1.09889832188483e+00 -1.29263239225385e-01
-1.82067426675079e-01 1.09882187492237e+00 -1.29239868912874e-01
-7.83312976025612e-01 8.33185872576341e-01 6.95629339863950e-02
-9.99079311571970e-01 2.68028560700602e-01 2.16346334732207e-01
-8.33392175767496e-01 -1.65913490481825e-01 -3.28957935894047e-01
6.79077901773854e-01 -7.91547293865653e-01 -2.09003925084626e-01
-1.09889455343343e+00 -3.07514724359720e-01 7.63873444491173e-02
7.91374840539939e-01 -4.97420279821215e-01 -2.85396606199922e-01
-1.09890388507216e+00 -3.07548816200414e-01 -7.63394118399840e-02
-6.01560964593904e-01 1.36101897205455e-05 4.14470334893488e-01
9.86597324703111e-01 -6.01515490172193e-01 -7.20429087012289e-05
-1.09898294953323e+00 3.07240964824391e-01 7.63573149742209e-02
-1.09899227814126e+00 3.07186608138912e-01 -7.63722155385953e-02
7.83120918149933e-01 -8.33316234103462e-01 -6.96689056698411e-02
-8.33359351406613e-01 1.65674188894978e-01 3.28993897159496e-01
7.91555018803347e-01 4.97593493055880e-01 2.85255089554146e-01
3.07478380094959e-01 -1.81682176653494e-01 4.61673716323891e-01
5.14780396376944e-01 9.99065849532911e-01 -1.12777950553892e-01
6.01632926893461e-01 1.47572353878985e-04 4.14451894652618e-01
4.97360054275087e-01 6.79382302082248e-01 3.32464883046541e-01
-2.68200292810568e-01 5.15113194049312e-01 4.19675927013821e-01
9.98909490025065e-01 -2.68126378300038e-01 -2.16463311248554e-01
-3.07643835191484e-01 1.81558945457834e-01 -4.61662818463156e-01
5.15064742158913e-01 -9.99019697368738e-01 1.12620861580627e-01
-3.57012243970046e-01 -9.34826371041982e-01 2.42735347019815e-01
2.45635872323620e-05 1.01141246050462e-04 4.85442835624456e-01
-3.57240133776436e-01 9.34860154071174e-01 2.42653193819173e-01
-3.57119608696359e-01 -9.34869017647496e-01 -2.42678477404485e-01
1.15550643304316e+00 8.92022107053099e-05 -1.11685418871247e-04
9.34756183605679e-01 -5.77752106788027e-01 -1.50085825643541e-01
-5.77865691051587e-01 -3.57236010079993e-01 -3.92675836383844e-01
9.34906199170547e-01 -5.77702623097384e-01 1.49954471120155e-01
-5.77957380835939e-01 3.56808579311492e-01 -3.92720606858735e-01
-1.15550645459971e+00 -1.68077562028117e-04 9.97538500337919e-06
3.56965524094213e-01 -9.34849617536190e-01 -2.42731672752603e-01
5.77530625994676e-01 -3.57144540368517e-01 -3.92777509857068e-01
-2.48891032038404e-04 1.15550641065017e+00 -1.09901872018533e-04
5.77463296808472e-01 3.56974343415036e-01 -3.92822286311674e-01
8.43469916352268e-06 -1.15550646687177e+00 8.20907462553847e-06
3.57147719093019e-01 -9.34806965336427e-01 2.42713362174279e-01
-5.77821079808132e-01 3.57096539234121e-01 3.92709811247341e-01
9.34659414327841e-01 5.77814179955609e-01 -1.50150002956062e-01
-5.77729376832045e-01 -3.57069084385668e-01 3.92738028603521e-01
5.77795487738730e-01 3.57262362721316e-01 3.92689837535689e-01
9.34809425365209e-01 5.77938497833285e-01 1.49900527681985e-01
-9.34771140330061e-01 -5.77813522804866e-01 1.50027644292455e-01
5.77862826842804e-01 -3.56977581393737e-01 3.92718057782925e-01
3.56959238182486e-01 9.34999781072988e-01 2.42631202211688e-01
-9.34800099195499e-01 -5.77862986319888e-01 -1.49962159930271e-01
-2.64972611613678e-04 -1.80019624458952e-04 -4.85442818939184e-01
3.56777060337292e-01 9.34761242508911e-01 -2.42840622051557e-01
-9.34931684437159e-01 5.77633074581162e-01 1.49973712794968e-01
-9.34960633066155e-01 5.77508798826864e-01 -1.50026323070441e-01
-3.57347480602917e-01 9.34621645535366e-01 -2.42787418354745e-01
-6.07445602952455e-01 -9.82957287634251e-01 3.13706157457547e-05
6.07490523739672e-01 -9.82929525951390e-01 -3.25822317199373e-05
6.07306876089259e-01 9.83042956017265e-01 -1.33060342647942e-04
-6.07699734928324e-01 9.82800183433058e-01 -6.90921703680283e-05
-9.82943733925468e-01 -7.49654162335679e-05 2.55204771423102e-01
-9.82987702883046e-01 -2.22753270912910e-04 -2.55174864368763e-01
9.82769008078903e-01 -3.92620758719998e-06 -2.55323511115861e-01
9.83029516085909e-01 1.43917025910004e-04 2.55146443605187e-01
-6.46905584229266e-05 6.07630864780463e-01 4.12904643941741e-01
7.06028425236566e-05 -6.07448770303851e-01 4.12951929307148e-01
-1.75700224150800e-04 -6.07579688813338e-01 -4.12917929379805e-01
-3.10976244220887e-04 6.07283433763286e-01 -4.12994826649929e-01
3 631 67 1
3 599 6 67
3 497 1 6
3 67 6 1
3 615 294 296
3 494 73 294
3 599 296 73
3 294 73 296
3 614 232 293
3 497 231 232
3 494 293 231
3 232 231 293
3 599 73 6
3 494 231 73
3 497 6 231
3 73 231 6
3 639 43 297
3 553 473 43
3 490 297 473
3 43 473 297
3 600 430 152
3 542 47 430
3 553 152 47
3 430 47 152
3 615 74 70
3 490 340 74
3 542 70 340
3 74 340 70
3 553 47 473
3 542 340 47
3 490 473 340
3 47 340 473
3 630 374 145
3 495 353 374
3 543 145 353
3 374 353 145
3 614 284 147
3 541 350 284
3 495 147 350
3 284 350 147
3 600 262 168
3 543 373 262
3 541 168 373
3 262 373 168
3 495 350 353
3 541 373 350
3 543 353 373
3 350 373 353
3 615 70 294
3 542 339 70
3 494 294 339
3 70 339 294
3 600 168 430
3 541 372 168
3 542 430 372
3 168 372 430
3 614 293 284
3 494 336 293
3 541 284 336
3 293 336 284
3 542 372 339
3 541 336 372
3 494 339 336
3 372 336 339
3 640 236 3
3 503 286 236
3 559 3 286
3 236 286 3
3 610 467 357
3 489 135 467
3 503 357 135
3 467 135 357
3 603 5 338
3 559 246 5
3 489 338 246
3 5 246 338
3 503 135 286
3 489 246 135
3 559 286 246
3 135 246 286
3 631 1 104
3 497 458 1
3 558 104 458
3 1 458 104
3 614 436 232
3 552 453 436
3 497 232 453
3 436 453 232
3 610 320 433
3 558 337 320
3 552 433 337
3 320 337 433
3 497 453 458
3 552 337 453
3 558 458 337
3 453 337 458
3 630 290 374
3 498 241 290
3 495 374 241
3 290 241 374
3 603 319 429
3 496 258 319
3 498 429 258
3 319 258 429
3 614 147 452
3 495 237 147
3 496 452 237
3 147 237 452
3 498 258 241
3 496 237 258
3 495 241 237
3 258 237 241
3 610 433 467
3 552 242 433
3 489 467 242
3 433 242 467
3 614 452 436
3 496 25 452
3 552 436 25
3 452 25 436
3 603 338 319
3 489 17 338
3 496 319 17
3 338 17 319
3 552 25 242
3 496 17 25
3 489 242 17
3 25 17 242
3 635 349 20
3 580 363 349
3 513 20 363
3 349 363 20
3 606 272 9
3 515 44 272
3 580 9 44
3 272 44 9
3 624 364 45
3 513 129 364
3 515 45 129
3 364 129 45
3 580 44 363
3 515 129 44
3 513 363 129
3 44 129 363
3 640 3 194
3 559 140 3
3 518 194 140
3 3 140 194
3 603 87 5
3 528 399 87
3 559 5 399
3 87 399 5
3 606 199 89
3 518 254 199
3 528 89 254
3 199 254 89
3 559 399 140
3 528 254 399
3 518 140 254
3 399 254 140
3 630 85 290
3 510 470 85
3 498 290 470
3 85 470 290
3 624 217 442
3 554 86 217
3 510 442 86
3 217 86 442
3 603 429 459
3 498 475 429
3 554 459 475
3 429 475 459
3 510 86 470
3 554 475 86
3 498 470 475
3 86 475 470
3 606 89 272
3 528 213 89
3 515 272 213
3 89 213 272
3 603 459 87
3 554 394 459
3 528 87 394
3 459 394 87
3 624 45 217
3 515 100 45
3 554 217 100
3 45 100 217
3 528 394 213
3 554 100 394
3 515 213 100
3 394 100 213
3 634 279 111
3 521 411 279
3 550 111 411
3 279 411 111
3 609 151 405
3 582 163 151
3 521 405 163
3 151 163 405
3 621 461 376
3 550 464 461
3 582 376 464
3 461 464 376
3 521 163 411
3 582 464 163
3 550 411 464
3 163 464 411
3 635 20 205
3 513 235 20
3 524 205 235
3 20 235 205
3 624 2 364
3 584 365 2
3 513 364 365
3 2 365 364
3 609 314 234
3 524 90 314
3 584 234 90
3 314 90 234
3 513 365 235
3 584 90 365
3 524 235 90
3 365 90 235
3 630 450 85
3 544 441 450
3 510 85 441
3 450 441 85
3 621 36 316
3 491 356 36
3 544 316 356
3 36 356 316
3 624 442 38
3 510 8 442
3 491 38 8
3 442 8 38
3 544 356 441
3 491 8 356
3 510 441 8
3 356 8 441
3 609 234 151
3 584 380 234
3 582 151 380
3 234 380 151
3 624 38 2
3 491 40 38
3 584 2 40
3 38 40 2
3 621 376 36
3 582 37 376
3 491 36 37
3 376 37 36
3 584 40 380
3 491 37 40
3 582 380 37
3 40 37 380
3 639 132 43
3 555 348 132
3 553 43 348
3 132 348 43
3 618 58 359
3 545 34 58
3 555 359 34
3 58 34 359
3 600 152 412
3 553 33 152
3 545 412 33
3 152 33 412
3 555 34 348
3 545 33 34
3 553 348 33
3 34 33 348
3 634 111 420
3 550 302 111
3 551 420 302
3 111 302 420
3 621 177 461
3 486 255 177
3 550 461 255
3 177 255 461
3 618 174 62
3 551 257 174
3 486 62 257
3 174 257 62
3 550 255 302
3 486 257 255
3 551 302 257
3 255 257 302
3 630 145 450
3 543 414 145
3 544 450 414
3 145 414 450
3 600 310 262
3 484 122 310
3 543 262 122
3 310 122 262
3 621 316 92
3 544 123 316
3 484 92 123
3 316 123 92
3 543 122 414
3 484 123 122
3 544 414 123
3 122 123 414
3 618 62 58
3 486 142 62
3 545 58 142
3 62 142 58
3 621 92 177
3 484 141 92
3 486 177 141
3 92 141 177
3 600 412 310
3 545 124 412
3 484 310 124
3 412 124 310
3 486 141 142
3 484 124 141
3 545 142 124
3 141 124 142
3 638 371 229
3 523 225 371
3 512 229 225
3 371 225 229
3 623 230 253
3 570 144 230
3 523 253 144
3 230 144 253
3 602 333 476
3 512 331 333
3 570 476 331
3 333 331 476
3 523 144 225
3 570 331 144
3 512 225 331
3 144 331 225
3 632 303 445
3 514 200 303
3 520 445 200
3 303 200 445
3 612 139 84
3 575 305 139
3 514 84 305
3 139 305 84
3 623 309 248
3 520 159 309
3 575 248 159
3 309 159 248
3 514 305 200
3 575 159 305
3 520 200 159
3 305 159 200
3 633 39 244
3 509 298 39
3 517 244 298
3 39 298 244
3 602 383 150
3 505 195 383
3 509 150 195
3 383 195 150
3 612 16 42
3 517 299 16
3 505 42 299
3 16 299 42
3 509 195 298
3 505 299 195
3 517 298 299
3 195 299 298
3 623 248 230
3 575 220 248
3 570 230 220
3 248 220 230
3 612 42 139
3 505 76 42
3 575 139 76
3 42 76 139
3 602 476 383
3 570 71 476
3 505 383 71
3 476 71 383
3 575 76 220
3 505 71 76
3 570 220 71
3 76 71 220
3 634 238 138
3 590 137 238
3 579 138 137
3 238 137 138
3 616 344 13
3 522 120 344
3 590 13 120
3 344 120 13
3 627 22 0
3 579 179 22
3 522 0 179
3 22 179 0
3 590 120 137
3 522 179 120
3 579 137 179
3 120 179 137
3 638 229 153
3 512 226 229
3 596 153 226
3 229 226 153
3 602 10 333
3 507 283 10
3 512 333 283
3 10 283 333
3 616 384 131
3 596 358 384
3 507 131 358
3 384 358 131
3 512 283 226
3 507 358 283
3 596 226 358
3 283 358 226
3 633 334 39
3 578 79 334
3 509 39 79
3 334 79 39
3 627 162 227
3 573 208 162
3 578 227 208
3 162 208 227
3 602 150 397
3 509 72 150
3 573 397 72
3 150 72 397
3 578 208 79
3 573 72 208
3 509 79 72
3 208 72 79
3 616 131 344
3 507 416 131
3 522 344 416
3 131 416 344
3 602 397 10
3 573 55 397
3 507 10 55
3 397 55 10
3 627 0 162
3 522 175 0
3 573 162 175
3 0 175 162
3 507 55 416
3 573 175 55
3 522 416 175
3 55 175 416
3 635 205 118
3 524 158 205
3 574 118 158
3 205 158 118
3 609 4 314
3 588 93 4
3 524 314 93
3 4 93 314
3 628 477 233
3 574 478 477
3 588 233 478
3 477 478 233
3 524 93 158
3 588 478 93
3 574 158 478
3 93 478 158
3 634 138 279
3 579 172 138
3 521 279 172
3 138 172 279
3 627 451 22
3 587 23 451
3 579 22 23
3 451 23 22
3 609 405 211
3 521 165 405
3 587 211 165
3 405 165 211
3 579 23 172
3 587 165 23
3 521 172 165
3 23 165 172
3 633 444 334
3 572 201 444
3 578 334 201
3 444 201 334
3 628 268 311
3 519 381 268
3 572 311 381
3 268 381 311
3 627 227 267
3 578 385 227
3 519 267 385
3 227 385 267
3 572 381 201
3 519 385 381
3 578 201 385
3 381 385 201
3 609 211 4
3 587 454 211
3 588 4 454
3 211 454 4
3 627 267 451
3 519 269 267
3 587 451 269
3 267 269 451
3 628 233 268
3 588 271 233
3 519 268 271
3 233 271 268
3 587 269 454
3 519 271 269
3 588 454 271
3 269 271 454
3 641 181 155
3 482 91 181
3 501 155 91
3 181 91 155
3 608 31 186
3 483 59 31
3 482 186 59
3 31 59 186
3 629 390 260
3 501 108 390
3 483 260 108
3 390 108 260
3 482 59 91
3 483 108 59
3 501 91 108
3 59 108 91
3 635 118 164
3 574 7 118
3 539 164 7
3 118 7 164
3 628 125 477
3 481 15 125
3 574 477 15
3 125 15 477
3 608 280 346
3 539 19 280
3 481 346 19
3 280 19 346
3 574 15 7
3 481 19 15
3 539 7 19
3 15 19 7
3 633 265 444
3 557 126 265
3 572 444 126
3 265 126 444
3 629 277 154
3 511 105 277
3 557 154 105
3 277 105 154
3 628 311 276
3 572 317 311
3 511 276 317
3 311 317 276
3 557 105 126
3 511 317 105
3 572 126 317
3 105 317 126
3 608 346 31
3 481 256 346
3 483 31 256
3 346 256 31
3 628 276 125
3 511 243 276
3 481 125 243
3 276 243 125
3 629 260 277
3 483 216 260
3 511 277 216
3 260 216 277
3 481 243 256
3 511 216 243
3 483 256 216
3 243 216 256
3 632 215 303
3 593 304 215
3 514 303 304
3 215 304 303
3 626 88 110
3 576 203 88
3 593 110 203
3 88 203 110
3 612 84 440
3 514 307 84
3 576 440 307
3 84 307 440
3 593 203 304
3 576 307 203
3 514 304 307
3 203 307 304
3 641 155 247
3 501 382 155
3 527 247 382
3 155 382 247
3 629 209 390
3 530 35 209
3 501 390 35
3 209 35 390
3 626 24 207
3 527 191 24
3 530 207 191
3 24 191 207
3 501 35 382
3 530 191 35
3 527 382 191
3 35 191 382
3 633 244 265
3 517 130 244
3 557 265 130
3 244 130 265
3 612 273 16
3 577 355 273
3 517 16 355
3 273 355 16
3 629 154 400
3 557 127 154
3 577 400 127
3 154 127 400
3 517 355 130
3 577 127 355
3 557 130 127
3 355 127 130
3 626 207 88
3 530 471 207
3 576 88 471
3 207 471 88
3 629 400 209
3 577 472 400
3 530 209 472
3 400 472 209
3 612 440 273
3 576 250 440
3 577 273 250
3 440 250 273
3 530 472 471
3 577 250 472
3 576 471 250
3 472 250 471
3 641 247 249
3 527 190 247
3 571 249 190
3 247 190 249
3 626 134 24
3 569 78 134
3 527 24 78
3 134 78 24
3 613 368 12
3 571 408 368
3 569 12 408
3 368 408 12
3 527 78 190
3 569 408 78
3 571 190 408
3 78 408 190
3 632 387 215
3 563 389 387
3 593 215 389
3 387 389 215
3 617 196 157
3 504 425 196
3 563 157 425
3 196 425 157
3 626 110 300
3 593 437 110
3 504 300 437
3 110 437 300
3 563 425 389
3 504 437 425
3 593 389 437
3 425 437 389
3 636 193 156
3 508 426 193
3 567 156 426
3 193 426 156
3 613 324 432
3 506 161 324
3 508 432 161
3 324 161 432
3 617 388 327
3 567 398 388
3 506 327 398
3 388 398 327
3 508 161 426
3 506 398 161
3 567 426 398
3 161 398 426
3 626 300 134
3 504 427 300
3 569 134 427
3 300 427 134
3 617 327 196
3 506 180 327
3 504 196 180
3 327 180 196
3 613 12 324
3 569 402 12
3 506 324 402
3 12 402 324
3 504 180 427
3 506 402 180
3 569 427 402
3 180 402 427
3 640 197 252
3 562 323 197
3 487 252 323
3 197 323 252
3 625 342 439
3 485 360 342
3 562 439 360
3 342 360 439
3 611 369 228
3 487 421 369
3 485 228 421
3 369 421 228
3 562 360 323
3 485 421 360
3 487 323 421
3 360 421 323
3 641 249 133
3 571 409 249
3 565 133 409
3 249 409 133
3 613 83 368
3 566 422 83
3 571 368 422
3 83 422 368
3 625 361 198
3 565 282 361
3 566 198 282
3 361 282 198
3 571 422 409
3 566 282 422
3 565 409 282
3 422 282 409
3 636 375 193
3 547 182 375
3 508 193 182
3 375 182 193
3 611 28 143
3 533 101 28
3 547 143 101
3 28 101 143
3 613 432 30
3 508 61 432
3 533 30 61
3 432 61 30
3 547 101 182
3 533 61 101
3 508 182 61
3 101 61 182
3 625 198 342
3 566 362 198
3 485 342 362
3 198 362 342
3 613 30 83
3 533 318 30
3 566 83 318
3 30 318 83
3 611 228 28
3 485 14 228
3 533 28 14
3 228 14 28
3 566 318 362
3 533 14 318
3 485 362 14
3 318 14 362
3 631 104 185
3 558 462 104
3 589 185 462
3 104 462 185
3 610 431 320
3 581 456 431
3 558 320 456
3 431 456 320
3 605 291 295
3 589 75 291
3 581 295 75
3 291 75 295
3 558 456 462
3 581 75 456
3 589 462 75
3 456 75 462
3 640 252 236
3 487 109 252
3 503 236 109
3 252 109 236
3 611 449 369
3 548 112 449
3 487 369 112
3 449 112 369
3 610 357 448
3 503 173 357
3 548 448 173
3 357 173 448
3 487 112 109
3 548 173 112
3 503 109 173
3 112 173 109
3 636 417 375
3 597 378 417
3 547 375 378
3 417 378 375
3 605 455 56
3 583 322 455
3 597 56 322
3 455 322 56
3 611 143 99
3 547 261 143
3 583 99 261
3 143 261 99
3 597 322 378
3 583 261 322
3 547 378 261
3 322 261 378
3 610 448 431
3 548 97 448
3 581 431 97
3 448 97 431
3 611 99 449
3 583 98 99
3 548 449 98
3 99 98 449
3 605 295 455
3 581 69 295
3 583 455 69
3 295 69 455
3 548 98 97
3 583 69 98
3 581 97 69
3 98 69 97
3 637 435 285
3 556 457 435
3 493 285 457
3 435 457 285
3 607 332 77
3 564 466 332
3 556 77 466
3 332 466 77
3 604 418 329
3 493 103 418
3 564 329 103
3 418 103 329
3 556 466 457
3 564 103 466
3 493 457 103
3 466 103 457
3 631 185 53
3 589 415 185
3 549 53 415
3 185 415 53
3 605 377 291
3 586 149 377
3 589 291 149
3 377 149 291
3 607 167 379
3 549 413 167
3 586 379 413
3 167 413 379
3 589 149 415
3 586 413 149
3 549 415 413
3 149 413 415
3 636 396 417
3 488 401 396
3 597 417 401
3 396 401 417
3 604 116 48
3 560 343 116
3 488 48 343
3 116 343 48
3 605 56 117
3 597 474 56
3 560 117 474
3 56 474 117
3 488 343 401
3 560 474 343
3 597 401 474
3 343 474 401
3 607 379 332
3 586 115 379
3 564 332 115
3 379 115 332
3 605 117 377
3 560 341 117
3 586 377 341
3 117 341 377
3 604 329 116
3 564 270 329
3 560 116 270
3 329 270 116
3 586 341 115
3 560 270 341
3 564 115 270
3 341 270 115
3 632 245 387
3 561 281 245
3 563 387 281
3 245 281 387
3 620 80 136
3 500 366 80
3 561 136 366
3 80 366 136
3 617 157 438
3 563 367 157
3 500 438 367
3 157 367 438
3 561 366 281
3 500 367 366
3 563 281 367
3 366 367 281
3 637 285 465
3 493 106 285
3 568 465 106
3 285 106 465
3 604 63 418
3 532 210 63
3 493 418 210
3 63 210 418
3 620 325 289
3 568 306 325
3 532 289 306
3 325 306 289
3 493 210 106
3 532 306 210
3 568 106 306
3 210 306 106
3 636 156 396
3 567 347 156
3 488 396 347
3 156 347 396
3 617 206 388
3 480 345 206
3 567 388 345
3 206 345 388
3 604 48 95
3 488 460 48
3 480 95 460
3 48 460 95
3 567 345 347
3 480 460 345
3 488 347 460
3 345 460 347
3 620 289 80
3 532 21 289
3 500 80 21
3 289 21 80
3 604 95 63
3 480 479 95
3 532 63 479
3 95 479 63
3 617 438 206
3 500 121 438
3 480 206 121
3 438 121 206
3 532 479 21
3 480 121 479
3 500 21 121
3 479 121 21
3 641 133 181
3 565 313 133
3 482 181 313
3 133 313 181
3 625 128 361
3 598 18 128
3 565 361 18
3 128 18 361
3 608 186 354
3 482 64 186
3 598 354 64
3 186 64 354
3 565 18 313
3 598 64 18
3 482 313 64
3 18 64 313
3 640 194 197
3 518 251 194
3 562 197 251
3 194 251 197
3 606 114 199
3 516 119 114
3 518 199 119
3 114 119 199
3 625 439 330
3 562 221 439
3 516 330 221
3 439 221 330
3 518 119 251
3 516 221 119
3 562 251 221
3 119 221 251
3 635 164 349
3 539 51 164
3 580 349 51
3 164 51 349
3 608 264 280
3 499 240 264
3 539 280 240
3 264 240 280
3 606 9 263
3 580 32 9
3 499 263 32
3 9 32 263
3 539 240 51
3 499 32 240
3 580 51 32
3 240 32 51
3 625 330 128
3 516 468 330
3 598 128 468
3 330 468 128
3 606 263 114
3 499 11 263
3 516 114 11
3 263 11 114
3 608 354 264
3 598 146 354
3 499 264 146
3 354 146 264
3 516 11 468
3 499 146 11
3 598 468 146
3 11 146 468
3 639 315 132
3 538 222 315
3 555 132 222
3 315 222 132
3 601 423 446
3 526 178 423
3 538 446 178
3 423 178 446
3 618 359 60
3 555 424 359
3 526 60 424
3 359 424 60
3 538 178 222
3 526 424 178
3 555 222 424
3 178 424 222
3 638 153 184
3 596 183 153
3 536 184 183
3 153 183 184
3 616 278 384
3 525 50 278
3 596 384 50
3 278 50 384
3 601 288 160
3 536 170 288
3 525 160 170
3 288 170 160
3 596 50 183
3 525 170 50
3 536 183 170
3 50 170 183
3 634 420 238
3 551 419 420
3 590 238 419
3 420 419 238
3 618 189 174
3 585 287 189
3 551 174 287
3 189 287 174
3 616 13 188
3 590 428 13
3 585 188 428
3 13 428 188
3 551 287 419
3 585 428 287
3 590 419 428
3 287 428 419
3 601 160 423
3 525 57 160
3 526 423 57
3 160 57 423
3 616 188 278
3 585 403 188
3 525 278 403
3 188 403 278
3 618 60 189
3 526 176 60
3 585 189 176
3 60 176 189
3 525 403 57
3 585 176 403
3 526 57 176
3 403 176 57
3 637 465 407
3 568 352 465
3 535 407 352
3 465 352 407
3 620 434 325
3 591 463 434
3 568 325 463
3 434 463 325
3 619 166 301
3 535 404 166
3 591 301 404
3 166 404 301
3 568 463 352
3 591 404 463
3 535 352 404
3 463 404 352
3 632 445 245
3 520 46 445
3 561 245 46
3 445 46 245
3 623 219 309
3 502 393 219
3 520 309 393
3 219 393 309
3 620 136 218
3 561 392 136
3 502 218 392
3 136 392 218
3 520 393 46
3 502 392 393
3 561 46 392
3 393 392 46
3 638 29 371
3 537 148 29
3 523 371 148
3 29 148 371
3 619 81 259
3 595 27 81
3 537 259 27
3 81 27 259
3 623 253 192
3 523 370 253
3 595 192 370
3 253 370 192
3 537 27 148
3 595 370 27
3 523 148 370
3 27 370 148
3 620 218 434
3 502 326 218
3 591 434 326
3 218 326 434
3 623 192 219
3 595 328 192
3 502 219 328
3 192 328 219
3 619 301 81
3 591 82 301
3 595 81 82
3 301 82 81
3 502 328 326
3 595 82 328
3 591 326 82
3 328 82 326
3 639 214 315
3 540 113 214
3 538 315 113
3 214 113 315
3 622 266 102
3 592 212 266
3 540 102 212
3 266 212 102
3 601 446 41
3 538 312 446
3 592 41 312
3 446 312 41
3 540 212 113
3 592 312 212
3 538 113 312
3 212 312 113
3 637 407 96
3 535 469 407
3 534 96 469
3 407 469 96
3 619 239 166
3 594 406 239
3 535 166 406
3 239 406 166
3 622 447 351
3 534 94 447
3 594 351 94
3 447 94 351
3 535 406 469
3 594 94 406
3 534 469 94
3 406 94 469
3 638 184 29
3 536 26 184
3 537 29 26
3 184 26 29
3 601 391 288
3 529 169 391
3 536 288 169
3 391 169 288
3 619 259 49
3 537 171 259
3 529 49 171
3 259 171 49
3 536 169 26
3 529 171 169
3 537 26 171
3 169 171 26
3 622 351 266
3 594 386 351
3 592 266 386
3 351 386 266
3 619 49 239
3 529 275 49
3 594 239 275
3 49 275 239
3 601 41 391
3 592 274 41
3 529 391 274
3 41 274 391
3 594 275 386
3 529 274 275
3 592 386 274
3 275 274 386
3 631 53 67
3 549 54 53
3 599 67 54
3 53 54 67
3 607 187 167
3 546 395 187
3 549 167 395
3 187 395 167
3 615 296 292
3 599 68 296
3 546 292 68
3 296 68 292
3 549 395 54
3 546 68 395
3 599 54 68
3 395 68 54
3 637 96 435
3 534 224 96
3 556 435 224
3 96 224 435
3 622 321 447
3 492 204 321
3 534 447 204
3 321 204 447
3 607 77 107
3 556 443 77
3 492 107 443
3 77 443 107
3 534 204 224
3 492 443 204
3 556 224 443
3 204 443 224
3 639 297 214
3 490 335 297
3 540 214 335
3 297 335 214
3 615 410 74
3 531 223 410
3 490 74 223
3 410 223 74
3 622 102 52
3 540 65 102
3 531 52 65
3 102 65 52
3 490 223 335
3 531 65 223
3 540 335 65
3 223 65 335
3 607 107 187
3 492 308 107
3 546 187 308
3 107 308 187
3 622 52 321
3 531 202 52
3 492 321 202
3 52 202 321
3 615 292 410
3 546 66 292
3 531 410 66
3 292 66 410
3 492 202 308
3 531 66 202
3 546 308 66
3 202 66 308
