OFF
642 1280 0
-1.12590527156607e+00 7.03132464003482e-01 6.18597594453021e-02
6.41300779262359e-01 -1.34468701863548e+00 -6.65520367274123e-06
-1.32739387060537e+00 -5.78770334159451e-01 -3.20134535878077e-02
-9.50777744259206e-02 -8.89812202827657e-01 -1.08943353981592e-01
-1.47144871215280e+00 2.01408822540893e-01 -1.07149277330833e-02
-3.38894192197979e-01 -1.11896402279246e+00 -8.44532360074404e-02
5.54925741089556e-01 -1.37072965418620e+00 1.65166815308048e-02
-1.19023623683295e+00 2.91940483065447e-01 -7.74805298991062e-02
-1.15260172009776e+00 -9.37092910442880e-01 -1.03547745775579e-02
-9.23566221838709e-01 -3.39025431387288e-01 -1.02325961811324e-01
-5.59443670930925e-01 1.05340956932270e+00 8.16467485213763e-02
-5.93253565875802e-01 -1.18310564955234e-01 -1.24526157703332e-01
7.02855275828489e-01 6.76298803039187e-01 -1.02999379734276e-01
-9.23520953205018e-01 3.38776665208685e-01 1.02336272457066e-01
5.92677847307200e-01 -1.18188333216189e-01 -1.24550061924436e-01
-1.17106672896974e+00 4.98703943138067e-01 -7.08113922667303e-02
-2.32258485518855e-01 1.47156575630976e+00 -2.79871373012408e-05
-1.18112684519102e-01 -1.36158278215246e+00 -5.42354464269350e-02
-1.95454425694138e-01 3.44913217736947e-01 -1.31352407206736e-01
-1.05776635745849e+00 4.28662876955557e-01 -8.75806155490131e-02
-1.28609131331032e+00 -1.53785485389410e-01 -6.73241789599461e-02
1.36151008432059e+00 5.93208552738410e-01 1.07619572186088e-02
-1.26233469207042e+00 5.48027152696876e-01 5.21944517889700e-02
-1.36607246918921e+00 3.78294178355905e-01 4.19342982043032e-02
3.38386217378379e-01 1.11874786438351e+00 -8.44942253625560e-02
-4.56345659072207e-05 -1.43452473824489e+00 -3.67679485120853e-02
1.80607607337676e-01 5.55097931173769e-01 1.25369633029388e-01
4.99014339859857e-01 7.74453230723906e-01 1.07084924070120e-01
7.67859253577375e-01 -2.33073845480210e-01 -1.14808950799559e-01
1.53466409734206e-01 7.36389817282481e-01 1.17620462445926e-01
7.67815577639628e-01 2.32840277804905e-01 -1.14815359388154e-01
-7.03528900700937e-01 6.76075826827640e-01 -1.02973147485581e-01
-9.37150022728258e-01 -1.13601197731453e-01 -1.05417123355802e-01
-4.28929742817694e-01 -9.57553068298500e-01 9.67372788085253e-02
-4.98978451949706e-01 -7.74188585877590e-01 1.07102331475360e-01
-1.13718039062353e-01 1.15243142561812e+00 -8.57264931253521e-02
-1.25495161166434e+00 -7.68270203699857e-01 2.13153643698449e-02
-1.36149462383943e+00 -5.93152646146588e-01 1.08040188159607e-02
-1.25496888300762e+00 -7.68301708302982e-01 -2.12973492802532e-02
-7.36450909837253e-01 1.28591926751167e+00 1.40220785112100e-02
-1.36150160405752e+00 -5.93171517656818e-01 -1.07879796684395e-02
2.01724753048024e-01 -1.17024526994218e-01 1.34585778897046e-01
-1.17459903392343e-01 1.47143212691594e+00 1.84165697187191e-02
-9.47951756801786e-02 -8.89671349762139e-01 1.08955037697259e-01
-1.05765005467173e+00 -4.29224579940802e-01 -8.75693500051618e-02
-1.12577483527357e+00 -7.03395296926956e-01 -6.18546212244709e-02
8.47000581102652e-01 1.19031074139362e+00 2.66983458532747e-02
-1.13235518882041e-01 -1.15264938389211e+00 8.57073190049414e-02
1.47155984820073e+00 8.47686918055177e-05 -2.12474051562463e-02
5.78659016142990e-01 3.50351537780787e-01 1.21408573707202e-01
-3.78527107661084e-01 4.58630015189853e-01 1.24939424950759e-01
-1.07859308479662e+00 -2.95920062142233e-04 -9.39969524336535e-02
7.03377559046187e-01 -6.76330050371439e-01 1.02967830185154e-01
8.89730825768495e-01 -1.19115432452914e+00 8.66781309528818e-03
8.47219457083062e-01 -1.19008781201629e+00 2.67233773348058e-02
-7.68710501585860e-01 9.59525456538199e-01 7.69543266366128e-02
1.26211423256822e+00 -5.48167716731836e-01 -5.22266962301302e-02
-4.02028451039674e-01 7.89170596309648e-05 1.31210317159640e-01
-7.03185724830977e-01 -6.76420214527693e-01 1.02973836757753e-01
-4.99379804201923e-01 7.73875768515554e-01 -1.07105595345004e-01
-5.78580309955715e-01 -3.50096297547056e-01 1.21417871449674e-01
9.36678729453102e-01 1.13234463342098e-01 -1.05455460954355e-01
-8.92768218118232e-01 -5.59277993639029e-01 9.63499923807967e-02
1.47142042965180e+00 2.01809697237297e-01 1.06842733203405e-02
-3.78796728477098e-01 4.58209534743933e-01 -1.24945495673520e-01
4.99169077215137e-01 -7.74131418744543e-01 1.07098356994186e-01
7.68660114295914e-01 -9.59483229126444e-01 7.69629418559117e-02
7.36211804905167e-01 -1.28604005778973e+00 1.40344394833246e-02
7.74287790513917e-01 -1.17088222823329e+00 4.56385110751003e-02
9.59369495774808e-01 -8.41520781281095e-01 -7.03107949691797e-02
2.33055810320192e-01 -1.25500642109771e+00 7.02626431853816e-02
-1.18284512157594e-01 1.36165323202762e+00 5.42175133124288e-02
-7.74430489223775e-01 1.17083814487330e+00 4.56277154056281e-02
4.58577149062725e-01 -1.36599832290929e+00 3.46133596926499e-02
3.38893418000183e-01 -1.11886209865093e+00 8.44645588103053e-02
9.57482574647096e-01 -1.05759221891630e+00 -3.92536577173618e-02
-2.64360055422563e-04 1.43459837109365e+00 3.67438976429445e-02
1.26235857410566e+00 -5.48072813154007e-01 5.21856076380707e-02
4.28600505512661e-01 9.57408306336965e-01 -9.67614715136508e-02
-8.47402101407314e-01 1.18998129751267e+00 2.67146098574794e-02
1.25496410515182e+00 7.68386886067810e-01 2.12739829174963e-02
7.03248694813643e-01 6.76679856642159e-01 1.02955965800300e-01
8.41489245150268e-01 7.68803121589925e-01 8.77456782660895e-02
5.78218385617107e-01 3.49963132716408e-01 -1.21435506077791e-01
2.31628296749130e-01 1.47166506801833e+00 -3.33048969128005e-05
-8.89653170401123e-01 -1.19121159187299e+00 -8.66865613441470e-03
-9.57536500074322e-01 -1.05766398129089e+00 -3.92264671990499e-02
-5.59335640945387e-01 -1.05345273244583e+00 -8.16482815825372e-02
3.49756471450958e-01 1.32736925058929e+00 -5.29569799054899e-02
-7.03356506968478e-01 -6.76587044064744e-01 -1.02954907426994e-01
-1.43603576117257e+00 -1.95329465969853e-01 -3.15656996048116e-02
-2.92640212256901e-01 8.46860977315246e-01 -1.08866292019852e-01
-1.05329158076894e+00 -8.92859719452549e-01 5.11584000197758e-02
-1.43609203007392e+00 1.94825806808303e-01 -3.15703234046817e-02
9.37139885751990e-01 -1.13145281734362e-01 1.05421979331742e-01
1.47136682093272e+00 2.01777857986953e-01 -1.07508624905580e-02
1.19130269670703e+00 -9.47066983355184e-02 8.13633146185226e-02
7.68358289280732e-01 -9.59574442892479e-01 -7.69786407342850e-02
8.41276768716808e-01 -7.68586688864645e-01 -8.77785802534164e-02
8.92561842590818e-01 -5.59322412765260e-01 -9.63638306098450e-02
-9.59556088339596e-01 -8.41621654652395e-01 -7.02793843497094e-02
9.36699095528144e-01 -1.13407432855447e-01 -1.05452392452743e-01
5.48297690388538e-01 -5.70623651367464e-01 1.15451675309925e-01
1.43612693029904e+00 -1.94974300354692e-01 3.15493648854285e-02
7.36157418931568e-01 -1.28604966051897e+00 -1.40509354720130e-02
-7.74501194585586e-01 1.17063455107758e+00 -4.56613667004917e-02
1.37081984314796e+00 1.80825005474340e-01 5.07295228365530e-02
1.12590556351044e+00 -7.03157478545966e-01 6.18573361468960e-02
-4.29363006395408e-01 9.57255451105692e-01 -9.67458408724519e-02
2.92032664563246e-01 -8.47253939930062e-01 -1.08854360384803e-01
5.70375376093272e-01 1.26221905550674e+00 -5.01756503924125e-02
-1.28603994477733e+00 -1.53622269799044e-01 6.73355049939566e-02
4.98793530258940e-01 -7.74288865096409e-01 -1.07103473089103e-01
1.80726597538796e-01 -5.54811743854251e-01 1.25378796591928e-01
-5.78804937038550e-01 -3.50353897688343e-01 -1.21402697252928e-01
1.36160517284753e+00 -5.92962248831705e-01 1.07748624385915e-02
1.47139814150172e+00 -2.01578577864948e-01 -1.07462748107364e-02
1.32737106800908e+00 -5.78582034004749e-01 -3.20498190997448e-02
-1.28613453351728e+00 1.53219437640250e-01 -6.73280688686378e-02
-3.78686682450320e-01 -4.58718218922233e-01 -1.24932670117501e-01
-1.05766885039402e+00 4.28953558773467e-01 8.75785605951039e-02
1.36145789763937e+00 5.93169976005045e-01 -1.08347346079541e-02
-7.74128233806901e-01 -1.17092801822239e+00 4.56513255800717e-02
-9.57486749260302e-01 -1.05762341985946e+00 3.92457720177738e-02
-7.68463048488803e-01 -9.59551371744097e-01 7.69722978036403e-02
-1.12596767374433e+00 7.02901022672550e-01 -6.18722610311958e-02
-8.47440524531270e-01 1.18986126676480e+00 -2.67491196664060e-02
-4.58861993864405e-01 1.36582191469780e+00 -3.46400079278217e-02
-2.01988367695625e-01 1.16895906213039e-01 -1.34583406204438e-01
-1.17092885285391e+00 -4.99243291259545e-01 -7.07986704275521e-02
-5.55213398394638e-01 1.37057297757457e+00 -1.65445572674218e-02
-7.03358143274836e-01 6.76456802374297e-01 1.02961973657204e-01
-1.53445645729616e-01 -7.36137929663951e-01 1.17633879555332e-01
-3.94803151777882e-04 6.41031383289384e-01 -1.23006101434981e-01
5.58872584293450e-01 1.05326685557988e+00 -8.16948588980640e-02
1.13169130863208e-01 -1.15271852441726e+00 -8.57002727852070e-02
1.11881322142251e+00 9.23676808512132e-01 3.09542167683382e-02
-1.19016573712600e+00 2.92181339481786e-01 7.74819945074165e-02
-1.28608316835794e+00 1.53414414090766e-01 6.73325629584753e-02
1.16874676818407e-01 1.47148229406764e+00 1.84141848886261e-02
-2.92440252173178e-01 -8.47284444450683e-01 -1.08843218849464e-01
-9.59467208648455e-01 -8.41525611058576e-01 7.02991554895544e-02
-8.41430273727779e-01 -7.68553959638381e-01 8.77686676926574e-02
9.23170424533674e-01 -3.38863534287342e-01 -1.02360323205552e-01
1.13168135136531e-01 1.15285475566999e+00 8.56849513825027e-02
-7.36121179722288e-01 -1.28607179321503e+00 1.40498714863557e-02
-5.93283058881165e-01 1.17746209210148e-01 -1.24529457260932e-01
-2.31915120806526e-01 -1.47161993969026e+00 4.76219434121558e-06
2.92202393759379e-01 8.47391959712367e-01 1.08841560812638e-01
1.15265751117888e+00 -9.36987132924342e-01 -1.03828624679645e-02
-5.70964950738919e-01 1.26222206960349e+00 5.01188844441486e-02
-1.47138510644829e+00 -2.01839585808874e-01 1.07201876216302e-02
-3.38706782434086e-01 -1.11888461374523e+00 8.44683266395812e-02
-1.53614767090155e-01 7.36339817551639e-01 1.17621461029845e-01
-5.71058287769330e-01 1.26199139149225e+00 -5.01585712917635e-02
-9.52797435727928e-02 8.89435789173672e-01 -1.08967590804181e-01
1.28583687746416e+00 1.53533253732620e-01 -6.73696396203090e-02
1.11867502487572e+00 9.23550340636351e-01 -3.10274868577961e-02
-1.37080069610095e+00 1.80336162513300e-01 -5.07484061080286e-02
4.58301632011491e-01 1.36617626509384e+00 3.45851227588464e-02
-2.01661391360528e-01 1.17278192421676e-01 1.34584726006356e-01
1.05727713411539e+00 4.28961643437594e-01 -8.76177909761267e-02
-1.05353346345576e+00 8.92696051911881e-01 5.11406233649232e-02
-1.43601896734575e+00 -1.95254960279582e-01 3.15759462103107e-02
-1.19127059827121e+00 9.45778889240078e-02 -8.13684998487778e-02
-1.43607523921166e+00 1.94919254232980e-01 3.15718876047118e-02
9.23535044641638e-01 3.39026000117856e-01 1.02328300201326e-01
1.11897156106896e+00 -9.23407862249040e-01 3.09734593956907e-02
-3.50056532205752e-01 -1.32743337648873e+00 5.29269369897373e-02
1.95112323742677e-01 3.45385270665890e-01 1.31346284797810e-01
-1.95133979357689e-01 3.45332397965034e-01 1.31347178734874e-01
3.78477333155430e-01 4.58738561771299e-01 1.24937352536466e-01
-1.37076860216797e+00 1.80485245690043e-01 5.07512246883357e-02
4.28794939432934e-01 -9.57629844215854e-01 -9.67359203250420e-02
-9.23431180281894e-01 -3.38806486192295e-01 1.02342223833194e-01
-9.59691580971077e-01 8.41429673770542e-01 7.02831382229076e-02
-5.93025957050132e-01 -1.18001904041478e-01 1.24537677523515e-01
-1.12571242024990e+00 -7.03297609319441e-01 6.18734150730825e-02
-1.95054011783428e-01 -3.45122648668786e-01 1.31352784590639e-01
-1.17100022486483e+00 4.98946581673877e-01 7.08062933419575e-02
9.59219078913234e-01 8.41478132876576e-01 -7.03322314113453e-02
-1.53909310206797e-01 7.35893764661224e-01 -1.17641592655462e-01
1.07818803167870e+00 -5.58351951120742e-05 -9.40358260035110e-02
-1.80693081504725e-01 5.55043680264719e-01 1.25370612131309e-01
-5.78805582299428e-05 6.41479907667908e-01 1.22986542827990e-01
8.89695205757804e-01 -1.19116150089462e+00 -8.69012245418169e-03
-5.48482736735909e-01 5.70391877278303e-01 -1.15453903679228e-01
1.05347553218741e+00 -8.92756520148369e-01 5.11417765553759e-02
-7.68230599177066e-01 2.32990730165796e-01 1.14789577137704e-01
-7.68170525141346e-01 -2.32955625123599e-01 1.14793536609557e-01
2.91855330386860e-01 8.46960597905336e-01 -1.08877435245482e-01
1.12918424249784e-01 1.15247488324373e+00 -8.57304482364037e-02
5.59166514009474e-01 1.05361638726004e+00 8.16403060815402e-02
1.19091472468318e+00 9.48588419101799e-02 -8.14093360358012e-02
-1.53740204611877e-01 -7.36317725473654e-01 -1.17621246941782e-01
-4.58791599513246e-01 1.36598669274273e+00 3.45934185846950e-02
1.05309677720717e+00 8.92855630823514e-01 -5.11925374655961e-02
-2.52001791723545e-04 -6.41441427246269e-01 -1.22988219884662e-01
2.01289332234067e-01 1.16944101711318e-01 -1.34591817781716e-01
-5.48341331191056e-01 -5.70907809977415e-01 -1.15438187564431e-01
5.54655322251712e-01 1.37088150385941e+00 1.64872103616856e-02
-1.02801821674991e+00 1.07825247219727e+00 -1.44894176604206e-05
8.41630783939551e-01 -7.68456895944400e-01 8.77596935759050e-02
4.58182370499539e-01 1.36601146415746e+00 -3.46527368904201e-02
1.05773429380729e+00 -4.28877162945680e-01 8.75750783189335e-02
-1.34473721792488e+00 -2.78539444063428e-04 -5.86481628193189e-02
1.32727739084161e+00 5.78706022282554e-01 -3.20635453842760e-02
2.32572046495435e-01 1.25489313884837e+00 -7.02929746203624e-02
-9.57768628712012e-01 1.05746411266666e+00 3.92241371142010e-02
-2.33346397482569e-01 1.25480045042878e+00 -7.02853471835625e-02
1.43609631097884e+00 1.95278116263293e-01 3.15453048340728e-02
-1.47144359767121e+00 2.01440644596435e-01 1.07157990176691e-02
3.78571505776976e-01 -4.58413948721379e-01 1.24944933415148e-01
-8.41557165096922e-01 -7.68683721427619e-01 -8.77489802130497e-02
1.53625191416087e-01 -7.36119548987214e-01 1.17632881296543e-01
7.35914372355621e-01 1.28615026236388e+00 -1.40803820120588e-02
-7.68830396604287e-01 9.59207179021487e-01 -7.69774985391325e-02
-1.05334889280756e+00 -8.92925560718935e-01 -5.11389099359404e-02
1.05331977154163e+00 8.93061973887741e-01 5.11239972164965e-02
6.76308785524935e-01 1.12602146771722e+00 6.42962208742131e-02
1.17821855669698e-01 1.36170196802049e+00 5.42157009908245e-02
-1.95374478474345e-01 -3.45402295865467e-01 -1.31342649991519e-01
-1.80564910504144e-01 -5.54837950405028e-01 1.25379775346887e-01
4.29123733524723e-01 -9.57514900630882e-01 9.67332416355164e-02
1.19024996913206e+00 -2.92121511994847e-01 7.74730562897012e-02
-1.34285971498531e-04 1.02797399104572e+00 9.86282718939955e-02
-2.92390883161516e-01 8.47292299817619e-01 1.08843816893627e-01
-1.11906912505511e+00 9.23283331550962e-01 3.09750283585263e-02
5.78287070724963e-01 -3.50253396310411e-01 -1.21425768118684e-01
-9.49971746035676e-02 8.89874621056206e-01 1.08939676835625e-01
2.32789694597767e-01 1.25521565006137e+00 7.02387510984591e-02
3.45228409793277e-01 -1.43604027530783e+00 1.78432086630376e-02
2.31940374404669e-01 -1.47161596061870e+00 -5.54352476337453e-07
-1.32755787458563e+00 5.78303233534740e-01 -3.20271768246795e-02
-1.47139022231538e+00 -2.01864766028374e-01 -1.07103419855673e-02
-1.37074914261442e+00 -1.80876543362286e-01 -5.07439666653783e-02
9.46687791948675e-02 -8.89802830415589e-01 -1.08946974171243e-01
-3.45192455207183e-01 -1.43605599467588e+00 -1.78384434022555e-02
-1.19119670532573e+00 9.48061511611219e-02 8.13753276576102e-02
7.68265669006651e-01 2.33186802198960e-01 1.14784282474123e-01
-9.37180120126608e-01 1.13011049885745e-01 -1.05420191565705e-01
-5.54873312896137e-01 -1.37075615218577e+00 -1.65130191332275e-02
1.17959258695143e-01 -1.36157894050295e+00 -5.42390467390663e-02
-9.59780434094149e-01 8.41151757358904e-01 -7.03008167067603e-02
-6.41592799552254e-01 1.34454769168051e+00 -2.18800482084127e-05
8.89514068921545e-01 1.19133880992972e+00 8.64177544519870e-03
-1.13455391586687e-01 -1.15272552100258e+00 -8.56963188286402e-02
9.44745037321149e-02 8.89468661636790e-01 -1.08971211570125e-01
3.49929944688304e-01 1.32761807356115e+00 5.28951733854587e-02
1.53116463240066e-01 7.35943744116045e-01 -1.17647632478827e-01
-3.65086184043245e-04 1.43441943921792e+00 -3.68022871925374e-02
-1.80873622125096e-01 -5.55064461684972e-01 -1.25367664320402e-01
1.53275227007782e-01 -7.36299352093745e-01 -1.17627286011666e-01
3.38661580998263e-01 1.11911787847456e+00 8.44439862543009e-02
-4.99189736909129e-01 -7.74346009566435e-01 -1.07084571796041e-01
-1.17086233064774e+00 -4.99109234001695e-01 7.08157802384831e-02
-8.41757905495883e-01 7.68188256434976e-01 -8.77691693479462e-02
-1.05755254054953e+00 -4.29049336177919e-01 8.75863860702261e-02
-4.58529119467344e-01 -1.36603235189201e+00 -3.46074471051107e-02
5.48184906201130e-01 5.70966095605350e-01 1.15441991240062e-01
-5.59597166210861e-01 1.05306009048868e+00 -8.16756598781123e-02
1.05735187872970e+00 -4.29052463419556e-01 -8.76065238701061e-02
-5.70650872673639e-01 -1.26224451029097e+00 5.01440762196350e-02
-7.68349400276775e-01 -2.33219859342994e-01 -1.14779031600187e-01
-7.68409470120026e-01 2.32644278175411e-01 -1.14785439499269e-01
-7.36473468294732e-01 1.28585415780430e+00 -1.40620624621618e-02
5.78727710474812e-01 -3.49995760074134e-01 1.21414419223179e-01
-1.25516681375298e+00 7.67972769684738e-01 2.12990201034958e-02
-1.25518407552149e+00 7.67890923703736e-01 -2.13151915458396e-02
-1.36166364868400e+00 5.92792615242087e-01 1.07911162999114e-02
1.43453290495028e+00 -4.01951657746073e-01 -2.62421546713491e-05
-1.36167062651554e+00 5.92754049575210e-01 -1.08014685380812e-02
-8.92899910364294e-01 -5.59451455555596e-01 -9.63313559055025e-02
-1.17507105553459e-01 1.47134132890724e+00 -1.84746496944460e-02
4.02100534170397e-01 1.68446174334626e-04 1.31208468494340e-01
5.93109500513896e-01 1.18241936885521e-01 1.24532444240985e-01
-1.05359075546170e+00 8.92489767651618e-01 -5.11608666733806e-02
-6.76738653982625e-01 1.12548203442873e+00 -6.43373842540487e-02
-5.78667569734662e-01 3.50194369461001e-01 1.21412026169072e-01
-1.34469778278884e+00 -1.22527646574078e-04 5.86557314282621e-02
-9.23655988919547e-01 3.38451172003427e-01 -1.02335086972739e-01
1.02761555947457e+00 1.07863615817170e+00 -3.80521866624054e-05
1.94713118392881e-01 3.44966064656176e-01 -1.31360456959592e-01
-4.29161796794718e-01 9.57655168936415e-01 9.67202111552250e-02
-1.17124323441602e-01 -1.47141170724356e+00 1.84480725921347e-02
1.34480101121576e+00 1.76907412750632e-04 5.86359272438652e-02
-1.75645155989252e-04 -1.02787148548029e+00 -9.86372088240045e-02
-9.37013124066017e-01 -1.13339120739810e-01 1.05429663762694e-01
3.57908817526721e-06 2.32089027256789e-01 1.34602011645616e-01
1.32743049889771e+00 5.78819730479363e-01 3.19932693393724e-02
-7.36143738225478e-01 -1.28608139481265e+00 -1.40326195662781e-02
1.11883335695495e+00 -9.23446296848514e-01 -3.10056248712877e-02
6.76524627063114e-01 -1.12574337720432e+00 6.43179599652534e-02
1.17194456205359e-01 -1.47140969575052e+00 1.84456883997393e-02
3.50204281186898e-01 -1.32742031986192e+00 5.29214991289747e-02
1.05325252940659e+00 -8.92822384112178e-01 -5.11705764141940e-02
5.70804848659314e-01 -1.26221803432584e+00 5.01349891873596e-02
9.49831453633379e-02 -8.89661979961140e-01 1.08954308208228e-01
-5.55182265882188e-01 1.37065173036011e+00 1.64986515563303e-02
-3.45495575616503e-01 1.43601124762547e+00 1.78194752217629e-02
6.76065664849632e-01 1.12573897494013e+00 -6.43589661848287e-02
8.92856408464822e-01 5.59516671857870e-01 9.63315603816594e-02
-1.19008473009174e+00 -2.92338001818855e-01 7.74874603215100e-02
6.41040819918678e-01 1.34481090867702e+00 -3.65827227641114e-05
5.54595937577660e-01 1.37080273766999e+00 -1.65585598546111e-02
3.44931316068851e-01 1.43615734725403e+00 1.78124213199045e-02
1.36605371405273e+00 3.78670506470215e-01 4.19109867207475e-02
3.44872945379052e-01 1.43607046940415e+00 -1.78803482650059e-02
9.59665800275151e-01 -8.41424720506562e-01 7.02865793378618e-02
5.70556740484052e-01 1.26244977346377e+00 5.01097947237573e-02
-6.76343779534013e-01 -1.12578764500536e+00 6.43273892694479e-02
-1.11910071838651e+00 9.23156900760625e-01 -3.09969975958840e-02
1.95186114012762e-01 -3.45088625928791e-01 1.31351890703609e-01
-1.81001772436414e-01 5.54603137456941e-01 -1.25383196932163e-01
-1.47162552001004e+00 -2.42886311526434e-04 -2.12093078228998e-02
8.49418920005269e-05 -6.41235561916659e-01 1.22997202683402e-01
-1.11881618060777e+00 -9.23512679218161e-01 3.09942669506382e-02
-9.57818364743646e-01 1.05729591718255e+00 -3.92518999747568e-02
5.92654757880151e-01 1.17887999002213e-01 -1.24553362359590e-01
-3.50173021419319e-01 -1.32746615580965e+00 -5.29136103532043e-02
5.70623477072806e-01 -1.26225411201150e+00 -5.01446623666710e-02
8.92958087784556e-01 -5.59148910861523e-01 9.63415396084910e-02
1.17072747612472e+00 -4.99064165832075e-01 -7.08370871622668e-02
1.80348342512470e-01 -5.55038270549629e-01 -1.25374965307854e-01
8.92460171753463e-01 5.59177491116872e-01 -9.63787440413563e-02
1.26226818529102e+00 5.48404822202970e-01 5.21747176319830e-02
9.59515379216779e-01 8.41756127485850e-01 7.02705601173930e-02
1.12550859918260e+00 7.03262192932982e-01 -6.19077947769039e-02
7.68480187018184e-01 9.59799607526104e-01 7.69449684451207e-02
1.47145175048681e+00 -2.01553391433286e-01 1.06886617738462e-02
-2.01961200108191e-01 -1.17399884757988e-01 -1.34580077122636e-01
-1.13498200479238e-01 1.15281128552870e+00 8.56861920201254e-02
1.32752417933942e+00 -5.78525320107084e-01 3.20052982432913e-02
-3.38973312809039e-01 1.11898949890300e+00 8.44477552835683e-02
-8.89954999378670e-01 1.19099268399425e+00 8.66109892109767e-03
2.92379736635453e-01 -8.47106112215611e-01 1.08856191103452e-01
5.51017697348759e-05 -1.43450801523095e+00 3.67734065651391e-02
4.58457879716653e-01 -1.36601772122190e+00 -3.46201723816907e-02
-2.33053545864851e-01 -1.25506881553861e+00 -7.02533813307164e-02
1.18117709817410e-01 -1.36154819097164e+00 5.42426196093133e-02
1.13418851928672e-01 -1.15264238825264e+00 8.57060780230563e-02
1.36155298227711e+00 -5.92981134845989e-01 -1.08212433126913e-02
2.01314334908123e-01 -1.17358298119495e-01 -1.34588488669772e-01
1.43597070072495e+00 -1.95048839559321e-01 -3.16049548193737e-02
-8.92915636373168e-01 5.59248113198567e-01 9.63400140651875e-02
1.36585071918756e+00 3.78534510336154e-01 -4.19765638358084e-02
-8.93047304593777e-01 5.58909015329058e-01 -9.63462668031145e-02
1.37057381955549e+00 1.80675861450955e-01 -5.07895473054486e-02
-2.92190903544941e-01 -8.47136624753223e-01 1.08858446428471e-01
-1.19124428856005e+00 -9.51608163524250e-02 -8.13660362463315e-02
-3.45153054885167e-01 -1.43604791363504e+00 1.78502604480421e-02
7.68309352716800e-01 -2.32809556443540e-01 1.14788242746954e-01
1.19020081352016e+00 2.92494886618608e-01 7.74675881877700e-02
-5.54842170941675e-01 -1.37074700466096e+00 1.65281194614958e-02
-5.78892182311659e-01 3.49806022479610e-01 -1.21412434119859e-01
-3.45534971413614e-01 1.43592437905864e+00 -1.78715736411221e-02
-1.15259168397217e+00 -9.37080277107959e-01 1.03736684490316e-02
3.38618019776028e-01 -1.11894151348782e+00 -8.44649981264531e-02
-4.99168559172284e-01 7.74288127979386e-01 1.07088899176656e-01
-5.48122310017657e-01 -5.70702012924555e-01 1.15455401920113e-01
1.94786897099872e-01 -3.45368284111357e-01 -1.31350699381269e-01
-3.65163026612358e-04 2.31682895746974e-01 -1.34607860900863e-01
4.01659973314582e-01 -1.80624686272921e-04 -1.31219757216076e-01
-1.19015522878727e+00 -2.92509338207056e-01 -7.74729906997099e-02
-1.26222265764681e+00 -5.48352151715257e-01 -5.21885620499048e-02
-1.36599134827628e+00 -3.78669061896559e-01 -4.19280985037754e-02
1.15254505558124e+00 9.37197251386330e-01 1.03285048568349e-02
1.15249829356940e+00 9.37154729413029e-01 -1.04041620090183e-02
5.47771348956936e-01 5.70557608073945e-01 -1.15475306374561e-01
5.47884114555460e-01 -5.70829480283630e-01 -1.15459588577256e-01
4.28929273554094e-01 9.57808075322431e-01 9.67161732817524e-02
9.47888442158309e-02 8.89907509176584e-01 1.08938947438705e-01
-1.17973943029962e-01 -1.36155203060964e+00 5.42444308112136e-02
-4.58458715060222e-01 -1.36601295767758e+00 3.46216522805452e-02
-6.41253855586129e-01 -1.34470939530738e+00 8.04254061410226e-06
1.19093066845212e+00 -9.49114069877399e-02 -8.14068721140866e-02
-1.32737148765433e+00 -5.78713642355252e-01 3.20297881786477e-02
1.25499152385768e+00 -7.68156939509581e-01 -2.13298513477341e-02
1.18989586343646e+00 -2.92292910993434e-01 -7.75131450030668e-02
1.25509102683931e+00 -7.68125419107177e-01 2.12903296954231e-02
-1.43446597969704e+00 -4.02190527841102e-01 6.64009911657642e-06
-1.15285981801885e+00 9.36747201679382e-01 -1.03760698190130e-02
-4.04515481658074e-04 1.02755572518865e+00 -9.86647236881220e-02
-3.50373441177047e-01 1.32747519201830e+00 5.29006125560268e-02
-5.48263740201278e-01 5.70800301513229e-01 1.15445718387519e-01
-1.15284978685114e+00 9.36789709346515e-01 1.03532625382293e-02
5.93132581213935e-01 -1.17879625922976e-01 1.24534398184917e-01
8.89478453211745e-01 1.19129980178903e+00 -8.71710611283521e-03
1.26202384306723e+00 5.48221929888278e-01 -5.22402078574398e-02
8.46892531943873e-01 1.19019068496459e+00 -2.67716995305665e-02
-3.39160700593372e-01 1.11861951365107e+00 -8.44824625054848e-02
2.01699733202216e-01 1.17326405599958e-01 1.34583893745181e-01
9.57458687360075e-01 1.05781879712871e+00 3.92074274768307e-02
7.74068534625998e-01 1.17113715875163e+00 4.56148971950292e-02
-7.68582976945931e-01 -9.59642562198171e-01 -7.69527663974822e-02
9.57647838171182e-01 -1.05755165287342e+00 3.92290654785406e-02
1.34451902100067e+00 2.08330801031790e-05 -5.86900061796587e-02
-6.76629354417066e-01 1.12576447685199e+00 6.43056524525246e-02
1.17064310626875e+00 4.99046166427759e-01 -7.08498121863531e-02
-4.29130990903502e-01 -9.57668000457058e-01 -9.67202917706975e-02
-3.50489907997468e-01 1.32722639197004e+00 -5.29463661219623e-02
1.37060270784701e+00 -1.80605892761663e-01 -5.07851070508527e-02
8.41135237696537e-01 7.68465897828239e-01 -8.77987730034517e-02
-5.93055460195806e-01 1.18100085368079e-01 1.24535723503183e-01
1.05765953653089e+00 4.29252412344612e-01 8.75672505078944e-02
-1.47161540179893e+00 -1.86463637604994e-04 2.12151853410603e-02
9.37119512687900e-01 1.13533325202526e-01 1.05420004194107e-01
1.19128675019307e+00 9.50871829596777e-02 8.13615552789011e-02
4.98638799367568e-01 7.74040807140125e-01 -1.07124499452177e-01
1.80229365011468e-01 5.54657366840667e-01 -1.25390498540277e-01
5.59374125490124e-01 -1.05332549031134e+00 8.16598091418007e-02
-1.37071704688728e+00 -1.80755644309802e-01 5.07548230934942e-02
-5.59182131046943e-01 -1.05336775069116e+00 8.16662493629676e-02
1.15270426964300e+00 -9.36974501765268e-01 1.03489143400748e-02
-8.47090927060590e-01 -1.19013564935953e+00 2.67396371615081e-02
1.02780498065032e+00 -1.07845573437998e+00 -1.40504415128311e-05
-8.41631041583544e-01 7.68525399334914e-01 8.77546541455969e-02
1.28586201745446e+00 -1.53526682789028e-01 -6.73657504044488e-02
1.47166598008509e+00 1.41211553075315e-04 2.11858153048852e-02
-1.07849146320228e+00 -4.58767493461235e-05 9.40067109569896e-02
-1.19117039974183e+00 -9.49561831486022e-02 8.13770856446664e-02
3.78156538434871e-01 -4.58658223604092e-01 -1.24947946527109e-01
3.78062381328702e-01 4.58318031652212e-01 -1.24960773284484e-01
-2.01634222381690e-01 -1.17066133723896e-01 1.34586611145577e-01
-3.78417059359167e-01 -4.58473971630079e-01 1.24947005107479e-01
9.57293420048901e-01 1.05765056027178e+00 -3.92790955275986e-02
1.18984671311291e+00 2.92253941582014e-01 -7.75206861325944e-02
7.68178368240022e-01 9.59481250475922e-01 -7.70033780436480e-02
-9.37043230307354e-01 1.13309830092334e-01 1.05427688556654e-01
-5.70744227569212e-01 -1.26228058519976e+00 -5.01275871691791e-02
-2.32886225906869e-01 -1.25501747541448e+00 7.02656954808942e-02
6.76281495856399e-01 -1.12580315621067e+00 -6.43305964858992e-02
9.23109313419511e-01 3.38700423563808e-01 -1.02369450150655e-01
3.50030778932686e-01 -1.32745310105580e+00 -5.29242230886956e-02
1.12578520994447e+00 7.03493711639117e-01 6.18436768625481e-02
1.28617964204812e+00 -1.53363403870501e-01 6.73181167054759e-02
1.17140597216155e-01 -1.47141703897380e+00 -1.84436498182890e-02
7.73889142174852e-01 1.17093351389399e+00 -4.56840489954005e-02
1.25486460588000e+00 7.68305012356514e-01 -2.13476976866660e-02
-3.13519550721025e-04 -2.32140201497850e-01 -1.34601270293587e-01
1.16820819138187e-01 1.47139149179023e+00 -1.84776382693690e-02
-1.02772732545126e+00 -1.07852974301981e+00 9.50808369206926e-06
-1.11884778594214e+00 -9.23551093690280e-01 -3.09751399354792e-02
1.17104899582807e+00 -4.98930066297722e-01 7.08005186006666e-02
-8.89966940058534e-01 1.19095367995077e+00 -8.69563623903195e-03
7.35968753247500e-01 1.28621538411754e+00 1.40066423004937e-02
5.52310818266420e-05 -2.31830175971343e-01 1.34605743477568e-01
9.23596159527160e-01 -3.38644535861783e-01 1.02334252849590e-01
5.59080177194568e-01 -1.05341048057451e+00 -8.16674781027568e-02
7.02984110281470e-01 -6.76496915341670e-01 -1.02981137835998e-01
-8.89641234671853e-01 -1.19120441815397e+00 8.68713176705841e-03
-1.32753550371694e+00 5.78416892334080e-01 3.20177617051683e-02
-1.17171536461707e-01 -1.47141905028824e+00 -1.84406629258824e-02
3.45170027314067e-01 -1.43604835649580e+00 -1.78472164383701e-02
-1.43458190801450e+00 4.01776830374272e-01 -2.30543371609174e-06
1.12562894104678e+00 -7.03255200430880e-01 -6.18901517471077e-02
7.74108387974763e-01 -1.17092148270608e+00 -4.56555432945522e-02
1.37084873650150e+00 -1.80484945197506e-01 5.07331221327530e-02
5.54866345571181e-01 -1.37073880606789e+00 -1.65270183666481e-02
-6.76453105247983e-01 -1.12584740990884e+00 -6.43090184926300e-02
1.43594008051251e+00 1.95184628820243e-01 -3.16095801822571e-02
-1.26218094504141e+00 -5.48257287279356e-01 5.22053377859193e-02
8.47111397413200e-01 -1.19011001139545e+00 -2.67437580068515e-02
1.17096462300561e+00 4.99288894866885e-01 7.07910300145925e-02
-1.36596452716142e+00 -3.78581913440051e-01 4.19419906767196e-02
1.28615449076453e+00 1.53728301156895e-01 6.73151737620567e-02
1.36611432278668e+00 -3.78349902053433e-01 4.19186823766857e-02
2.32838129717747e-01 -1.25505777143543e+00 -7.02610073445043e-02
-4.02306813100988e-01 -2.70117179285939e-04 -1.31203176828168e-01
1.07860152596009e+00 1.94287165669740e-04 9.39961442913981e-02
-8.47129361025985e-01 -1.19015783577973e+00 -2.67211827094507e-02
1.17663414764100e-01 1.36144410511356e+00 -5.42727289610310e-02
-1.18423259541123e-01 1.36139537677926e+00 -5.42691286613151e-02
9.45992050233910e-05 -1.02776490673201e+00 9.86465005641927e-02
1.36591132156614e+00 -3.78437086719515e-01 -4.19674142433932e-02
-7.74198963540199e-01 -1.17096725611535e+00 -4.56328669251792e-02
-2.33179107069258e-01 1.25512294029135e+00 7.02418049647674e-02
-1.26237639852763e+00 5.47844323784252e-01 -5.22020697862293e-02
-1.36609928940392e+00 3.78158229744003e-01 -4.19372469389277e-02
1.43446978722714e+00 4.02176770061429e-01 -3.51902667969440e-05
1.41674206777785e+00 3.96446189081527e-01 -2.14747081496911e-02
-1.02072483340485e+00 6.40931202287293e-01 -8.00937754759230e-02
-3.46047876985943e-01 6.63696108793219e-01 -1.17818753141513e-01
-6.41596399108473e-01 8.75324946218013e-01 -9.33504861328567e-02
-8.75582319517490e-01 -1.02053941631821e+00 5.86605125162906e-02
3.95994513130699e-01 -2.34538870457029e-01 -1.29600234570802e-01
-1.02045833041149e+00 -6.41320239037108e-01 8.00961329114760e-02
3.45421325086307e-01 -6.64123086101526e-01 -1.17814005832707e-01
1.41996422423440e+00 5.24511745236688e-05 -4.12262625237197e-02
-1.10536856458529e-04 -1.27202617719891e+00 -7.09325257303833e-02
2.13755820301495e-01 -1.00966450090180e+00 9.82720650630900e-02
-1.27192046702483e+00 -7.75672733107413e-01 8.93404074366399e-06
1.02065604606688e+00 -6.41184381307156e-01 8.00841554496605e-02
1.42016704073294e+00 1.62056424595359e-04 4.11677711784652e-02
2.34433074634377e-01 -1.41683412799332e+00 3.62504538024987e-02
-4.50326896572570e-01 -1.42008998085849e+00 6.69150588407592e-06
-2.34406805839206e-01 -1.41685740586061e+00 -3.62442627786112e-02
4.50361476232089e-01 -1.42007901611622e+00 -3.63097613354725e-06
-6.63996573251411e-01 -1.28807506198393e+00 -3.16085399424073e-02
-7.75765904714559e-01 -2.91920411422694e-04 -1.16333426544297e-01
1.27188157816586e+00 7.75736395976687e-01 -3.74838964876094e-05
-2.14036990621083e-01 1.00942684994433e+00 -9.82873689246118e-02
8.75581030703081e-01 1.02076628508023e+00 5.86276398535182e-02
2.13454333780676e-01 -1.00977339862524e+00 -9.82681865793525e-02
8.75341354844528e-01 1.02051815720665e+00 -5.86936839378603e-02
-2.34651311748322e-01 1.41687440895989e+00 3.62254604489869e-02
1.02019807656762e+00 6.41249766728897e-01 -8.01285834305198e-02
-6.41432724084089e-01 8.75698906493490e-01 9.33305516145061e-02
1.07409215123871e+00 2.13597200611702e-01 -9.23839345045691e-02
-6.64268245641167e-01 1.28796409672505e+00 3.15986125606843e-02
-1.00965114535163e+00 -1.07445876457609e+00 -1.95304438697775e-02
-8.75932206329290e-01 1.02019839565434e+00 -5.86664382384190e-02
-2.13800058941944e-01 1.00984080185478e+00 9.82561032386355e-02
-1.28805076084259e+00 -3.45917043224976e-01 -6.07216602633792e-02
4.50074537616924e-01 1.42016993175221e+00 -3.52354487509938e-05
-1.02055207205751e+00 -6.41454334342665e-01 -8.00771547937282e-02
-3.96585380111903e-01 -2.34614111495810e-01 -1.29583978605611e-01
-4.50672445528329e-01 1.41998033279888e+00 -2.49101364914892e-05
-3.45889515470377e-01 -6.64167968264273e-01 -1.17800396270206e-01
-1.27213833901720e+00 7.75315362278157e-01 -8.32371948764864e-06
6.63819648274241e-01 1.28823139765313e+00 3.15863194366980e-02
-1.42008255184339e+00 -1.54155193479852e-04 4.11921477528702e-02
-1.02063111190597e+00 6.41223184354269e-01 8.00842148112940e-02
2.13540818922527e-01 1.00991848927804e+00 9.82541394763701e-02
-1.42010546431217e+00 -2.63714809378120e-04 -4.11855340787685e-02
-3.96365764743365e-01 2.34473420763913e-01 1.29591730344191e-01
-3.96309312283988e-01 -2.34316110326620e-01 1.29595555159034e-01
2.13239353049816e-01 1.00950451242437e+00 -9.82952003279698e-02
-6.41375711456382e-01 -8.75782609820156e-01 -9.33272586787660e-02
3.96380561202436e-01 2.34574674115567e-01 1.29589818683399e-01
-3.93789336070871e-04 1.27180983698285e+00 -7.09649646861738e-02
6.41410169124517e-01 -8.75595609109065e-01 9.33399561565503e-02
1.41684751284296e+00 3.96516299131866e-01 2.14055659984839e-02
7.75221216090879e-01 -1.19272041239495e-04 -1.16363802484807e-01
1.07453484962486e+00 -2.13487873349502e-01 9.23429700503841e-02
1.07449778896610e+00 2.13873215770021e-01 9.23391178848909e-02
-2.71944822615287e-05 4.50530425177106e-01 1.29885328795935e-01
3.45669269417030e-01 6.64238865021257e-01 1.17802460570160e-01
7.31046377911434e-05 -4.50277286160640e-01 1.29892672378772e-01
-1.07454148563443e+00 2.13325986400650e-01 -9.23454539875311e-02
3.45806643652541e-01 -6.63929957499662e-01 1.17813655816659e-01
-2.34320571084757e-01 -1.41683993807988e+00 3.62546392087460e-02
8.38068034475473e-05 -1.27197619437859e+00 7.09400244237009e-02
-6.63942247591543e-01 -1.28805356338469e+00 3.16254120995218e-02
-1.00962791942467e+00 -1.07443908336870e+00 1.95495380973749e-02
-6.41212005542089e-01 -8.75659979416458e-01 9.33462946830846e-02
8.75767375891769e-01 -1.02046925253542e+00 5.86476115300085e-02
1.07412920673054e+00 -2.13703301840869e-01 -9.23782770891584e-02
6.41062408968844e-01 -8.75718261559141e-01 -9.33503165243151e-02
1.00975307237968e+00 -1.07436579762615e+00 1.95291454028533e-02
-1.28800463810615e+00 -3.45787763099711e-01 6.07360040516379e-02
-1.07438298350616e+00 -2.13695084543804e-01 9.23537430523485e-02
2.34320680057303e-01 -1.41685159593432e+00 -3.62508215306614e-02
-2.13565331256126e-01 -1.00968196960157e+00 9.82740284077160e-02
-8.75664049582677e-01 -1.02060339599325e+00 -5.86409901386254e-02
-3.45629314469848e-01 -6.63974858580537e-01 1.17815892229455e-01
1.28816974619880e+00 -3.45563070143668e-01 6.07174049923032e-02
-6.64322558414409e-01 1.28781737489978e+00 -3.16390643995043e-02
6.63948390133133e-01 -1.28804664867394e+00 -3.16266893222578e-02
-2.13802290359956e-01 -1.00979086402040e+00 -9.82603563098103e-02
1.41680461066689e+00 -3.96282267402329e-01 -2.14654978173064e-02
1.00956347785271e+00 1.07459378498332e+00 1.95061947213652e-02
-2.82736601074747e-04 -4.50532805560472e-01 -1.29885257167135e-01
1.00947962278869e+00 1.07450948333854e+00 -1.95812107835493e-02
1.41691005741836e+00 -3.96238293808608e-01 2.14139975033442e-02
-3.83019459036415e-04 4.50094864591867e-01 -1.29897957181443e-01
3.95946577092962e-01 2.34183167979735e-01 -1.29606841105422e-01
1.28782646545590e+00 3.45721359791848e-01 -6.07707656254305e-02
1.28811315165772e+00 3.45915229039495e-01 6.07106731626559e-02
6.40893121412679e-01 8.75546122735681e-01 -9.33735470958904e-02
-1.99464830888632e-04 1.27213729535926e+00 7.09158503407181e-02
3.45283964549880e-01 6.63805135229170e-01 -1.17832364226099e-01
-1.00994005204724e+00 1.07413313092785e+00 -1.95553119523925e-02
-8.75850501494869e-01 1.02044646056410e+00 5.86405435715756e-02
-1.28814812147957e+00 3.45372488394189e-01 -6.07303138945121e-02
2.34132760617677e-01 1.41697298323647e+00 3.62212735895242e-02
2.34020378049546e-01 1.41679755954932e+00 -3.62847040459731e-02
-2.34737537267540e-01 1.41669899731868e+00 -3.62781439065396e-02
-1.00991683279021e+00 1.07421741157309e+00 1.95265915305193e-02
-1.28810200383556e+00 3.45566285003327e-01 6.07292744188598e-02
-1.07448339601581e+00 -2.13910444423808e-01 -9.23397976022993e-02
8.75527694251869e-01 -1.02053324851129e+00 -5.86682309029825e-02
-1.41679270092625e+00 -3.96475362935350e-01 2.14422306202714e-02
1.02031090632899e+00 -6.41318513720418e-01 -8.01119595466213e-02
-1.41680473210577e+00 -3.96519317171819e-01 -2.14287757467360e-02
-7.75585956938158e-01 1.75474684027164e-05 1.16343467234512e-01
1.27200911500141e+00 -7.75527327264766e-01 -2.02227302711890e-05
-1.41690666904866e+00 3.96122407767585e-01 2.14338012275392e-02
-1.41691869632073e+00 3.96052326288891e-01 -2.14379838750705e-02
1.00966921467657e+00 -1.07438548526090e+00 -1.95563382024590e-02
-1.07444107592717e+00 2.13601915511270e-01 9.23498920721716e-02
1.02054320818877e+00 6.41541835644992e-01 8.00722352627465e-02
3.96428504673223e-01 -2.34240838638079e-01 1.29593643660812e-01
6.63700721682535e-01 1.28808464737618e+00 -3.16572181177069e-02
7.75678737142078e-01 1.90263418069546e-04 1.16338290985747e-01
6.41240865584028e-01 8.75920154232441e-01 9.33242115802847e-02
-3.45787697330064e-01 6.64129794073169e-01 1.17804697593602e-01
1.28788305477684e+00 -3.45692400161938e-01 -6.07621101910518e-02
-3.96641824115345e-01 2.34081958008457e-01 -1.29590584588072e-01
6.64067325582040e-01 -1.28802514389687e+00 3.16131226197296e-02
-4.60291972344099e-01 -1.20526139199386e+00 6.81367748548645e-02
3.16695637362479e-05 1.30400299755022e-04 1.36265729742073e-01
-4.60585788173198e-01 1.20530494808305e+00 6.81137141255374e-02
-4.60430396508731e-01 -1.20531637579483e+00 -6.81208113282360e-02
1.48978177668986e+00 1.15007432368191e-04 -3.13505401402466e-05
1.20517090010168e+00 -7.44889457577629e-01 -4.21296866580605e-02
-7.45035900523451e-01 -4.60580471536580e-01 -1.10225665042708e-01
1.20536431352489e+00 -7.44825658797756e-01 4.20928149222543e-02
-7.45154115157251e-01 4.60029389732533e-01 -1.10238232292617e-01
-1.48978180448248e+00 -2.16700558144445e-04 2.80013014342882e-06
4.60231736920363e-01 -1.20529136344400e+00 -6.81357434734819e-02
7.44603904818782e-01 -4.60462540640327e-01 -1.10254205189987e-01
-3.20892479097517e-04 1.48978174781882e+00 -3.08498914632469e-05
7.44517098037117e-01 4.60243107574016e-01 -1.10266774118426e-01
1.08747651647284e-05 -1.48978182030473e+00 2.30431981330447e-06
4.60466638934980e-01 -1.20523637243043e+00 6.81306036215072e-02
-7.44978383736323e-01 4.60400653303970e-01 1.10235201921672e-01
1.20504613653261e+00 7.44969487832105e-01 -4.21477014842805e-02
-7.44860152094563e-01 -4.60365256068838e-01 1.10243122645491e-01
7.44945388161800e-01 4.60614447708143e-01 1.10229595221574e-01
1.20523954411857e+00 7.45129769508937e-01 4.20776727851631e-02
-1.20519018364246e+00 -7.44968640574856e-01 4.21133549220016e-02
7.45032207730466e-01 -4.60247282264458e-01 1.10237516756925e-01
4.60223632563284e-01 1.20548496764580e+00 6.81075409940743e-02
-1.20522751999020e+00 -7.45032413342522e-01 -4.20949732017560e-02
-3.41626283346910e-04 -2.32097328319662e-04 -1.36265725058451e-01
4.59988752664630e-01 1.20517742249016e+00 -6.81663259739071e-02
-1.20539717139975e+00 7.44735990658228e-01 4.20982161367075e-02
-1.20543449454976e+00 7.44575763290606e-01 -4.21129840497408e-02
-4.60724189259772e-01 1.20499744164252e+00 -6.81513914851496e-02
-7.83172956662504e-01 -1.26731605511305e+00 8.80585628904087e-06
7.83230872541012e-01 -1.26728026227968e+00 -9.14596169955077e-06
7.82994097638603e-01 1.26742650642011e+00 -3.73505660400329e-05
-7.83500606233029e-01 1.26711350238873e+00 -1.93944463152949e-05
-1.26729858046490e+00 -9.66520893290160e-05 7.16369917518586e-02
-1.26735526915989e+00 -2.87193350217998e-04 -7.16285967230626e-02
1.26707330834638e+00 -5.06201640046910e-06 -7.16703224546641e-02
1.26740917846395e+00 1.85550643791283e-04 7.16206189019797e-02
-8.34048277936047e-05 7.83411812706391e-01 1.15903971573162e-01
9.10274708702719e-05 -7.83177040293937e-01 1.15917244762816e-01
-2.26528372854511e-04 -7.83345832093002e-01 -1.15907700848331e-01
-4.00938262544861e-04 7.82963873704716e-01 -1.15929286217111e-01
3 631 67 1
3 599 6 67
3 497 1 6
3 67 6 1
3 615 294 296
3 494 73 294
3 599 296 73
3 294 73 296
3 614 232 293
3 497 231 232
3 494 293 231
3 232 231 293
3 599 73 6
3 494 231 73
3 497 6 231
3 73 231 6
3 639 43 297
3 553 473 43
3 490 297 473
3 43 473 297
3 600 430 152
3 542 47 430
3 553 152 47
3 430 47 152
3 615 74 70
3 490 340 74
3 542 70 340
3 74 340 70
3 553 47 473
3 542 340 47
3 490 473 340
3 47 340 473
3 630 374 145
3 495 353 374
3 543 145 353
3 374 353 145
3 614 284 147
3 541 350 284
3 495 147 350
3 284 350 147
3 600 262 168
3 543 373 262
3 541 168 373
3 262 373 168
3 495 350 353
3 541 373 350
3 543 353 373
3 350 373 353
3 615 70 294
3 542 339 70
3 494 294 339
3 70 339 294
3 600 168 430
3 541 372 168
3 542 430 372
3 168 372 430
3 614 293 284
3 494 336 293
3 541 284 336
3 293 336 284
3 542 372 339
3 541 336 372
3 494 339 336
3 372 336 339
3 640 236 3
3 503 286 236
3 559 3 286
3 236 286 3
3 610 467 357
3 489 135 467
3 503 357 135
3 467 135 357
3 603 5 338
3 559 246 5
3 489 338 246
3 5 246 338
3 503 135 286
3 489 246 135
3 559 286 246
3 135 246 286
3 631 1 104
3 497 458 1
3 558 104 458
3 1 458 104
3 614 436 232
3 552 453 436
3 497 232 453
3 436 453 232
3 610 320 433
3 558 337 320
3 552 433 337
3 320 337 433
3 497 453 458
3 552 337 453
3 558 458 337
3 453 337 458
3 630 290 374
3 498 241 290
3 495 374 241
3 290 241 374
3 603 319 429
3 496 258 319
3 498 429 258
3 319 258 429
3 614 147 452
3 495 237 147
3 496 452 237
3 147 237 452
3 498 258 241
3 496 237 258
3 495 241 237
3 258 237 241
3 610 433 467
3 552 242 433
3 489 467 242
3 433 242 467
3 614 452 436
3 496 25 452
3 552 436 25
3 452 25 436
3 603 338 319
3 489 17 338
3 496 319 17
3 338 17 319
3 552 25 242
3 496 17 25
3 489 242 17
3 25 17 242
3 635 349 20
3 580 363 349
3 513 20 363
3 349 363 20
3 606 272 9
3 515 44 272
3 580 9 44
3 272 44 9
3 624 364 45
3 513 129 364
3 515 45 129
3 364 129 45
3 580 44 363
3 515 129 44
3 513 363 129
3 44 129 363
3 640 3 194
3 559 140 3
3 518 194 140
3 3 140 194
3 603 87 5
3 528 399 87
3 559 5 399
3 87 399 5
3 606 199 89
3 518 254 199
3 528 89 254
3 199 254 89
3 559 399 140
3 528 254 399
3 518 140 254
3 399 254 140
3 630 85 290
3 510 470 85
3 498 290 470
3 85 470 290
3 624 217 442
3 554 86 217
3 510 442 86
3 217 86 442
3 603 429 459
3 498 475 429
3 554 459 475
3 429 475 459
3 510 86 470
3 554 475 86
3 498 470 475
3 86 475 470
3 606 89 272
3 528 213 89
3 515 272 213
3 89 213 272
3 603 459 87
3 554 394 459
3 528 87 394
3 459 394 87
3 624 45 217
3 515 100 45
3 554 217 100
3 45 100 217
3 528 394 213
3 554 100 394
3 515 213 100
3 394 100 213
3 634 279 111
3 521 411 279
3 550 111 411
3 279 411 111
3 609 151 405
3 582 163 151
3 521 405 163
3 151 163 405
3 621 461 376
3 550 464 461
3 582 376 464
3 461 464 376
3 521 163 411
3 582 464 163
3 550 411 464
3 163 464 411
3 635 20 205
3 513 235 20
3 524 205 235
3 20 235 205
3 624 2 364
3 584 365 2
3 513 364 365
3 2 365 364
3 609 314 234
3 524 90 314
3 584 234 90
3 314 90 234
3 513 365 235
3 584 90 365
3 524 235 90
3 365 90 235
3 630 450 85
3 544 441 450
3 510 85 441
3 450 441 85
3 621 36 316
3 491 356 36
3 544 316 356
3 36 356 316
3 624 442 38
3 510 8 442
3 491 38 8
3 442 8 38
3 544 356 441
3 491 8 356
3 510 441 8
3 356 8 441
3 609 234 151
3 584 380 234
3 582 151 380
3 234 380 151
3 624 38 2
3 491 40 38
3 584 2 40
3 38 40 2
3 621 376 36
3 582 37 376
3 491 36 37
3 376 37 36
3 584 40 380
3 491 37 40
3 582 380 37
3 40 37 380
3 639 132 43
3 555 348 132
3 553 43 348
3 132 348 43
3 618 58 359
3 545 34 58
3 555 359 34
3 58 34 359
3 600 152 412
3 553 33 152
3 545 412 33
3 152 33 412
3 555 34 348
3 545 33 34
3 553 348 33
3 34 33 348
3 634 111 420
3 550 302 111
3 551 420 302
3 111 302 420
3 621 177 461
3 486 255 177
3 550 461 255
3 177 255 461
3 618 174 62
3 551 257 174
3 486 62 257
3 174 257 62
3 550 255 302
3 486 257 255
3 551 302 257
3 255 257 302
3 630 145 450
3 543 414 145
3 544 450 414
3 145 414 450
3 600 310 262
3 484 122 310
3 543 262 122
3 310 122 262
3 621 316 92
3 544 123 316
3 484 92 123
3 316 123 92
3 543 122 414
3 484 123 122
3 544 414 123
3 122 123 414
3 618 62 58
3 486 142 62
3 545 58 142
3 62 142 58
3 621 92 177
3 484 141 92
3 486 177 141
3 92 141 177
3 600 412 310
3 545 124 412
3 484 310 124
3 412 124 310
3 486 141 142
3 484 124 141
3 545 142 124
3 141 124 142
3 638 371 229
3 523 225 371
3 512 229 225
3 371 225 229
3 623 230 253
3 570 144 230
3 523 253 144
3 230 144 253
3 602 333 476
3 512 331 333
3 570 476 331
3 333 331 476
3 523 144 225
3 570 331 144
3 512 225 331
3 144 331 225
3 632 303 445
3 514 200 303
3 520 445 200
3 303 200 445
3 612 139 84
3 575 305 139
3 514 84 305
3 139 305 84
3 623 309 248
3 520 159 309
3 575 248 159
3 309 159 248
3 514 305 200
3 575 159 305
3 520 200 159
3 305 159 200
3 633 39 244
3 509 298 39
3 517 244 298
3 39 298 244
3 602 383 150
3 505 195 383
3 509 150 195
3 383 195 150
3 612 16 42
3 517 299 16
3 505 42 299
3 16 299 42
3 509 195 298
3 505 299 195
3 517 298 299
3 195 299 298
3 623 248 230
3 575 220 248
3 570 230 220
3 248 220 230
3 612 42 139
3 505 76 42
3 575 139 76
3 42 76 139
3 602 476 383
3 570 71 476
3 505 383 71
3 476 71 383
3 575 76 220
3 505 71 76
3 570 220 71
3 76 71 220
3 634 238 138
3 590 137 238
3 579 138 137
3 238 137 138
3 616 344 13
3 522 120 344
3 590 13 120
3 344 120 13
3 627 22 0
3 579 179 22
3 522 0 179
3 22 179 0
3 590 120 137
3 522 179 120
3 579 137 179
3 120 179 137
3 638 229 153
3 512 226 229
3 596 153 226
3 229 226 153
3 602 10 333
3 507 283 10
3 512 333 283
3 10 283 333
3 616 384 131
3 596 358 384
3 507 131 358
3 384 358 131
3 512 283 226
3 507 358 283
3 596 226 358
3 283 358 226
3 633 334 39
3 578 79 334
3 509 39 79
3 334 79 39
3 627 162 227
3 573 208 162
3 578 227 208
3 162 208 227
3 602 150 397
3 509 72 150
3 573 397 72
3 150 72 397
3 578 208 79
3 573 72 208
3 509 79 72
3 208 72 79
3 616 131 344
3 507 416 131
3 522 344 416
3 131 416 344
3 602 397 10
3 573 55 397
3 507 10 55
3 397 55 10
3 627 0 162
3 522 175 0
3 573 162 175
3 0 175 162
3 507 55 416
3 573 175 55
3 522 416 175
3 55 175 416
3 635 205 118
3 524 158 205
3 574 118 158
3 205 158 118
3 609 4 314
3 588 93 4
3 524 314 93
3 4 93 314
3 628 477 233
3 574 478 477
3 588 233 478
3 477 478 233
3 524 93 158
3 588 478 93
3 574 158 478
3 93 478 158
3 634 138 279
3 579 172 138
3 521 279 172
3 138 172 279
3 627 451 22
3 587 23 451
3 579 22 23
3 451 23 22
3 609 405 211
3 521 165 405
3 587 211 165
3 405 165 211
3 579 23 172
3 587 165 23
3 521 172 165
3 23 165 172
3 633 444 334
3 572 201 444
3 578 334 201
3 444 201 334
3 628 268 311
3 519 381 268
3 572 311 381
3 268 381 311
3 627 227 267
3 578 385 227
3 519 267 385
3 227 385 267
3 572 381 201
3 519 385 381
3 578 201 385
3 381 385 201
3 609 211 4
3 587 454 211
3 588 4 454
3 211 454 4
3 627 267 451
3 519 269 267
3 587 451 269
3 267 269 451
3 628 233 268
3 588 271 233
3 519 268 271
3 233 271 268
3 587 269 454
3 519 271 269
3 588 454 271
3 269 271 454
3 641 181 155
3 482 91 181
3 501 155 91
3 181 91 155
3 608 31 186
3 483 59 31
3 482 186 59
3 31 59 186
3 629 390 260
3 501 108 390
3 483 260 108
3 390 108 260
3 482 59 91
3 483 108 59
3 501 91 108
3 59 108 91
3 635 118 164
3 574 7 118
3 539 164 7
3 118 7 164
3 628 125 477
3 481 15 125
3 574 477 15
3 125 15 477
3 608 280 346
3 539 19 280
3 481 346 19
3 280 19 346
3 574 15 7
3 481 19 15
3 539 7 19
3 15 19 7
3 633 265 444
3 557 126 265
3 572 444 126
3 265 126 444
3 629 277 154
3 511 105 277
3 557 154 105
3 277 105 154
3 628 311 276
3 572 317 311
3 511 276 317
3 311 317 276
3 557 105 126
3 511 317 105
3 572 126 317
3 105 317 126
3 608 346 31
3 481 256 346
3 483 31 256
3 346 256 31
3 628 276 125
3 511 243 276
3 481 125 243
3 276 243 125
3 629 260 277
3 483 216 260
3 511 277 216
3 260 216 277
3 481 243 256
3 511 216 243
3 483 256 216
3 243 216 256
3 632 215 303
3 593 304 215
3 514 303 304
3 215 304 303
3 626 88 110
3 576 203 88
3 593 110 203
3 88 203 110
3 612 84 440
3 514 307 84
3 576 440 307
3 84 307 440
3 593 203 304
3 576 307 203
3 514 304 307
3 203 307 304
3 641 155 247
3 501 382 155
3 527 247 382
3 155 382 247
3 629 209 390
3 530 35 209
3 501 390 35
3 209 35 390
3 626 24 207
3 527 191 24
3 530 207 191
3 24 191 207
3 501 35 382
3 530 191 35
3 527 382 191
3 35 191 382
3 633 244 265
3 517 130 244
3 557 265 130
3 244 130 265
3 612 273 16
3 577 355 273
3 517 16 355
3 273 355 16
3 629 154 400
3 557 127 154
3 577 400 127
3 154 127 400
3 517 355 130
3 577 127 355
3 557 130 127
3 355 127 130
3 626 207 88
3 530 471 207
3 576 88 471
3 207 471 88
3 629 400 209
3 577 472 400
3 530 209 472
3 400 472 209
3 612 440 273
3 576 250 440
3 577 273 250
3 440 250 273
3 530 472 471
3 577 250 472
3 576 471 250
3 472 250 471
3 641 247 249
3 527 190 247
3 571 249 190
3 247 190 249
3 626 134 24
3 569 78 134
3 527 24 78
3 134 78 24
3 613 368 12
3 571 408 368
3 569 12 408
3 368 408 12
3 527 78 190
3 569 408 78
3 571 190 408
3 78 408 190
3 632 387 215
3 563 389 387
3 593 215 389
3 387 389 215
3 617 196 157
3 504 425 196
3 563 157 425
3 196 425 157
3 626 110 300
3 593 437 110
3 504 300 437
3 110 437 300
3 563 425 389
3 504 437 425
3 593 389 437
3 425 437 389
3 636 193 156
3 508 426 193
3 567 156 426
3 193 426 156
3 613 324 432
3 506 161 324
3 508 432 161
3 324 161 432
3 617 388 327
3 567 398 388
3 506 327 398
3 388 398 327
3 508 161 426
3 506 398 161
3 567 426 398
3 161 398 426
3 626 300 134
3 504 427 300
3 569 134 427
3 300 427 134
3 617 327 196
3 506 180 327
3 504 196 180
3 327 180 196
3 613 12 324
3 569 402 12
3 506 324 402
3 12 402 324
3 504 180 427
3 506 402 180
3 569 427 402
3 180 402 427
3 640 197 252
3 562 323 197
3 487 252 323
3 197 323 252
3 625 342 439
3 485 360 342
3 562 439 360
3 342 360 439
3 611 369 228
3 487 421 369
3 485 228 421
3 369 421 228
3 562 360 323
3 485 421 360
3 487 323 421
3 360 421 323
3 641 249 133
3 571 409 249
3 565 133 409
3 249 409 133
3 613 83 368
3 566 422 83
3 571 368 422
3 83 422 368
3 625 361 198
3 565 282 361
3 566 198 282
3 361 282 198
3 571 422 409
3 566 282 422
3 565 409 282
3 422 282 409
3 636 375 193
3 547 182 375
3 508 193 182
3 375 182 193
3 611 28 143
3 533 101 28
3 547 143 101
3 28 101 143
3 613 432 30
3 508 61 432
3 533 30 61
3 432 61 30
3 547 101 182
3 533 61 101
3 508 182 61
3 101 61 182
3 625 198 342
3 566 362 198
3 485 342 362
3 198 362 342
3 613 30 83
3 533 318 30
3 566 83 318
3 30 318 83
3 611 228 28
3 485 14 228
3 533 28 14
3 228 14 28
3 566 318 362
3 533 14 318
3 485 362 14
3 318 14 362
3 631 104 185
3 558 462 104
3 589 185 462
3 104 462 185
3 610 431 320
3 581 456 431
3 558 320 456
3 431 456 320
3 605 291 295
3 589 75 291
3 581 295 75
3 291 75 295
3 558 456 462
3 581 75 456
3 589 462 75
3 456 75 462
3 640 252 236
3 487 109 252
3 503 236 109
3 252 109 236
3 611 449 369
3 548 112 449
3 487 369 112
3 449 112 369
3 610 357 448
3 503 173 357
3 548 448 173
3 357 173 448
3 487 112 109
3 548 173 112
3 503 109 173
3 112 173 109
3 636 417 375
3 597 378 417
3 547 375 378
3 417 378 375
3 605 455 56
3 583 322 455
3 597 56 322
3 455 322 56
3 611 143 99
3 547 261 143
3 583 99 261
3 143 261 99
3 597 322 378
3 583 261 322
3 547 378 261
3 322 261 378
3 610 448 431
3 548 97 448
3 581 431 97
3 448 97 431
3 611 99 449
3 583 98 99
3 548 449 98
3 99 98 449
3 605 295 455
3 581 69 295
3 583 455 69
3 295 69 455
3 548 98 97
3 583 69 98
3 581 97 69
3 98 69 97
3 637 435 285
3 556 457 435
3 493 285 457
3 435 457 285
3 607 332 77
3 564 466 332
3 556 77 466
3 332 466 77
3 604 418 329
3 493 103 418
3 564 329 103
3 418 103 329
3 556 466 457
3 564 103 466
3 493 457 103
3 466 103 457
3 631 185 53
3 589 415 185
3 549 53 415
3 185 415 53
3 605 377 291
3 586 149 377
3 589 291 149
3 377 149 291
3 607 167 379
3 549 413 167
3 586 379 413
3 167 413 379
3 589 149 415
3 586 413 149
3 549 415 413
3 149 413 415
3 636 396 417
3 488 401 396
3 597 417 401
3 396 401 417
3 604 116 48
3 560 343 116
3 488 48 343
3 116 343 48
3 605 56 117
3 597 474 56
3 560 117 474
3 56 474 117
3 488 343 401
3 560 474 343
3 597 401 474
3 343 474 401
3 607 379 332
3 586 115 379
3 564 332 115
3 379 115 332
3 605 117 377
3 560 341 117
3 586 377 341
3 117 341 377
3 604 329 116
3 564 270 329
3 560 116 270
3 329 270 116
3 586 341 115
3 560 270 341
3 564 115 270
3 341 270 115
3 632 245 387
3 561 281 245
3 563 387 281
3 245 281 387
3 620 80 136
3 500 366 80
3 561 136 366
3 80 366 136
3 617 157 438
3 563 367 157
3 500 438 367
3 157 367 438
3 561 366 281
3 500 367 366
3 563 281 367
3 366 367 281
3 637 285 465
3 493 106 285
3 568 465 106
3 285 106 465
3 604 63 418
3 532 210 63
3 493 418 210
3 63 210 418
3 620 325 289
3 568 306 325
3 532 289 306
3 325 306 289
3 493 210 106
3 532 306 210
3 568 106 306
3 210 306 106
3 636 156 396
3 567 347 156
3 488 396 347
3 156 347 396
3 617 206 388
3 480 345 206
3 567 388 345
3 206 345 388
3 604 48 95
3 488 460 48
3 480 95 460
3 48 460 95
3 567 345 347
3 480 460 345
3 488 347 460
3 345 460 347
3 620 289 80
3 532 21 289
3 500 80 21
3 289 21 80
3 604 95 63
3 480 479 95
3 532 63 479
3 95 479 63
3 617 438 206
3 500 121 438
3 480 206 121
3 438 121 206
3 532 479 21
3 480 121 479
3 500 21 121
3 479 121 21
3 641 133 181
3 565 313 133
3 482 181 313
3 133 313 181
3 625 128 361
3 598 18 128
3 565 361 18
3 128 18 361
3 608 186 354
3 482 64 186
3 598 354 64
3 186 64 354
3 565 18 313
3 598 64 18
3 482 313 64
3 18 64 313
3 640 194 197
3 518 251 194
3 562 197 251
3 194 251 197
3 606 114 199
3 516 119 114
3 518 199 119
3 114 119 199
3 625 439 330
3 562 221 439
3 516 330 221
3 439 221 330
3 518 119 251
3 516 221 119
3 562 251 221
3 119 221 251
3 635 164 349
3 539 51 164
3 580 349 51
3 164 51 349
3 608 264 280
3 499 240 264
3 539 280 240
3 264 240 280
3 606 9 263
3 580 32 9
3 499 263 32
3 9 32 263
3 539 240 51
3 499 32 240
3 580 51 32
3 240 32 51
3 625 330 128
3 516 468 330
3 598 128 468
3 330 468 128
3 606 263 114
3 499 11 263
3 516 114 11
3 263 11 114
3 608 354 264
3 598 146 354
3 499 264 146
3 354 146 264
3 516 11 468
3 499 146 11
3 598 468 146
3 11 146 468
3 639 315 132
3 538 222 315
3 555 132 222
3 315 222 132
3 601 423 446
3 526 178 423
3 538 446 178
3 423 178 446
3 618 359 60
3 555 424 359
3 526 60 424
3 359 424 60
3 538 178 222
3 526 424 178
3 555 222 424
3 178 424 222
3 638 153 184
3 596 183 153
3 536 184 183
3 153 183 184
3 616 278 384
3 525 50 278
3 596 384 50
3 278 50 384
3 601 288 160
3 536 170 288
3 525 160 170
3 288 170 160
3 596 50 183
3 525 170 50
3 536 183 170
3 50 170 183
3 634 420 238
3 551 419 420
3 590 238 419
3 420 419 238
3 618 189 174
3 585 287 189
3 551 174 287
3 189 287 174
3 616 13 188
3 590 428 13
3 585 188 428
3 13 428 188
3 551 287 419
3 585 428 287
3 590 419 428
3 287 428 419
3 601 160 423
3 525 57 160
3 526 423 57
3 160 57 423
3 616 188 278
3 585 403 188
3 525 278 403
3 188 403 278
3 618 60 189
3 526 176 60
3 585 189 176
3 60 176 189
3 525 403 57
3 585 176 403
3 526 57 176
3 403 176 57
3 637 465 407
3 568 352 465
3 535 407 352
3 465 352 407
3 620 434 325
3 591 463 434
3 568 325 463
3 434 463 325
3 619 166 301
3 535 404 166
3 591 301 404
3 166 404 301
3 568 463 352
3 591 404 463
3 535 352 404
3 463 404 352
3 632 445 245
3 520 46 445
3 561 245 46
3 445 46 245
3 623 219 309
3 502 393 219
3 520 309 393
3 219 393 309
3 620 136 218
3 561 392 136
3 502 218 392
3 136 392 218
3 520 393 46
3 502 392 393
3 561 46 392
3 393 392 46
3 638 29 371
3 537 148 29
3 523 371 148
3 29 148 371
3 619 81 259
3 595 27 81
3 537 259 27
3 81 27 259
3 623 253 192
3 523 370 253
3 595 192 370
3 253 370 192
3 537 27 148
3 595 370 27
3 523 148 370
3 27 370 148
3 620 218 434
3 502 326 218
3 591 434 326
3 218 326 434
3 623 192 219
3 595 328 192
3 502 219 328
3 192 328 219
3 619 301 81
3 591 82 301
3 595 81 82
3 301 82 81
3 502 328 326
3 595 82 328
3 591 326 82
3 328 82 326
3 639 214 315
3 540 113 214
3 538 315 113
3 214 113 315
3 622 266 102
3 592 212 266
3 540 102 212
3 266 212 102
3 601 446 41
3 538 312 446
3 592 41 312
3 446 312 41
3 540 212 113
3 592 312 212
3 538 113 312
3 212 312 113
3 637 407 96
3 535 469 407
3 534 96 469
3 407 469 96
3 619 239 166
3 594 406 239
3 535 166 406
3 239 406 166
3 622 447 351
3 534 94 447
3 594 351 94
3 447 94 351
3 535 406 469
3 594 94 406
3 534 469 94
3 406 94 469
3 638 184 29
3 536 26 184
3 537 29 26
3 184 26 29
3 601 391 288
3 529 169 391
3 536 288 169
3 391 169 288
3 619 259 49
3 537 171 259
3 529 49 171
3 259 171 49
3 536 169 26
3 529 171 169
3 537 26 171
3 169 171 26
3 622 351 266
3 594 386 351
3 592 266 386
3 351 386 266
3 619 49 239
3 529 275 49
3 594 239 275
3 49 275 239
3 601 41 391
3 592 274 41
3 529 391 274
3 41 274 391
3 594 275 386
3 529 274 275
3 592 386 274
3 275 274 386
3 631 53 67
3 549 54 53
3 599 67 54
3 53 54 67
3 607 187 167
3 546 395 187
3 549 167 395
3 187 395 167
3 615 296 292
3 599 68 296
3 546 292 68
3 296 68 292
3 549 395 54
3 546 68 395
3 599 54 68
3 395 68 54
3 637 96 435
3 534 224 96
3 556 435 224
3 96 224 435
3 622 321 447
3 492 204 321
3 534 447 204
3 321 204 447
3 607 77 107
3 556 443 77
3 492 107 443
3 77 443 107
3 534 204 224
3 492 443 204
3 556 224 443
3 204 443 224
3 639 297 214
3 490 335 297
3 540 214 335
3 297 335 214
3 615 410 74
3 531 223 410
3 490 74 223
3 410 223 74
3 622 102 52
3 540 65 102
3 531 52 65
3 102 65 52
3 490 223 335
3 531 65 223
3 540 335 65
3 223 65 335
3 607 107 187
3 492 308 107
3 546 187 308
3 107 308 187
3 622 52 321
3 531 202 52
3 492 321 202
3 52 202 321
3 615 292 410
3 546 66 292
3 531 410 66
3 292 66 410
3 492 202 308
3 531 66 202
3 546 308 66
3 202 66 308
