OFF
642 1280 0
-8.40691570245599e-01 5.25015336709039e-01 2.66522590634861e-01
4.78846820183983e-01 -1.00405164602624e+00 -2.86739253428562e-05
-9.91139188700497e-01 -4.32156552885919e-01 -1.37929870111051e-01
-7.09927251396596e-02 -6.64405467236485e-01 -4.69382118456165e-01
-1.09870213737871e+00 1.50388050894994e-01 -4.61652344511914e-02
-2.53045702672432e-01 -8.35508674776214e-01 -3.63866517588111e-01
4.14352258958141e-01 -1.02349717552803e+00 7.11620735313961e-02
-8.88726250934495e-01 2.17986281195013e-01 -3.33824633940439e-01
-8.60625289185260e-01 -6.99709052121630e-01 -4.46135156456759e-02
-6.89608936801052e-01 -2.53143696422816e-01 -4.40871103859896e-01
-4.17725709308290e-01 7.86560439240001e-01 3.51774774553910e-01
-4.42970900345998e-01 -8.83401980084097e-02 -5.36520582208921e-01
5.24808365689386e-01 5.04979163914384e-01 -4.43772522989463e-01
-6.89575135592636e-01 2.52957947555132e-01 4.40915527246585e-01
4.42541022487104e-01 -8.82489299459661e-02 -5.36623573474856e-01
-8.74412752211877e-01 3.72372535800681e-01 -3.05090674173704e-01
-1.73422894292090e-01 1.09878953197450e+00 -1.20582498297231e-04
-8.81924445350283e-02 -1.01666738406416e+00 -2.33673260542282e-01
-1.45942018567602e-01 2.57539991987434e-01 -5.65931458007362e-01
-7.89813568212391e-01 3.20074233805215e-01 -3.77340823094511e-01
-9.60299372399400e-01 -1.14828631198409e-01 -2.90066025954010e-01
1.01661310200689e+00 4.42937289911700e-01 4.63678608504997e-02
-9.42560765326249e-01 4.09201217165563e-01 2.24879641180355e-01
-1.02001974606135e+00 2.82464906105674e-01 1.80673799802733e-01
2.52666407753472e-01 8.35347273495994e-01 -3.64043120103411e-01
-3.40744428851057e-05 -1.07113172414033e+00 -1.58414597432037e-01
1.34856188034200e-01 4.14480829945357e-01 5.40154693156861e-01
3.72604302996405e-01 5.78269166209202e-01 4.61375078678443e-01
5.73345571710199e-01 -1.74031707718529e-01 -4.94654025000298e-01
1.14590383611889e-01 5.49847955630385e-01 5.06767414614307e-01
5.73312959736871e-01 1.73857307277684e-01 -4.94681636385308e-01
-5.25311348281330e-01 5.04812671913550e-01 -4.43659501423538e-01
-6.99751696754431e-01 -8.48238050877903e-02 -4.54189364232918e-01
-3.20273497354601e-01 -7.14986254093682e-01 4.16792279669511e-01
-3.72577506191824e-01 -5.78071561049135e-01 4.61450078432439e-01
-8.49110482373021e-02 8.60498133609120e-01 -3.69352342115285e-01
-9.37047962769421e-01 -5.73652420174707e-01 9.18371843524608e-02
-1.01660155796628e+00 -4.42895545546829e-01 4.65490831183034e-02
-9.37060858945566e-01 -5.73675944049175e-01 -9.17595663922300e-02
-5.49893572252936e-01 9.60170909147405e-01 6.04140837986546e-02
-1.01660676995938e+00 -4.42909636536514e-01 -4.64799784986404e-02
1.50623950060613e-01 -8.73799384731315e-02 5.79862430373151e-01
-8.77050255626323e-02 1.09868975350488e+00 7.93477361705668e-02
-7.07817141520506e-02 -6.64300294991702e-01 4.69432457710563e-01
-7.89726727183321e-01 -3.20493646500583e-01 -3.77292285532143e-01
-8.40594176002645e-01 -5.25211588941556e-01 -2.66500452625605e-01
6.32438861873058e-01 8.88781882041027e-01 1.15029744154957e-01
-8.45507598024702e-02 -8.60660878813561e-01 3.69269730474198e-01
1.09878512050438e+00 6.32951336327976e-05 -9.15443822816439e-02
4.32073433887884e-01 2.61600679802489e-01 5.23088480781093e-01
-2.82638829887961e-01 3.42450113139108e-01 5.38301142922321e-01
-8.05364480488183e-01 -2.20957755498820e-04 -4.04985591587226e-01
5.25198344410943e-01 -5.05002495689694e-01 4.43636591850373e-01
6.64344704568988e-01 -8.89411769162742e-01 3.73452470880959e-02
6.32602292311041e-01 -8.88615425010392e-01 1.15137592219109e-01
-5.73981182043496e-01 7.16458998034263e-01 3.31557488740105e-01
9.42396152503340e-01 -4.09306173596850e-01 -2.25018566259739e-01
-3.00186825946587e-01 5.89258336876238e-05 5.65319263459646e-01
-5.25055105533140e-01 -5.05069819511703e-01 4.43662471150651e-01
-3.72877188113261e-01 5.77837986408416e-01 -4.61464140805151e-01
-4.32014665508483e-01 -2.61410096883744e-01 5.23128540077038e-01
6.99399791231343e-01 8.45499716513225e-02 -4.54354541662909e-01
-6.66612666366876e-01 -4.17602001296440e-01 4.15123657240948e-01
1.09868101938524e+00 1.50687376234792e-01 4.60331600045421e-02
-2.82840150507830e-01 3.42136148567429e-01 -5.38327298613384e-01
3.72719842370338e-01 -5.78028875462647e-01 4.61432954392058e-01
5.73943558834000e-01 -7.16427467647123e-01 3.31594607386977e-01
5.49715037250139e-01 -9.60261100898964e-01 6.04673410104561e-02
5.78145635221800e-01 -8.74274989100047e-01 1.96633390002251e-01
7.16342545165285e-01 -6.28347201914659e-01 -3.02933852197601e-01
1.74018241215282e-01 -9.37088887907409e-01 3.02726390379505e-01
-8.83207448910741e-02 1.01671998761587e+00 2.33595995771464e-01
-5.78252185573319e-01 8.74242072912450e-01 1.96586876892256e-01
3.42410639030095e-01 -1.01996438247609e+00 1.49131557875173e-01
2.53045124593994e-01 -8.35432570001904e-01 3.63915301850770e-01
7.14933617855104e-01 -7.89683542349495e-01 -1.69124268192089e-01
-1.97392512244193e-04 1.07118670435652e+00 1.58310974333468e-01
9.42578597577519e-01 -4.09235310940922e-01 2.24841536182360e-01
3.20027662261772e-01 7.14878163152261e-01 -4.16896513868000e-01
-6.32738669275986e-01 8.88535892701979e-01 1.15099817568976e-01
9.37057291413555e-01 5.73739544629678e-01 9.16588924873921e-02
5.25102123994589e-01 5.05263689229187e-01 4.43585474183313e-01
6.28323654499069e-01 5.74050339599305e-01 3.78051995322902e-01
4.31744423643365e-01 2.61310665294420e-01 -5.23204518820128e-01
1.72952344593327e-01 1.09886368609592e+00 -1.43494049857653e-04
-6.64286720816374e-01 -8.89454529574687e-01 -3.73488793196794e-02
-7.14973882922899e-01 -7.89737125919011e-01 -1.69007117924351e-01
-4.17645045419002e-01 -7.86592668304628e-01 -3.51781379743388e-01
2.61156355346552e-01 9.91120805413291e-01 -2.28164991315390e-01
-5.25182625233928e-01 -5.05194387882602e-01 -4.43580914185056e-01
-1.07225997557482e+00 -1.45848713571631e-01 -1.36000723399436e-01
-2.18508755374294e-01 6.32334622439945e-01 -4.69050097221898e-01
-7.86472339481489e-01 -6.66680988633739e-01 2.20415815196654e-01
-1.07230199046917e+00 1.45472641070609e-01 -1.36020645027503e-01
6.99744127671390e-01 -8.44833814791847e-02 4.54210286190896e-01
1.09864099079725e+00 1.50663602485753e-01 -4.63200592475032e-02
8.89522555782509e-01 -7.07156498394552e-02 3.50553600421651e-01
5.73718191964903e-01 -7.16495575192342e-01 -3.31662245958022e-01
6.28165002478339e-01 -5.73888733492412e-01 -3.78193753438000e-01
6.66458569774042e-01 -4.17635168194156e-01 -4.15183279209879e-01
-7.16481870204654e-01 -6.28422522099275e-01 -3.02798519636503e-01
6.99414998183508e-01 -8.46791246231169e-02 -4.54341321032788e-01
4.09403222398648e-01 -4.26073583277684e-01 4.97423201652507e-01
1.07232804978855e+00 -1.45583518313871e-01 1.35930345309280e-01
5.49674428301323e-01 -9.60268271070145e-01 -6.05384139289371e-02
-5.78304979891941e-01 8.74090053384577e-01 -1.96731863396660e-01
1.02356451787183e+00 1.35018514994999e-01 2.18567999121038e-01
8.40691788234780e-01 -5.25034014581442e-01 2.66512149860845e-01
-3.20597006842190e-01 7.14764029123720e-01 -4.16829169296618e-01
2.18055111326720e-01 -6.32628039982291e-01 -4.68998689807576e-01
4.25888200958776e-01 9.42474421752988e-01 -2.16181641333403e-01
-9.60261016514803e-01 -1.14706761291216e-01 2.90114824138051e-01
3.72439428761593e-01 -5.78146437591649e-01 -4.61454997071876e-01
1.34945035703315e-01 -4.14267139439498e-01 5.40194174338966e-01
-4.32182390182803e-01 -2.61602441899566e-01 -5.23063162095234e-01
1.01668410276072e+00 -4.42753379574556e-01 4.64234629526314e-02
1.09866437725702e+00 -1.50514803894151e-01 -4.63002932425587e-02
9.91122162445302e-01 -4.32015952822369e-01 -1.38086550811690e-01
-9.60331644087414e-01 1.14405974352319e-01 -2.90082785614105e-01
-2.82757981279754e-01 -3.42515973150736e-01 -5.38272039743208e-01
-7.89740761583619e-01 3.20291280265616e-01 3.77331969331671e-01
1.01657413522692e+00 4.42908485415117e-01 -4.66814220172728e-02
-5.78026497331649e-01 -8.74309179594402e-01 1.96688601259025e-01
-7.14936734957599e-01 -7.89706839486978e-01 1.69090292678734e-01
-5.73796413628266e-01 -7.16478348414522e-01 3.31634917460097e-01
-8.40738164738536e-01 5.24842523968185e-01 -2.66576453680714e-01
-6.32767359075411e-01 8.88446268076840e-01 -1.15248502978682e-01
-3.42623327103993e-01 1.01983266189527e+00 -1.49246371717605e-01
-1.50820785991333e-01 8.72838998371767e-02 -5.79852207634066e-01
-8.74309802797528e-01 -3.72775256554021e-01 -3.05035862167226e-01
-4.14567047073633e-01 1.02338018814910e+00 -7.12821760601747e-02
-5.25183847032064e-01 5.05097138945220e-01 4.43611359017019e-01
-1.14574879533469e-01 -5.49659876044211e-01 5.06825222190502e-01
-2.94791835501750e-04 4.78645667450039e-01 -5.29971424271927e-01
4.17299290022291e-01 7.86453877663660e-01 -3.51982057969594e-01
8.45011891598884e-02 -8.60712504699086e-01 -3.69239371857310e-01
8.35396074325981e-01 6.89691509719463e-01 1.33366151406803e-01
-8.88673610174362e-01 2.18166123997040e-01 3.33830944201013e-01
-9.60293290721859e-01 1.14551559476117e-01 2.90102148386880e-01
8.72680482610634e-02 1.09872721234144e+00 7.93374611371636e-02
-2.18359449068500e-01 -6.32650817114602e-01 -4.68950686535517e-01
-7.16415505467766e-01 -6.28350808215578e-01 3.02883703534057e-01
-6.28279621684743e-01 -5.73864295215662e-01 3.78151045199284e-01
6.89313402650647e-01 -2.53022811006779e-01 -4.41019149825313e-01
8.45004456701425e-02 8.60814225926141e-01 3.69173359639068e-01
-5.49647369188515e-01 -9.60284797123862e-01 6.05338297498792e-02
-4.42992922199538e-01 8.79188045488573e-02 -5.36534798343085e-01
-1.73166510538977e-01 -1.09882998965099e+00 2.05179002360935e-05
2.18181844816666e-01 6.32731096669600e-01 4.68943542888756e-01
8.60666947300541e-01 -6.99630070105644e-01 -4.47345322384295e-02
-4.26328424880933e-01 9.42476672320418e-01 2.15937065413179e-01
-1.09865464423613e+00 -1.50709693449931e-01 4.61878966654409e-02
-2.52905767446383e-01 -8.35449381584959e-01 3.63931535532063e-01
-1.14701159164398e-01 5.49810621803735e-01 5.06771717010166e-01
-4.26398117826369e-01 9.42304429460863e-01 -2.16108056078764e-01
-7.11435315738359e-02 6.64124406481356e-01 -4.69486542734616e-01
9.60109390101210e-01 1.14640294725556e-01 -2.90261893074745e-01
8.35292885652072e-01 6.89597078616100e-01 -1.33681835370554e-01
-1.02355022114419e+00 1.34653505462759e-01 -2.18649357640349e-01
3.42204915806054e-01 1.02009724844476e+00 1.49009899129384e-01
-1.50576639120786e-01 8.75693455146579e-02 5.79857893996725e-01
7.89448274656265e-01 3.20297316927093e-01 -3.77500993312293e-01
-7.86652948579725e-01 6.66558781264045e-01 2.20339224531791e-01
-1.07224743595093e+00 -1.45793081621655e-01 1.36044870868927e-01
-8.89498588504713e-01 7.06194703569002e-02 -3.50575940970872e-01
-1.07228945305886e+00 1.45542416445297e-01 1.36027384378707e-01
6.89585657394318e-01 2.53144121082871e-01 4.40881178806303e-01
8.35514303460680e-01 -6.89490692775143e-01 1.33449058209845e-01
-2.61380404876728e-01 -9.91168686975309e-01 2.28035551501714e-01
1.45686577693471e-01 2.57892464729230e-01 5.65905079626609e-01
-1.45702747520053e-01 2.57852985711743e-01 5.65908931151805e-01
2.82601664232578e-01 3.42531162760515e-01 5.38292213931472e-01
-1.02352625722859e+00 1.34764822971540e-01 2.18661501485267e-01
3.20172842288788e-01 -7.15043581178071e-01 -4.16786426647440e-01
-6.89508103896798e-01 -2.52980214303650e-01 4.40941168733031e-01
-7.16583039917589e-01 6.28279173708342e-01 3.02814693188076e-01
-4.42800949262291e-01 -8.81097269067890e-02 5.36570215320112e-01
-8.40547571918288e-01 -5.25138647504804e-01 2.66581425866770e-01
-1.45643037287521e-01 -2.57696369991332e-01 5.65933083964790e-01
-8.74363094890077e-01 3.72553709276660e-01 3.05068705471398e-01
7.16230231819978e-01 6.28315357180409e-01 -3.03026211045279e-01
-1.14921088781469e-01 5.49477562785071e-01 -5.06858454059605e-01
8.05062035202295e-01 -4.16910543357238e-05 -4.05153078247998e-01
-1.34920009932478e-01 4.14440321846614e-01 5.40158911614591e-01
-4.32182871986552e-05 4.78980571880809e-01 5.29887156071547e-01
6.64318107799725e-01 -8.89417127615285e-01 -3.74413668949141e-02
-4.09541392907543e-01 4.25900522072731e-01 -4.97432802575060e-01
7.86609692428265e-01 -6.66603931720276e-01 2.20344193049447e-01
-5.73622848247747e-01 1.73969647129640e-01 4.94570553635485e-01
-5.73577992133565e-01 -1.73943434877337e-01 4.94587613008258e-01
2.17922699345918e-01 6.32409007197195e-01 -4.69098107776574e-01
8.43139914072587e-02 8.60530582573019e-01 -3.69369382699554e-01
4.17518761625050e-01 7.86714866171721e-01 3.51747017320928e-01
8.89232864617382e-01 7.08292524878442e-02 -3.50751883561899e-01
-1.14794820922422e-01 -5.49794126078738e-01 -5.06770794612382e-01
-3.42570765010976e-01 1.01995569845690e+00 1.49045641670520e-01
7.86326883450356e-01 6.66677935733952e-01 -2.20562896281017e-01
-1.88164837077360e-04 -4.78951839298319e-01 -5.29894381665258e-01
1.50298829806674e-01 8.73198864784598e-02 -5.79888448889893e-01
-4.09435808137184e-01 -4.26285758985562e-01 -4.97365089740932e-01
4.14150342470891e-01 1.02361055872593e+00 7.10350970863997e-02
-7.67601210071998e-01 8.05110151684304e-01 -6.24276131409866e-05
6.28429338760452e-01 -5.73791819643012e-01 3.78112380243796e-01
3.42115865554417e-01 1.01997419479053e+00 -1.49301214415317e-01
7.89789626907603e-01 -3.20234236986715e-01 3.77316965955089e-01
-1.00408912885938e+00 -2.07979985988793e-04 -2.52685436069330e-01
9.91052215526139e-01 4.32108532458145e-01 -1.38145690468000e-01
1.73657024175329e-01 9.37004302254884e-01 -3.02857073277422e-01
-7.15147208862343e-01 7.89587887904240e-01 1.68997078760671e-01
-1.74235216998238e-01 9.36935093614536e-01 -3.02824210488525e-01
1.07230518693762e+00 1.45810371744366e-01 1.35912852590021e-01
-1.09869831849477e+00 1.50411811805008e-01 4.61689883782527e-02
2.82671981097665e-01 -3.42288780509049e-01 5.38324876124854e-01
-6.28374369002363e-01 -5.73961185820145e-01 -3.78066221751616e-01
1.14708942805844e-01 -5.49646151550349e-01 5.06820921195462e-01
5.49492950149710e-01 9.60343388511284e-01 -6.06652842596432e-02
-5.74070705322099e-01 7.16221346402233e-01 -3.31657324813586e-01
-7.86515133266146e-01 -6.66730151026902e-01 -2.20331842228086e-01
7.86493388983216e-01 6.66832008087155e-01 2.20267590820463e-01
5.04986617642358e-01 8.40778331651935e-01 2.77020077496081e-01
8.79752882890699e-02 1.01675637783395e+00 2.33588187389192e-01
-1.45882323533355e-01 -2.57905177114657e-01 -5.65889419074453e-01
-1.34824307138948e-01 -4.14286707361312e-01 5.40198391301810e-01
3.20418346442907e-01 -7.14957755038537e-01 4.16774885521541e-01
8.88736504575187e-01 -2.18121451976037e-01 3.33792433916419e-01
-1.00268723392712e-04 7.67568187598758e-01 4.24939617786106e-01
-2.18322586187596e-01 6.32656682564327e-01 4.68953263207023e-01
-8.35587152591761e-01 6.89397708124697e-01 1.33455818081583e-01
4.31795709477649e-01 -2.61527399475164e-01 -5.23162562852117e-01
-7.09325428197730e-02 6.64452073713864e-01 4.69366275483638e-01
1.73819537780631e-01 9.37245115105598e-01 3.02623451393654e-01
2.57775339766201e-01 -1.07226334619183e+00 7.68774117577389e-02
1.73185366909591e-01 -1.09882701855563e+00 -2.38842600493703e-06
-9.91261647283094e-01 4.31807777933382e-01 -1.37988996636531e-01
-1.09865846415459e+00 -1.50728495030139e-01 -4.61454767715802e-02
-1.02351172715838e+00 -1.35056997333646e-01 -2.18630230314819e-01
7.06873363545634e-02 -6.64398469038663e-01 -4.69397716032570e-01
-2.57748493175991e-01 -1.07227508353826e+00 -7.68568806457515e-02
-8.89443414079357e-01 7.07899093302254e-02 3.50605358565035e-01
5.73649034207479e-01 1.74116050303695e-01 4.94547741593106e-01
-6.99774169896460e-01 8.43831531682951e-02 -4.54202583606212e-01
-4.14313111845712e-01 -1.02351696106900e+00 -7.11462941022651e-02
8.80778844560257e-02 -1.01666451557918e+00 -2.33688772476452e-01
-7.16649384816617e-01 6.28071658928549e-01 -3.02890860883476e-01
-4.79064866055386e-01 1.00394761329852e+00 -9.42701230010148e-05
6.64182856446747e-01 8.89549520823580e-01 3.72330639496854e-02
-8.47149344750569e-02 -8.60717728913274e-01 -3.69222336247135e-01
7.05422746446963e-02 6.64148951710279e-01 -4.69502142793976e-01
2.61285884439259e-01 9.91306596687394e-01 2.27898698106613e-01
1.14329085370296e-01 5.49514881472011e-01 -5.06884476620712e-01
-2.72602753614763e-04 1.07105309940469e+00 -1.58562545535216e-01
-1.35054816102646e-01 -4.14455838928971e-01 -5.40146210980014e-01
1.14447631188092e-01 -5.49780407033276e-01 -5.06796813927119e-01
2.52872016413308e-01 8.35623555821935e-01 3.63826665054064e-01
-3.72735268562063e-01 -5.78189106256100e-01 -4.61373560906617e-01
-8.74260131959872e-01 -3.72675158606662e-01 3.05109579737024e-01
-6.28524257954371e-01 5.73591231745689e-01 -3.78153206579613e-01
-7.89653915284676e-01 -3.20362795390890e-01 3.77365685368093e-01
-3.42374776265280e-01 -1.01998979125571e+00 -1.49106083509245e-01
4.09319008639280e-01 4.26329279730432e-01 4.97381477866138e-01
-4.17840321248721e-01 7.86299490191125e-01 -3.51899339048908e-01
7.89504085006179e-01 -3.20365130441404e-01 -3.77452449019323e-01
-4.26093908897618e-01 -9.42493428345346e-01 2.16045604103364e-01
-5.73711554718517e-01 -1.74140733430266e-01 -4.94525118218280e-01
-5.73756407702265e-01 1.73710958166042e-01 -4.94552726632526e-01
-5.49910416214430e-01 9.60122292995132e-01 -6.05863545330879e-02
4.32124726609523e-01 -2.61335027507914e-01 5.23113666169394e-01
-9.37208649983869e-01 5.73430331979963e-01 9.17667651292299e-02
-9.37221539010714e-01 5.73369219177648e-01 -9.18364397407448e-02
-1.01672776553061e+00 4.42626717472137e-01 4.64934926660614e-02
1.07113782206042e+00 -3.00129485887692e-01 -1.13064245796705e-04
-1.01673297574171e+00 4.42597921238685e-01 -4.65380952536014e-02
-6.66710998405927e-01 -4.17731521936141e-01 -4.15043362042255e-01
-8.77402704983739e-02 1.09862195639758e+00 -7.95979735742286e-02
3.00240649018462e-01 1.25775482520183e-04 5.65311298490667e-01
4.42863329541973e-01 8.82889547633992e-02 5.36547667737809e-01
-7.86695727406374e-01 6.66404752818618e-01 -2.20426442766416e-01
-5.05307592059851e-01 8.40375547306045e-01 -2.77197429796372e-01
-4.32079820688440e-01 2.61483325274634e-01 5.23103355702851e-01
-1.00405968341021e+00 -9.14890108415438e-05 2.52718045398580e-01
-6.89675964134569e-01 2.52714908108792e-01 -4.40910419590866e-01
7.67300553715176e-01 8.05396642539682e-01 -1.63947733704868e-04
1.45388498822320e-01 2.57579451754282e-01 -5.65966140343738e-01
-3.20446767546377e-01 7.15062490654413e-01 4.16718743735740e-01
-8.74544545396021e-02 -1.09867450653263e+00 7.94834662075158e-02
1.00413676206906e+00 1.32093324695556e-04 2.52632719128671e-01
-1.31150822119560e-04 -7.67491648686532e-01 -4.24978122522621e-01
-6.99649477185670e-01 -8.46281172948702e-02 4.54243394538930e-01
2.67243553618647e-06 1.73296363103345e-01 5.79932369122359e-01
9.91166538334062e-01 4.32193436157363e-01 1.37842906336358e-01
-5.49664213184141e-01 -9.60291966450079e-01 -6.04594999032432e-02
8.35411109136473e-01 -6.89519391143114e-01 -1.33587643066334e-01
5.05147782321340e-01 -8.40570686874119e-01 2.77113740305540e-01
8.75068213103937e-02 -1.09867300458990e+00 7.94731939216308e-02
2.61490726167603e-01 -9.91158937845992e-01 2.28012122494700e-01
7.86443180588674e-01 -6.66653111061163e-01 -2.20468277155996e-01
4.26208879771675e-01 -9.42473659257069e-01 2.16006452651678e-01
7.09220674589270e-02 -6.64293298743514e-01 4.69429314709231e-01
-4.14543801032036e-01 1.02343899132251e+00 7.10843914396918e-02
-2.57974827290698e-01 1.07224167178593e+00 7.67751562961928e-02
5.04805084162196e-01 8.40567399789062e-01 -2.77290415481314e-01
6.66678516383594e-01 4.17780217680755e-01 4.15044243027173e-01
-8.88613123797265e-01 -2.18283100717440e-01 3.33854493644871e-01
4.78652713597614e-01 1.00414415231091e+00 -1.57616552844651e-04
4.14106001089659e-01 1.02355174554409e+00 -7.13425061656704e-02
2.57553505659899e-01 1.07235076153731e+00 7.67447645808962e-02
1.02000574196568e+00 2.82745902989992e-01 1.80573362344771e-01
2.57509921400990e-01 1.07228589153635e+00 -7.70374276229880e-02
7.16563789973311e-01 -6.28275475202457e-01 3.02829519221680e-01
4.26023622222289e-01 9.42646694364615e-01 2.15897902379754e-01
-5.05012746988391e-01 -8.40603740780255e-01 2.77154366434777e-01
-8.35610742717906e-01 6.89303304712314e-01 -1.33550472475770e-01
1.45741675453107e-01 -2.57670965873034e-01 5.65929232655166e-01
-1.35150503447906e-01 4.14111377099499e-01 -5.40213133191854e-01
-1.09883415636725e+00 -1.81358485287398e-04 -9.13802400335843e-02
6.34244588501017e-05 -4.78798123660263e-01 5.29933084027065e-01
-8.35398283892068e-01 -6.89568957567558e-01 1.33538707498804e-01
-7.15184345789923e-01 7.89462299607235e-01 -1.69116694963273e-01
4.42523782060958e-01 8.80246762291367e-02 -5.36637793389959e-01
-2.61467385107075e-01 -9.91193162656769e-01 -2.27978133727622e-01
4.26073453135252e-01 -9.42500597763331e-01 -2.16048129516135e-01
6.66754438354232e-01 -4.17505617696812e-01 4.15087238496466e-01
8.74159438710117e-01 -3.72641507080869e-01 -3.05201380555136e-01
1.34662600031269e-01 -4.14436282517562e-01 -5.40177667262861e-01
6.66382654137032e-01 4.17526958017667e-01 -4.15247533685443e-01
9.42511106007459e-01 4.09483215641039e-01 2.24794616623336e-01
7.16451473494338e-01 6.28522930348857e-01 3.02760500457664e-01
8.40395382691144e-01 5.25112202777795e-01 -2.66729550719015e-01
5.73809210634853e-01 7.16663701245383e-01 3.31517168999736e-01
1.09870440604363e+00 -1.50495997675441e-01 4.60520676434936e-02
-1.50800500482137e-01 -8.76602108155718e-02 -5.79837864294968e-01
-8.47468990425995e-02 8.60781767617024e-01 3.69178704922596e-01
9.91236487698036e-01 -4.31973605657925e-01 1.37894732833320e-01
-2.53104780494014e-01 8.35527697292510e-01 3.63842903905516e-01
-6.64512090644091e-01 8.89291075318845e-01 3.73163190884516e-02
2.18314263293357e-01 -6.32517659902789e-01 4.69006577453460e-01
4.11434198698534e-05 -1.07111923739104e+00 1.58438113437478e-01
3.42321582928873e-01 -1.01997886681887e+00 -1.49160910325758e-01
-1.74016550390517e-01 -9.37135476623013e-01 -3.02686485706069e-01
8.81961968275453e-02 -1.01664155550215e+00 2.33704166177345e-01
8.46876510230220e-02 -8.60655655305617e-01 3.69264383707416e-01
1.01664513307676e+00 -4.42767481394136e-01 -4.66232948115299e-02
1.50317498817152e-01 -8.76291588813645e-02 -5.79874105420927e-01
1.07221139620385e+00 -1.45639175288367e-01 -1.36169854375290e-01
-6.66722740710921e-01 4.17579690152646e-01 4.15080665697654e-01
1.01985416964760e+00 2.82644357321472e-01 -1.80855901151082e-01
-6.66821054810634e-01 4.17326492368086e-01 -4.15107605600522e-01
1.02338081683988e+00 1.34907152053214e-01 -2.18826614367768e-01
-2.18173265297001e-01 -6.32540443021231e-01 4.69016294514636e-01
-8.89478943555048e-01 -7.10547309312233e-02 -3.50565326547017e-01
-2.57719073721779e-01 -1.07226904958222e+00 7.69077943525772e-02
5.73681651984308e-01 -1.73834368234606e-01 4.94564804416887e-01
8.88699801035734e-01 2.18400243546400e-01 3.33768874615419e-01
-4.14289858753948e-01 -1.02351013079011e+00 7.12113538219534e-02
-4.32247534531532e-01 2.61193354136003e-01 -5.23105113357610e-01
-2.58004243366252e-01 1.07217680871646e+00 -7.69996221819337e-02
-8.60617795405461e-01 -6.99699619056131e-01 4.46949198350464e-02
2.52839490095823e-01 -8.35491867516192e-01 -3.63917194643094e-01
-3.72719455557815e-01 5.78145887200703e-01 4.61392205413198e-01
-4.09272269286420e-01 -4.26132094328428e-01 4.97439257741479e-01
1.45443587948019e-01 -2.57879781199307e-01 -5.65924099846386e-01
-2.72660130466725e-04 1.72993112603204e-01 -5.79957570621293e-01
2.99911690795228e-01 -1.34868940543005e-04 -5.65359935914885e-01
-8.88665763802194e-01 -2.18411034266447e-01 -3.33792151322136e-01
-9.42477111400927e-01 -4.09443887612173e-01 -2.24854265257011e-01
-1.01995917465326e+00 -2.82744824354936e-01 -1.80647088411343e-01
8.60582978892761e-01 6.99786961474934e-01 4.45003326316272e-02
8.60548062607925e-01 6.99755211144416e-01 -4.48263012480719e-02
4.09010213487691e-01 4.26024270034790e-01 -4.97525016024609e-01
4.09094413367101e-01 -4.26227271726529e-01 -4.97457295941401e-01
3.20273146964597e-01 7.15176662879205e-01 4.16701346569824e-01
7.07769865707533e-02 6.64476630633759e-01 4.69363132879168e-01
-8.80888489632610e-02 -1.01664442248517e+00 2.33711969735377e-01
-3.42322206663671e-01 -1.01997530997297e+00 1.49167286465597e-01
-4.78811783187491e-01 -1.00406835425197e+00 3.46512624519979e-05
8.89244769519579e-01 -7.08685018089994e-02 -3.50741267762478e-01
-9.91122475786252e-01 -4.32114222218237e-01 1.38000247647380e-01
9.37077764427992e-01 -5.73567848006532e-01 -9.18996014538545e-02
8.88472100738745e-01 -2.18249432275002e-01 -3.33965156019402e-01
9.37152061369297e-01 -5.73544312335050e-01 9.17293225317481e-02
-1.07108785027535e+00 -3.00307845542226e-01 2.86088474072882e-05
-8.60818005883586e-01 6.99450918111093e-01 -4.47052661305098e-02
-3.02043843342840e-04 7.67255876617504e-01 -4.25096670233303e-01
-2.61617034642510e-01 9.91199909818033e-01 2.27922132756921e-01
-4.09377872454067e-01 4.26205484506124e-01 4.97397536269935e-01
-8.60810515805735e-01 6.99482657759475e-01 4.46070010287000e-02
4.42880563451830e-01 -8.80184242137057e-02 5.36556086299460e-01
6.64156262888876e-01 8.89520394203536e-01 -3.75576259084251e-02
9.42328660420797e-01 4.09346653506456e-01 -2.25076781066045e-01
6.32358183667482e-01 8.88692238240264e-01 -1.15345788256643e-01
-2.53244699308353e-01 8.35251436500181e-01 -3.63992439868506e-01
1.50605268228321e-01 8.76053453572555e-02 5.79854308201915e-01
7.14915781682433e-01 7.89852723894324e-01 1.68925085337475e-01
5.77981921114267e-01 8.74465340760328e-01 1.96531649669797e-01
-5.73885961874896e-01 -7.16546438553153e-01 -3.31550766454424e-01
7.15057016914578e-01 -7.89653252474185e-01 1.69018312603853e-01
1.00392620545946e+00 1.55556557619032e-05 -2.52865718063612e-01
-5.05225980199851e-01 8.40586441570694e-01 2.77060713423345e-01
8.74096441379443e-01 3.72628067275710e-01 -3.05256206283780e-01
-3.20423765386503e-01 -7.15072071701336e-01 -4.16719091067265e-01
-2.61703998152331e-01 9.91014135660537e-01 -2.28119261860449e-01
1.02340238716535e+00 -1.34854907793635e-01 -2.18807483543972e-01
6.28059324017925e-01 5.73798541174610e-01 -3.78280753841813e-01
-4.42822978687403e-01 8.81830369939813e-02 5.36561796429290e-01
7.89733807103152e-01 3.20514428415238e-01 3.77283239854375e-01
-1.09882660129578e+00 -1.39228771949710e-04 9.14055633031973e-02
6.99728915500639e-01 8.47731259903908e-02 4.54201776316237e-01
8.89510648830649e-01 7.09997503088437e-02 3.50546020312095e-01
3.72323894214133e-01 5.77961217539796e-01 -4.61545589094999e-01
1.34573761845085e-01 4.14151869125701e-01 -5.40244592148823e-01
4.17673781080129e-01 -7.86497659077339e-01 3.51831046198385e-01
-1.02348776190311e+00 -1.34966724362339e-01 2.18677005203250e-01
-4.17530422563215e-01 -7.86529214081092e-01 3.51858793872237e-01
8.60701860936362e-01 -6.99620638664808e-01 4.45882668298102e-02
-6.32506321442847e-01 -8.88651144224272e-01 1.15207647634371e-01
7.67441990823344e-01 -8.05261923603199e-01 -6.05362857072626e-05
-6.28429531138212e-01 5.73842969792490e-01 3.78090667873216e-01
9.60128161643061e-01 -1.14635388329764e-01 -2.90245136399713e-01
1.09886436711843e+00 1.05439920470911e-04 9.12790225891915e-02
-8.05288601619973e-01 -3.42552765490742e-05 4.05027636156161e-01
-8.89423772211432e-01 -7.09019352975313e-02 3.50612932847067e-01
2.82362133053389e-01 -3.42471175813438e-01 -5.38337858108828e-01
2.82291827773333e-01 3.42217161098849e-01 -5.38393122155047e-01
-1.50556352572655e-01 -8.74110054090349e-02 5.79866016113487e-01
-2.82556658961082e-01 -3.42333598447681e-01 5.38333802005134e-01
7.14792379795214e-01 7.89727104705041e-01 -1.69233866922268e-01
8.88435401148005e-01 2.18220334573352e-01 -3.33997646953671e-01
5.73583848422817e-01 7.16425990227258e-01 -3.31768826582258e-01
-6.99671956930586e-01 8.46062465380295e-02 4.54234884369544e-01
-4.26163615182625e-01 -9.42520364778172e-01 -2.15974561078237e-01
-1.73891615831845e-01 -9.37097141950761e-01 3.02739541185695e-01
5.04966240977577e-01 -8.40615322695604e-01 -2.77168184717373e-01
6.89267772170159e-01 2.52901019401610e-01 -4.41058473241299e-01
2.61361175408566e-01 -9.91183414925949e-01 -2.28023858667102e-01
8.40601922567648e-01 5.25285073293208e-01 2.66453298874626e-01
9.60365325750140e-01 -1.14513471136666e-01 2.90039906748553e-01
8.74666058505773e-02 -1.09867848763192e+00 -7.94644106994806e-02
5.77847972259730e-01 8.74313283105514e-01 -1.96829589997197e-01
9.36982997242298e-01 5.73678411121692e-01 -9.19764923523666e-02
-2.34098951354706e-04 -1.73334573913934e-01 -5.79929175009337e-01
8.72278337786398e-02 1.09865941204677e+00 -7.96108498404462e-02
-7.67384007196404e-01 -8.05317184415277e-01 4.09655504694308e-05
-8.35421882980597e-01 -6.89597640906825e-01 -1.33456298810555e-01
8.74399511219851e-01 -3.72541377566468e-01 3.05043825015624e-01
-6.64521006517530e-01 8.89261951758110e-01 -3.74651230206357e-02
5.49533555304104e-01 9.60392013658289e-01 6.03475769304325e-02
4.12399746939794e-05 -1.73103083882510e-01 5.79948447709289e-01
6.89631290690805e-01 -2.52859289141384e-01 4.40906825773745e-01
4.17454295604394e-01 -7.86561119654001e-01 -3.51864087893985e-01
5.24904563869920e-01 -5.05127090517861e-01 -4.43693927824680e-01
-6.64277808639447e-01 -8.89449173098209e-01 3.74284815282876e-02
-9.91244943390500e-01 4.31892644748471e-01 1.37948431621959e-01
-8.74897075835401e-02 -1.09867998944130e+00 -7.94515416823800e-02
2.57731746704367e-01 -1.07226938025773e+00 -7.68946792459073e-02
-1.07117441169549e+00 2.99998945689122e-01 -9.93295434802065e-06
8.40485239620777e-01 -5.25106981612462e-01 -2.66653535777313e-01
5.78011678834743e-01 -8.74304299651477e-01 -1.96706773269391e-01
1.02358609197702e+00 -1.34764598599606e-01 2.18583506678073e-01
4.14307909479664e-01 -1.02350400906011e+00 -7.12066097580581e-02
-5.05094378372901e-01 -8.40648366071405e-01 -2.77075215997184e-01
1.07218853268670e+00 1.45740566488736e-01 -1.36189782737594e-01
-9.42445965409679e-01 -4.09373054182761e-01 2.24926543466019e-01
6.32521606257044e-01 -8.88632000855083e-01 -1.15225402284347e-01
8.74336511674161e-01 3.72809307880746e-01 3.05002943470584e-01
-1.01993914784840e+00 -2.82679752297280e-01 1.80706942797390e-01
9.60346545775820e-01 1.14785932844079e-01 2.90027227085535e-01
1.02005099732863e+00 -2.82506513906932e-01 1.80606519055622e-01
1.73855703342778e-01 -9.37127230205952e-01 -3.02719342363922e-01
-3.00394673484326e-01 -2.01691244671361e-04 -5.65288499362616e-01
8.05370783340782e-01 1.45070448207663e-04 4.04982109708708e-01
-6.32535019337364e-01 -8.88667710392765e-01 -1.15128136682257e-01
8.78569835461376e-02 1.01656383661613e+00 -2.33833892230180e-01
-8.84243448640661e-02 1.01652745211655e+00 -2.33818380349501e-01
7.06353866737649e-05 -7.67412068407881e-01 4.25018155957744e-01
1.01989942026512e+00 -2.82571613001573e-01 -1.80816480159219e-01
-5.78079309847986e-01 -8.74338477765999e-01 -1.96609072199008e-01
-1.74110304499997e-01 9.37175890523293e-01 3.02636608967613e-01
-9.42591906726765e-01 4.09064702372070e-01 -2.24912463299019e-01
-1.02003977219408e+00 2.82363395921026e-01 -1.80686504417142e-01
1.07109069328403e+00 3.00297572875698e-01 -1.51617160427961e-04
1.05785374993092e+00 2.96018659503428e-01 -9.25237165567076e-02
-7.62155382566254e-01 4.78570864244047e-01 -3.45083794780115e-01
-2.58387219982383e-01 4.95568977211704e-01 -5.07621749489846e-01
-4.79067553774013e-01 6.53588114466858e-01 -4.02200293442010e-01
-6.53780290104313e-01 -7.62016935233552e-01 2.52738644702211e-01
2.95681401854909e-01 -1.75125613377660e-01 -5.58382227387067e-01
-7.61956389963926e-01 -4.78861350419345e-01 3.45093951784223e-01
2.57919385863788e-01 -4.95887792864180e-01 -5.07601295723892e-01
1.06025967149416e+00 3.91642719730719e-05 -1.77623230166782e-01
-8.25357210530473e-05 -9.49797208796623e-01 -3.05612577343629e-01
1.59607314004706e-01 -7.53896847381941e-01 4.23404901708545e-01
-9.49718277065431e-01 -5.79179744922704e-01 3.84922881238194e-05
7.62104020398734e-01 -4.78759908094482e-01 3.45042346925412e-01
1.06041111062935e+00 1.21004380654474e-04 1.77371220378727e-01
1.75046617694349e-01 -1.05792248950346e+00 1.56184973006148e-01
-3.36250335942409e-01 -1.06035357151972e+00 2.88303333130367e-05
-1.75027003295856e-01 -1.05793987063428e+00 -1.56158298998037e-01
3.36276155901684e-01 -1.06034538435990e+00 -1.56440499336578e-05
-4.95793328179357e-01 -9.61780598955048e-01 -1.36185300867278e-01
-5.79249314349806e-01 -2.17971294089712e-04 -5.01222224238232e-01
9.49689239510728e-01 5.79227280749108e-01 -1.61499257167340e-04
-1.59817258414285e-01 7.53719398033715e-01 -4.23470838350654e-01
6.53779327771657e-01 7.62186333726124e-01 2.52597012931869e-01
1.59382199882767e-01 -7.53978159194247e-01 -4.23388191272832e-01
6.53600366469170e-01 7.62001061468391e-01 -2.52881563673948e-01
-1.75209571103167e-01 1.05795256651784e+00 1.56077289216454e-01
7.61762063479994e-01 4.78808730117314e-01 -3.45233764749559e-01
-4.78945340816374e-01 6.53867343331968e-01 4.02114405628648e-01
8.02003720932352e-01 1.59488875767092e-01 -3.98035908609875e-01
-4.95996180669441e-01 9.61697743354239e-01 1.36142528772482e-01
-7.53886875052365e-01 -8.02277463981665e-01 -8.41468596563895e-02
-6.54041543782263e-01 7.61762301735842e-01 -2.52764175658477e-01
-1.59640346137198e-01 7.54028487874924e-01 4.23336130235086e-01
-9.61762453765409e-01 -2.58289528957458e-01 -2.61619093675199e-01
3.36061904417977e-01 1.06041326929722e+00 -1.51811826743370e-04
-7.62026385027970e-01 -4.78961476776187e-01 -3.45012184620030e-01
-2.96122590738893e-01 -1.75181794398068e-01 -5.58312188609115e-01
-3.36508350627614e-01 1.06027169944599e+00 -1.07325249407899e-04
-2.58268974518445e-01 -4.95921305502258e-01 -5.07542658964107e-01
-9.49880957845072e-01 5.78912903074465e-01 -3.58627207971543e-05
4.95661221739651e-01 9.61897331758906e-01 1.36089563884141e-01
-1.06034802441862e+00 -1.15104685039647e-04 1.77476246777463e-01
-7.62085402545687e-01 4.78788881575139e-01 3.45042602684834e-01
1.59446776656268e-01 7.54086495563041e-01 4.23327669371173e-01
-1.06036513271347e+00 -1.96910719571225e-04 -1.77447751782154e-01
-2.95958608214174e-01 1.75076743364642e-01 5.58345586951861e-01
-2.95916456260617e-01 -1.74959282720408e-01 5.58362066155300e-01
1.59221677951870e-01 7.53777387097219e-01 -4.23504579928863e-01
-4.78902770596018e-01 -6.53929842978170e-01 -4.02100218024749e-01
2.95969656442409e-01 1.75152347273199e-01 5.58337350566994e-01
-2.94034839029497e-04 9.49635671764561e-01 -3.05752340488723e-01
4.78928499466699e-01 -6.53790213183892e-01 4.02154925070234e-01
1.05793248371039e+00 2.96071009314552e-01 9.22258178027022e-02
5.78842605947332e-01 -8.90581136515662e-05 -5.01353098888089e-01
8.02334275207922e-01 -1.59407243226548e-01 3.97859413380161e-01
8.02306602734761e-01 1.59694970918007e-01 3.97842816336525e-01
-2.03055910402307e-05 3.36402306793295e-01 5.59610555012956e-01
2.58104521073643e-01 4.95974242731933e-01 5.07551552994353e-01
5.45858113368514e-05 -3.36213292812619e-01 5.59642194817892e-01
-8.02339230187215e-01 1.59286365390136e-01 -3.97870115416013e-01
2.58207095743716e-01 -4.95743587493035e-01 5.07599787680788e-01
-1.74962613481759e-01 -1.05792682778211e+00 1.56203005816587e-01
6.25769103022164e-05 -9.49759887596728e-01 3.05644885441613e-01
-4.95752764265630e-01 -9.61764546369092e-01 1.36257994506310e-01
-7.53869532704389e-01 -8.02262768406863e-01 8.42291270795262e-02
-4.78780534573484e-01 -6.53838277240582e-01 4.02182234593062e-01
6.53918468100105e-01 -7.61964545301457e-01 2.52683060840967e-01
8.02031389547471e-01 -1.59568099491509e-01 -3.98011533652308e-01
4.78668833721520e-01 -6.53881795383082e-01 -4.02199562684110e-01
7.53962981981985e-01 -8.02208047368124e-01 8.41412652154864e-02
-9.61728014815082e-01 -2.58192998002097e-01 2.61680893844493e-01
-8.02220879730502e-01 -1.59561963795596e-01 3.97905828827266e-01
1.74962694849440e-01 -1.05793553247530e+00 -1.56186557361850e-01
-1.59465079539063e-01 -7.53909890920341e-01 4.23413360773060e-01
-6.53841316354543e-01 -7.62064707612662e-01 -2.52654532595774e-01
-2.58074687491606e-01 -4.95777114256910e-01 5.07609423258704e-01
9.61851297816921e-01 -2.58025224141534e-01 2.61600759852351e-01
-4.96036734960974e-01 9.61588189020680e-01 -1.36316815400411e-01
4.95757350781979e-01 -9.61759383289051e-01 -1.36263497416691e-01
-1.59642012293632e-01 -7.53991200265159e-01 -4.23354454579665e-01
1.05790044948986e+00 -2.95896262373437e-01 -9.24840338668652e-02
7.53821415435833e-01 8.02378281093934e-01 8.40423822721659e-02
-2.11113921504970e-04 -3.36404084179262e-01 -5.59610246400481e-01
7.53758802490297e-01 8.02315334695237e-01 -8.43655887542442e-02
1.05797918452851e+00 -2.95863428146181e-01 9.22621449164588e-02
-2.85993181294957e-04 3.36077082174858e-01 -5.59664964374568e-01
2.95645608947767e-01 1.74860017255385e-01 -5.58410691621938e-01
9.61594976762147e-01 2.58143415943493e-01 -2.61830663982379e-01
9.61809039773725e-01 2.58288174340440e-01 2.61571755784224e-01
4.78542429995550e-01 6.53753262671273e-01 -4.02299651533043e-01
-1.48936510134011e-04 9.49880178565984e-01 3.05540731476570e-01
2.57816821422556e-01 4.95650385131139e-01 -5.07680392807533e-01
-7.54102596063466e-01 8.02034319669281e-01 -8.42540037167949e-02
-6.53980536371355e-01 7.61947526979719e-01 2.52652608562960e-01
-9.61835151059619e-01 2.57882920455535e-01 -2.61656377819344e-01
1.74822379058433e-01 1.05802617001314e+00 1.56059250144841e-01
1.74738465180369e-01 1.05789518455750e+00 -1.56332540078871e-01
-1.75273954021497e-01 1.05782159005667e+00 -1.56304275737521e-01
-7.54085258695799e-01 8.02097250388038e-01 8.41302618640880e-02
-9.61800715911714e-01 2.58027624614720e-01 2.61651899241569e-01
-8.02295855798689e-01 -1.59722768829785e-01 -3.97845744896969e-01
6.53739502480798e-01 -7.62012329852076e-01 -2.52771899348448e-01
-1.05789155671814e+00 -2.96040443052720e-01 9.23837872172471e-02
7.61846311268554e-01 -4.78860062158925e-01 -3.45162140794944e-01
-1.05790054016591e+00 -2.96073262826292e-01 -9.23258169344094e-02
-5.79114950844700e-01 1.31023534020721e-05 5.01265484522333e-01
9.49784468785567e-01 -5.79071173207779e-01 -8.71295735696020e-05
-1.05797665449875e+00 2.95776898293042e-01 9.23474692035881e-02
-1.05798563502890e+00 2.95724569815810e-01 -9.23654901281079e-02
7.53900367065889e-01 -8.02222747742112e-01 -8.42584253121714e-02
-8.02264256211518e-01 1.59492396290907e-01 3.97889236890562e-01
7.62019766549561e-01 4.79026812296954e-01 3.44990988835344e-01
2.96005454899665e-01 -1.74903078814420e-01 5.58353830470866e-01
4.95572421566447e-01 9.61787756181035e-01 -1.36395030641602e-01
5.79184228018625e-01 1.42065994126393e-04 5.01243182669833e-01
4.78802083805544e-01 6.54032544715929e-01 4.02087089609954e-01
-2.58192948893181e-01 4.95892801576152e-01 5.07561191203235e-01
9.61637230907572e-01 -2.58121792351031e-01 -2.61793372068955e-01
-2.96164736378569e-01 1.74784445738112e-01 -5.58340650465009e-01
4.95846157568681e-01 -9.61743326090223e-01 1.36205045318968e-01
-3.43691064225287e-01 -8.99945242091582e-01 2.93567092964211e-01
2.36470473482963e-05 9.73673678684015e-05 5.87100493620904e-01
-3.43910450790894e-01 8.99977764576320e-01 2.93467735880102e-01
-3.43794422857015e-01 -8.99986297426468e-01 -2.93498314156941e-01
1.11239108013642e+00 8.58738131433064e-05 -1.35073709482640e-04
8.99877673555529e-01 -5.56194471742093e-01 -1.81515630377932e-01
-5.56303817841790e-01 -3.43906480961727e-01 -4.74906951870858e-01
9.00022091597237e-01 -5.56146834433888e-01 1.81356768613250e-01
-5.56392086409870e-01 3.43494998895804e-01 -4.74961097829927e-01
-1.11239110088863e+00 -1.61806092484273e-04 1.20643524422579e-05
3.43646087605811e-01 -8.99967621190531e-01 -2.93562649260575e-01
5.55981255050346e-01 -3.43818424254955e-01 -4.75029917011009e-01
-2.39604173588473e-04 1.11239105857898e+00 -1.32916666138334e-04
5.55916438114651e-01 3.43654577851763e-01 -4.75084070202018e-01
8.11997566160357e-06 -1.11239111270280e+00 9.92815510115580e-06
3.43821484371870e-01 -8.99926560470134e-01 2.93540504223542e-01
-5.56260871175398e-01 3.43772214184451e-01 4.74948041485671e-01
8.99784515024845e-01 5.56254228776722e-01 -1.81593247203426e-01
-5.56172589907805e-01 -3.43745783757365e-01 4.74982167900825e-01
5.56236234021583e-01 3.43931850308281e-01 4.74923885034880e-01
8.99928928707987e-01 5.56373907987736e-01 1.81291528760372e-01
-8.99892072200413e-01 -5.56253596146211e-01 1.81445265141419e-01
5.56301060505083e-01 -3.43657695011929e-01 4.74958014946513e-01
3.43640036239989e-01 9.00112181682900e-01 2.93441138961449e-01
-8.99919950525174e-01 -5.56301214031607e-01 -1.81366067554100e-01
-2.55085702001020e-04 -1.73302561345557e-04 -5.87100473441532e-01
3.43464655987489e-01 8.99882543696161e-01 -2.93694413873216e-01
-9.00046625933389e-01 5.56079880977923e-01 1.81380039729749e-01
-9.00074494403659e-01 5.55960242318539e-01 -1.81443667239380e-01
-3.44013792190685e-01 8.99748155497407e-01 -2.93630068672569e-01
-5.84780015990760e-01 -9.46280252235166e-01 3.79400057801501e-05
5.84823260650923e-01 -9.46253526422569e-01 -3.94053489355528e-05
5.84646465435972e-01 9.46362724078151e-01 -1.60924803328249e-04
-5.85024665553108e-01 9.46129010055060e-01 -8.35609145950809e-05
-9.46267204255230e-01 -7.21682354613258e-05 3.08647767113869e-01
-9.46309532601326e-01 -2.14441689417647e-04 -3.08611597157127e-01
9.46098997945313e-01 -3.77970920271120e-06 -3.08791372348339e-01
9.46349785630272e-01 1.38547057224451e-04 3.08577224738584e-01
-6.22767628988355e-05 5.84958365153579e-01 4.99371918765108e-01
6.79684422428992e-05 -5.84783065158934e-01 4.99429106263480e-01
-1.69144330601940e-04 -5.84909098712719e-01 -4.99387986336145e-01
-2.99372803398941e-04 5.84623897812318e-01 -4.99480986833701e-01
3 631 67 1
3 599 6 67
3 497 1 6
3 67 6 1
3 615 294 296
3 494 73 294
3 599 296 73
3 294 73 296
3 614 232 293
3 497 231 232
3 494 293 231
3 232 231 293
3 599 73 6
3 494 231 73
3 497 6 231
3 73 231 6
3 639 43 297
3 553 473 43
3 490 297 473
3 43 473 297
3 600 430 152
3 542 47 430
3 553 152 47
3 430 47 152
3 615 74 70
3 490 340 74
3 542 70 340
3 74 340 70
3 553 47 473
3 542 340 47
3 490 473 340
3 47 340 473
3 630 374 145
3 495 353 374
3 543 145 353
3 374 353 145
3 614 284 147
3 541 350 284
3 495 147 350
3 284 350 147
3 600 262 168
3 543 373 262
3 541 168 373
3 262 373 168
3 495 350 353
3 541 373 350
3 543 353 373
3 350 373 353
3 615 70 294
3 542 339 70
3 494 294 339
3 70 339 294
3 600 168 430
3 541 372 168
3 542 430 372
3 168 372 430
3 614 293 284
3 494 336 293
3 541 284 336
3 293 336 284
3 542 372 339
3 541 336 372
3 494 339 336
3 372 336 339
3 640 236 3
3 503 286 236
3 559 3 286
3 236 286 3
3 610 467 357
3 489 135 467
3 503 357 135
3 467 135 357
3 603 5 338
3 559 246 5
3 489 338 246
3 5 246 338
3 503 135 286
3 489 246 135
3 559 286 246
3 135 246 286
3 631 1 104
3 497 458 1
3 558 104 458
3 1 458 104
3 614 436 232
3 552 453 436
3 497 232 453
3 436 453 232
3 610 320 433
3 558 337 320
3 552 433 337
3 320 337 433
3 497 453 458
3 552 337 453
3 558 458 337
3 453 337 458
3 630 290 374
3 498 241 290
3 495 374 241
3 290 241 374
3 603 319 429
3 496 258 319
3 498 429 258
3 319 258 429
3 614 147 452
3 495 237 147
3 496 452 237
3 147 237 452
3 498 258 241
3 496 237 258
3 495 241 237
3 258 237 241
3 610 433 467
3 552 242 433
3 489 467 242
3 433 242 467
3 614 452 436
3 496 25 452
3 552 436 25
3 452 25 436
3 603 338 319
3 489 17 338
3 496 319 17
3 338 17 319
3 552 25 242
3 496 17 25
3 489 242 17
3 25 17 242
3 635 349 20
3 580 363 349
3 513 20 363
3 349 363 20
3 606 272 9
3 515 44 272
3 580 9 44
3 272 44 9
3 624 364 45
3 513 129 364
3 515 45 129
3 364 129 45
3 580 44 363
3 515 129 44
3 513 363 129
3 44 129 363
3 640 3 194
3 559 140 3
3 518 194 140
3 3 140 194
3 603 87 5
3 528 399 87
3 559 5 399
3 87 399 5
3 606 199 89
3 518 254 199
3 528 89 254
3 199 254 89
3 559 399 140
3 528 254 399
3 518 140 254
3 399 254 140
3 630 85 290
3 510 470 85
3 498 290 470
3 85 470 290
3 624 217 442
3 554 86 217
3 510 442 86
3 217 86 442
3 603 429 459
3 498 475 429
3 554 459 475
3 429 475 459
3 510 86 470
3 554 475 86
3 498 470 475
3 86 475 470
3 606 89 272
3 528 213 89
3 515 272 213
3 89 213 272
3 603 459 87
3 554 394 459
3 528 87 394
3 459 394 87
3 624 45 217
3 515 100 45
3 554 217 100
3 45 100 217
3 528 394 213
3 554 100 394
3 515 213 100
3 394 100 213
3 634 279 111
3 521 411 279
3 550 111 411
3 279 411 111
3 609 151 405
3 582 163 151
3 521 405 163
3 151 163 405
3 621 461 376
3 550 464 461
3 582 376 464
3 461 464 376
3 521 163 411
3 582 464 163
3 550 411 464
3 163 464 411
3 635 20 205
3 513 235 20
3 524 205 235
3 20 235 205
3 624 2 364
3 584 365 2
3 513 364 365
3 2 365 364
3 609 314 234
3 524 90 314
3 584 234 90
3 314 90 234
3 513 365 235
3 584 90 365
3 524 235 90
3 365 90 235
3 630 450 85
3 544 441 450
3 510 85 441
3 450 441 85
3 621 36 316
3 491 356 36
3 544 316 356
3 36 356 316
3 624 442 38
3 510 8 442
3 491 38 8
3 442 8 38
3 544 356 441
3 491 8 356
3 510 441 8
3 356 8 441
3 609 234 151
3 584 380 234
3 582 151 380
3 234 380 151
3 624 38 2
3 491 40 38
3 584 2 40
3 38 40 2
3 621 376 36
3 582 37 376
3 491 36 37
3 376 37 36
3 584 40 380
3 491 37 40
3 582 380 37
3 40 37 380
3 639 132 43
3 555 348 132
3 553 43 348
3 132 348 43
3 618 58 359
3 545 34 58
3 555 359 34
3 58 34 359
3 600 152 412
3 553 33 152
3 545 412 33
3 152 33 412
3 555 34 348
3 545 33 34
3 553 348 33
3 34 33 348
3 634 111 420
3 550 302 111
3 551 420 302
3 111 302 420
3 621 177 461
3 486 255 177
3 550 461 255
3 177 255 461
3 618 174 62
3 551 257 174
3 486 62 257
3 174 257 62
3 550 255 302
3 486 257 255
3 551 302 257
3 255 257 302
3 630 145 450
3 543 414 145
3 544 450 414
3 145 414 450
3 600 310 262
3 484 122 310
3 543 262 122
3 310 122 262
3 621 316 92
3 544 123 316
3 484 92 123
3 316 123 92
3 543 122 414
3 484 123 122
3 544 414 123
3 122 123 414
3 618 62 58
3 486 142 62
3 545 58 142
3 62 142 58
3 621 92 177
3 484 141 92
3 486 177 141
3 92 141 177
3 600 412 310
3 545 124 412
3 484 310 124
3 412 124 310
3 486 141 142
3 484 124 141
3 545 142 124
3 141 124 142
3 638 371 229
3 523 225 371
3 512 229 225
3 371 225 229
3 623 230 253
3 570 144 230
3 523 253 144
3 230 144 253
3 602 333 476
3 512 331 333
3 570 476 331
3 333 331 476
3 523 144 225
3 570 331 144
3 512 225 331
3 144 331 225
3 632 303 445
3 514 200 303
3 520 445 200
3 303 200 445
3 612 139 84
3 575 305 139
3 514 84 305
3 139 305 84
3 623 309 248
3 520 159 309
3 575 248 159
3 309 159 248
3 514 305 200
3 575 159 305
3 520 200 159
3 305 159 200
3 633 39 244
3 509 298 39
3 517 244 298
3 39 298 244
3 602 383 150
3 505 195 383
3 509 150 195
3 383 195 150
3 612 16 42
3 517 299 16
3 505 42 299
3 16 299 42
3 509 195 298
3 505 299 195
3 517 298 299
3 195 299 298
3 623 248 230
3 575 220 248
3 570 230 220
3 248 220 230
3 612 42 139
3 505 76 42
3 575 139 76
3 42 76 139
3 602 476 383
3 570 71 476
3 505 383 71
3 476 71 383
3 575 76 220
3 505 71 76
3 570 220 71
3 76 71 220
3 634 238 138
3 590 137 238
3 579 138 137
3 238 137 138
3 616 344 13
3 522 120 344
3 590 13 120
3 344 120 13
3 627 22 0
3 579 179 22
3 522 0 179
3 22 179 0
3 590 120 137
3 522 179 120
3 579 137 179
3 120 179 137
3 638 229 153
3 512 226 229
3 596 153 226
3 229 226 153
3 602 10 333
3 507 283 10
3 512 333 283
3 10 283 333
3 616 384 131
3 596 358 384
3 507 131 358
3 384 358 131
3 512 283 226
3 507 358 283
3 596 226 358
3 283 358 226
3 633 334 39
3 578 79 334
3 509 39 79
3 334 79 39
3 627 162 227
3 573 208 162
3 578 227 208
3 162 208 227
3 602 150 397
3 509 72 150
3 573 397 72
3 150 72 397
3 578 208 79
3 573 72 208
3 509 79 72
3 208 72 79
3 616 131 344
3 507 416 131
3 522 344 416
3 131 416 344
3 602 397 10
3 573 55 397
3 507 10 55
3 397 55 10
3 627 0 162
3 522 175 0
3 573 162 175
3 0 175 162
3 507 55 416
3 573 175 55
3 522 416 175
3 55 175 416
3 635 205 118
3 524 158 205
3 574 118 158
3 205 158 118
3 609 4 314
3 588 93 4
3 524 314 93
3 4 93 314
3 628 477 233
3 574 478 477
3 588 233 478
3 477 478 233
3 524 93 158
3 588 478 93
3 574 158 478
3 93 478 158
3 634 138 279
3 579 172 138
3 521 279 172
3 138 172 279
3 627 451 22
3 587 23 451
3 579 22 23
3 451 23 22
3 609 405 211
3 521 165 405
3 587 211 165
3 405 165 211
3 579 23 172
3 587 165 23
3 521 172 165
3 23 165 172
3 633 444 334
3 572 201 444
3 578 334 201
3 444 201 334
3 628 268 311
3 519 381 268
3 572 311 381
3 268 381 311
3 627 227 267
3 578 385 227
3 519 267 385
3 227 385 267
3 572 381 201
3 519 385 381
3 578 201 385
3 381 385 201
3 609 211 4
3 587 454 211
3 588 4 454
3 211 454 4
3 627 267 451
3 519 269 267
3 587 451 269
3 267 269 451
3 628 233 268
3 588 271 233
3 519 268 271
3 233 271 268
3 587 269 454
3 519 271 269
3 588 454 271
3 269 271 454
3 641 181 155
3 482 91 181
3 501 155 91
3 181 91 155
3 608 31 186
3 483 59 31
3 482 186 59
3 31 59 186
3 629 390 260
3 501 108 390
3 483 260 108
3 390 108 260
3 482 59 91
3 483 108 59
3 501 91 108
3 59 108 91
3 635 118 164
3 574 7 118
3 539 164 7
3 118 7 164
3 628 125 477
3 481 15 125
3 574 477 15
3 125 15 477
3 608 280 346
3 539 19 280
3 481 346 19
3 280 19 346
3 574 15 7
3 481 19 15
3 539 7 19
3 15 19 7
3 633 265 444
3 557 126 265
3 572 444 126
3 265 126 444
3 629 277 154
3 511 105 277
3 557 154 105
3 277 105 154
3 628 311 276
3 572 317 311
3 511 276 317
3 311 317 276
3 557 105 126
3 511 317 105
3 572 126 317
3 105 317 126
3 608 346 31
3 481 256 346
3 483 31 256
3 346 256 31
3 628 276 125
3 511 243 276
3 481 125 243
3 276 243 125
3 629 260 277
3 483 216 260
3 511 277 216
3 260 216 277
3 481 243 256
3 511 216 243
3 483 256 216
3 243 216 256
3 632 215 303
3 593 304 215
3 514 303 304
3 215 304 303
3 626 88 110
3 576 203 88
3 593 110 203
3 88 203 110
3 612 84 440
3 514 307 84
3 576 440 307
3 84 307 440
3 593 203 304
3 576 307 203
3 514 304 307
3 203 307 304
3 641 155 247
3 501 382 155
3 527 247 382
3 155 382 247
3 629 209 390
3 530 35 209
3 501 390 35
3 209 35 390
3 626 24 207
3 527 191 24
3 530 207 191
3 24 191 207
3 501 35 382
3 530 191 35
3 527 382 191
3 35 191 382
3 633 244 265
3 517 130 244
3 557 265 130
3 244 130 265
3 612 273 16
3 577 355 273
3 517 16 355
3 273 355 16
3 629 154 400
3 557 127 154
3 577 400 127
3 154 127 400
3 517 355 130
3 577 127 355
3 557 130 127
3 355 127 130
3 626 207 88
3 530 471 207
3 576 88 471
3 207 471 88
3 629 400 209
3 577 472 400
3 530 209 472
3 400 472 209
3 612 440 273
3 576 250 440
3 577 273 250
3 440 250 273
3 530 472 471
3 577 250 472
3 576 471 250
3 472 250 471
3 641 247 249
3 527 190 247
3 571 249 190
3 247 190 249
3 626 134 24
3 569 78 134
3 527 24 78
3 134 78 24
3 613 368 12
3 571 408 368
3 569 12 408
3 368 408 12
3 527 78 190
3 569 408 78
3 571 190 408
3 78 408 190
3 632 387 215
3 563 389 387
3 593 215 389
3 387 389 215
3 617 196 157
3 504 425 196
3 563 157 425
3 196 425 157
3 626 110 300
3 593 437 110
3 504 300 437
3 110 437 300
3 563 425 389
3 504 437 425
3 593 389 437
3 425 437 389
3 636 193 156
3 508 426 193
3 567 156 426
3 193 426 156
3 613 324 432
3 506 161 324
3 508 432 161
3 324 161 432
3 617 388 327
3 567 398 388
3 506 327 398
3 388 398 327
3 508 161 426
3 506 398 161
3 567 426 398
3 161 398 426
3 626 300 134
3 504 427 300
3 569 134 427
3 300 427 134
3 617 327 196
3 506 180 327
3 504 196 180
3 327 180 196
3 613 12 324
3 569 402 12
3 506 324 402
3 12 402 324
3 504 180 427
3 506 402 180
3 569 427 402
3 180 402 427
3 640 197 252
3 562 323 197
3 487 252 323
3 197 323 252
3 625 342 439
3 485 360 342
3 562 439 360
3 342 360 439
3 611 369 228
3 487 421 369
3 485 228 421
3 369 421 228
3 562 360 323
3 485 421 360
3 487 323 421
3 360 421 323
3 641 249 133
3 571 409 249
3 565 133 409
3 249 409 133
3 613 83 368
3 566 422 83
3 571 368 422
3 83 422 368
3 625 361 198
3 565 282 361
3 566 198 282
3 361 282 198
3 571 422 409
3 566 282 422
3 565 409 282
3 422 282 409
3 636 375 193
3 547 182 375
3 508 193 182
3 375 182 193
3 611 28 143
3 533 101 28
3 547 143 101
3 28 101 143
3 613 432 30
3 508 61 432
3 533 30 61
3 432 61 30
3 547 101 182
3 533 61 101
3 508 182 61
3 101 61 182
3 625 198 342
3 566 362 198
3 485 342 362
3 198 362 342
3 613 30 83
3 533 318 30
3 566 83 318
3 30 318 83
3 611 228 28
3 485 14 228
3 533 28 14
3 228 14 28
3 566 318 362
3 533 14 318
3 485 362 14
3 318 14 362
3 631 104 185
3 558 462 104
3 589 185 462
3 104 462 185
3 610 431 320
3 581 456 431
3 558 320 456
3 431 456 320
3 605 291 295
3 589 75 291
3 581 295 75
3 291 75 295
3 558 456 462
3 581 75 456
3 589 462 75
3 456 75 462
3 640 252 236
3 487 109 252
3 503 236 109
3 252 109 236
3 611 449 369
3 548 112 449
3 487 369 112
3 449 112 369
3 610 357 448
3 503 173 357
3 548 448 173
3 357 173 448
3 487 112 109
3 548 173 112
3 503 109 173
3 112 173 109
3 636 417 375
3 597 378 417
3 547 375 378
3 417 378 375
3 605 455 56
3 583 322 455
3 597 56 322
3 455 322 56
3 611 143 99
3 547 261 143
3 583 99 261
3 143 261 99
3 597 322 378
3 583 261 322
3 547 378 261
3 322 261 378
3 610 448 431
3 548 97 448
3 581 431 97
3 448 97 431
3 611 99 449
3 583 98 99
3 548 449 98
3 99 98 449
3 605 295 455
3 581 69 295
3 583 455 69
3 295 69 455
3 548 98 97
3 583 69 98
3 581 97 69
3 98 69 97
3 637 435 285
3 556 457 435
3 493 285 457
3 435 457 285
3 607 332 77
3 564 466 332
3 556 77 466
3 332 466 77
3 604 418 329
3 493 103 418
3 564 329 103
3 418 103 329
3 556 466 457
3 564 103 466
3 493 457 103
3 466 103 457
3 631 185 53
3 589 415 185
3 549 53 415
3 185 415 53
3 605 377 291
3 586 149 377
3 589 291 149
3 377 149 291
3 607 167 379
3 549 413 167
3 586 379 413
3 167 413 379
3 589 149 415
3 586 413 149
3 549 415 413
3 149 413 415
3 636 396 417
3 488 401 396
3 597 417 401
3 396 401 417
3 604 116 48
3 560 343 116
3 488 48 343
3 116 343 48
3 605 56 117
3 597 474 56
3 560 117 474
3 56 474 117
3 488 343 401
3 560 474 343
3 597 401 474
3 343 474 401
3 607 379 332
3 586 115 379
3 564 332 115
3 379 115 332
3 605 117 377
3 560 341 117
3 586 377 341
3 117 341 377
3 604 329 116
3 564 270 329
3 560 116 270
3 329 270 116
3 586 341 115
3 560 270 341
3 564 115 270
3 341 270 115
3 632 245 387
3 561 281 245
3 563 387 281
3 245 281 387
3 620 80 136
3 500 366 80
3 561 136 366
3 80 366 136
3 617 157 438
3 563 367 157
3 500 438 367
3 157 367 438
3 561 366 281
3 500 367 366
3 563 281 367
3 366 367 281
3 637 285 465
3 493 106 285
3 568 465 106
3 285 106 465
3 604 63 418
3 532 210 63
3 493 418 210
3 63 210 418
3 620 325 289
3 568 306 325
3 532 289 306
3 325 306 289
3 493 210 106
3 532 306 210
3 568 106 306
3 210 306 106
3 636 156 396
3 567 347 156
3 488 396 347
3 156 347 396
3 617 206 388
3 480 345 206
3 567 388 345
3 206 345 388
3 604 48 95
3 488 460 48
3 480 95 460
3 48 460 95
3 567 345 347
3 480 460 345
3 488 347 460
3 345 460 347
3 620 289 80
3 532 21 289
3 500 80 21
3 289 21 80
3 604 95 63
3 480 479 95
3 532 63 479
3 95 479 63
3 617 438 206
3 500 121 438
3 480 206 121
3 438 121 206
3 532 479 21
3 480 121 479
3 500 21 121
3 479 121 21
3 641 133 181
3 565 313 133
3 482 181 313
3 133 313 181
3 625 128 361
3 598 18 128
3 565 361 18
3 128 18 361
3 608 186 354
3 482 64 186
3 598 354 64
3 186 64 354
3 565 18 313
3 598 64 18
3 482 313 64
3 18 64 313
3 640 194 197
3 518 251 194
3 562 197 251
3 194 251 197
3 606 114 199
3 516 119 114
3 518 199 119
3 114 119 199
3 625 439 330
3 562 221 439
3 516 330 221
3 439 221 330
3 518 119 251
3 516 221 119
3 562 251 221
3 119 221 251
3 635 164 349
3 539 51 164
3 580 349 51
3 164 51 349
3 608 264 280
3 499 240 264
3 539 280 240
3 264 240 280
3 606 9 263
3 580 32 9
3 499 263 32
3 9 32 263
3 539 240 51
3 499 32 240
3 580 51 32
3 240 32 51
3 625 330 128
3 516 468 330
3 598 128 468
3 330 468 128
3 606 263 114
3 499 11 263
3 516 114 11
3 263 11 114
3 608 354 264
3 598 146 354
3 499 264 146
3 354 146 264
3 516 11 468
3 499 146 11
3 598 468 146
3 11 146 468
3 639 315 132
3 538 222 315
3 555 132 222
3 315 222 132
3 601 423 446
3 526 178 423
3 538 446 178
3 423 178 446
3 618 359 60
3 555 424 359
3 526 60 424
3 359 424 60
3 538 178 222
3 526 424 178
3 555 222 424
3 178 424 222
3 638 153 184
3 596 183 153
3 536 184 183
3 153 183 184
3 616 278 384
3 525 50 278
3 596 384 50
3 278 50 384
3 601 288 160
3 536 170 288
3 525 160 170
3 288 170 160
3 596 50 183
3 525 170 50
3 536 183 170
3 50 170 183
3 634 420 238
3 551 419 420
3 590 238 419
3 420 419 238
3 618 189 174
3 585 287 189
3 551 174 287
3 189 287 174
3 616 13 188
3 590 428 13
3 585 188 428
3 13 428 188
3 551 287 419
3 585 428 287
3 590 419 428
3 287 428 419
3 601 160 423
3 525 57 160
3 526 423 57
3 160 57 423
3 616 188 278
3 585 403 188
3 525 278 403
3 188 403 278
3 618 60 189
3 526 176 60
3 585 189 176
3 60 176 189
3 525 403 57
3 585 176 403
3 526 57 176
3 403 176 57
3 637 465 407
3 568 352 465
3 535 407 352
3 465 352 407
3 620 434 325
3 591 463 434
3 568 325 463
3 434 463 325
3 619 166 301
3 535 404 166
3 591 301 404
3 166 404 301
3 568 463 352
3 591 404 463
3 535 352 404
3 463 404 352
3 632 445 245
3 520 46 445
3 561 245 46
3 445 46 245
3 623 219 309
3 502 393 219
3 520 309 393
3 219 393 309
3 620 136 218
3 561 392 136
3 502 218 392
3 136 392 218
3 520 393 46
3 502 392 393
3 561 46 392
3 393 392 46
3 638 29 371
3 537 148 29
3 523 371 148
3 29 148 371
3 619 81 259
3 595 27 81
3 537 259 27
3 81 27 259
3 623 253 192
3 523 370 253
3 595 192 370
3 253 370 192
3 537 27 148
3 595 370 27
3 523 148 370
3 27 370 148
3 620 218 434
3 502 326 218
3 591 434 326
3 218 326 434
3 623 192 219
3 595 328 192
3 502 219 328
3 192 328 219
3 619 301 81
3 591 82 301
3 595 81 82
3 301 82 81
3 502 328 326
3 595 82 328
3 591 326 82
3 328 82 326
3 639 214 315
3 540 113 214
3 538 315 113
3 214 113 315
3 622 266 102
3 592 212 266
3 540 102 212
3 266 212 102
3 601 446 41
3 538 312 446
3 592 41 312
3 446 312 41
3 540 212 113
3 592 312 212
3 538 113 312
3 212 312 113
3 637 407 96
3 535 469 407
3 534 96 469
3 407 469 96
3 619 239 166
3 594 406 239
3 535 166 406
3 239 406 166
3 622 447 351
3 534 94 447
3 594 351 94
3 447 94 351
3 535 406 469
3 594 94 406
3 534 469 94
3 406 94 469
3 638 184 29
3 536 26 184
3 537 29 26
3 184 26 29
3 601 391 288
3 529 169 391
3 536 288 169
3 391 169 288
3 619 259 49
3 537 171 259
3 529 49 171
3 259 171 49
3 536 169 26
3 529 171 169
3 537 26 171
3 169 171 26
3 622 351 266
3 594 386 351
3 592 266 386
3 351 386 266
3 619 49 239
3 529 275 49
3 594 239 275
3 49 275 239
3 601 41 391
3 592 274 41
3 529 391 274
3 41 274 391
3 594 275 386
3 529 274 275
3 592 386 274
3 275 274 386
3 631 53 67
3 549 54 53
3 599 67 54
3 53 54 67
3 607 187 167
3 546 395 187
3 549 167 395
3 187 395 167
3 615 296 292
3 599 68 296
3 546 292 68
3 296 68 292
3 549 395 54
3 546 68 395
3 599 54 68
3 395 68 54
3 637 96 435
3 534 224 96
3 556 435 224
3 96 224 435
3 622 321 447
3 492 204 321
3 534 447 204
3 321 204 447
3 607 77 107
3 556 443 77
3 492 107 443
3 77 443 107
3 534 204 224
3 492 443 204
3 556 224 443
3 204 443 224
3 639 297 214
3 490 335 297
3 540 214 335
3 297 335 214
3 615 410 74
3 531 223 410
3 490 74 223
3 410 223 74
3 622 102 52
3 540 65 102
3 531 52 65
3 102 65 52
3 490 223 335
3 531 65 223
3 540 335 65
3 223 65 335
3 607 107 187
3 492 308 107
3 546 187 308
3 107 308 187
3 622 52 321
3 531 202 52
3 492 321 202
3 52 202 321
3 615 292 410
3 546 66 292
3 531 410 66
3 292 66 410
3 492 202 308
3 531 66 202
3 546 308 66
3 202 66 308
