A/A0 V/V0 Vr eb eb_bend eb_ad ea ega ev ek ee  h0 h1 h2
1 1.00092 0.642589 0.109093 0.0496849 0.0594082 0.000367957 0 1.12357e-05 1.76331e-08 0 12.5019588470459 7.345518589019775 24.84242057800293
1.001 1.00077 0.64153 0.0974621 0.0507346 0.0467275 0.00186541 1.25765e-05 7.94765e-06 0.00243821 0 12.51104068756104 7.484302043914795 24.86959838867188
1.00124 1.00025 0.640971 0.090043 0.0505044 0.0395386 0.00210688 1.90835e-05 8.17964e-07 0.00253829 0 12.51923370361328 7.67088794708252 24.93601608276367
1.00069 1.00036 0.641569 0.0839733 0.0502718 0.0337015 0.00256116 5.91373e-06 1.72838e-06 0.00236626 0 12.52475357055664 7.846538066864014 24.98884201049805
1.00045 1.00058 0.641942 0.0791826 0.0501805 0.0290021 0.00242022 2.5364e-06 4.55937e-06 0.00247297 0 12.53461742401123 8.009415626525879 25.07302284240723
1.00008 1.00097 0.642548 0.0742728 0.0488525 0.0254203 0.00184008 7.18723e-08 1.25007e-05 0.00221727 0 12.53641605377197 8.14256477355957 25.17054557800293
0.999754 1.00127 0.643055 0.070399 0.0478306 0.0225684 0.00192942 7.56953e-07 2.16541e-05 0.00173458 0 12.53711128234863 8.259538650512695 25.24603271484375
0.99941 1.00127 0.643384 0.0675542 0.0469475 0.0206066 0.0020097 4.35121e-06 2.14733e-05 0.00213328 0 12.53479194641113 8.363479614257812 25.23885726928711
0.999435 1.00143 0.643463 0.0669872 0.0472455 0.0197417 0.00177249 3.98878e-06 2.72899e-05 0.00303854 0 12.52912712097168 8.456977844238281 25.28399848937988
0.999625 1.00168 0.64344 0.0671582 0.0473104 0.0198478 0.00127505 1.76101e-06 3.75762e-05 0.00323216 0 12.52493572235107 8.549062728881836 25.35849952697754
0.999682 1.00152 0.643285 0.0673583 0.0477537 0.0196046 0.000916882 1.26116e-06 3.09673e-05 0.00263972 0 12.52085971832275 8.639633178710938 25.41001319885254
0.999698 1.00141 0.643199 0.0675286 0.0478743 0.0196544 0.000788384 1.14105e-06 2.6643e-05 0.00205142 0 12.51449966430664 8.880938529968262 25.36727333068848
0.999679 1.00167 0.643382 0.0671377 0.0476308 0.0195069 0.000706168 1.28588e-06 3.72411e-05 0.00251154 0 12.51741123199463 9.848551750183105 25.2522144317627
0.999618 1.00136 0.643241 0.0673893 0.0479418 0.0194475 0.000617806 1.82491e-06 2.46395e-05 0.00278446 0 12.51056003570557 10.70520496368408 25.13589286804199
0.999646 1.0012 0.643114 0.0678784 0.0486144 0.019264 0.000669425 1.56508e-06 1.93389e-05 0.002497 0 12.5075855255127 11.44901084899902 25.09028053283691
0.999698 1.00155 0.643287 0.0676332 0.0484553 0.0191779 0.000658539 1.13739e-06 3.21112e-05 0.00338565 0 12.50291156768799 12.0580997467041 24.42625617980957
0.999679 1.00162 0.643349 0.0668849 0.0478977 0.0189871 0.000863108 1.29107e-06 3.49083e-05 0.00296423 0 12.49888610839844 12.57433891296387 23.915283203125
0.999683 1.00164 0.643361 0.0664786 0.0476715 0.018807 0.000584124 1.25566e-06 3.60455e-05 0.00228166 0 12.49458885192871 12.94899654388428 23.4737720489502
0.999691 1.0016 0.643327 0.0663112 0.0477805 0.0185307 0.000615884 1.19153e-06 3.42654e-05 0.00174831 0 12.49490165710449 13.11907768249512 23.62277984619141
0.999546 1.00156 0.643439 0.0658599 0.0476189 0.018241 0.000448801 2.5802e-06 3.24299e-05 0.00165527 0 12.49726486206055 13.09724903106689 23.65519523620605
0.999462 1.00162 0.643557 0.0655004 0.0476153 0.0178852 0.000476671 3.61406e-06 3.48784e-05 0.00113942 0 12.49798107147217 13.14541625976562 23.87683868408203
0.999426 1.00161 0.643586 0.0650541 0.0475928 0.0174614 0.00051183 4.11576e-06 3.45047e-05 0.000845704 0 12.49818801879883 13.13544082641602 23.93712997436523
0.999393 1.0016 0.643616 0.0647664 0.0478015 0.0169648 0.000636804 4.61286e-06 3.43123e-05 0.000985215 0 12.49795150756836 13.16497707366943 23.81542587280273
0.99931 1.00157 0.643673 0.0643552 0.0479386 0.0164166 0.000569291 5.95164e-06 3.28004e-05 0.00117651 0 12.4971866607666 13.17709636688232 23.97090911865234
0.999254 1.00163 0.643766 0.063854 0.0480629 0.0157911 0.000887995 6.96341e-06 3.53697e-05 0.00060897 0 12.49753761291504 13.21385192871094 24.30716705322266
0.999201 1.00162 0.64381 0.0638421 0.0486924 0.0151497 0.00237307 7.97311e-06 3.4975e-05 0.000973752 0 12.49818706512451 13.23101043701172 24.22765922546387
0.999284 1.00158 0.643707 0.0637296 0.0491786 0.014551 0.00128378 6.41486e-06 3.3355e-05 0.000805216 0 12.49794483184814 13.26968002319336 23.9488582611084
0.998929 1.00183 0.644212 0.0631375 0.0491646 0.0139729 0.00157832 1.43298e-05 4.49019e-05 0.00212415 0 12.4980001449585 13.30628776550293 23.83576965332031
0.999018 1.00169 0.644031 0.0627573 0.0493992 0.0133581 0.00135819 1.20609e-05 3.79001e-05 0.000910391 0 12.49810600280762 13.36278057098389 23.8902473449707
0.999024 1.00178 0.644087 0.0621237 0.0493721 0.0127516 0.00103009 1.19148e-05 4.23609e-05 0.000827872 0 12.49628257751465 13.42304039001465 23.80945205688477
0.998921 1.00172 0.644144 0.0617614 0.0496113 0.0121501 0.000935624 1.45656e-05 3.92715e-05 0.00129445 0 12.49523448944092 13.49734306335449 23.80765342712402
0.998906 1.00168 0.644137 0.0617979 0.0502471 0.0115508 0.00136873 1.49675e-05 3.77649e-05 0.00151953 0 12.49478054046631 13.58657550811768 23.79638290405273
0.998719 1.00174 0.644356 0.0611002 0.0501243 0.0109759 0.00124037 2.05116e-05 4.04613e-05 0.00126744 0 12.49436283111572 13.69244575500488 23.90076446533203
0.99891 1.00164 0.644107 0.0612343 0.0508472 0.0103872 0.00100045 1.48469e-05 3.59996e-05 0.00142576 0 12.49334144592285 13.81133460998535 23.96928977966309
0.998784 1.00172 0.644281 0.0600578 0.0501978 0.00986003 0.000959452 1.84909e-05 3.96114e-05 0.00093682 0 12.49263763427734 13.94926738739014 24.03144454956055
0.998913 1.00176 0.644182 0.0602846 0.0509295 0.00935513 0.000803451 1.47623e-05 4.14881e-05 0.00158477 0 12.49197673797607 14.09355735778809 24.3461971282959
0.99898 1.00182 0.644153 0.0604369 0.051562 0.00887492 0.000945936 1.3015e-05 4.40848e-05 0.00145082 0 12.49300861358643 14.23055458068848 24.58932495117188
0.99885 1.00161 0.644144 0.0595927 0.0510971 0.0084956 0.00139391 1.65253e-05 3.45591e-05 0.00229162 0 12.48857593536377 14.36699962615967 24.58229064941406
0.999106 1.00164 0.643913 0.0594765 0.051307 0.00816946 0.001065 9.98949e-06 3.5679e-05 0.000689269 0 12.48967838287354 14.51366710662842 24.69959259033203
0.999169 1.00141 0.643706 0.0589082 0.0509729 0.00793526 0.00109316 8.63222e-06 2.64548e-05 0.000500817 0 12.48975467681885 14.66194534301758 24.6860408782959
0.99925 1.00139 0.643614 0.0588692 0.0511383 0.00773096 0.000745224 7.0287e-06 2.56455e-05 0.00051902 0 12.48846435546875 14.8128833770752 24.80564308166504
0.999379 1.0013 0.643434 0.0586739 0.0511287 0.0075452 0.000612138 4.82561e-06 2.25499e-05 0.000480709 0 12.48828506469727 14.96676635742188 25.1235294342041
0.999502 1.001 0.643121 0.0588831 0.0515012 0.00738184 0.000875196 3.09665e-06 1.33115e-05 0.000647784 0 12.4859504699707 15.11866188049316 25.06214332580566
0.9996 1.00097 0.643011 0.0586083 0.0513117 0.00729662 0.000644314 1.99848e-06 1.26808e-05 0.000888897 0 12.48833656311035 15.27725410461426 25.42358016967773
0.999668 1.00099 0.642958 0.0590239 0.0518048 0.00721904 0.00083545 1.3742e-06 1.31997e-05 0.00125046 0 12.48675441741943 15.42397785186768 25.09889984130859
0.999858 1.00094 0.642738 0.0589154 0.0517389 0.00717654 0.000547849 2.51131e-07 1.169e-05 0.000627911 0 12.48837757110596 15.56754970550537 25.46475028991699
0.99974 1.00078 0.642753 0.0587439 0.051579 0.00716486 0.000556958 8.46288e-07 8.16702e-06 0.00102965 0 12.48921680450439 15.70792007446289 25.78101348876953
0.999918 1.00096 0.642698 0.0587362 0.0516046 0.0071317 0.000581468 8.36884e-08 1.23911e-05 0.00107382 0 12.48758506774902 15.82196998596191 25.54856491088867
0.999853 1.00088 0.642709 0.0590186 0.0519034 0.00711518 0.00118972 2.70673e-07 1.04098e-05 0.00216259 0 12.49078941345215 15.92113018035889 25.65351867675781
0.999873 1.00081 0.642644 0.0584275 0.051329 0.00709845 0.000745725 2.0248e-07 8.80348e-06 0.000545773 0 12.49156951904297 15.99390983581543 25.48646354675293
0.999872 1.00077 0.642616 0.0585255 0.0514586 0.0070669 0.000507994 2.03791e-07 7.87138e-06 0.00111879 0 12.49257850646973 16.0582103729248 25.56914901733398
0.999965 1.00076 0.642523 0.0586461 0.0515841 0.00706201 0.000500413 1.50152e-08 7.77545e-06 0.000654775 0 12.49419403076172 16.1172981262207 25.56439208984375
0.999933 1.00084 0.642602 0.0585874 0.0515182 0.0070692 0.000447729 5.65263e-08 9.32883e-06 0.000485582 0 12.49574279785156 16.16983032226562 25.75061225891113
1 1.00084 0.64254 0.0589158 0.051849 0.00706679 0.000397125 5.5147e-11 9.52401e-06 0.000336802 0 12.49695491790771 16.19740295410156 25.65584373474121
0.999877 1.00081 0.642638 0.0585174 0.0514433 0.00707414 0.000373451 1.90252e-07 8.73213e-06 0.000585419 0 12.49781513214111 16.22267913818359 25.90241813659668
0.999892 1.00079 0.642609 0.0587466 0.0516815 0.00706514 0.000903233 1.46467e-07 8.23102e-06 0.000833649 0 12.50018405914307 16.23624038696289 25.86943054199219
0.999938 1.00081 0.642577 0.0588703 0.0518021 0.00706814 0.000799248 4.73494e-08 8.68364e-06 0.00136574 0 12.49870204925537 16.24037170410156 25.78950500488281
0.999833 1.00074 0.642636 0.0584772 0.0514025 0.00707468 0.000514955 3.49245e-07 7.29941e-06 0.000667395 0 12.50093841552734 16.25091361999512 25.80227088928223
0.999842 1.00085 0.642695 0.0588427 0.0517745 0.00706813 0.000450718 3.11879e-07 9.52926e-06 0.0017041 0 12.50012493133545 16.25654029846191 25.95174026489258
0.99988 1.00088 0.642682 0.0583953 0.0513266 0.00706869 0.000367337 1.78656e-07 1.04066e-05 0.000526225 0 12.50037860870361 16.26204299926758 25.66451454162598
0.9999 1.00095 0.642708 0.058797 0.0517311 0.00706587 0.000397075 1.25305e-07 1.21143e-05 0.00116341 0 12.50035953521729 16.27252388000488 25.72930145263672
0.999731 1.00069 0.6427 0.0589425 0.0518682 0.00707423 0.000578715 9.02268e-07 6.29844e-06 0.00150333 0 12.50152683258057 16.2739315032959 25.79205703735352
0.999915 1.00092 0.64267 0.0590301 0.0519669 0.00706315 0.000445659 9.07249e-08 1.12057e-05 0.00119662 0 12.50111484527588 16.27161979675293 25.75911903381348
0.999722 1.00064 0.642679 0.0589355 0.0518914 0.00704404 0.000678796 9.65357e-07 5.46321e-06 0.00135435 0 12.50198268890381 16.27224922180176 25.92448043823242
0.999959 1.00092 0.64263 0.0588329 0.0517959 0.00703704 0.000437873 2.06018e-08 1.13154e-05 0.000776667 0 12.50042915344238 16.27009773254395 25.72164726257324
0.999912 1.00081 0.642603 0.0593578 0.0523414 0.00701642 0.000451544 9.64258e-08 8.69124e-06 0.00104323 0 12.50060081481934 16.27306175231934 25.84074974060059
1.00002 1.00089 0.642552 0.0588446 0.0518498 0.00699483 0.000390276 6.03811e-09 1.06432e-05 0.000507481 0 12.50119018554688 16.27195358276367 25.90106010437012
0.999873 1.00083 0.642655 0.0584821 0.0515016 0.00698047 0.000349274 2.02729e-07 9.17446e-06 0.000437092 0 12.49987316131592 16.2700309753418 25.70122718811035
0.999849 1.00085 0.64269 0.0581988 0.0512331 0.00696568 0.000371661 2.86164e-07 9.59043e-06 0.000685074 0 12.49999904632568 16.27218627929688 25.88727951049805
0.999827 1.0007 0.642614 0.058686 0.0517352 0.00695078 0.000349726 3.7414e-07 6.47534e-06 0.000470282 0 12.50047302246094 16.27190780639648 25.66331481933594
0.999995 1.00094 0.642609 0.0584046 0.0514662 0.00693848 0.000307673 2.70329e-10 1.18219e-05 0.00024998 0 12.50070762634277 16.27280807495117 25.86555480957031
0.999897 1.0008 0.642612 0.0585557 0.051623 0.00693265 0.000396518 1.3272e-07 8.50958e-06 0.000465447 0 12.49860382080078 16.27041625976562 25.93411636352539
0.999958 1.001 0.642683 0.0583546 0.0514336 0.00692103 0.000371472 2.19821e-08 1.33495e-05 0.000676476 0 12.50089836120605 16.27366638183594 25.98346138000488
0.999812 1.00092 0.642772 0.0582481 0.0513196 0.00692851 0.000499091 4.41082e-07 1.13113e-05 0.000410301 0 12.49849033355713 16.28049278259277 25.94570922851562
0.999791 1.00084 0.642742 0.0584013 0.0514807 0.00692064 0.000515209 5.45506e-07 9.44687e-06 0.000470725 0 12.5014591217041 16.28224945068359 25.89791679382324
0.99972 1.00091 0.642856 0.0581794 0.0512629 0.00691649 0.000386073 9.83053e-07 1.10841e-05 0.000830249 0 12.50086498260498 16.28924369812012 26.17070960998535
0.99984 1.00091 0.642738 0.0585417 0.0516447 0.00689699 0.000369431 3.21848e-07 1.10297e-05 0.000322442 0 12.50223731994629 16.29619979858398 25.92491912841797
0.999796 1.00084 0.642734 0.0582294 0.0513486 0.00688086 0.000578932 5.21326e-07 9.35349e-06 0.000452182 0 12.50036716461182 16.30134010314941 25.75081062316895
0.999874 1.00101 0.642768 0.0582264 0.0513589 0.00686746 0.00060539 1.98814e-07 1.35336e-05 0.000360397 0 12.50007343292236 16.30634498596191 25.61655235290527
0.999762 1.00095 0.642838 0.0581073 0.0512551 0.00685218 0.000515338 7.07356e-07 1.20082e-05 0.000671296 0 12.4998025894165 16.3113899230957 25.86760330200195
0.999759 1.00093 0.642832 0.0582941 0.0514566 0.00683748 0.000449805 7.25361e-07 1.1626e-05 0.000707779 0 12.5019063949585 16.31512260437012 25.73306846618652
0.999779 1.001 0.642854 0.0582402 0.0514102 0.00682996 0.000532284 6.08399e-07 1.33268e-05 0.000151454 0 12.50066471099854 16.31731414794922 25.81152153015137
0.999762 1.00102 0.642882 0.0581588 0.0513306 0.00682823 0.000446205 7.06449e-07 1.37782e-05 0.00041861 0 12.50143527984619 16.32106590270996 25.7167854309082
0.999602 1.00098 0.643014 0.058019 0.05119 0.006829 0.000436111 1.97566e-06 1.28623e-05 0.000616998 0 12.49960803985596 16.31889343261719 25.65978240966797
0.999648 1.00089 0.642909 0.0583638 0.0515519 0.0068119 0.000403717 1.546e-06 1.05079e-05 0.000367067 0 12.49935054779053 16.32158470153809 25.74033546447754
0.999694 1.00103 0.642955 0.0580175 0.0512358 0.00678175 0.0005731 1.16807e-06 1.41115e-05 0.000257042 0 12.49844837188721 16.32315254211426 25.6314868927002
0.999557 1.00102 0.643081 0.0578218 0.0510548 0.00676693 0.000957957 2.45365e-06 1.38177e-05 0.000571079 0 12.49995517730713 16.32943725585938 25.82235908508301
0.999628 1.00101 0.643009 0.0578675 0.0511287 0.00673877 0.000577661 1.73286e-06 1.36956e-05 0.000465053 0 12.49940586090088 16.33497619628906 25.67427825927734
0.999769 1.00099 0.642859 0.0579231 0.0512139 0.00670923 0.000695352 6.64424e-07 1.31437e-05 0.000656227 0 12.50037956237793 16.33930587768555 25.67947959899902
0.999599 1.00099 0.643021 0.0578045 0.0511059 0.00669866 0.000528304 2.00636e-06 1.30312e-05 0.000481361 0 12.49899578094482 16.34473037719727 25.62755393981934
0.999714 1.001 0.642918 0.0579867 0.0513125 0.00667427 0.000493831 1.02254e-06 1.33545e-05 0.000383607 0 12.49894905090332 16.34968948364258 25.72828483581543
0.999619 1.00101 0.643016 0.0576831 0.0510095 0.00667362 0.00044478 1.81608e-06 1.36104e-05 0.00038166 0 12.49920558929443 16.35219573974609 25.70511627197266
0.999633 1.00108 0.643045 0.0581064 0.0514445 0.00666197 0.000690381 1.68601e-06 1.54323e-05 0.000959997 0 12.49898719787598 16.35281562805176 25.66530418395996
0.999563 1.00091 0.643005 0.0579002 0.0512435 0.00665663 0.000494027 2.38661e-06 1.10255e-05 0.00106627 0 12.49698638916016 16.35292434692383 25.59501647949219
0.999675 1.00097 0.642935 0.05779 0.0511709 0.00661904 0.00057613 1.32092e-06 1.25236e-05 0.000716501 0 12.49755859375 16.35860061645508 25.77597808837891
0.999701 1.00099 0.642927 0.0583001 0.0516913 0.00660886 0.000655263 1.12063e-06 1.31746e-05 0.000897461 0 12.49814319610596 16.36871910095215 25.61788558959961
0.999635 1.00105 0.643029 0.0576201 0.0510213 0.00659885 0.000664354 1.66246e-06 1.48404e-05 0.00144896 0 12.49642658233643 16.37406158447266 25.52740287780762
0.999798 1.00097 0.64282 0.0583928 0.0518121 0.00658075 0.000628515 5.1186e-07 1.26419e-05 0.000536978 0 12.49730491638184 16.38347816467285 25.5643367767334
0.999692 1.00104 0.642965 0.0578106 0.0512495 0.00656118 0.00059182 1.18844e-06 1.44402e-05 0.000939631 0 12.4990758895874 16.39322471618652 25.60694313049316
0.999614 1.00098 0.643002 0.0576134 0.0510548 0.0065586 0.000625112 1.8648e-06 1.28474e-05 0.00095097 0 12.49695491790771 16.397216796875 25.55294418334961
0.999663 1.00114 0.643057 0.0576999 0.0511346 0.00656534 0.000526176 1.41832e-06 1.7363e-05 0.00050813 0 12.49838638305664 16.40529441833496 25.65623092651367
0.999554 1.00114 0.643164 0.0573149 0.0507474 0.00656754 0.000559472 2.49074e-06 1.74354e-05 0.000722057 0 12.49719619750977 16.40573501586914 25.50476264953613
0.999477 1.00103 0.643168 0.0574958 0.0509288 0.006567 0.000539868 3.41501e-06 1.42693e-05 0.000790995 0 12.49736404418945 16.4096851348877 25.72223091125488
0.999453 1.00116 0.643274 0.0572207 0.0506588 0.00656194 0.000595628 3.73801e-06 1.80262e-05 0.00195978 0 12.49650001525879 16.41168785095215 25.62177467346191
0.999498 1.00124 0.64328 0.0573538 0.0508032 0.00655061 0.00114478 3.15418e-06 2.04796e-05 0.00100404 0 12.49789905548096 16.4243221282959 25.58547401428223
0.999498 1.00117 0.643233 0.0574229 0.0508861 0.00653678 0.000602223 3.14488e-06 1.81694e-05 0.000591362 0 12.49821662902832 16.42776107788086 25.84565544128418
0.999506 1.00104 0.643142 0.0573218 0.0507913 0.00653045 0.000653222 3.05145e-06 1.43523e-05 0.000984551 0 12.49740028381348 16.43134498596191 25.51063919067383
0.999562 1.00114 0.643157 0.0573113 0.0507845 0.00652689 0.000646012 2.4004e-06 1.74695e-05 0.00101333 0 12.49942970275879 16.43720626831055 25.90603446960449
0.999489 1.00115 0.643231 0.0575122 0.0509768 0.00653539 0.000595255 3.26928e-06 1.75997e-05 0.00107387 0 12.49810409545898 16.44419860839844 25.62473678588867
0.999448 1.00117 0.643284 0.0573336 0.0507855 0.0065481 0.000746314 3.81131e-06 1.82597e-05 0.00164122 0 12.49713039398193 16.44526672363281 25.52739906311035
0.999583 1.00127 0.643215 0.056978 0.0504144 0.00656359 0.000726142 2.17153e-06 2.13966e-05 0.000690585 0 12.49774932861328 16.44282722473145 25.56727981567383
0.999371 1.00122 0.643392 0.0566947 0.0501164 0.00657826 0.000634353 4.94492e-06 1.99419e-05 0.000237301 0 12.4963846206665 16.44232177734375 25.37370491027832
0.999336 1.00129 0.643466 0.0566056 0.0500352 0.00657037 0.000660887 5.51385e-06 2.20492e-05 0.000391136 0 12.49542808532715 16.44268035888672 25.46441650390625
0.999343 1.00117 0.643383 0.0567603 0.0501968 0.0065635 0.000532055 5.39863e-06 1.81381e-05 0.000299466 0 12.49512577056885 16.44448471069336 25.32939529418945
0.999395 1.00121 0.643358 0.0566927 0.0501388 0.00655395 0.000538469 4.58245e-06 1.93751e-05 0.000997129 0 12.49567794799805 16.44829177856445 25.4016227722168
0.999352 1.00113 0.643352 0.0567745 0.0502207 0.00655379 0.00046918 5.24559e-06 1.71167e-05 0.000947899 0 12.49568843841553 16.45306396484375 25.44303131103516
0.999408 1.00119 0.643335 0.0563549 0.0498099 0.00654498 0.000611806 4.38617e-06 1.88514e-05 0.000638241 0 12.49578857421875 16.45523262023926 25.39565658569336
0.999427 1.00123 0.643341 0.0564202 0.0498768 0.00654342 0.000668995 4.10431e-06 2.00925e-05 0.00107712 0 12.49648475646973 16.45634269714355 25.39221572875977
0.999406 1.00123 0.643362 0.0565339 0.0499854 0.00654851 0.0006634 4.41818e-06 2.01059e-05 0.000417327 0 12.49557876586914 16.45355796813965 25.48841667175293
0.999327 1.00126 0.643455 0.0567368 0.050176 0.00656083 0.00123739 5.65762e-06 2.1026e-05 0.000827921 0 12.4950590133667 16.44926643371582 25.39274597167969
0.999327 1.00136 0.643521 0.056464 0.0498936 0.00657043 0.0014969 5.66211e-06 2.4575e-05 0.000819866 0 12.49674320220947 16.4436206817627 25.20721054077148
0.999158 1.00145 0.643742 0.0562079 0.0496295 0.00657846 0.000972857 8.86704e-06 2.7941e-05 0.00118286 0 12.49409484863281 16.43904876708984 25.05819320678711
0.999211 1.00153 0.643741 0.0567322 0.0501777 0.00655456 0.00114058 7.78487e-06 3.1045e-05 0.00119185 0 12.4936580657959 16.44184303283691 25.01759147644043
0.99939 1.00127 0.643401 0.0562402 0.0497002 0.00653998 0.000799204 4.64676e-06 2.13818e-05 0.000577963 0 12.49374103546143 16.44418716430664 25.09841728210449
0.999257 1.00128 0.643538 0.0562767 0.0497246 0.00655211 0.000747706 6.90348e-06 2.18125e-05 0.000829302 0 12.49438858032227 16.44737243652344 25.06940460205078
0.99933 1.00122 0.64343 0.0566864 0.0501398 0.00654653 0.000763988 5.60778e-06 1.98783e-05 0.00116241 0 12.49385929107666 16.44751930236816 25.11033248901367
0.999345 1.00137 0.643513 0.0559505 0.0493909 0.00655956 0.000877818 5.35827e-06 2.51309e-05 0.00122605 0 12.49455738067627 16.45042991638184 24.90493011474609
0.999329 1.00131 0.643488 0.055785 0.0492097 0.00657527 0.000558628 5.62475e-06 2.29032e-05 0.000797456 0 12.49479866027832 16.4509220123291 24.93837547302246
0.999347 1.00125 0.643431 0.055969 0.0493834 0.00658552 0.000535068 5.32554e-06 2.07624e-05 0.000791211 0 12.49453544616699 16.4492244720459 24.99270057678223
0.999301 1.00124 0.643468 0.055681 0.0490847 0.00659625 0.000975683 6.10022e-06 2.0398e-05 0.000809887 0 12.49355316162109 16.44515800476074 25.08799362182617
0.999301 1.00138 0.643564 0.0554783 0.0488716 0.00660671 0.000660518 6.10969e-06 2.55859e-05 0.000794749 0 12.49353885650635 16.44183731079102 24.94679832458496
0.999256 1.00137 0.643597 0.0552579 0.0486492 0.00660863 0.000729371 6.91674e-06 2.49997e-05 0.000453647 0 12.49143886566162 16.43945693969727 24.81472587585449
0.999222 1.00133 0.643606 0.0551965 0.0485863 0.00661026 0.000765775 7.56203e-06 2.36747e-05 0.000434649 0 12.49209594726562 16.44757080078125 25.08883285522461
0.999185 1.00127 0.643604 0.055165 0.0485457 0.00661932 0.000748303 8.30284e-06 2.16447e-05 0.000281981 0 12.4943323135376 16.45221328735352 24.85010719299316
0.999186 1.00118 0.643546 0.0552065 0.0485912 0.00661527 0.00101762 8.29333e-06 1.86949e-05 0.000824997 0 12.49267482757568 16.44830513000488 24.86228942871094
0.999227 1.0013 0.643584 0.0551893 0.0485687 0.00662057 0.000689392 7.47823e-06 2.26817e-05 0.00144783 0 12.4935884475708 16.45006942749023 25.06993293762207
0.999418 1.0013 0.643397 0.0556703 0.0490668 0.00660355 0.000830012 4.2375e-06 2.25624e-05 0.000654835 0 12.49377727508545 16.4455509185791 24.69545745849609
0.999248 1.00129 0.643552 0.055377 0.0487621 0.00661488 0.0006149 7.06419e-06 2.20972e-05 0.000965981 0 12.49357986450195 16.44015121459961 24.60482597351074
0.999283 1.00133 0.643546 0.0548899 0.0482761 0.0066138 0.00083322 6.42782e-06 2.35865e-05 0.00036286 0 12.49379444122314 16.43658828735352 24.69172859191895
0.999204 1.00124 0.643566 0.0549399 0.0483319 0.00660799 0.00111028 7.9145e-06 2.06047e-05 0.000634374 0 12.49323081970215 16.43300247192383 24.54236030578613
0.999351 1.00144 0.643549 0.0549784 0.0483737 0.00660476 0.00090217 5.26968e-06 2.75532e-05 0.000744373 0 12.49321937561035 16.42940521240234 24.43580055236816
0.999358 1.00122 0.643405 0.0548433 0.0482454 0.00659784 0.000984162 5.15724e-06 1.99816e-05 0.000648147 0 12.49266052246094 16.42884826660156 24.32463455200195
0.999268 1.00119 0.643471 0.0544789 0.047886 0.0065929 0.00074234 6.69692e-06 1.89333e-05 0.000163328 0 12.4922342300415 16.42837142944336 24.29311943054199
0.999351 1.0012 0.643397 0.0546212 0.0480314 0.00658976 0.000648552 5.26966e-06 1.92321e-05 0.000264231 0 12.4917688369751 16.42534828186035 24.27285957336426
0.999325 1.00126 0.643457 0.054454 0.0478568 0.0065972 0.000618749 5.68972e-06 2.10277e-05 0.000262204 0 12.49176979064941 16.42673110961914 24.29559707641602
0.999337 1.00126 0.643449 0.0544594 0.0478632 0.00659614 0.000541327 5.49528e-06 2.12051e-05 0.000405677 0 12.49228954315186 16.42481422424316 24.28434944152832
0.999163 1.00118 0.643564 0.0544384 0.047832 0.00660637 0.00058177 8.75771e-06 1.85019e-05 0.00039241 0 12.49467945098877 16.43022346496582 24.53338241577148
0.999259 1.00125 0.643519 0.0542127 0.0476125 0.00660023 0.000712148 6.8697e-06 2.08929e-05 0.000238233 0 12.49256038665771 16.42671585083008 24.38105010986328
0.999143 1.0013 0.643662 0.0543707 0.0477657 0.00660505 0.000665156 9.18322e-06 2.25497e-05 0.000359756 0 12.492995262146 16.42700958251953 24.13808250427246
0.99937 1.00138 0.643494 0.0542069 0.0476227 0.00658418 0.000761333 4.96238e-06 2.54056e-05 0.000700261 0 12.49202346801758 16.4291877746582 24.16596412658691
0.999362 1.00127 0.643433 0.0541448 0.0475626 0.00658219 0.000981186 5.09184e-06 2.16107e-05 0.000728449 0 12.49384021759033 16.42996025085449 24.18683433532715
0.999265 1.00135 0.643578 0.0541562 0.0475662 0.00658994 0.00103259 6.76191e-06 2.44054e-05 0.000762863 0 12.49392318725586 16.43231773376465 24.12271881103516
0.999219 1.0012 0.643523 0.0540722 0.0474903 0.00658185 0.000783429 7.62365e-06 1.91609e-05 0.000503235 0 12.49280738830566 16.43422508239746 23.94299697875977
0.999154 1.00144 0.643741 0.0539458 0.0473495 0.00659622 0.000674367 8.9446e-06 2.76555e-05 0.000736459 0 12.49384689331055 16.43512535095215 24.01573181152344
0.999269 1.00137 0.643587 0.0537786 0.0471972 0.00658141 0.000666089 6.67858e-06 2.5136e-05 0.000302802 0 12.49352264404297 16.43261337280273 23.92841148376465
0.99925 1.00135 0.643591 0.0537647 0.0471852 0.00657958 0.000772089 7.03274e-06 2.43582e-05 0.000179262 0 12.49367141723633 16.4329719543457 23.93159294128418
0.999175 1.00134 0.643654 0.0537168 0.0471293 0.00658759 0.000957612 8.50179e-06 2.38502e-05 0.000309344 0 12.49149703979492 16.42983055114746 23.91599464416504
0.999206 1.00146 0.643705 0.053922 0.0473443 0.00657764 0.000764871 7.87551e-06 2.85325e-05 0.000192525 0 12.49270534515381 16.43172264099121 23.80621910095215
0.999211 1.00141 0.64367 0.0537986 0.0472331 0.00656543 0.000815007 7.79136e-06 2.66607e-05 0.000456732 0 12.49124336242676 16.4303150177002 23.88283729553223
0.999121 1.00144 0.643771 0.0535679 0.0470089 0.00655902 0.000714145 9.66963e-06 2.75409e-05 0.00063277 0 12.49408435821533 16.4370059967041 23.81138038635254
0.999178 1.00139 0.643689 0.0539737 0.0474268 0.00654695 0.000754544 8.4497e-06 2.59362e-05 0.00054829 0 12.49397563934326 16.43770980834961 23.78129768371582
0.999156 1.00134 0.643672 0.0535753 0.047044 0.00653129 0.000902743 8.89811e-06 2.383e-05 0.000951718 0 12.49276447296143 16.43525695800781 23.78312110900879
0.999109 1.00135 0.643729 0.0535993 0.0470742 0.0065251 0.000680304 9.92346e-06 2.44158e-05 0.000560608 0 12.4921989440918 16.43814659118652 23.74517250061035
0.999086 1.00134 0.643742 0.0536448 0.0471252 0.00651966 0.000621982 1.0437e-05 2.39456e-05 0.000749721 0 12.49137687683105 16.43335914611816 23.67476081848145
0.999215 1.00135 0.643622 0.0534049 0.0469056 0.00649928 0.000506106 7.6966e-06 2.42132e-05 0.000184825 0 12.49281787872314 16.43819236755371 23.59861373901367
0.999126 1.0014 0.643739 0.0537439 0.0472433 0.00650064 0.000525923 9.54335e-06 2.59798e-05 0.000293816 0 12.49258232116699 16.43885803222656 23.59258651733398
0.999111 1.00148 0.643807 0.0536205 0.0471217 0.00649887 0.00069221 9.87142e-06 2.91475e-05 0.000478571 0 12.49164867401123 16.4362678527832 23.56462097167969
0.999244 1.00139 0.64362 0.0534559 0.0469808 0.00647516 0.000982379 7.14291e-06 2.56552e-05 0.000985635 0 12.49203968048096 16.43962669372559 23.67216300964355
0.999266 1.00134 0.643568 0.0534981 0.0470336 0.00646454 0.000933442 6.74059e-06 2.39102e-05 0.000607408 0 12.49209117889404 16.44382476806641 23.61657524108887
0.99913 1.00143 0.643755 0.0531762 0.0467092 0.006467 0.000722702 9.4587e-06 2.71084e-05 0.00061685 0 12.490966796875 16.44622993469238 23.50441360473633
0.999063 1.00134 0.643765 0.0531096 0.0466534 0.0064562 0.000886392 1.0986e-05 2.39552e-05 0.00078042 0 12.49168395996094 16.45028495788574 23.71337127685547
0.999224 1.00135 0.643614 0.0533075 0.0468721 0.00643543 0.000735508 7.53101e-06 2.41891e-05 0.000395541 0 12.49142074584961 16.45573234558105 23.52202415466309
0.99922 1.00133 0.643609 0.0533101 0.0468897 0.00642042 0.000712977 7.59964e-06 2.37307e-05 0.000306967 0 12.49082374572754 16.45798683166504 23.5371208190918
0.999245 1.0013 0.643562 0.0533167 0.0469092 0.00640747 0.00184366 7.12183e-06 2.24931e-05 0.000554579 0 12.49053764343262 16.45991706848145 23.56258773803711
0.999297 1.00151 0.643649 0.053456 0.0470723 0.00638375 0.00101148 6.18485e-06 3.04316e-05 0.00133711 0 12.49214649200439 16.46668434143066 23.45277786254883
0.99919 1.00145 0.643712 0.0532139 0.0468379 0.00637596 0.000731789 8.19675e-06 2.80413e-05 0.00112943 0 12.49103736877441 16.46641540527344 23.62165451049805
0.999153 1.00137 0.643697 0.0532958 0.0469325 0.00636331 0.000734349 8.96813e-06 2.5013e-05 0.000545687 0 12.49085140228271 16.46705627441406 23.56083297729492
0.999243 1.00143 0.643649 0.0531396 0.046789 0.00635065 0.000766945 7.1621e-06 2.73071e-05 0.000649015 0 12.49251174926758 16.47499084472656 23.49039840698242
0.999205 1.00136 0.643643 0.0529763 0.0466363 0.00634005 0.000674196 7.89178e-06 2.48202e-05 0.000508116 0 12.49278831481934 16.47863006591797 23.51678848266602
0.99927 1.00141 0.643609 0.0533661 0.0470379 0.00632824 0.000715209 6.66979e-06 2.64275e-05 0.000653752 0 12.49108409881592 16.47807502746582 23.3546085357666
0.999174 1.00133 0.643653 0.052981 0.0466586 0.00632233 0.00061791 8.53725e-06 2.36995e-05 0.000730694 0 12.49023532867432 16.48196220397949 23.32669258117676
0.999252 1.00137 0.643602 0.0532952 0.0469886 0.00630656 0.000606688 7.00237e-06 2.50697e-05 0.000812564 0 12.49225807189941 16.48885154724121 23.43604850769043
0.999169 1.00133 0.643658 0.0531502 0.0468483 0.00630195 0.000574691 8.64324e-06 2.36827e-05 0.000649188 0 12.49221324920654 16.49408149719238 23.4448413848877
0.999345 1.00137 0.643508 0.053205 0.0469238 0.00628124 0.000581067 5.35927e-06 2.4869e-05 0.000305279 0 12.49252033233643 16.49855041503906 23.45461082458496
0.999191 1.00133 0.643633 0.0530608 0.0467715 0.00628935 0.000633632 8.17484e-06 2.35484e-05 0.000564259 0 12.4931640625 16.50672721862793 23.53612899780273
0.99919 1.0014 0.643681 0.053 0.0467138 0.00628617 0.000591356 8.20453e-06 2.61683e-05 0.00108033 0 12.49183368682861 16.50967979431152 23.41896438598633
0.999329 1.00155 0.643644 0.0530104 0.0467336 0.0062768 0.000494892 5.62803e-06 3.21634e-05 0.000888564 0 12.49138069152832 16.51420021057129 23.46622848510742
0.999151 1.00117 0.643572 0.0535023 0.0472255 0.00627675 0.000543681 9.00962e-06 1.83564e-05 0.00096052 0 12.49249649047852 16.51842880249023 23.39447593688965
0.999248 1.00125 0.643529 0.053226 0.046972 0.00625402 0.000622043 7.07668e-06 2.08758e-05 0.000821691 0 12.49203681945801 16.52224731445312 23.31813430786133
0.999341 1.00145 0.643566 0.0533248 0.0470797 0.00624511 0.000587525 5.43679e-06 2.79511e-05 0.00139895 0 12.49282646179199 16.52622413635254 23.51893615722656
0.99942 1.00143 0.643481 0.0531487 0.0469243 0.00622439 0.000575451 4.20398e-06 2.74614e-05 0.000753567 0 12.491623878479 16.52852630615234 23.32930374145508
0.999299 1.00142 0.643587 0.053202 0.0469811 0.00622087 0.000643546 6.13589e-06 2.68411e-05 0.00178196 0 12.49259662628174 16.53389549255371 23.49429702758789
0.999146 1.00131 0.643663 0.053153 0.0469395 0.00621345 0.00063987 9.11124e-06 2.27911e-05 0.000945605 0 12.49156379699707 16.53571510314941 23.42415428161621
0.999171 1.00133 0.643656 0.0529392 0.0467371 0.00620204 0.000620968 8.58826e-06 2.37049e-05 0.00129615 0 12.49377918243408 16.54260635375977 23.46188354492188
0.999307 1.00145 0.643599 0.0531685 0.0469804 0.00618811 0.000678733 6.00574e-06 2.7996e-05 0.000804471 0 12.49186038970947 16.54009056091309 23.3857364654541
0.999241 1.00146 0.643673 0.0527797 0.0465958 0.00618385 0.000520594 7.21145e-06 2.85775e-05 0.00052421 0 12.49182987213135 16.54120826721191 23.35688781738281
0.999355 1.00136 0.643498 0.0531607 0.0469981 0.00616256 0.000473094 5.20241e-06 2.47953e-05 0.000360134 0 12.49356842041016 16.54420852661133 23.3668212890625
0.99929 1.00141 0.64359 0.0530382 0.0468802 0.00615801 0.00111948 6.309e-06 2.64747e-05 0.00109399 0 12.49134349822998 16.54462623596191 23.61275291442871
0.999138 1.00133 0.643685 0.0534218 0.0472538 0.00616798 0.000795004 9.29898e-06 2.35304e-05 0.00116689 0 12.49255180358887 16.55243301391602 23.4859790802002
0.999104 1.00136 0.643736 0.0529018 0.0467329 0.00616889 0.000547511 1.00438e-05 2.45221e-05 0.00119077 0 12.49371433258057 16.55537605285645 23.53985595703125
0.999231 1.00135 0.643607 0.0532156 0.0470609 0.00615477 0.000589363 7.38763e-06 2.42402e-05 0.00112132 0 12.49471282958984 16.56253623962402 23.46211814880371
0.99916 1.0014 0.643708 0.0530221 0.0468647 0.0061575 0.000534451 8.82607e-06 2.60391e-05 0.00105447 0 12.49319744110107 16.56404685974121 23.49054718017578
0.999193 1.00132 0.643627 0.0533 0.047144 0.00615598 0.000446939 8.13293e-06 2.32891e-05 0.000803592 0 12.49129390716553 16.5670166015625 23.46974182128906
0.999294 1.00146 0.643617 0.0533338 0.0471859 0.00614791 0.000489554 6.23093e-06 2.83252e-05 0.00108517 0 12.4915943145752 16.57100868225098 23.36855506896973
0.999352 1.00154 0.643616 0.0532858 0.0471398 0.00614596 0.000579893 5.25526e-06 3.17517e-05 0.000679507 0 12.49329566955566 16.57564353942871 23.49023818969727
0.999263 1.00142 0.643621 0.0528608 0.0467215 0.00613929 0.00053406 6.79562e-06 2.67649e-05 0.000624412 0 12.49245738983154 16.57731819152832 23.29791259765625
0.999309 1.00131 0.643507 0.0531014 0.046974 0.00612742 0.000470117 5.97771e-06 2.2831e-05 0.000785989 0 12.4939022064209 16.58462715148926 23.49905204772949
0.999308 1.00134 0.643528 0.0529231 0.0468013 0.00612182 0.000661686 5.98952e-06 2.39385e-05 0.00113022 0 12.49308681488037 16.58640670776367 23.44009971618652
0.999309 1.00138 0.643551 0.0530633 0.0469515 0.00611183 0.000554917 5.97105e-06 2.53156e-05 0.000980984 0 12.49119091033936 16.58318328857422 23.62691116333008
0.999299 1.00137 0.643556 0.0530705 0.0469655 0.00610506 0.000502024 6.14046e-06 2.50621e-05 0.000618019 0 12.49075794219971 16.58293914794922 23.3664493560791
0.999199 1.00132 0.643622 0.0529216 0.0468153 0.00610638 0.000601727 8.02476e-06 2.33429e-05 0.00119991 0 12.49234771728516 16.58768272399902 23.53044509887695
0.999151 1.00143 0.643736 0.0527851 0.0466783 0.0061068 0.000474563 9.00832e-06 2.71834e-05 0.00133158 0 12.49145221710205 16.58686447143555 23.43233299255371
0.999264 1.00145 0.643645 0.0527602 0.0466684 0.00609181 0.0004505 6.77368e-06 2.82394e-05 0.000736881 0 12.49188423156738 16.58733940124512 23.57200050354004
0.999352 1.00134 0.643487 0.0530708 0.0469947 0.00607602 0.000394697 5.2553e-06 2.4011e-05 0.000925544 0 12.49313354492188 16.5899829864502 23.59294128417969
0.999277 1.00127 0.643516 0.0529765 0.0469055 0.00607095 0.000378048 6.53172e-06 2.16704e-05 0.000984478 0 12.49385547637939 16.59056091308594 23.56992149353027
0.999274 1.00141 0.643605 0.0527233 0.0466573 0.00606601 0.000328351 6.58178e-06 2.65059e-05 0.00088305 0 12.49274349212646 16.5931282043457 23.36075401306152
0.999361 1.00131 0.643459 0.0526299 0.0465806 0.00604929 0.000327098 5.10729e-06 2.29424e-05 0.000402288 0 12.49331378936768 16.59726905822754 23.48699188232422
0.999337 1.00131 0.643482 0.0526612 0.046614 0.00604718 0.000331729 5.4936e-06 2.29822e-05 0.000488351 0 12.49330043792725 16.5992603302002 23.40065574645996
0.999258 1.00129 0.643547 0.0528709 0.0468179 0.00605297 0.000504036 6.87581e-06 2.23669e-05 0.000823938 0 12.49332141876221 16.60281753540039 23.47574424743652
0.999225 1.00144 0.643672 0.0526807 0.046625 0.0060557 0.000380658 7.51706e-06 2.7588e-05 0.000802258 0 12.49320220947266 16.60527992248535 23.48272323608398
0.999325 1.00144 0.643574 0.0526688 0.0466229 0.00604588 0.000339944 5.70458e-06 2.75315e-05 0.000697024 0 12.49194145202637 16.60501861572266 23.40762519836426
0.999319 1.00142 0.643568 0.0526719 0.0466306 0.00604128 0.000304746 5.79873e-06 2.68577e-05 0.000429769 0 12.4913444519043 16.60498237609863 23.33913612365723
0.999313 1.00136 0.643538 0.0526419 0.0466022 0.00603969 0.000337986 5.89785e-06 2.47868e-05 0.0001922 0 12.49276638031006 16.61008262634277 23.3342227935791
0.999343 1.00134 0.643495 0.0526709 0.0466324 0.00603856 0.000302858 5.39094e-06 2.40201e-05 0.000196556 0 12.49385261535645 16.61555671691895 23.49736213684082
0.999314 1.00137 0.643544 0.0526735 0.0466326 0.00604094 0.000295857 5.87521e-06 2.52052e-05 0.000130658 0 12.49292278289795 16.6175422668457 23.4527587890625
0.999343 1.00134 0.643492 0.0528644 0.0468305 0.00603393 0.000436151 5.39707e-06 2.38206e-05 0.00050906 0 12.49289989471436 16.61931800842285 23.32865715026855
0.999374 1.00135 0.643472 0.0529201 0.0468921 0.00602804 0.000710105 4.90138e-06 2.43666e-05 0.000761346 0 12.4939661026001 16.6251335144043 23.2902946472168
0.999275 1.00134 0.643561 0.0529419 0.0469084 0.00603346 0.000498041 6.56563e-06 2.40208e-05 0.00105897 0 12.49366569519043 16.62594795227051 23.30701065063477
0.999304 1.00133 0.643528 0.0525961 0.0465715 0.00602458 0.000560977 6.06175e-06 2.37053e-05 0.000384539 0 12.49267864227295 16.62401962280273 23.40894317626953
0.999374 1.00153 0.643587 0.0532291 0.0472016 0.00602751 0.000454906 4.89627e-06 3.12798e-05 0.00105227 0 12.49226188659668 16.62312316894531 23.31251525878906
0.999234 1.00139 0.64363 0.0527153 0.0466841 0.00603117 0.0003222 7.32847e-06 2.5696e-05 0.000542929 0 12.4935131072998 16.62642860412598 23.31144714355469
0.999262 1.00126 0.643524 0.0527886 0.0467648 0.00602385 0.000318537 6.80481e-06 2.13502e-05 0.000475935 0 12.49344539642334 16.62810325622559 23.31532859802246
0.999277 1.00135 0.643562 0.0527975 0.0467748 0.00602271 0.000311889 6.53159e-06 2.41832e-05 0.000604808 0 12.49337482452393 16.62868881225586 23.30111312866211
0.999325 1.00144 0.643575 0.0526065 0.0465869 0.0060196 0.000275914 5.70231e-06 2.75878e-05 0.000147262 0 12.49374580383301 16.62901878356934 23.31619071960449
0.999355 1.00136 0.643495 0.0527884 0.046776 0.00601239 0.000306341 5.19865e-06 2.46357e-05 0.000355728 0 12.49338817596436 16.62822914123535 23.31629371643066
0.99934 1.00127 0.643452 0.0531797 0.047169 0.00601067 0.000336966 5.44539e-06 2.15011e-05 0.00177092 0 12.49373435974121 16.63068580627441 23.41523551940918
0.999269 1.00121 0.643482 0.0530572 0.0470469 0.00601022 0.000400988 6.67944e-06 1.95003e-05 0.000529121 0 12.49413585662842 16.63274955749512 23.4460563659668
0.999344 1.00148 0.64358 0.0528934 0.0468841 0.0060093 0.000307508 5.37434e-06 2.90322e-05 0.000511501 0 12.49290657043457 16.63100624084473 23.45421409606934
0.999295 1.00143 0.643602 0.0525966 0.0465881 0.00600851 0.000364423 6.21795e-06 2.74469e-05 0.000569968 0 12.49324703216553 16.63414001464844 23.28576278686523
0.999305 1.0013 0.643504 0.0528773 0.0468746 0.00600276 0.000452696 6.03396e-06 2.24822e-05 0.000316589 0 12.49413871765137 16.63293075561523 23.60080337524414
0.999287 1.00136 0.64356 0.0526224 0.0466186 0.0060038 0.000544026 6.3634e-06 2.46003e-05 0.000293898 0 12.49238967895508 16.63191223144531 23.342041015625
0.999373 1.00131 0.643445 0.0527894 0.0467969 0.00599248 0.000698259 4.91872e-06 2.28057e-05 0.000523112 0 12.49273777008057 16.63449859619141 23.38239669799805
0.99932 1.00145 0.643585 0.0530765 0.0470766 0.00599987 0.000598158 5.78693e-06 2.79008e-05 0.000841061 0 12.49292278289795 16.6348762512207 23.38743209838867
0.999219 1.00128 0.643573 0.0529413 0.0469437 0.00599756 0.00071202 7.62377e-06 2.17137e-05 0.00159619 0 12.4935188293457 16.63589477539062 23.29342651367188
0.999335 1.00136 0.643513 0.0529777 0.0469817 0.00599595 0.000478716 5.5254e-06 2.45659e-05 0.000588268 0 12.49390506744385 16.63841819763184 23.38800430297852
0.999321 1.00131 0.643496 0.0529328 0.0469388 0.00599404 0.000498872 5.76227e-06 2.28851e-05 0.000663918 0 12.49371242523193 16.63907051086426 23.58451461791992
0.999244 1.00134 0.643592 0.0527354 0.0467397 0.00599571 0.000422821 7.14152e-06 2.41023e-05 0.000816357 0 12.49281978607178 16.63937950134277 23.52347183227539
0.999524 1.00147 0.643406 0.053202 0.0472248 0.00597721 0.000402853 2.83042e-06 2.90184e-05 0.00050069 0 12.4937686920166 16.63956451416016 23.44204330444336
0.999376 1.00139 0.643497 0.0527421 0.0467626 0.00597942 0.00040988 4.86589e-06 2.59336e-05 0.000830898 0 12.49313735961914 16.63994789123535 23.29406547546387
0.999393 1.0013 0.643421 0.0529194 0.0469488 0.00597063 0.000464909 4.6069e-06 2.2562e-05 0.000499758 0 12.4932689666748 16.64199829101562 23.43728256225586
0.999323 1.00141 0.643557 0.0527351 0.0467659 0.00596912 0.000422157 5.72757e-06 2.64457e-05 0.000571261 0 12.49305057525635 16.64166641235352 23.30931854248047
0.999402 1.00127 0.643393 0.053269 0.0473138 0.00595527 0.00054139 4.46513e-06 2.15763e-05 0.00112871 0 12.49412059783936 16.64556121826172 23.39846229553223
0.99932 1.00125 0.643456 0.0532053 0.0472511 0.00595414 0.000361095 5.78222e-06 2.07196e-05 0.000538065 0 12.49344921112061 16.64301490783691 23.53827857971191
0.999387 1.00132 0.643442 0.053023 0.0470759 0.00594703 0.000332634 4.70298e-06 2.33843e-05 0.00108209 0 12.49219417572021 16.64405822753906 23.47183609008789
0.999384 1.0013 0.643426 0.0529796 0.0470362 0.00594336 0.000464396 4.73866e-06 2.24302e-05 0.000935109 0 12.49365997314453 16.6443920135498 23.49086952209473
0.999378 1.00133 0.643456 0.0529531 0.0470131 0.00594007 0.000281117 4.8405e-06 2.37154e-05 0.000752644 0 12.49346733093262 16.64511299133301 23.46939277648926
0.99937 1.00127 0.643422 0.0529056 0.0469672 0.00593831 0.00026253 4.96481e-06 2.14564e-05 0.00101147 0 12.49251365661621 16.64467430114746 23.36984062194824
0.999453 1.00134 0.643388 0.0528609 0.0469263 0.00593458 0.000300896 3.73838e-06 2.3965e-05 0.000413393 0 12.49601554870605 16.65074157714844 23.61237525939941
0.999334 1.00129 0.64347 0.0529431 0.0470007 0.00594247 0.000307262 5.55071e-06 2.21419e-05 0.000678659 0 12.49415969848633 16.65027236938477 23.38134384155273
0.999387 1.00126 0.6434 0.0530281 0.0470911 0.00593705 0.000288162 4.70456e-06 2.11626e-05 0.00118235 0 12.49437522888184 16.65340805053711 23.47438430786133
0.999463 1.00133 0.643371 0.0529223 0.0469903 0.00593198 0.000285503 3.60493e-06 2.3562e-05 0.000532642 0 12.49349880218506 16.65411376953125 23.38296699523926
0.999432 1.00125 0.643354 0.0528982 0.0469642 0.00593395 0.000261828 4.0373e-06 2.10048e-05 0.000647307 0 12.49448871612549 16.6589412689209 23.65686798095703
0.999455 1.0013 0.64336 0.0528082 0.0468747 0.00593349 0.000238692 3.70744e-06 2.2521e-05 0.000498523 0 12.49345397949219 16.6595401763916 23.62556648254395
0.999383 1.00122 0.643379 0.0527342 0.0467977 0.00593654 0.000260881 4.76249e-06 1.98813e-05 0.00070122 0 12.49429512023926 16.66195869445801 23.5379810333252
0.999381 1.00115 0.643334 0.0531195 0.047183 0.00593654 0.000274229 4.78287e-06 1.75784e-05 0.000845806 0 12.49426746368408 16.66330146789551 23.51810646057129
0.999342 1.00136 0.643508 0.0528266 0.0468822 0.00594446 0.00027415 5.42093e-06 2.46529e-05 0.00072222 0 12.49418449401855 16.66451644897461 23.50652503967285
0.999377 1.00126 0.64341 0.0530664 0.0471313 0.00593509 0.00120729 4.85291e-06 2.11859e-05 0.000445527 0 12.4940767288208 16.6651668548584 23.4836311340332
0.999412 1.00128 0.643392 0.0529497 0.0470247 0.00592507 0.000325336 4.31877e-06 2.20228e-05 0.000596177 0 12.4951171875 16.66634750366211 23.46315002441406
0.999398 1.00127 0.643394 0.0528179 0.046892 0.00592589 0.000314839 4.52605e-06 2.14192e-05 0.0010013 0 12.49362468719482 16.66374206542969 23.50033760070801
0.999364 1.00127 0.643431 0.0530654 0.0471351 0.00593026 0.000325092 5.05756e-06 2.15958e-05 0.0014935 0 12.49428462982178 16.66558647155762 23.5455379486084
0.999423 1.00123 0.643344 0.0530571 0.0471314 0.0059257 0.000354884 4.16477e-06 2.00547e-05 0.00108603 0 12.49524688720703 16.66726493835449 23.49514198303223
0.999278 1.00109 0.643399 0.0531909 0.047252 0.00593893 0.000418082 6.51021e-06 1.59825e-05 0.00134813 0 12.49485683441162 16.6666145324707 23.48209762573242
0.999378 1.00126 0.64341 0.0528728 0.0469368 0.005936 0.000391871 4.8326e-06 2.12609e-05 0.000731468 0 12.49514579772949 16.66672897338867 23.43733215332031
0.999411 1.00126 0.643374 0.0528869 0.0469535 0.0059335 0.000371919 4.33256e-06 2.10301e-05 0.000645608 0 12.4942512512207 16.6657886505127 23.39886093139648
0.999401 1.00124 0.643377 0.0529617 0.0470299 0.00593185 0.000338415 4.48664e-06 2.06425e-05 0.000569921 0 12.49422550201416 16.66578483581543 23.59149360656738
0.999403 1.00133 0.643431 0.0530189 0.0470864 0.00593251 0.00034885 4.4486e-06 2.36967e-05 0.00130604 0 12.49372577667236 16.66299819946289 23.44106864929199
0.999352 1.00115 0.643362 0.0529297 0.0469991 0.00593061 0.000409027 5.24369e-06 1.76083e-05 0.00101714 0 12.49416255950928 16.66631889343262 23.5656566619873
0.999471 1.0014 0.643411 0.0530745 0.0471452 0.00592926 0.000343107 3.50062e-06 2.62536e-05 0.0016206 0 12.49462223052979 16.66987991333008 23.51233863830566
0.999382 1.0013 0.643429 0.0528797 0.0469487 0.00593095 0.000324465 4.77692e-06 2.24482e-05 0.00030116 0 12.4944429397583 16.66961669921875 23.44600677490234
0.999319 1.00122 0.643442 0.052946 0.047015 0.00593097 0.000274881 5.79779e-06 1.99402e-05 0.000659851 0 12.49400901794434 16.6681079864502 23.56755256652832
0.999354 1.00129 0.643453 0.052898 0.0469692 0.00592871 0.00028914 5.21675e-06 2.22948e-05 0.000987677 0 12.49474906921387 16.66961288452148 23.56569480895996
0.999449 1.00138 0.643417 0.0530717 0.0471485 0.0059232 0.000303907 3.78932e-06 2.5375e-05 0.000755136 0 12.4929370880127 16.6651439666748 23.62600898742676
0.999455 1.00129 0.643353 0.0534914 0.0475693 0.0059221 0.0002882 3.71781e-06 2.21515e-05 0.000961236 0 12.49418449401855 16.66598320007324 23.4683895111084
0.999437 1.00146 0.643477 0.0529585 0.0470342 0.0059243 0.000283907 3.95863e-06 2.82578e-05 0.000693704 0 12.49460124969482 16.66682243347168 23.47670555114746
0.999418 1.00135 0.643425 0.053087 0.0471651 0.00592195 0.000286104 4.23035e-06 2.41692e-05 0.000474548 0 12.49447345733643 16.66744613647461 23.51493263244629
0.99937 1.00139 0.643503 0.0529518 0.0470282 0.00592365 0.000227808 4.95749e-06 2.59277e-05 0.00102758 0 12.4945125579834 16.66719627380371 23.54315948486328
0.999223 1.00107 0.643439 0.0527905 0.0468667 0.00592373 0.000219424 7.54856e-06 1.53832e-05 0.000747861 0 12.49386501312256 16.66800498962402 23.49957466125488
0.999329 1.00124 0.643441 0.0528271 0.0469062 0.00592092 0.000191967 5.62696e-06 2.03915e-05 0.00122001 0 12.49533367156982 16.66823768615723 23.57261085510254
0.999342 1.00126 0.643447 0.0529397 0.0470185 0.00592117 0.000209579 5.40957e-06 2.13413e-05 0.00110347 0 12.49423408508301 16.66781234741211 23.4743595123291
0.999405 1.00133 0.643426 0.0529238 0.0470034 0.00592039 0.000180851 4.41994e-06 2.3539e-05 0.00111792 0 12.49344158172607 16.66792678833008 23.50751304626465
0.9994 1.00121 0.643358 0.0531779 0.0472589 0.00591901 0.000189285 4.49388e-06 1.96673e-05 0.000804451 0 12.4938850402832 16.66868209838867 23.48463249206543
0.99941 1.00135 0.643433 0.0531037 0.0471804 0.00592327 0.000173979 4.34595e-06 2.41944e-05 0.00141066 0 12.49507904052734 16.67047691345215 23.57423782348633
0.999389 1.00124 0.643384 0.0532911 0.0473688 0.00592229 0.000196566 4.66953e-06 2.04105e-05 0.00108683 0 12.49513339996338 16.67087173461914 23.78462409973145
0.999406 1.00124 0.643368 0.0530304 0.047109 0.00592138 0.000207554 4.41704e-06 2.04571e-05 0.00105408 0 12.49492931365967 16.67009735107422 23.51708793640137
0.999429 1.00138 0.64344 0.0528919 0.0469697 0.00592217 0.000173229 4.08262e-06 2.55344e-05 0.000840216 0 12.49469184875488 16.67099571228027 23.5825309753418
0.99937 1.00123 0.643397 0.0528691 0.0469484 0.0059207 0.000161811 4.96496e-06 2.01668e-05 0.000849337 0 12.49408531188965 16.67049407958984 23.51410293579102
0.999351 1.00129 0.643457 0.0527569 0.0468344 0.00592251 0.000156532 5.26521e-06 2.23193e-05 0.00124553 0 12.49225044250488 16.6707763671875 23.43337249755859
0.999335 1.00129 0.643469 0.0528194 0.0468962 0.00592319 0.000154131 5.52659e-06 2.21552e-05 0.00110199 0 12.49356842041016 16.67157554626465 23.4531078338623
0.999402 1.00138 0.64346 0.0527499 0.0468287 0.00592122 0.000153349 4.46648e-06 2.52603e-05 0.000603763 0 12.49373817443848 16.67144775390625 23.5092716217041
0.999274 1.00114 0.643433 0.0528479 0.0469255 0.00592242 0.000260514 6.58461e-06 1.73657e-05 0.00100209 0 12.49452209472656 16.67158889770508 23.5017147064209
0.999367 1.00131 0.643449 0.0532057 0.0472784 0.00592725 0.000178363 5.00455e-06 2.27661e-05 0.00113354 0 12.49446964263916 16.6721076965332 23.62947273254395
0.999471 1.00138 0.643398 0.0532227 0.0472957 0.00592705 0.000163922 3.49718e-06 2.54844e-05 0.0006471 0 12.4945821762085 16.6705322265625 23.59022903442383
0.999307 1.00114 0.643401 0.0531669 0.0472342 0.0059327 0.000176149 6.00128e-06 1.73795e-05 0.000884765 0 12.49432754516602 16.67094039916992 23.68440055847168
0.999265 1.00128 0.643534 0.0526592 0.0467163 0.00594297 0.000160485 6.76183e-06 2.19861e-05 0.000969322 0 12.49453258514404 16.67122650146484 23.55449295043945
0.99936 1.00134 0.643477 0.0528882 0.0469475 0.0059407 0.000144895 5.12445e-06 2.387e-05 0.00078951 0 12.49481678009033 16.67088508605957 23.48485946655273
0.999261 1.0011 0.643419 0.0529881 0.0470472 0.00594093 0.000247237 6.82021e-06 1.61385e-05 0.00141645 0 12.4940881729126 16.67156219482422 23.47418594360352
0.999307 1.00128 0.64349 0.0528787 0.0469361 0.0059426 0.000186617 5.99957e-06 2.18188e-05 0.000828266 0 12.49384498596191 16.67095184326172 23.41720390319824
0.999379 1.00137 0.64348 0.0526668 0.0467266 0.00594013 0.000184037 4.81737e-06 2.51476e-05 0.000428509 0 12.49365329742432 16.67071151733398 23.44811248779297
0.99938 1.00131 0.643439 0.0526894 0.0467497 0.00593975 0.000302682 4.80717e-06 2.28974e-05 0.000235726 0 12.49448108673096 16.67129325866699 23.41432952880859
0.999402 1.0013 0.643411 0.0527655 0.0468256 0.00593984 0.000274756 4.47478e-06 2.25227e-05 0.000519371 0 12.49288654327393 16.671142578125 23.46277046203613
0.999346 1.00131 0.643474 0.0531506 0.0472038 0.00594674 0.000261161 5.35265e-06 2.2979e-05 0.000541736 0 12.49404239654541 16.66919898986816 23.63920783996582
0.999409 1.0015 0.643532 0.0529053 0.0469562 0.00594908 0.000185163 4.36987e-06 2.99432e-05 0.000700785 0 12.49534606933594 16.66903877258301 23.6478443145752
0.999349 1.00123 0.643417 0.0528244 0.046878 0.00594643 0.00018456 5.30396e-06 2.01394e-05 0.000671285 0 12.49329853057861 16.66733360290527 23.61709213256836
0.999434 1.00136 0.64342 0.0527129 0.0467677 0.0059452 0.000175652 3.99891e-06 2.47344e-05 0.000282419 0 12.49275875091553 16.66371154785156 23.35812759399414
0.999399 1.00128 0.643401 0.0526843 0.04674 0.00594429 0.00028189 4.51392e-06 2.18248e-05 0.000422183 0 12.49394989013672 16.66432189941406 23.47373962402344
0.999272 1.00128 0.643524 0.0526764 0.046727 0.00594936 0.000197122 6.62128e-06 2.18769e-05 0.000686067 0 12.49272727966309 16.66445350646973 23.5235767364502
0.999329 1.00132 0.643496 0.0525796 0.0466366 0.00594299 0.000165628 5.62252e-06 2.33294e-05 0.00035775 0 12.49330043792725 16.66375350952148 23.46801948547363
0.999365 1.00139 0.643502 0.0527056 0.046765 0.00594062 0.000163341 5.04592e-06 2.56035e-05 0.000839972 0 12.4941930770874 16.66448593139648 23.36332702636719
0.999349 1.00132 0.643472 0.0526641 0.0467266 0.00593754 0.000153246 5.29439e-06 2.30824e-05 0.000191173 0 12.49421882629395 16.66461372375488 23.37485313415527
0.99934 1.00131 0.643475 0.0525532 0.0466183 0.00593491 0.000135273 5.4528e-06 2.27309e-05 0.000236618 0 12.49447822570801 16.66454315185547 23.4128360748291
0.99936 1.00133 0.643472 0.0526885 0.0467548 0.00593371 0.000174469 5.12118e-06 2.36483e-05 0.000231881 0 12.4937858581543 16.66216659545898 23.6019115447998
0.99928 1.00126 0.643503 0.0527277 0.0467919 0.00593573 0.000220749 6.48412e-06 2.11264e-05 0.000265492 0 12.49457550048828 16.66118621826172 23.47810745239258
0.999388 1.00135 0.643458 0.0527203 0.0467905 0.00592977 0.000189726 4.68115e-06 2.43794e-05 0.0004289 0 12.49382209777832 16.66228103637695 23.43897819519043
0.999388 1.0012 0.643358 0.0530634 0.0471354 0.00592797 0.000204481 4.67844e-06 1.90753e-05 0.000576249 0 12.49488353729248 16.66253089904785 23.38382148742676
0.999445 1.00138 0.643419 0.0530423 0.0471113 0.00593099 0.000180499 3.85311e-06 2.52415e-05 0.00042329 0 12.49445247650146 16.66293907165527 23.37002563476562
0.999321 1.00127 0.64347 0.0528156 0.0468806 0.00593507 0.000175823 5.76238e-06 2.1519e-05 0.000836091 0 12.49286842346191 16.66137886047363 23.36351203918457
0.999361 1.00132 0.643465 0.0527763 0.0468444 0.00593181 0.000194137 5.10043e-06 2.33274e-05 0.000951113 0 12.49357795715332 16.6635570526123 23.31827163696289
0.999399 1.00136 0.643454 0.0528707 0.0469392 0.00593153 0.00014273 4.51855e-06 2.47008e-05 0.00026355 0 12.49401950836182 16.66434860229492 23.38249778747559
0.999436 1.00127 0.643358 0.052967 0.047043 0.00592405 0.000217965 3.97207e-06 2.14768e-05 0.000618743 0 12.49382019042969 16.66550636291504 23.36329650878906
0.999371 1.00133 0.643464 0.0527052 0.0467764 0.00592878 0.000182034 4.94809e-06 2.37494e-05 0.00108596 0 12.49369621276855 16.66646957397461 23.30911827087402
0.999409 1.00127 0.643383 0.0529691 0.0470422 0.00592688 0.000301584 4.36701e-06 2.13874e-05 0.00108278 0 12.49396705627441 16.6668643951416 23.37738990783691
0.999398 1.00129 0.643409 0.0531396 0.0472112 0.00592845 0.000214407 4.53719e-06 2.21858e-05 0.000824329 0 12.49295425415039 16.66630554199219 23.39595413208008
0.999287 1.00125 0.643488 0.0527353 0.0468033 0.00593202 0.000185848 6.35229e-06 2.07036e-05 0.00121618 0 12.49431324005127 16.66823768615723 23.3952693939209
0.999374 1.00129 0.64343 0.0531734 0.047246 0.00592737 0.000196166 4.90496e-06 2.20712e-05 0.0015113 0 12.4943151473999 16.66887855529785 23.56769561767578
0.999346 1.00126 0.64344 0.0531944 0.0472682 0.00592625 0.000189378 5.3515e-06 2.11673e-05 0.00130471 0 12.49502086639404 16.66766738891602 23.5556583404541
0.999365 1.00131 0.643457 0.0532168 0.0472879 0.00592893 0.000264605 5.03526e-06 2.30722e-05 0.00159169 0 12.49347400665283 16.66645050048828 23.44030570983887
0.999416 1.00146 0.6435 0.0529152 0.0469853 0.00592987 0.000193855 4.25701e-06 2.83835e-05 0.000423171 0 12.493971824646 16.66754150390625 23.42221450805664
0.999416 1.00134 0.643422 0.0529009 0.0469752 0.0059257 0.000206631 4.26512e-06 2.38489e-05 0.000808501 0 12.49444103240967 16.66756629943848 23.46958351135254
0.999293 1.00118 0.643438 0.0528932 0.0469645 0.00592869 0.000189368 6.24499e-06 1.85057e-05 0.000646863 0 12.49491310119629 16.67020034790039 23.52148628234863
0.999381 1.00129 0.643428 0.0531264 0.0472006 0.00592578 0.000201891 4.79079e-06 2.23362e-05 0.000727479 0 12.49409484863281 16.66862297058105 23.38821029663086
0.999354 1.00139 0.643514 0.0529293 0.0469994 0.0059299 0.000199127 5.22391e-06 2.56452e-05 0.00143577 0 12.4945707321167 16.66922378540039 23.52109909057617
0.999324 1.00111 0.643363 0.053532 0.0476065 0.00592549 0.000307138 5.70852e-06 1.63506e-05 0.00147529 0 12.49443054199219 16.66868591308594 23.60558128356934
0.9994 1.00133 0.643431 0.0529419 0.0470188 0.00592308 0.000206339 4.49633e-06 2.35412e-05 0.000745948 0 12.49304866790771 16.66762733459473 23.40164184570312
0.999384 1.00125 0.643397 0.0529523 0.0470304 0.00592194 0.000227036 4.73922e-06 2.08704e-05 0.000750228 0 12.49413776397705 16.66912269592285 23.62301635742188
0.999335 1.00131 0.643486 0.0527068 0.0467811 0.00592575 0.000224553 5.53235e-06 2.30472e-05 0.00105604 0 12.49377632141113 16.66959190368652 23.63409805297852
0.999412 1.00142 0.64348 0.0528522 0.0469288 0.00592346 0.000196428 4.32704e-06 2.69339e-05 0.00105292 0 12.4940299987793 16.66857528686523 23.64393997192383
0.999362 1.00133 0.643469 0.0528255 0.0469011 0.00592448 0.000165258 5.09615e-06 2.35413e-05 0.000399077 0 12.49465942382812 16.66813087463379 23.49266815185547
0.999418 1.00133 0.643414 0.052928 0.0470081 0.00591988 0.000225338 4.22862e-06 2.35359e-05 0.000848698 0 12.49465656280518 16.66963005065918 23.48759841918945
0.999279 1.00128 0.643515 0.0527825 0.0468575 0.00592504 0.000189149 6.50681e-06 2.16995e-05 0.000341613 0 12.4931173324585 16.66881561279297 23.48223304748535
0.999327 1.00132 0.643495 0.052718 0.0467976 0.0059204 0.000179332 5.6546e-06 2.31518e-05 0.000734 0 12.49422073364258 16.66969108581543 23.60031127929688
0.999392 1.00133 0.643438 0.0528911 0.0469745 0.00591658 0.000212417 4.62543e-06 2.34502e-05 0.00104143 0 12.49387550354004 16.66825103759766 23.49969863891602
0.999418 1.00134 0.643422 0.0532758 0.0473542 0.00592159 0.000222022 4.23979e-06 2.39452e-05 0.00150348 0 12.49350929260254 16.669921875 23.80326652526855
0.999294 1.00123 0.643469 0.0530083 0.0470847 0.00592362 0.000247854 6.22613e-06 2.00915e-05 0.000748998 0 12.49446678161621 16.67063331604004 23.50939559936523
0.999204 1.00112 0.64349 0.0529709 0.0470421 0.00592882 0.000264048 7.92647e-06 1.68333e-05 0.000917567 0 12.49425601959229 16.67108535766602 23.51519966125488
0.999396 1.00133 0.643435 0.0530886 0.0471654 0.00592322 0.000269937 4.55527e-06 2.35065e-05 0.000819748 0 12.49363899230957 16.6697998046875 23.39053726196289
0.999386 1.00131 0.643437 0.0528757 0.0469473 0.00592846 0.000227823 4.71828e-06 2.30444e-05 0.000731693 0 12.4946117401123 16.67046928405762 23.46440315246582
0.999348 1.00124 0.643427 0.0531369 0.047201 0.0059359 0.000263705 5.3148e-06 2.06083e-05 0.0017205 0 12.49397659301758 16.67019653320312 23.45052909851074
0.999467 1.00136 0.64339 0.0533963 0.0474649 0.00593134 0.00028105 3.55442e-06 2.4784e-05 0.00116024 0 12.49469184875488 16.6717472076416 23.5040397644043
0.999407 1.00107 0.643262 0.0538191 0.0478846 0.00593454 0.000245929 4.39154e-06 1.54086e-05 0.00208479 0 12.49293899536133 16.6701774597168 23.42874526977539
0.999402 1.00141 0.64348 0.053248 0.0473055 0.00594256 0.000212746 4.4708e-06 2.63672e-05 0.0014774 0 12.49354648590088 16.6717586517334 23.3988151550293
0.999481 1.00144 0.643426 0.0530307 0.0470926 0.00593802 0.000189705 3.36751e-06 2.7711e-05 0.00141985 0 12.49435329437256 16.67300605773926 23.48725128173828
