A/A0 V/V0 Vr eb eb_bend eb_ad ea ega ev ek ee  h0 h1 h2
1 1.00032 0.642203 0.111098 0.0495561 0.0615419 0.000329511 0 1.33674e-06 1.89175e-08 0 12.54967498779297 7.076537132263184 24.77803230285645
1.00171 1.0005 0.640672 0.108476 0.0497945 0.0586819 0.000452941 3.68151e-05 3.29737e-06 0.000381651 0 12.55756664276123 7.104041576385498 24.78911972045898
1.00235 0.999822 0.639632 0.106367 0.049871 0.0564958 0.000831673 6.91506e-05 4.25915e-07 0.000337459 0 12.56099605560303 7.132408142089844 24.81130218505859
1.00214 0.99995 0.639914 0.104649 0.0498915 0.0547575 0.00103994 5.74134e-05 3.37487e-08 0.000494569 0 12.57116413116455 7.391643524169922 24.89724349975586
1.00189 1.0001 0.640251 0.103231 0.0500059 0.0532255 0.000979906 4.47851e-05 1.41334e-07 0.000234092 0 12.57914352416992 7.642782688140869 24.93548393249512
1.00193 0.999994 0.640145 0.101979 0.0501348 0.0518445 0.00127951 4.65904e-05 4.21329e-10 0.000571379 0 12.57651329040527 7.850794315338135 24.94577026367188
1.00197 0.999928 0.640065 0.100813 0.0501608 0.0506527 0.00106527 4.85036e-05 7.05266e-08 0.000387274 0 12.57336807250977 8.037274360656738 25.00290489196777
1.00183 0.999993 0.640236 0.0998849 0.0502967 0.0495882 0.00162388 4.20653e-05 7.41902e-10 0.000456582 0 12.5738468170166 8.20592212677002 25.0673770904541
1.00177 1 0.640304 0.0989421 0.0503296 0.0486125 0.00203928 3.91557e-05 6.45219e-11 0.000661048 0 12.57433986663818 8.353278160095215 25.08037757873535
1.00176 0.999989 0.640299 0.0980822 0.0503898 0.0476924 0.00152919 3.89965e-05 1.74431e-09 0.000483876 0 12.57266139984131 8.487430572509766 25.14837074279785
1.00169 1.00001 0.640388 0.0970648 0.0502523 0.0468125 0.00163927 3.56438e-05 1.86707e-09 0.000673229 0 12.57185554504395 8.611246109008789 25.16482162475586
1.00164 1.00001 0.64043 0.0964165 0.0504281 0.0459884 0.00166754 3.38086e-05 1.80481e-09 0.000663834 0 12.57180309295654 8.728813171386719 25.19486618041992
1.00162 1.00004 0.640468 0.0955573 0.0503712 0.0451861 0.00165787 3.29125e-05 1.88633e-08 0.000989707 0 12.57082176208496 8.842737197875977 25.12619781494141
1.00155 1.00006 0.640554 0.0948576 0.0504363 0.0444213 0.00179944 2.99931e-05 5.07158e-08 0.000591321 0 12.57027149200439 8.950236320495605 25.2140007019043
1.00148 1.00008 0.640625 0.094041 0.0503514 0.0436896 0.00168188 2.76126e-05 8.55831e-08 0.000754845 0 12.56999397277832 9.055684089660645 25.18561553955078
1.00146 1.00009 0.640651 0.0935794 0.0505873 0.042992 0.00164389 2.68529e-05 1.05558e-07 0.000805212 0 12.56906223297119 9.15742015838623 25.21813011169434
1.00142 1.0001 0.6407 0.0926759 0.0503614 0.0423145 0.00177322 2.53565e-05 1.461e-07 0.00112022 0 12.56830024719238 9.255470275878906 25.17570495605469
1.00137 1.00014 0.640777 0.0921635 0.0505063 0.0416572 0.00170626 2.33985e-05 2.61317e-07 0.000913139 0 12.56802272796631 9.349505424499512 25.29368209838867
1.00135 1.00013 0.640785 0.0915483 0.0505361 0.0410122 0.00157303 2.29179e-05 2.28864e-07 0.00126624 0 12.56752681732178 9.441680908203125 25.18068695068359
1.00129 1.00016 0.64086 0.0908079 0.0504316 0.0403763 0.00163924 2.09483e-05 3.40026e-07 0.00110627 0 12.5668306350708 9.53191089630127 25.25314140319824
1.00124 1.0002 0.640938 0.0902016 0.0504248 0.0397768 0.00181072 1.92711e-05 5.48437e-07 0.000622464 0 12.56663227081299 9.620903968811035 25.26808166503906
1.00116 1.00021 0.641016 0.0896358 0.0504432 0.0391925 0.00210488 1.70209e-05 6.05012e-07 0.000734868 0 12.56588840484619 9.709571838378906 25.21578979492188
1.00112 1.00022 0.641061 0.0889747 0.0503568 0.0386178 0.00207297 1.57924e-05 6.42317e-07 0.000905469 0 12.56521129608154 9.793790817260742 25.21241188049316
1.00111 1.00024 0.641083 0.0882964 0.0502332 0.0380632 0.00205827 1.54768e-05 7.42721e-07 0.000873261 0 12.56430435180664 9.87662410736084 25.22160530090332
1.00099 1.00029 0.64123 0.0877337 0.0502133 0.0375204 0.00258039 1.23481e-05 1.11116e-06 0.000903522 0 12.56374645233154 9.958502769470215 25.17842864990234
1.00102 1.00024 0.641176 0.0872807 0.0502689 0.0370118 0.00220732 1.3005e-05 7.81084e-07 0.000888734 0 12.5636100769043 10.03792667388916 25.11663818359375
1.00098 1.00031 0.641259 0.0867784 0.050277 0.0365014 0.00175454 1.19593e-05 1.27741e-06 0.000847992 0 12.56212520599365 10.11683559417725 25.1066837310791
1.00096 1.0003 0.641271 0.0862907 0.0502907 0.036 0.00180781 1.15727e-05 1.2408e-06 0.00082164 0 12.56244468688965 10.19051456451416 25.13442611694336
1.00086 1.00033 0.641387 0.0859104 0.0504018 0.0355086 0.00232804 9.17861e-06 1.43276e-06 0.00124675 0 12.56191158294678 10.26530933380127 25.13850975036621
1.00089 1.00036 0.64138 0.0856884 0.050658 0.0350303 0.00179068 9.83617e-06 1.75024e-06 0.00142767 0 12.56172752380371 10.33918571472168 25.14532279968262
1.00084 1.00039 0.641437 0.0849549 0.0503925 0.0345625 0.00156631 8.90311e-06 1.98979e-06 0.0014464 0 12.56040859222412 10.41257572174072 25.20091819763184
1.0008 1.0004 0.641484 0.084343 0.0502541 0.034089 0.0014356 8.09731e-06 2.15061e-06 0.00224867 0 12.56078052520752 10.48375511169434 25.3289966583252
1.00077 1.0004 0.641512 0.0838964 0.0502592 0.0336372 0.00160849 7.50874e-06 2.13813e-06 0.00148535 0 12.5602560043335 10.55426692962646 25.19622421264648
1.00071 1.00045 0.641611 0.08338 0.0501994 0.0331807 0.00174558 6.27787e-06 2.77081e-06 0.00183847 0 12.55975914001465 10.62608623504639 25.12702369689941
1.00067 1.00048 0.641658 0.0830139 0.050282 0.0327319 0.00163415 5.67521e-06 3.03528e-06 0.00204427 0 12.55937576293945 10.69501399993896 25.12962532043457
1.00065 1.00049 0.641682 0.0823845 0.0500844 0.0323001 0.00148514 5.36943e-06 3.16636e-06 0.00168747 0 12.55856704711914 10.76532363891602 25.09966087341309
1.0006 1.00052 0.641756 0.0819894 0.0501049 0.0318845 0.00157904 4.51979e-06 3.63349e-06 0.00171227 0 12.55810832977295 10.83476543426514 25.1410026550293
1.00058 1.00052 0.641774 0.0817935 0.0503242 0.0314693 0.00165865 4.23776e-06 3.62813e-06 0.00174683 0 12.55786895751953 10.90195751190186 25.04219055175781
1.00055 1.00054 0.641815 0.0814411 0.0503749 0.0310662 0.00158472 3.84065e-06 3.93752e-06 0.0019971 0 12.55720233917236 10.96719455718994 25.05244636535645
1.00048 1.00058 0.641906 0.0809082 0.0502447 0.0306635 0.00162946 2.93889e-06 4.51382e-06 0.0032489 0 12.55696487426758 11.03265190124512 25.16210174560547
1.00049 1.00058 0.641896 0.0806657 0.0503932 0.0302725 0.00163238 3.0577e-06 4.49718e-06 0.0019105 0 12.55661678314209 11.09664916992188 25.18747520446777
1.0004 1.00064 0.642025 0.0798219 0.0499304 0.0298914 0.00182103 2.03754e-06 5.54327e-06 0.00255087 0 12.55574512481689 11.16119480133057 25.12233924865723
1.00038 1.00063 0.642043 0.0798569 0.050346 0.0295108 0.00198789 1.79102e-06 5.40244e-06 0.00203898 0 12.55585479736328 11.22391510009766 25.19655990600586
1.00035 1.00065 0.64208 0.0794459 0.0503021 0.0291438 0.0017793 1.54497e-06 5.69744e-06 0.00209391 0 12.55473804473877 11.28590297698975 24.9652271270752
1.00033 1.00067 0.642117 0.0792002 0.0504301 0.02877 0.00200096 1.32657e-06 6.03833e-06 0.00218817 0 12.55440521240234 11.3478832244873 25.17301368713379
1.00024 1.00069 0.642213 0.0785239 0.050114 0.02841 0.00208095 7.06923e-07 6.35699e-06 0.0026987 0 12.55408573150635 11.40805339813232 25.15108108520508
1.00027 1.00069 0.642178 0.0785661 0.0505052 0.028061 0.001778 9.47772e-07 6.37078e-06 0.00200002 0 12.55376434326172 11.46967601776123 25.21505737304688
1.00022 1.0007 0.642239 0.077994 0.0502695 0.0277245 0.00205984 5.81075e-07 6.4944e-06 0.00213152 0 12.55265617370605 11.52974605560303 25.05699348449707
1.00014 1.00073 0.642336 0.077236 0.0498359 0.0274002 0.00226395 2.32254e-07 7.10125e-06 0.00231306 0 12.55312252044678 11.58776569366455 25.25255966186523
1.0001 1.0008 0.642418 0.0767563 0.0496754 0.0270809 0.00207611 1.2238e-07 8.584e-06 0.00251053 0 12.55237293243408 11.64446353912354 25.13476181030273
1.00007 1.00078 0.642429 0.07642 0.0496559 0.0267642 0.00268319 6.71959e-08 8.12013e-06 0.00286326 0 12.55138111114502 11.69954490661621 24.91796684265137
1.00005 1.00079 0.642461 0.0761261 0.0496793 0.0264468 0.00239371 2.627e-08 8.315e-06 0.00276551 0 12.55090808868408 11.75389385223389 24.83767700195312
1.00003 1.00081 0.64249 0.0758409 0.049699 0.0261419 0.0021324 1.39923e-08 8.8798e-06 0.00293613 0 12.55058574676514 11.80807971954346 24.82793617248535
1 1.00083 0.642529 0.0752698 0.0494255 0.0258442 0.00191027 5.25015e-11 9.18769e-06 0.0030942 0 12.55023765563965 11.86269569396973 24.83967971801758
1.00001 1.00085 0.64254 0.0754946 0.0499448 0.0255498 0.00194173 9.46917e-10 9.80542e-06 0.00220934 0 12.55009078979492 11.91542911529541 24.8495044708252
0.999974 1.00087 0.642583 0.0750652 0.049797 0.0252682 0.00179116 8.2034e-09 1.01683e-05 0.00212485 0 12.54968738555908 11.9672737121582 24.7127628326416
0.999892 1.00091 0.642688 0.0747683 0.0497719 0.0249964 0.00213228 1.47717e-07 1.1097e-05 0.00294218 0 12.54977798461914 12.01869964599609 24.9724006652832
0.999871 1.00092 0.642712 0.0742617 0.0495365 0.0247252 0.00195442 2.07425e-07 1.12491e-05 0.00367058 0 12.54935836791992 12.06830310821533 24.89850997924805
0.999853 1.00095 0.642754 0.0739985 0.0495401 0.0244584 0.00185535 2.69747e-07 1.22074e-05 0.00312417 0 12.54830455780029 12.11670684814453 24.88595962524414
0.999827 1.00095 0.642778 0.0736979 0.049505 0.0241928 0.00194599 3.74714e-07 1.21797e-05 0.00278145 0 12.54804515838623 12.16496467590332 24.76823043823242
0.999771 1.00098 0.64285 0.0730655 0.0491267 0.0239388 0.00193052 6.56076e-07 1.29088e-05 0.00324501 0 12.5478401184082 12.21266937255859 24.77006912231445
0.999741 1.00099 0.642885 0.0727518 0.0490623 0.0236895 0.00209973 8.43946e-07 1.31301e-05 0.00291248 0 12.54751873016357 12.26047706604004 24.75251197814941
0.99972 1.00103 0.642932 0.0726575 0.0492127 0.0234448 0.00200973 9.85428e-07 1.42512e-05 0.00264019 0 12.54680728912354 12.30658626556396 24.56332015991211
0.999697 1.00104 0.642958 0.0722662 0.0490591 0.0232071 0.00198289 1.15289e-06 1.44443e-05 0.00304095 0 12.54640769958496 12.35193157196045 24.53112030029297
0.999673 1.00105 0.642989 0.0719947 0.0490134 0.0229814 0.00195011 1.34199e-06 1.47702e-05 0.00358715 0 12.54616069793701 12.3966760635376 24.60633277893066
0.999657 1.0011 0.643035 0.0720981 0.0493461 0.022752 0.00197216 1.47582e-06 1.61384e-05 0.00333722 0 12.54588317871094 12.44035530090332 24.5295581817627
0.999636 1.0011 0.643055 0.0717537 0.0492205 0.0225332 0.00198646 1.65956e-06 1.61425e-05 0.00296547 0 12.54556465148926 12.48204612731934 24.50671005249023
0.999575 1.00114 0.643141 0.071606 0.0492851 0.0223208 0.001901 2.26436e-06 1.74227e-05 0.00330533 0 12.54536628723145 12.52456855773926 24.67303848266602
0.999525 1.0011 0.643167 0.0713375 0.0492181 0.0221194 0.00207834 2.83454e-06 1.63614e-05 0.0045721 0 12.54510879516602 12.56538963317871 24.61026382446289
0.999516 1.0012 0.643234 0.0713066 0.0493907 0.021916 0.00204429 2.93626e-06 1.91715e-05 0.00342096 0 12.54435539245605 12.60534572601318 24.64255714416504
0.999587 1.00115 0.643138 0.0708454 0.0491191 0.0217263 0.00209688 2.14411e-06 1.77748e-05 0.00485474 0 12.54370212554932 12.64340686798096 24.60903358459473
0.999502 1.00122 0.643265 0.0711796 0.0496307 0.0215488 0.00197668 3.11442e-06 2.00472e-05 0.0049273 0 12.54359722137451 12.68184185028076 24.69532012939453
0.999542 1.00122 0.643222 0.0711723 0.0497952 0.0213771 0.00175385 2.62828e-06 1.98464e-05 0.00530764 0 12.5444860458374 12.71746730804443 24.55958557128906
0.99951 1.00127 0.643287 0.0709677 0.0497594 0.0212083 0.0016608 3.01708e-06 2.15434e-05 0.00575231 0 12.54343318939209 12.75160503387451 24.81537818908691
0.99955 1.00124 0.643228 0.0709219 0.0498689 0.021053 0.00179183 2.54441e-06 2.05228e-05 0.00588427 0 12.54393577575684 12.78426551818848 24.89757537841797
0.999513 1.00129 0.643298 0.0709968 0.0500885 0.0209083 0.0017221 2.97234e-06 2.23578e-05 0.0058908 0 12.5435152053833 12.8167839050293 24.87968063354492
0.999527 1.00131 0.643301 0.0711623 0.0503935 0.0207688 0.00159784 2.81148e-06 2.31954e-05 0.00603664 0 12.54403305053711 12.84655857086182 24.93448257446289
0.999477 1.00134 0.643364 0.0704977 0.0498595 0.0206383 0.00161979 3.43016e-06 2.40264e-05 0.00892869 0 12.54356384277344 12.87466144561768 25.04424285888672
0.999549 1.00134 0.643297 0.0717458 0.0512359 0.0205099 0.00155737 2.55639e-06 2.41734e-05 0.00788529 0 12.54372692108154 12.90167045593262 25.19671058654785
0.999547 1.00137 0.643316 0.0719616 0.0515644 0.0203972 0.00149814 2.57518e-06 2.51466e-05 0.00863568 0 12.5431079864502 12.92727279663086 24.92973709106445
0.99951 1.00138 0.643357 0.071213 0.0509123 0.0203007 0.00143596 3.01254e-06 2.54536e-05 0.0110862 0 12.5440092086792 12.95205116271973 25.6179256439209
0.999476 1.00139 0.6434 0.0704648 0.0502541 0.0202107 0.00139801 3.44877e-06 2.60379e-05 0.0134134 0 12.54399013519287 12.97410774230957 25.78217887878418
0.999568 1.00143 0.643338 0.0719231 0.0518021 0.020121 0.00140653 2.34694e-06 2.75863e-05 0.00976243 0 12.54354286193848 12.99318981170654 25.45614814758301
0.999598 1.00142 0.643302 0.0714809 0.0514365 0.0200445 0.0012761 2.0285e-06 2.72326e-05 0.0112127 0 12.54310131072998 13.01102828979492 25.12699317932129
0.999607 1.00146 0.643319 0.0722861 0.0523147 0.0199715 0.00140254 1.94247e-06 2.87598e-05 0.00983199 0 12.54424285888672 13.02835178375244 25.90100860595703
0.999596 1.00146 0.643324 0.0717851 0.0518694 0.0199158 0.00143394 2.04706e-06 2.84366e-05 0.0124777 0 12.54462718963623 13.04336643218994 25.71822357177734
0.999591 1.00148 0.643344 0.0713301 0.0514588 0.0198712 0.00123005 2.09494e-06 2.93667e-05 0.0131603 0 12.5447473526001 13.05776786804199 26.15733909606934
0.999614 1.00146 0.643311 0.0712694 0.0514413 0.0198281 0.00119545 1.86661e-06 2.86843e-05 0.014611 0 12.54460048675537 13.06886577606201 25.93470764160156
0.999775 1.00149 0.643173 0.0739144 0.0541256 0.0197888 0.00119599 6.32634e-07 2.97929e-05 0.0105022 0 12.54455471038818 13.07772064208984 25.72939300537109
0.999732 1.00146 0.643193 0.0726024 0.0528398 0.0197626 0.00128438 8.99706e-07 2.84166e-05 0.0122711 0 12.54484844207764 13.0861930847168 25.72061538696289
0.999773 1.00152 0.643194 0.0730048 0.0532625 0.0197423 0.00112854 6.44134e-07 3.09477e-05 0.0115758 0 12.54685497283936 13.09340763092041 27.06280326843262
0.999732 1.00155 0.643251 0.0720605 0.0523325 0.019728 0.00110289 8.98403e-07 3.20823e-05 0.0145106 0 12.54629039764404 13.09876823425293 26.41987419128418
0.99981 1.00152 0.64316 0.0731639 0.0534547 0.0197092 0.00108507 4.51901e-07 3.11045e-05 0.011903 0 12.54682636260986 13.10264873504639 26.63124084472656
0.999849 1.00151 0.643116 0.0731946 0.0534999 0.0196946 0.00106446 2.87638e-07 3.06364e-05 0.0105735 0 12.54631519317627 13.10564613342285 26.16625213623047
0.999842 1.00152 0.643125 0.0731748 0.05349 0.0196849 0.00113804 3.12085e-07 3.08398e-05 0.0116232 0 12.54729270935059 13.10912227630615 26.72734260559082
0.999835 1.00151 0.643129 0.0727628 0.0530857 0.0196771 0.00101542 3.40402e-07 3.06381e-05 0.0119852 0 12.54776668548584 13.11186599731445 26.74997138977051
0.999861 1.00153 0.643118 0.0728196 0.0531477 0.019672 0.000958731 2.41748e-07 3.15357e-05 0.0116323 0 12.54768562316895 13.11384010314941 26.74496269226074
0.999821 1.00155 0.643165 0.0722598 0.0525923 0.0196675 0.00108076 4.01353e-07 3.2102e-05 0.0134165 0 12.54760456085205 13.1154146194458 26.54287338256836
0.999911 1.00152 0.643063 0.0734633 0.0538046 0.0196588 0.000961027 9.96589e-08 3.10643e-05 0.00990504 0 12.54792594909668 13.11635875701904 26.5738525390625
0.999844 1.00152 0.643128 0.0727395 0.0530811 0.0196584 0.000951169 3.05104e-07 3.10991e-05 0.0116447 0 12.5474328994751 13.11739063262939 26.2961540222168
0.999821 1.00152 0.643146 0.0720814 0.0524248 0.0196567 0.000978716 4.01275e-07 3.08444e-05 0.0130091 0 12.54856204986572 13.11879634857178 26.90227127075195
0.999841 1.00153 0.643133 0.0724409 0.052787 0.019654 0.000895002 3.1648e-07 3.12848e-05 0.0124557 0 12.54770851135254 13.11911582946777 26.54054641723633
0.9998 1.00153 0.643175 0.0716095 0.0519562 0.0196533 0.000901054 5.03571e-07 3.13755e-05 0.0127777 0 12.5474328994751 13.11956691741943 26.21242713928223
0.999904 1.00152 0.643069 0.0729838 0.053343 0.0196408 0.000880511 1.1634e-07 3.10101e-05 0.0116571 0 12.54768180847168 13.12002372741699 26.39347076416016
0.999825 1.00156 0.64317 0.0719965 0.0523535 0.0196429 0.000867022 3.82601e-07 3.26615e-05 0.0122541 0 12.54716110229492 13.12031269073486 25.97808456420898
0.999843 1.00152 0.643125 0.0718038 0.0521625 0.0196413 0.000840468 3.0862e-07 3.0885e-05 0.0120694 0 12.54845333099365 13.12242126464844 26.67150688171387
0.999828 1.00154 0.643155 0.0715298 0.0518885 0.0196413 0.000879473 3.69131e-07 3.18799e-05 0.0121329 0 12.54749298095703 13.12228107452393 26.17677116394043
0.99979 1.00152 0.643178 0.0711922 0.0515564 0.0196358 0.000826989 5.52729e-07 3.10019e-05 0.0122109 0 12.54770946502686 13.12253570556641 26.08126449584961
0.999841 1.00155 0.643152 0.0715537 0.0519195 0.0196342 0.00082546 3.18704e-07 3.24186e-05 0.0115423 0 12.547532081604 13.12260818481445 25.94425582885742
0.999833 1.00152 0.643139 0.0713985 0.0517665 0.019632 0.00103366 3.50926e-07 3.10936e-05 0.0120243 0 12.54704189300537 13.12386703491211 25.77823066711426
0.999881 1.00153 0.6431 0.0727147 0.0530856 0.019629 0.000979844 1.76548e-07 3.16176e-05 0.0106005 0 12.54767227172852 13.12397956848145 25.95977783203125
0.999834 1.00152 0.643135 0.0719169 0.0522905 0.0196265 0.000880841 3.47152e-07 3.09127e-05 0.0120466 0 12.54757785797119 13.12444019317627 25.88328552246094
0.999865 1.00154 0.643117 0.0721118 0.0524874 0.0196244 0.000846565 2.30408e-07 3.17005e-05 0.011528 0 12.5482006072998 13.12482738494873 26.54280090332031
0.99989 1.00154 0.643093 0.0725901 0.0529679 0.0196222 0.000814945 1.50887e-07 3.17464e-05 0.0113022 0 12.54758834838867 13.12554359436035 26.14523506164551
0.999853 1.00154 0.643132 0.0717947 0.0521731 0.0196216 0.000794606 2.7139e-07 3.19072e-05 0.0128772 0 12.5479736328125 13.12584686279297 26.24371147155762
0.999883 1.00153 0.643097 0.0725132 0.0528972 0.019616 0.00076812 1.71305e-07 3.15698e-05 0.0115673 0 12.54830074310303 13.12616920471191 26.48394584655762
0.999855 1.00155 0.643136 0.0719562 0.0523406 0.0196156 0.000773357 2.62849e-07 3.22971e-05 0.0116676 0 12.54782009124756 13.12644290924072 26.0865478515625
0.999875 1.00153 0.643103 0.0724949 0.0528862 0.0196087 0.000744689 1.95548e-07 3.14272e-05 0.0107729 0 12.5482120513916 13.12744045257568 26.4486141204834
0.999883 1.00152 0.643091 0.0723126 0.0527064 0.0196062 0.000738605 1.71007e-07 3.11822e-05 0.0116127 0 12.5478572845459 13.1276216506958 26.17027854919434
0.999826 1.00153 0.643147 0.071832 0.0522229 0.019609 0.000719942 3.78747e-07 3.12151e-05 0.0140528 0 12.54810428619385 13.12893676757812 26.44309043884277
0.999894 1.00155 0.643095 0.0726206 0.0530134 0.0196071 0.000732646 1.40716e-07 3.20897e-05 0.0120035 0 12.54818725585938 13.12940406799316 26.35323524475098
0.999904 1.00153 0.643075 0.0727565 0.0531524 0.0196041 0.000721411 1.14985e-07 3.14601e-05 0.0114016 0 12.54749298095703 13.12905025482178 26.11147689819336
0.999836 1.00154 0.643148 0.0722153 0.0526124 0.0196029 0.00081349 3.35537e-07 3.19292e-05 0.0117687 0 12.54833507537842 13.12917232513428 26.50669479370117
0.999904 1.00154 0.643079 0.0724815 0.0528813 0.0196002 0.000747525 1.15096e-07 3.16749e-05 0.0104651 0 12.54847049713135 13.12975120544434 26.57620811462402
0.999848 1.00153 0.643129 0.072057 0.0524589 0.0195982 0.000713983 2.91591e-07 3.13836e-05 0.0118325 0 12.5476131439209 13.13025569915771 26.30620193481445
0.999877 1.00154 0.643105 0.0722662 0.0526685 0.0195977 0.000690422 1.88424e-07 3.16774e-05 0.0115687 0 12.54847717285156 13.130539894104 26.44066047668457
0.999846 1.00152 0.643126 0.0716251 0.0520298 0.0195953 0.000683249 2.96589e-07 3.10953e-05 0.0122659 0 12.54776287078857 13.13114643096924 26.22942733764648
0.999825 1.00155 0.643167 0.0711518 0.0515564 0.0195955 0.00067441 3.85417e-07 3.24027e-05 0.0127097 0 12.54815864562988 13.13112258911133 26.33426856994629
0.999855 1.00155 0.643133 0.0721112 0.0525196 0.0195915 0.00069006 2.62999e-07 3.21546e-05 0.0119165 0 12.54776287078857 13.1317138671875 26.01485824584961
0.999843 1.00153 0.643134 0.0715568 0.0519684 0.0195884 0.000673107 3.11215e-07 3.14083e-05 0.0128194 0 12.54746532440186 13.13179111480713 25.77817916870117
0.999844 1.00152 0.643124 0.0713847 0.0517976 0.0195871 0.000760418 3.06442e-07 3.08541e-05 0.0116828 0 12.54786014556885 13.13244724273682 26.25979804992676
0.999897 1.00155 0.643095 0.0724788 0.0528922 0.0195866 0.000766469 1.32218e-07 3.23249e-05 0.0106986 0 12.54769515991211 13.13312911987305 25.98419570922852
0.999849 1.00153 0.643128 0.0716282 0.0520494 0.0195788 0.000723672 2.85822e-07 3.14003e-05 0.0119606 0 12.54772090911865 13.1333703994751 25.89877510070801
0.999837 1.00153 0.643141 0.0714157 0.0518374 0.0195783 0.000696955 3.33608e-07 3.15238e-05 0.0112728 0 12.54839897155762 13.13325786590576 26.44609642028809
0.999872 1.00159 0.643146 0.0727124 0.0531346 0.0195778 0.000887575 2.04508e-07 3.40801e-05 0.00970332 0 12.54778385162354 13.13503170013428 26.02470016479492
0.999785 1.00151 0.643179 0.0710048 0.0514278 0.0195769 0.000821469 5.79805e-07 3.07515e-05 0.012921 0 12.54763793945312 13.13516712188721 25.91872024536133
0.999852 1.00153 0.643124 0.0721213 0.0525512 0.0195701 0.000770318 2.7373e-07 3.13462e-05 0.0108435 0 12.54807090759277 13.13513851165771 26.56730270385742
0.999851 1.00155 0.643139 0.0716947 0.0521215 0.0195733 0.000733905 2.7694e-07 3.22687e-05 0.00991354 0 12.54697132110596 13.1356372833252 25.71392822265625
0.9998 1.00153 0.643172 0.0712452 0.0516788 0.0195663 0.000738966 5.02269e-07 3.12358e-05 0.0117579 0 12.54781341552734 13.13675022125244 26.27558517456055
0.999804 1.00154 0.64318 0.0708409 0.0512708 0.0195701 0.000694784 4.83404e-07 3.19649e-05 0.0121264 0 12.54781436920166 13.13613128662109 26.06071472167969
0.999818 1.00155 0.643173 0.071335 0.0517694 0.0195656 0.000694807 4.16235e-07 3.23529e-05 0.0113316 0 12.54718112945557 13.13769721984863 25.83940696716309
0.999813 1.00154 0.643172 0.0713949 0.0518312 0.0195637 0.000742235 4.379e-07 3.20096e-05 0.0117622 0 12.54719829559326 13.13695240020752 25.63541030883789
0.999771 1.00153 0.643202 0.0711227 0.0515612 0.0195615 0.000832082 6.58079e-07 3.13238e-05 0.0126492 0 12.54738140106201 13.13776874542236 25.88469505310059
0.999831 1.00157 0.643173 0.0716754 0.0521141 0.0195613 0.00075099 3.59243e-07 3.31994e-05 0.0123101 0 12.54732799530029 13.13818073272705 25.91559410095215
0.999907 1.00154 0.643081 0.0729273 0.0533799 0.0195474 0.000766699 1.08119e-07 3.20029e-05 0.0103678 0 12.54681491851807 13.13879871368408 25.78055191040039
0.999893 1.00153 0.643087 0.0723587 0.0528086 0.0195501 0.000736933 1.42745e-07 3.1508e-05 0.0114811 0 12.54755115509033 13.13860893249512 26.05705833435059
0.99992 1.00153 0.643056 0.0730297 0.0534894 0.0195403 0.000711459 7.99236e-08 3.12138e-05 0.00941811 0 12.54851245880127 13.14107418060303 26.6899356842041
0.999868 1.00154 0.643118 0.0718218 0.0522756 0.0195462 0.000719233 2.18006e-07 3.19863e-05 0.0106327 0 12.54834270477295 13.14058589935303 26.40429496765137
0.999845 1.00155 0.643144 0.071493 0.0519483 0.0195446 0.000699256 2.99567e-07 3.22626e-05 0.0107288 0 12.54867935180664 13.14245414733887 26.74469757080078
0.999814 1.00153 0.643164 0.0713127 0.0517729 0.0195398 0.000744966 4.34178e-07 3.15803e-05 0.012609 0 12.54802513122559 13.14145088195801 26.13776969909668
0.999978 1.00155 0.643015 0.0738057 0.0542697 0.019536 0.000741981 6.04857e-09 3.21555e-05 0.00867416 0 12.54773235321045 13.14187145233154 25.9741382598877
0.999894 1.00152 0.643078 0.0726685 0.0531404 0.019528 0.000705592 1.40345e-07 3.1015e-05 0.0110687 0 12.5473165512085 13.14297199249268 25.88643074035645
0.999868 1.00154 0.643118 0.0719555 0.0524247 0.0195308 0.000698256 2.19135e-07 3.19632e-05 0.0108943 0 12.54940795898438 13.14308261871338 27.13486099243164
0.999787 1.00155 0.643202 0.0707616 0.0512283 0.0195334 0.000672455 5.71924e-07 3.22863e-05 0.0133873 0 12.5483455657959 13.14501857757568 26.57021713256836
0.999904 1.00155 0.643085 0.0723493 0.0528275 0.0195217 0.000656496 1.15568e-07 3.20384e-05 0.00854886 0 12.54799652099609 13.14455604553223 26.21232223510742
0.999821 1.00154 0.643161 0.0710094 0.0514816 0.0195278 0.000657116 4.00244e-07 3.18496e-05 0.0122161 0 12.5470027923584 13.14437866210938 25.6141529083252
0.999788 1.00158 0.64322 0.0712051 0.0516818 0.0195234 0.000805649 5.63841e-07 3.35724e-05 0.0119227 0 12.54848957061768 13.14624404907227 26.41382217407227
0.999843 1.00152 0.643127 0.071748 0.0522311 0.0195169 0.000782826 3.10425e-07 3.09412e-05 0.0106061 0 12.54742908477783 13.14532947540283 25.74078178405762
0.999883 1.00156 0.643115 0.0720434 0.0525242 0.0195192 0.000714071 1.71739e-07 3.27196e-05 0.0101228 0 12.54701614379883 13.14636421203613 25.84089088439941
0.999759 1.00155 0.64323 0.0704271 0.0509132 0.019514 0.000725035 7.29087e-07 3.23908e-05 0.0134766 0 12.54769992828369 13.1474494934082 26.11555862426758
0.999778 1.00152 0.643193 0.0707864 0.0512757 0.0195107 0.000729178 6.20583e-07 3.11652e-05 0.0124144 0 12.54821491241455 13.14681339263916 26.26213264465332
0.999879 1.00155 0.643109 0.072253 0.0527455 0.0195075 0.000688873 1.84422e-07 3.2045e-05 0.0100112 0 12.54664707183838 13.14835166931152 25.45657348632812
0.999914 1.00153 0.643066 0.0726823 0.0531895 0.0194928 0.000667754 9.23739e-08 3.14979e-05 0.00982222 0 12.54687881469727 13.14894580841064 25.63788032531738
0.999794 1.00155 0.643192 0.070723 0.0512202 0.0195028 0.000696557 5.30948e-07 3.21532e-05 0.012385 0 12.54816341400146 13.14918804168701 26.37275695800781
0.999762 1.00155 0.643222 0.0707649 0.0512667 0.0194982 0.000692544 7.09326e-07 3.20753e-05 0.0135114 0 12.54860210418701 13.15199756622314 26.5947208404541
0.999861 1.00153 0.643119 0.0719223 0.0524305 0.0194917 0.000647002 2.43193e-07 3.15843e-05 0.0106365 0 12.54710292816162 13.15045642852783 25.61009788513184
0.999886 1.00155 0.643105 0.0721121 0.0526199 0.0194922 0.000635364 1.64127e-07 3.22065e-05 0.00986594 0 12.54668235778809 13.1515064239502 25.63338279724121
0.999797 1.00153 0.643178 0.0710587 0.0515671 0.0194916 0.000612545 5.15273e-07 3.14342e-05 0.012307 0 12.54792404174805 13.15241622924805 26.21524238586426
0.99983 1.00154 0.643154 0.0716065 0.0521187 0.0194878 0.000672886 3.62502e-07 3.19341e-05 0.0123289 0 12.54822731018066 13.15221977233887 26.30988502502441
0.999888 1.00155 0.643105 0.0726508 0.0531631 0.0194877 0.000671427 1.57153e-07 3.23417e-05 0.0112844 0 12.54712581634521 13.15270519256592 25.78353691101074
0.999918 1.00153 0.643063 0.0732435 0.0537694 0.0194741 0.000665998 8.53775e-08 3.1473e-05 0.0114566 0 12.54755306243896 13.15332126617432 26.05934143066406
0.99983 1.00154 0.643154 0.0718783 0.0523956 0.0194826 0.000646618 3.64546e-07 3.18988e-05 0.0134965 0 12.548264503479 13.15313816070557 26.58154678344727
0.999843 1.00161 0.643185 0.0721984 0.0527106 0.0194878 0.000867094 3.09325e-07 3.47897e-05 0.0119131 0 12.54865264892578 13.15572261810303 26.88473892211914
0.999861 1.00156 0.643134 0.0718839 0.0524036 0.0194803 0.000712315 2.43734e-07 3.25182e-05 0.0114324 0 12.54754066467285 13.15435791015625 26.19779968261719
0.999892 1.00153 0.643088 0.0727241 0.0532576 0.0194665 0.00074019 1.45247e-07 3.1563e-05 0.00982159 0 12.54771423339844 13.15328884124756 26.35531044006348
0.999858 1.00153 0.643122 0.0720723 0.0525982 0.0194741 0.000698552 2.53547e-07 3.16097e-05 0.0116445 0 12.54792022705078 13.15470123291016 26.20180511474609
0.999859 1.00156 0.643141 0.0718873 0.0524137 0.0194736 0.000716399 2.50658e-07 3.28666e-05 0.0105799 0 12.54833316802979 13.15734481811523 26.62881660461426
0.999802 1.00153 0.643177 0.071164 0.0516943 0.0194696 0.000746236 4.93009e-07 3.16081e-05 0.0134113 0 12.54788875579834 13.15596008300781 26.29915046691895
