A/A0 V/V0 Vr eb eb_bend eb_ad ea ega ev ek ee
1 1.00032 0.642203 0.111098 0.0495561 0.0615419 0.000329511 0 1.33674e-06 1.89175e-08 0
1.00171 1.0005 0.640672 0.108476 0.0497945 0.0586819 0.000452941 3.68151e-05 3.29737e-06 0.000381651 0
1.00235 0.999822 0.639632 0.106367 0.049871 0.0564958 0.000831673 6.91506e-05 4.25915e-07 0.000337459 0
1.00214 0.99995 0.639914 0.104649 0.0498915 0.0547575 0.00103994 5.74134e-05 3.37487e-08 0.000494569 0
1.00189 1.0001 0.640251 0.103231 0.0500059 0.0532255 0.000979906 4.47851e-05 1.41334e-07 0.000234092 0
1.00193 0.999994 0.640145 0.101979 0.0501348 0.0518445 0.00127951 4.65904e-05 4.21329e-10 0.000571379 0
1.00197 0.999928 0.640065 0.100813 0.0501608 0.0506527 0.00106527 4.85036e-05 7.05266e-08 0.000387274 0
1.00183 0.999993 0.640236 0.0998849 0.0502967 0.0495882 0.00162388 4.20653e-05 7.41902e-10 0.000456582 0
1.00177 1 0.640304 0.0989421 0.0503296 0.0486125 0.00203928 3.91557e-05 6.45219e-11 0.000661048 0
1.00176 0.999989 0.640299 0.0980822 0.0503898 0.0476924 0.00152919 3.89965e-05 1.74431e-09 0.000483876 0
1.00169 1.00001 0.640388 0.0970648 0.0502523 0.0468125 0.00163927 3.56438e-05 1.86707e-09 0.000673229 0
1.00164 1.00001 0.64043 0.0964165 0.0504281 0.0459884 0.00166754 3.38086e-05 1.80481e-09 0.000663834 0
1.00162 1.00004 0.640468 0.0955573 0.0503712 0.0451861 0.00165787 3.29125e-05 1.88633e-08 0.000989707 0
1.00155 1.00006 0.640554 0.0948576 0.0504363 0.0444213 0.00179944 2.99931e-05 5.07158e-08 0.000591321 0
1.00148 1.00008 0.640625 0.094041 0.0503514 0.0436896 0.00168188 2.76126e-05 8.55831e-08 0.000754845 0
1.00146 1.00009 0.640651 0.0935794 0.0505873 0.042992 0.00164389 2.68529e-05 1.05558e-07 0.000805212 0
1.00142 1.0001 0.6407 0.0926759 0.0503614 0.0423145 0.00177322 2.53565e-05 1.461e-07 0.00112022 0
1.00137 1.00014 0.640777 0.0921635 0.0505063 0.0416572 0.00170626 2.33985e-05 2.61317e-07 0.000913139 0
1.00135 1.00013 0.640785 0.0915483 0.0505361 0.0410122 0.00157303 2.29179e-05 2.28864e-07 0.00126624 0
1.00129 1.00016 0.64086 0.0908079 0.0504316 0.0403763 0.00163924 2.09483e-05 3.40026e-07 0.00110627 0
1.00124 1.0002 0.640938 0.0902016 0.0504248 0.0397768 0.00181072 1.92711e-05 5.48437e-07 0.000622464 0
1.00116 1.00021 0.641016 0.0896358 0.0504432 0.0391925 0.00210488 1.70209e-05 6.05012e-07 0.000734868 0
1.00112 1.00022 0.641061 0.0889747 0.0503568 0.0386178 0.00207297 1.57924e-05 6.42317e-07 0.000905469 0
1.00111 1.00024 0.641083 0.0882964 0.0502332 0.0380632 0.00205827 1.54768e-05 7.42721e-07 0.000873261 0
1.00099 1.00029 0.64123 0.0877337 0.0502133 0.0375204 0.00258039 1.23481e-05 1.11116e-06 0.000903522 0
1.00102 1.00024 0.641176 0.0872807 0.0502689 0.0370118 0.00220732 1.3005e-05 7.81084e-07 0.000888734 0
1.00098 1.00031 0.641259 0.0867784 0.050277 0.0365014 0.00175454 1.19593e-05 1.27741e-06 0.000847992 0
1.00096 1.0003 0.641271 0.0862907 0.0502907 0.036 0.00180781 1.15727e-05 1.2408e-06 0.00082164 0
1.00086 1.00033 0.641387 0.0859104 0.0504018 0.0355086 0.00232804 9.17861e-06 1.43276e-06 0.00124675 0
1.00089 1.00036 0.64138 0.0856884 0.050658 0.0350303 0.00179068 9.83617e-06 1.75024e-06 0.00142767 0
1.00084 1.00039 0.641437 0.0849549 0.0503925 0.0345625 0.00156631 8.90311e-06 1.98979e-06 0.0014464 0
1.0008 1.0004 0.641484 0.084343 0.0502541 0.034089 0.0014356 8.09731e-06 2.15061e-06 0.00224867 0
1.00077 1.0004 0.641512 0.0838964 0.0502592 0.0336372 0.00160849 7.50874e-06 2.13813e-06 0.00148535 0
1.00071 1.00045 0.641611 0.08338 0.0501994 0.0331807 0.00174558 6.27787e-06 2.77081e-06 0.00183847 0
1.00067 1.00048 0.641658 0.0830139 0.050282 0.0327319 0.00163415 5.67521e-06 3.03528e-06 0.00204427 0
1.00065 1.00049 0.641682 0.0823845 0.0500844 0.0323001 0.00148514 5.36943e-06 3.16636e-06 0.00168747 0
1.0006 1.00052 0.641756 0.0819894 0.0501049 0.0318845 0.00157904 4.51979e-06 3.63349e-06 0.00171227 0
1.00058 1.00052 0.641774 0.0817935 0.0503242 0.0314693 0.00165865 4.23776e-06 3.62813e-06 0.00174683 0
1.00055 1.00054 0.641815 0.0814411 0.0503749 0.0310662 0.00158472 3.84065e-06 3.93752e-06 0.0019971 0
1.00048 1.00058 0.641906 0.0809082 0.0502447 0.0306635 0.00162946 2.93889e-06 4.51382e-06 0.0032489 0
1.00049 1.00058 0.641896 0.0806657 0.0503932 0.0302725 0.00163238 3.0577e-06 4.49718e-06 0.0019105 0
1.0004 1.00064 0.642025 0.0798219 0.0499304 0.0298914 0.00182103 2.03754e-06 5.54327e-06 0.00255087 0
1.00038 1.00063 0.642043 0.0798569 0.050346 0.0295108 0.00198789 1.79102e-06 5.40244e-06 0.00203898 0
1.00035 1.00065 0.64208 0.0794459 0.0503021 0.0291438 0.0017793 1.54497e-06 5.69744e-06 0.00209391 0
1.00033 1.00067 0.642117 0.0792002 0.0504301 0.02877 0.00200096 1.32657e-06 6.03833e-06 0.00218817 0
1.00024 1.00069 0.642213 0.0785239 0.050114 0.02841 0.00208095 7.06923e-07 6.35699e-06 0.0026987 0
1.00027 1.00069 0.642178 0.0785661 0.0505052 0.028061 0.001778 9.47772e-07 6.37078e-06 0.00200002 0
1.00022 1.0007 0.642239 0.077994 0.0502695 0.0277245 0.00205984 5.81075e-07 6.4944e-06 0.00213152 0
1.00014 1.00073 0.642336 0.077236 0.0498359 0.0274002 0.00226395 2.32254e-07 7.10125e-06 0.00231306 0
1.0001 1.0008 0.642418 0.0767563 0.0496754 0.0270809 0.00207611 1.2238e-07 8.584e-06 0.00251053 0
1.00007 1.00078 0.642429 0.07642 0.0496559 0.0267642 0.00268319 6.71959e-08 8.12013e-06 0.00286326 0
1.00005 1.00079 0.642461 0.0761261 0.0496793 0.0264468 0.00239371 2.627e-08 8.315e-06 0.00276551 0
1.00003 1.00081 0.64249 0.0758409 0.049699 0.0261419 0.0021324 1.39923e-08 8.8798e-06 0.00293613 0
1 1.00083 0.642529 0.0752698 0.0494255 0.0258442 0.00191027 5.25015e-11 9.18769e-06 0.0030942 0
1.00001 1.00085 0.64254 0.0754946 0.0499448 0.0255498 0.00194173 9.46917e-10 9.80542e-06 0.00220934 0
0.999974 1.00087 0.642583 0.0750652 0.049797 0.0252682 0.00179116 8.2034e-09 1.01683e-05 0.00212485 0
0.999892 1.00091 0.642688 0.0747683 0.0497719 0.0249964 0.00213228 1.47717e-07 1.1097e-05 0.00294218 0
0.999871 1.00092 0.642712 0.0742617 0.0495365 0.0247252 0.00195442 2.07425e-07 1.12491e-05 0.00367058 0
0.999853 1.00095 0.642754 0.0739985 0.0495401 0.0244584 0.00185535 2.69747e-07 1.22074e-05 0.00312417 0
0.999827 1.00095 0.642778 0.0736979 0.049505 0.0241928 0.00194599 3.74714e-07 1.21797e-05 0.00278145 0
0.999771 1.00098 0.64285 0.0730655 0.0491267 0.0239388 0.00193052 6.56076e-07 1.29088e-05 0.00324501 0
0.999741 1.00099 0.642885 0.0727518 0.0490623 0.0236895 0.00209973 8.43946e-07 1.31301e-05 0.00291248 0
0.99972 1.00103 0.642932 0.0726575 0.0492127 0.0234448 0.00200973 9.85428e-07 1.42512e-05 0.00264019 0
0.999697 1.00104 0.642958 0.0722662 0.0490591 0.0232071 0.00198289 1.15289e-06 1.44443e-05 0.00304095 0
0.999673 1.00105 0.642989 0.0719947 0.0490134 0.0229814 0.00195011 1.34199e-06 1.47702e-05 0.00358715 0
0.999657 1.0011 0.643035 0.0720981 0.0493461 0.022752 0.00197216 1.47582e-06 1.61384e-05 0.00333722 0
0.999636 1.0011 0.643055 0.0717537 0.0492205 0.0225332 0.00198646 1.65956e-06 1.61425e-05 0.00296547 0
0.999575 1.00114 0.643141 0.071606 0.0492851 0.0223208 0.001901 2.26436e-06 1.74227e-05 0.00330533 0
0.999525 1.0011 0.643167 0.0713375 0.0492181 0.0221194 0.00207834 2.83454e-06 1.63614e-05 0.0045721 0
0.999516 1.0012 0.643234 0.0713066 0.0493907 0.021916 0.00204429 2.93626e-06 1.91715e-05 0.00342096 0
0.999587 1.00115 0.643138 0.0708454 0.0491191 0.0217263 0.00209688 2.14411e-06 1.77748e-05 0.00485474 0
0.999502 1.00122 0.643265 0.0711796 0.0496307 0.0215488 0.00197668 3.11442e-06 2.00472e-05 0.0049273 0
0.999542 1.00122 0.643222 0.0711723 0.0497952 0.0213771 0.00175385 2.62828e-06 1.98464e-05 0.00530764 0
0.99951 1.00127 0.643287 0.0709677 0.0497594 0.0212083 0.0016608 3.01708e-06 2.15434e-05 0.00575231 0
0.99955 1.00124 0.643228 0.0709219 0.0498689 0.021053 0.00179183 2.54441e-06 2.05228e-05 0.00588427 0
0.999513 1.00129 0.643298 0.0709968 0.0500885 0.0209083 0.0017221 2.97234e-06 2.23578e-05 0.0058908 0
0.999527 1.00131 0.643301 0.0711623 0.0503935 0.0207688 0.00159784 2.81148e-06 2.31954e-05 0.00603664 0
0.999477 1.00134 0.643364 0.0704977 0.0498595 0.0206383 0.00161979 3.43016e-06 2.40264e-05 0.00892869 0
0.999549 1.00134 0.643297 0.0717458 0.0512359 0.0205099 0.00155737 2.55639e-06 2.41734e-05 0.00788529 0
0.999547 1.00137 0.643316 0.0719616 0.0515644 0.0203972 0.00149814 2.57518e-06 2.51466e-05 0.00863568 0
0.99951 1.00138 0.643357 0.071213 0.0509123 0.0203007 0.00143596 3.01254e-06 2.54536e-05 0.0110862 0
0.999476 1.00139 0.6434 0.0704648 0.0502541 0.0202107 0.00139801 3.44877e-06 2.60379e-05 0.0134134 0
0.999568 1.00143 0.643338 0.0719231 0.0518021 0.020121 0.00140653 2.34694e-06 2.75863e-05 0.00976243 0
0.999598 1.00142 0.643302 0.0714809 0.0514365 0.0200445 0.0012761 2.0285e-06 2.72326e-05 0.0112127 0
0.999607 1.00146 0.643319 0.0722861 0.0523147 0.0199715 0.00140254 1.94247e-06 2.87598e-05 0.00983199 0
