A/A0 V/V0 Vr eb eb_bend eb_ad ea ega ev ek ee  h0 h1 h2
1 1.00092 0.642589 0.109093 0.0496849 0.0594082 0.000367957 0 1.12357e-05 7.05323e-10 0 12.5019588470459 7.345518589019775 24.84242057800293
1.00071 1.00154 0.642301 0.108334 0.0496336 0.0587007 0.000362784 6.30348e-06 3.14423e-05 8.46139e-05 0 12.50285530090332 7.350457191467285 24.81626319885254
1.00126 1.00092 0.641379 0.107731 0.0496664 0.0580642 0.000400915 1.98415e-05 1.13304e-05 0.000114004 0 12.50521755218506 7.357816696166992 24.8112621307373
1.00178 1.00042 0.640556 0.107183 0.049699 0.0574838 0.000651985 3.98155e-05 2.37788e-06 9.26215e-05 0 12.50747871398926 7.365127086639404 24.81760025024414
1.00208 1.00018 0.64012 0.106699 0.0497177 0.0569815 0.000634348 5.39751e-05 4.35424e-07 4.65168e-05 0 12.50869846343994 7.371880054473877 24.81434440612793
1.00212 1.00017 0.640073 0.106255 0.0497055 0.0565492 0.000657575 5.62251e-05 3.89853e-07 3.94532e-05 0 12.50898265838623 7.378008842468262 24.80922317504883
1.00197 1.00022 0.640251 0.105839 0.0497075 0.056131 0.000731774 4.83704e-05 6.44071e-07 5.6729e-05 0 12.5087890625 7.383742332458496 24.81580543518066
1.00181 1.00046 0.640558 0.105474 0.0497206 0.0557534 0.000697119 4.08966e-05 2.83998e-06 6.14029e-05 0 12.50845146179199 7.389396667480469 24.81341934204102
1.00168 1.00056 0.640742 0.105133 0.0497319 0.0554013 0.000749676 3.5259e-05 4.13073e-06 5.73701e-05 0 12.50834846496582 7.395129203796387 24.8293285369873
1.0016 1.00058 0.64083 0.104803 0.0497448 0.0550579 0.000792076 3.22045e-05 4.50649e-06 3.23948e-05 0 12.50865459442139 7.401082992553711 24.81543922424316
1.00162 1.00052 0.640773 0.104475 0.0497593 0.0547153 0.000781469 3.30048e-05 3.6324e-06 2.69456e-05 0 12.50929927825928 7.407104969024658 24.81938552856445
1.00172 1.00041 0.640612 0.104156 0.0497814 0.0543741 0.00085863 3.67833e-05 2.20409e-06 3.27316e-05 0 12.51083374023438 7.422085762023926 24.8167839050293
1.00184 1.00027 0.640405 0.103804 0.0498132 0.0539906 0.000967809 4.23798e-05 9.89942e-07 3.36199e-05 0 12.51771068572998 7.492049694061279 24.83317565917969
1.0019 1.0002 0.640301 0.103471 0.0498284 0.0536427 0.00103187 4.53167e-05 5.53611e-07 3.21474e-05 0 12.52426910400391 7.556076049804688 24.8495044708252
1.00194 1.00016 0.64024 0.103129 0.0498544 0.0532747 0.0014513 4.69521e-05 3.40038e-07 5.24928e-05 0 12.52793884277344 7.61287260055542 24.85885620117188
1.00188 1.0002 0.640315 0.102845 0.0498623 0.0529823 0.00126899 4.43638e-05 5.08241e-07 3.33522e-05 0 12.52847576141357 7.663364410400391 24.85272407531738
1.00184 1.00023 0.64038 0.102582 0.049873 0.0527087 0.00120811 4.22315e-05 6.899e-07 2.66181e-05 0 12.52655029296875 7.713675022125244 24.85376930236816
1.00182 1.00022 0.640395 0.102331 0.0498915 0.0524396 0.00119003 4.12518e-05 6.37832e-07 3.14692e-05 0 12.52457714080811 7.759397029876709 24.86027526855469
1.00183 1.00019 0.640367 0.102082 0.0499064 0.0521753 0.00127627 4.16769e-05 4.77723e-07 2.88639e-05 0 12.52295017242432 7.802033424377441 24.86593246459961
1.00186 1.00015 0.640311 0.101837 0.0499172 0.0519195 0.00124414 4.31273e-05 2.93817e-07 2.24316e-05 0 12.52202892303467 7.843397617340088 24.87237739562988
1.0019 1.00009 0.640238 0.101589 0.0499315 0.0516571 0.00143657 4.49271e-05 1.12552e-07 2.28954e-05 0 12.52227783203125 7.884177207946777 24.87968254089355
1.00189 1.00009 0.640241 0.101362 0.0499489 0.0514135 0.00135783 4.47712e-05 1.13275e-07 3.8105e-05 0 12.52340698242188 7.92445707321167 24.89067459106445
1.00189 1.00008 0.640232 0.101166 0.0499837 0.0511826 0.00134426 4.46874e-05 7.61609e-08 3.11448e-05 0 12.52498245239258 7.969739437103271 24.90657997131348
1.00187 1.00013 0.640286 0.100955 0.0499926 0.0509623 0.0016012 4.36484e-05 2.12198e-07 4.92224e-05 0 12.52575874328613 8.011285781860352 24.91420936584473
1.00182 1.00016 0.640353 0.100738 0.0499822 0.0507553 0.00152117 4.13164e-05 3.21796e-07 5.53087e-05 0 12.52618503570557 8.055595397949219 24.92718505859375
1.00179 1.00015 0.640374 0.100568 0.0500186 0.0505496 0.00149811 4.01474e-05 2.96943e-07 1.27444e-05 0 12.5255126953125 8.091446876525879 24.93115997314453
1.0018 1.00015 0.640369 0.100358 0.0500142 0.050344 0.0014908 4.04193e-05 3.04823e-07 4.56027e-05 0 12.52493190765381 8.125038146972656 24.93649291992188
1.00182 1.00011 0.640318 0.100151 0.0500126 0.0501386 0.00150838 4.15978e-05 1.62986e-07 4.31242e-05 0 12.52467632293701 8.15800666809082 24.94572830200195
1.00184 1.00007 0.640277 0.0999673 0.0500291 0.0499382 0.00155248 4.23263e-05 6.40691e-08 1.59104e-05 0 12.52477931976318 8.190285682678223 24.95319175720215
1.00185 1.00008 0.640272 0.0997793 0.0500367 0.0497426 0.00155116 4.27176e-05 7.59493e-08 3.67848e-05 0 12.52517986297607 8.221457481384277 24.95857238769531
1.00185 1.00006 0.640263 0.0995806 0.050029 0.0495516 0.00156938 4.26212e-05 4.49198e-08 1.39737e-05 0 12.5256519317627 8.253477096557617 24.96574020385742
1.00184 1.00007 0.640274 0.0993763 0.0500329 0.0493434 0.00177863 4.23667e-05 5.96275e-08 2.10631e-05 0 12.52562046051025 8.283525466918945 24.97442245483398
1.00184 1.00004 0.640257 0.0991919 0.0500382 0.0491537 0.0017891 4.24111e-05 2.29775e-08 7.8878e-05 0 12.52560043334961 8.312054634094238 24.99181938171387
1.00184 1.00002 0.640246 0.0990091 0.0500374 0.0489717 0.0017675 4.22393e-05 4.88397e-09 2.81125e-05 0 12.52531814575195 8.339461326599121 24.99627304077148
1.00183 1.00004 0.640264 0.0988717 0.0500845 0.0487872 0.0018367 4.2046e-05 2.22731e-08 4.01277e-05 0 12.52468395233154 8.365466117858887 24.99113655090332
1.00181 1.00002 0.640273 0.0986989 0.0500899 0.048609 0.00195556 4.11554e-05 8.22561e-09 2.77495e-05 0 12.52436923980713 8.391199111938477 25.00927352905273
1.0018 1.00005 0.64031 0.0985169 0.0500876 0.0484294 0.00182673 4.03151e-05 4.00058e-08 1.84058e-05 0 12.52444267272949 8.416778564453125 25.00711822509766
1.00178 1.00005 0.640319 0.0983666 0.0501229 0.0482437 0.00221131 3.97141e-05 3.15304e-08 2.71052e-05 0 12.52475166320801 8.44225025177002 25.00631332397461
1.00175 0.999984 0.640304 0.0981572 0.0501178 0.0480395 0.00296917 3.84422e-05 3.61756e-09 4.01398e-05 0 12.5249605178833 8.467219352722168 25.01455497741699
1.00171 1.00007 0.6404 0.0979823 0.050163 0.0478194 0.0023059 3.65222e-05 5.94964e-08 4.2073e-05 0 12.52507877349854 8.491681098937988 25.01835823059082
1.00171 1.00007 0.6404 0.0977825 0.0501409 0.0476416 0.0021123 3.67166e-05 7.07129e-08 2.51842e-05 0 12.52504253387451 8.515670776367188 25.01448631286621
1.00172 1.00005 0.640376 0.0975875 0.050128 0.0474595 0.0020322 3.69935e-05 2.80702e-08 1.77429e-05 0 12.52498626708984 8.541908264160156 25.01643562316895
1.00174 1.00004 0.640357 0.0974036 0.0501318 0.0472717 0.00198129 3.76481e-05 1.93815e-08 2.71585e-05 0 12.52498912811279 8.565808296203613 25.01908493041992
1.00173 1.00003 0.640359 0.0972333 0.0501429 0.0470903 0.00192999 3.73106e-05 1.19007e-08 3.02554e-05 0 12.52494430541992 8.588832855224609 25.01869773864746
1.0017 1.00008 0.640417 0.0970744 0.0501628 0.0469116 0.0022852 3.60243e-05 7.62218e-08 2.94742e-05 0 12.5248908996582 8.612202644348145 25.04227447509766
1.00168 1.00007 0.640427 0.0969295 0.0501874 0.0467422 0.00204574 3.52972e-05 5.67367e-08 3.34161e-05 0 12.52464580535889 8.63491153717041 25.04494857788086
1.00169 1.00007 0.640423 0.0967554 0.050184 0.0465714 0.00198009 3.55188e-05 5.82894e-08 1.71733e-05 0 12.52440929412842 8.657845497131348 25.04379463195801
1.00169 1.00005 0.640405 0.0965514 0.050152 0.0463994 0.00192598 3.5885e-05 3.62688e-08 1.98597e-05 0 12.52424240112305 8.681553840637207 25.06143569946289
1.00171 1.00004 0.640378 0.0964046 0.0501745 0.0462301 0.00207398 3.65992e-05 1.64288e-08 2.32755e-05 0 12.52388000488281 8.707773208618164 25.05885696411133
1.00172 1 0.640346 0.0962209 0.0501591 0.0460618 0.00250964 3.71184e-05 1.07586e-10 3.02318e-05 0 12.52333068847656 8.736171722412109 25.08149147033691
1.00169 1.00003 0.640393 0.096062 0.0501632 0.0458988 0.0022206 3.58833e-05 1.44233e-08 2.79886e-05 0 12.5233907699585 8.758907318115234 25.07043647766113
1.00162 1.00008 0.640492 0.095928 0.0502132 0.0457149 0.00232567 3.29914e-05 9.08131e-08 3.5569e-05 0 12.52346706390381 8.782238006591797 25.0639820098877
1.00166 1.00002 0.640421 0.0957579 0.0502007 0.0455572 0.00212458 3.43926e-05 7.2761e-09 2.04286e-05 0 12.52365112304688 8.806275367736816 25.06593132019043
1.00166 1.00001 0.640406 0.0955802 0.0501846 0.0453956 0.00225755 3.4611e-05 7.80542e-10 3.02344e-05 0 12.5235652923584 8.829695701599121 25.07148170471191
1.00166 1.00001 0.640411 0.0953949 0.05016 0.0452349 0.00214043 3.4579e-05 2.99552e-09 1.56484e-05 0 12.52317905426025 8.852937698364258 25.0814037322998
1.00162 1 0.640443 0.09523 0.0501867 0.0450433 0.00268915 3.29224e-05 2.81421e-10 4.53004e-05 0 12.52297306060791 8.874942779541016 25.09367370605469
1.00161 1.00005 0.640483 0.0950586 0.0501674 0.0448912 0.0024032 3.25077e-05 3.56695e-08 2.8995e-05 0 12.52303504943848 8.897027015686035 25.09201240539551
1.00157 0.999993 0.640482 0.0949915 0.0502605 0.044731 0.00340307 3.09786e-05 6.95061e-10 0.000111384 0 12.5231466293335 8.919306755065918 25.07600784301758
1.00141 1.00033 0.640857 0.0950099 0.0504694 0.0445406 0.0041957 2.4721e-05 1.41856e-06 0.000130619 0 12.52335071563721 8.941213607788086 25.08725929260254
1.00121 1.0001 0.640906 0.094859 0.0504435 0.0444155 0.00528567 1.82194e-05 1.4331e-07 0.000223427 0 12.52349853515625 8.963053703308105 25.07956886291504
1.00123 1.00021 0.640957 0.0946635 0.0503907 0.0442728 0.0047635 1.88352e-05 6.08045e-07 0.000141929 0 12.5231409072876 8.984488487243652 25.08160591125488
1.0013 1.0002 0.640871 0.0944126 0.0503169 0.0440957 0.00393754 2.12896e-05 5.14835e-07 0.000101758 0 12.52227592468262 9.008951187133789 25.10660552978516
1.00151 0.999939 0.640508 0.0942285 0.0502444 0.043984 0.00379236 2.85643e-05 4.99709e-08 8.44162e-05 0 12.52270698547363 9.029393196105957 25.10036659240723
1.00159 0.999934 0.640431 0.0940562 0.0502004 0.0438558 0.00311643 3.1533e-05 5.87469e-08 2.99345e-05 0 12.52275943756104 9.050556182861328 25.09231567382812
1.00158 1 0.640481 0.0939539 0.0502152 0.0437387 0.00274792 3.12272e-05 1.10077e-12 2.59519e-05 0 12.52275562286377 9.071682929992676 25.07999038696289
1.00146 1.00006 0.640634 0.0937859 0.0501952 0.0435907 0.00282376 2.65744e-05 4.12203e-08 3.94398e-05 0 12.52224922180176 9.097167015075684 25.09335708618164
1.00141 1.00011 0.640717 0.093632 0.0501767 0.0434554 0.00271071 2.47539e-05 1.57495e-07 2.67196e-05 0 12.52212142944336 9.117273330688477 25.08370590209961
1.00142 1.0001 0.640698 0.093476 0.050169 0.043307 0.00251944 2.53667e-05 1.46138e-07 3.74184e-05 0 12.52163696289062 9.13868236541748 25.13023948669434
1.00144 1.00009 0.640678 0.0933095 0.0501528 0.0431567 0.00235492 2.58245e-05 1.16813e-07 3.16947e-05 0 12.51955032348633 9.164895057678223 25.23467445373535
1.00144 1.00009 0.640673 0.0931627 0.0501564 0.0430064 0.0022458 2.6012e-05 1.14789e-07 1.7694e-05 0 12.51706027984619 9.182644844055176 25.22177505493164
1.00138 1.00011 0.64074 0.0930614 0.0502332 0.0428282 0.00325818 2.39404e-05 1.62897e-07 9.42057e-05 0 12.51730442047119 9.201484680175781 25.19533729553223
1.00138 1.00011 0.640745 0.0928599 0.0501788 0.042681 0.00273968 2.36719e-05 1.51723e-07 3.51375e-05 0 12.51827907562256 9.224600791931152 25.15847206115723
1.00141 1.00008 0.640697 0.0926963 0.0501595 0.0425368 0.00260533 2.47599e-05 8.08682e-08 3.48449e-05 0 12.52085781097412 9.238269805908203 25.12224388122559
1.00147 1.00005 0.640621 0.0925282 0.0501621 0.0423661 0.00259172 2.69879e-05 3.65102e-08 3.7738e-05 0 12.52181529998779 9.254937171936035 25.10022354125977
1.00143 1.00005 0.640659 0.0923665 0.0501527 0.0422137 0.00248145 2.55866e-05 3.86663e-08 5.69668e-05 0 12.52171325683594 9.270635604858398 25.10761642456055
1.00138 1.00013 0.640757 0.0922153 0.0501482 0.0420671 0.00229978 2.3768e-05 2.21926e-07 2.42516e-05 0 12.52018642425537 9.291168212890625 25.09760856628418
1.00134 1.00014 0.640805 0.0920622 0.0501382 0.041924 0.00224675 2.23976e-05 2.7616e-07 2.16271e-05 0 12.51955699920654 9.309610366821289 25.08833694458008
1.00135 1.00014 0.640792 0.0919252 0.0501537 0.0417715 0.00223791 2.27002e-05 2.51394e-07 3.19428e-05 0 12.519775390625 9.329429626464844 25.08450126647949
1.00136 1.00012 0.64077 0.0917616 0.050134 0.0416276 0.00226706 2.3029e-05 1.82024e-07 3.3293e-05 0 12.51992988586426 9.349567413330078 25.0764102935791
1.00135 1.00014 0.640795 0.0916046 0.0501191 0.0414855 0.00221908 2.27444e-05 2.7225e-07 2.59622e-05 0 12.51999473571777 9.369805335998535 25.07819747924805
1.00133 1.00016 0.640831 0.0914563 0.0501117 0.0413446 0.00208156 2.19542e-05 3.57926e-07 1.93265e-05 0 12.51926231384277 9.394210815429688 25.11661911010742
1.00132 1.00017 0.640842 0.0913047 0.050103 0.0412017 0.00203826 2.17483e-05 3.9035e-07 2.11554e-05 0 12.51916694641113 9.414161682128906 25.08942031860352
1.00131 1.00017 0.640849 0.0911598 0.0500989 0.0410609 0.00197003 2.15463e-05 3.98253e-07 2.04004e-05 0 12.51955318450928 9.433523178100586 25.07975578308105
1.00121 1.00023 0.640978 0.0910059 0.050091 0.0409149 0.00234141 1.84324e-05 6.85662e-07 2.83269e-05 0 12.52032661437988 9.456343650817871 25.08102607727051
1.00123 1.00017 0.640919 0.0908855 0.0501292 0.0407562 0.0030007 1.90596e-05 3.67026e-07 4.05257e-05 0 12.51985168457031 9.477295875549316 25.07636451721191
1.00124 1.00018 0.640927 0.0907111 0.0501013 0.0406098 0.00249614 1.90892e-05 4.3017e-07 2.01101e-05 0 12.51919937133789 9.497566223144531 25.0740852355957
1.00116 1.00019 0.64101 0.0906406 0.0501908 0.0404498 0.00283584 1.67373e-05 4.90697e-07 5.32605e-05 0 12.5186939239502 9.517335891723633 25.06907653808594
1.00116 1.00023 0.64103 0.0904263 0.0501084 0.040318 0.00248699 1.6962e-05 7.29229e-07 4.80059e-05 0 12.5188045501709 9.538125038146973 25.07685470581055
1.0011 1.00019 0.641057 0.0902976 0.0501513 0.0401463 0.00273606 1.5261e-05 4.61619e-07 7.5661e-05 0 12.5189208984375 9.557793617248535 25.06697273254395
1.0011 1.00023 0.641088 0.0901315 0.0501091 0.0400225 0.00245007 1.52336e-05 7.22029e-07 2.88323e-05 0 12.51882743835449 9.577335357666016 25.05952835083008
1.00112 1.00025 0.641083 0.0899906 0.0500998 0.0398908 0.00242154 1.56549e-05 8.17903e-07 4.73598e-05 0 12.51853370666504 9.596832275390625 25.05582618713379
1.00112 1.00025 0.641088 0.0898317 0.050071 0.0397607 0.00224234 1.56244e-05 8.62472e-07 1.76049e-05 0 12.51844596862793 9.616548538208008 25.05147743225098
1.00112 1.00025 0.641082 0.0896798 0.0500644 0.0396154 0.00230936 1.57517e-05 8.41325e-07 2.93773e-05 0 12.51837062835693 9.636005401611328 25.0494499206543
1.00109 1.0003 0.641144 0.0895488 0.0500618 0.039487 0.00215648 1.48103e-05 1.17761e-06 2.86341e-05 0 12.5171365737915 9.65672779083252 25.04550361633301
1.00107 1.00031 0.641167 0.0894131 0.0500539 0.0393593 0.00205806 1.43046e-05 1.24266e-06 1.63468e-05 0 12.51740264892578 9.678572654724121 25.06463241577148
1.00108 1.00029 0.641145 0.0892647 0.050036 0.0392288 0.00197939 1.46896e-05 1.14169e-06 1.84097e-05 0 12.51741218566895 9.698864936828613 25.0506534576416
1.00109 1.00029 0.641136 0.089118 0.0500199 0.0390981 0.0019179 1.49342e-05 1.13683e-06 1.9177e-05 0 12.5164213180542 9.72154426574707 25.09539794921875
1.00109 1.00029 0.641141 0.0890045 0.050035 0.0389695 0.00187319 1.47479e-05 1.12284e-06 1.87663e-05 0 12.51652240753174 9.739853858947754 25.05418968200684
1.00108 1.0003 0.641161 0.0888637 0.0500215 0.0388422 0.00182441 1.44627e-05 1.23912e-06 1.84866e-05 0 12.51578235626221 9.764128684997559 25.0756721496582
1.00107 1.0003 0.641167 0.0887233 0.0500083 0.0387151 0.00178407 1.42587e-05 1.22599e-06 2.03683e-05 0 12.51576995849609 9.781430244445801 25.0545482635498
1.00106 1.00026 0.641147 0.0885802 0.0500004 0.0385798 0.00188171 1.40015e-05 8.85359e-07 2.15923e-05 0 12.51595115661621 9.79976749420166 25.04988861083984
1.00106 1.00031 0.641184 0.0884506 0.0500064 0.0384442 0.0019561 1.39428e-05 1.28986e-06 2.99871e-05 0 12.51593208312988 9.817998886108398 25.03548812866211
1.00107 1.00024 0.641122 0.0883011 0.0500238 0.0382773 0.00246129 1.44128e-05 7.71507e-07 3.90712e-05 0 12.51598453521729 9.838385581970215 25.0322093963623
1.001 1.00036 0.641276 0.0881296 0.0499774 0.0381522 0.00210232 1.23937e-05 1.77052e-06 2.43131e-05 0 12.51557350158691 9.856614112854004 25.0309009552002
1.00097 1.00034 0.641282 0.0880198 0.0499937 0.0380261 0.00236569 1.18349e-05 1.54446e-06 2.25904e-05 0 12.51533126831055 9.874720573425293 25.02692985534668
1.00101 1.00032 0.641235 0.0878581 0.049958 0.0379 0.00206409 1.27091e-05 1.35916e-06 2.02235e-05 0 12.51551342010498 9.893062591552734 25.01798629760742
1.00103 1.00031 0.641206 0.0877135 0.0499388 0.0377747 0.00191849 1.32828e-05 1.25821e-06 2.18727e-05 0 12.51561832427979 9.911476135253906 25.00996398925781
1.00103 1.00033 0.641222 0.0875908 0.0499402 0.0376507 0.00192482 1.32165e-05 1.45019e-06 2.02656e-05 0 12.51553630828857 9.929717063903809 25.01751708984375
1.00097 1.00027 0.641238 0.0874549 0.0499299 0.037525 0.00327823 1.18627e-05 9.93515e-07 0.000125818 0 12.51540756225586 9.947820663452148 25.0107307434082
1.00088 1.00036 0.641384 0.0873312 0.0499464 0.0373848 0.00239673 9.71969e-06 1.74476e-06 3.44713e-05 0 12.51530933380127 9.965925216674805 25.0041446685791
1.00097 1.0003 0.641254 0.0872102 0.0499522 0.037258 0.00231859 1.18399e-05 1.17696e-06 2.57696e-05 0 12.51519393920898 9.985220909118652 25.00022506713867
1.00101 1.0003 0.641226 0.0870416 0.0499062 0.0371355 0.00209565 1.26634e-05 1.22187e-06 1.38516e-05 0 12.51516437530518 10.00455474853516 25.00322532653809
1.00098 1.00032 0.641259 0.0869072 0.049891 0.0370161 0.00194196 1.21295e-05 1.38163e-06 1.87719e-05 0 12.51538181304932 10.02829933166504 25.01191139221191
1.00096 1.00034 0.641296 0.0867824 0.0498857 0.0368968 0.00182911 1.15538e-05 1.58037e-06 1.5924e-05 0 12.51440238952637 10.04661846160889 24.98869514465332
1.00096 1.00036 0.641309 0.0866752 0.0498999 0.0367753 0.00175064 1.14747e-05 1.71853e-06 3.2725e-05 0 12.51412963867188 10.06481075286865 24.99686241149902
1.00093 1.00035 0.641328 0.0865134 0.0498664 0.036647 0.0017312 1.08747e-05 1.64822e-06 2.80042e-05 0 12.51456069946289 10.08270835876465 24.9790096282959
1.00091 1.00038 0.64137 0.086364 0.049841 0.036523 0.00178125 1.03346e-05 1.93554e-06 2.02265e-05 0 12.51484203338623 10.10061264038086 24.96940422058105
1.00091 1.00039 0.641374 0.0862293 0.0498248 0.0364045 0.00164616 1.03571e-05 2.01916e-06 1.4027e-05 0 12.51480674743652 10.11848640441895 24.97007179260254
1.00095 1.0003 0.641283 0.0861152 0.049836 0.0362792 0.00213199 1.11667e-05 1.19563e-06 3.58422e-05 0 12.51413536071777 10.13689994812012 24.9649543762207
1.00083 1.00038 0.641443 0.0860091 0.0498686 0.0361405 0.00303896 8.63845e-06 1.91422e-06 6.87705e-05 0 12.51298522949219 10.15767860412598 24.97319602966309
1.00076 1.00043 0.64155 0.0858499 0.0498187 0.0360313 0.00239074 7.14435e-06 2.49202e-06 2.50612e-05 0 12.51412677764893 10.17553806304932 24.97612380981445
1.0008 1.00032 0.641438 0.085754 0.0498506 0.0359034 0.00343563 7.95374e-06 1.37034e-06 0.000199605 0 12.5145320892334 10.19312191009521 24.95306777954102
1.00074 1.00036 0.641516 0.0856513 0.0498625 0.0357888 0.00343585 6.88555e-06 1.71474e-06 8.73481e-05 0 12.51427173614502 10.2105655670166 24.94552421569824
1.00078 1.00039 0.641506 0.0854948 0.0498184 0.0356764 0.00278308 7.53352e-06 2.0726e-06 3.05832e-05 0 12.5139856338501 10.22806262969971 24.94282913208008
1.00078 1.00038 0.641498 0.085352 0.0497826 0.0355695 0.0025134 7.54824e-06 1.95517e-06 3.05921e-05 0 12.51393890380859 10.24577045440674 24.94994735717773
1.00078 1.0004 0.64151 0.0852209 0.0497592 0.0354617 0.00229309 7.5351e-06 2.14699e-06 1.48655e-05 0 12.5136137008667 10.26462459564209 24.93319892883301
1.00079 1.00039 0.641489 0.0850946 0.0497472 0.0353473 0.0026889 7.79718e-06 2.00481e-06 2.99318e-05 0 12.51332378387451 10.28289699554443 24.92050743103027
1.00066 1.00033 0.641575 0.0850559 0.0498271 0.0352288 0.00295908 5.47719e-06 1.45895e-06 0.000121845 0 12.51334381103516 10.3002462387085 24.91240882873535
1.00061 1.00044 0.641698 0.0849306 0.0498346 0.035096 0.00308431 4.6268e-06 2.59865e-06 6.76111e-05 0 12.51377296447754 10.318434715271 24.91798400878906
1.00068 1.00044 0.641627 0.0847618 0.0497786 0.0349832 0.00264209 5.78741e-06 2.56788e-06 2.86315e-05 0 12.51235866546631 10.33942127227783 24.93429374694824
1.00066 1.00045 0.64165 0.0846579 0.0497864 0.0348715 0.00267828 5.47373e-06 2.66204e-06 3.58773e-05 0 12.5114049911499 10.35591316223145 24.90933799743652
1.00066 1.0004 0.64162 0.084528 0.0497646 0.0347634 0.00289604 5.52236e-06 2.18027e-06 6.35876e-05 0 12.51192283630371 10.37454891204834 24.92531585693359
1.0007 1.00042 0.641594 0.084401 0.0497557 0.0346453 0.00258257 6.16731e-06 2.35888e-06 2.9117e-05 0 12.51123809814453 10.39175319671631 24.93123245239258
1.0007 1.00043 0.641602 0.0842744 0.0497443 0.0345301 0.0024844 6.13306e-06 2.47221e-06 1.83722e-05 0 12.51166725158691 10.40820980072021 24.90921783447266
1.0007 1.00042 0.6416 0.0841366 0.0497172 0.0344195 0.00256835 6.07848e-06 2.38467e-06 2.42402e-05 0 12.51167869567871 10.42404747009277 24.89129829406738
1.00067 1.00043 0.64163 0.0840053 0.0497011 0.0343042 0.00275243 5.59364e-06 2.4208e-06 4.25867e-05 0 12.51166725158691 10.44003582000732 24.87958526611328
1.00067 1.00047 0.641658 0.083923 0.0497348 0.0341882 0.00266401 5.60501e-06 2.95551e-06 4.24126e-05 0 12.51182746887207 10.45697212219238 24.87361526489258
1.00067 1.00045 0.641643 0.0837828 0.0496965 0.0340863 0.00247148 5.65211e-06 2.73154e-06 2.55338e-05 0 12.51023578643799 10.47527980804443 24.91352653503418
1.00067 1.00042 0.641621 0.0836502 0.0496814 0.0339688 0.00298011 5.68047e-06 2.36092e-06 3.37378e-05 0 12.50956439971924 10.49536514282227 24.91732406616211
1.00065 1.00047 0.641677 0.0835269 0.0496603 0.0338666 0.00262122 5.23213e-06 2.90912e-06 2.2752e-05 0 12.51047039031982 10.51183319091797 24.8892936706543
1.00064 1.00047 0.641682 0.083458 0.0496975 0.0337605 0.00247751 5.1538e-06 2.91868e-06 2.90362e-05 0 12.51022911071777 10.52865982055664 24.8931999206543
1.00065 1.00041 0.641642 0.0833198 0.0496797 0.0336402 0.00245404 5.2481e-06 2.28418e-06 3.99562e-05 0 12.51027393341064 10.54483699798584 24.88233757019043
1.00064 1.00044 0.64167 0.0831978 0.0496612 0.0335366 0.0023199 5.09608e-06 2.62071e-06 6.09455e-05 0 12.51074409484863 10.56236171722412 24.87782096862793
1.00061 1.00043 0.641689 0.0831042 0.0496773 0.033427 0.00281121 4.64181e-06 2.46058e-06 4.34509e-05 0 12.51072311401367 10.57971096038818 24.87215042114258
1.00054 1.00054 0.641827 0.0829352 0.0496196 0.0333156 0.0026449 3.6138e-06 3.84239e-06 4.57921e-05 0 12.51067924499512 10.59637546539307 24.85857582092285
1.00056 1.00048 0.641764 0.0827903 0.049591 0.0331994 0.00251966 3.96365e-06 3.03654e-06 2.72915e-05 0 12.51032543182373 10.61391067504883 24.85056304931641
1.00058 1.00048 0.641746 0.08265 0.0495635 0.0330865 0.00235056 4.25361e-06 3.06845e-06 2.05551e-05 0 12.51033496856689 10.63143920898438 24.86738777160645
1.00058 1.00049 0.641757 0.0825286 0.0495508 0.0329778 0.00224177 4.19156e-06 3.19338e-06 1.49367e-05 0 12.51036834716797 10.64683818817139 24.84823608398438
1.00057 1.0005 0.641766 0.0824075 0.0495358 0.0328717 0.00215869 4.12077e-06 3.28004e-06 1.28372e-05 0 12.51038455963135 10.66464042663574 24.84069633483887
1.00058 1.0005 0.641766 0.0823035 0.0495373 0.0327662 0.00209746 4.14441e-06 3.32962e-06 2.47707e-05 0 12.51004886627197 10.68030166625977 24.83013725280762
1.00057 1.00053 0.641787 0.082197 0.0495369 0.0326601 0.00203245 4.09034e-06 3.68374e-06 2.68873e-05 0 12.50998210906982 10.69645214080811 24.84872436523438
1.00053 1.00055 0.641843 0.0820928 0.049546 0.0325468 0.0025329 3.48389e-06 3.98394e-06 5.13808e-05 0 12.51006507873535 10.71475219726562 24.83982849121094
1.00052 1.00052 0.641836 0.0819754 0.0495257 0.0324497 0.00244594 3.32757e-06 3.58466e-06 3.32115e-05 0 12.50993633270264 10.73059940338135 24.83060455322266
1.00057 1.00049 0.641768 0.0818763 0.049524 0.0323524 0.00237275 3.99195e-06 3.14349e-06 4.63903e-05 0 12.50957584381104 10.74750900268555 24.83862495422363
1.00056 1.0005 0.641781 0.0817782 0.0495185 0.0322597 0.00221775 3.89104e-06 3.28279e-06 3.09782e-05 0 12.50867748260498 10.76491451263428 24.80979156494141
1.00055 1.00051 0.641798 0.0816558 0.0494891 0.0321667 0.0023753 3.74023e-06 3.41674e-06 2.69878e-05 0 12.50900554656982 10.78261184692383 24.79550743103027
1.00054 1.00051 0.641802 0.0815229 0.0494512 0.0320718 0.00215853 3.6815e-06 3.413e-06 2.3304e-05 0 12.50925731658936 10.79983329772949 24.78175163269043
1.00052 1.00054 0.641848 0.0814277 0.049453 0.0319748 0.00207083 3.37124e-06 3.91783e-06 1.19491e-05 0 12.50920677185059 10.81658840179443 24.77541542053223
1.00049 1.00053 0.641867 0.081298 0.0494276 0.0318704 0.00249403 3.03225e-06 3.76916e-06 3.99673e-05 0 12.50913906097412 10.83296966552734 24.76790618896484
1.00049 1.00057 0.641897 0.0812373 0.0494747 0.0317626 0.0032439 2.97775e-06 4.34756e-06 8.8941e-05 0 12.50915908813477 10.84923076629639 24.76862907409668
1.00038 1.00045 0.641925 0.081184 0.0495195 0.0316645 0.00305798 1.7668e-06 2.67018e-06 0.000102173 0 12.50911045074463 10.86566352844238 24.76847076416016
1.00046 1.00054 0.6419 0.081003 0.0494275 0.0315756 0.00274152 2.67236e-06 3.85896e-06 2.56144e-05 0 12.50856590270996 10.88342666625977 24.77300643920898
1.00049 1.00053 0.641867 0.080875 0.0493949 0.0314801 0.00273195 3.01039e-06 3.74155e-06 3.63641e-05 0 12.50840950012207 10.89856243133545 24.76284980773926
1.00046 1.00056 0.641915 0.0807691 0.0493819 0.0313872 0.00291647 2.69577e-06 4.23719e-06 3.10641e-05 0 12.50903129577637 10.91341876983643 24.7619686126709
1.00031 1.00042 0.641975 0.0807608 0.0494614 0.0312994 0.003313 1.16497e-06 2.34483e-06 0.000109036 0 12.50893115997314 10.92787933349609 24.75923347473145
1.00043 1.00057 0.641954 0.0805703 0.0493637 0.0312066 0.00293457 2.27319e-06 4.29663e-06 2.92577e-05 0 12.50879859924316 10.94241714477539 24.74455642700195
1.00043 1.00052 0.641919 0.08046 0.0493524 0.0311076 0.00271483 2.32735e-06 3.61471e-06 2.80102e-05 0 12.5087423324585 10.95724964141846 24.72557640075684
1.00035 1.00049 0.641979 0.0804685 0.0494623 0.0310062 0.00336919 1.48852e-06 3.14109e-06 9.45052e-05 0 12.50844955444336 10.97252082824707 24.72648239135742
1.0003 1.00064 0.642125 0.0802586 0.0493402 0.0309184 0.0029406 1.09087e-06 5.43445e-06 1.95548e-05 0 12.50811767578125 10.98898792266846 24.71380615234375
1.00032 1.00058 0.642067 0.0801605 0.0493371 0.0308234 0.00287496 1.24823e-06 4.46491e-06 2.37327e-05 0 12.50806903839111 11.00590801239014 24.73733901977539
1.00033 1.00059 0.642061 0.0800368 0.0493071 0.0307297 0.00270098 1.36386e-06 4.65707e-06 3.66315e-05 0 12.50666427612305 11.02185916900635 24.75973892211914
1.00034 1.0006 0.642058 0.0799243 0.049288 0.0306363 0.00256933 1.43166e-06 4.76811e-06 1.20467e-05 0 12.50774002075195 11.03542613983154 24.71373558044434
1.00035 1.00062 0.642059 0.0798183 0.0492765 0.0305418 0.00247755 1.52319e-06 5.06163e-06 3.99509e-05 0 12.50809860229492 11.05031490325928 24.69747161865234
1.00035 1.00061 0.642056 0.0797171 0.0492677 0.0304494 0.0024224 1.51994e-06 4.96449e-06 1.54235e-05 0 12.50776386260986 11.06508541107178 24.69095802307129
1.00035 1.00061 0.642053 0.079602 0.0492448 0.0303572 0.00234864 1.5506e-06 4.99237e-06 1.17878e-05 0 12.50576782226562 11.07974624633789 24.73068046569824
1.0003 1.00062 0.64211 0.0794987 0.0492387 0.03026 0.00253046 1.13887e-06 5.19719e-06 1.84521e-05 0 12.50728893280029 11.09382152557373 24.6818675994873
1.00032 1.00063 0.642097 0.0793809 0.0492096 0.0301713 0.00238901 1.29727e-06 5.37075e-06 1.45916e-05 0 12.50734996795654 11.10948085784912 24.67623710632324
1.00033 1.00063 0.642091 0.0792717 0.049192 0.0300797 0.00229416 1.33634e-06 5.34304e-06 1.11999e-05 0 12.5062780380249 11.12598609924316 24.73114013671875
1.00029 1.00065 0.642137 0.0791629 0.0491777 0.0299852 0.00228634 1.07868e-06 5.71908e-06 1.32968e-05 0 12.50565719604492 11.14018440246582 24.67011070251465
1.00031 1.00064 0.642105 0.0790563 0.0491595 0.0298968 0.00268814 1.23916e-06 5.40402e-06 2.4872e-05 0 12.50591945648193 11.15520191192627 24.66853141784668
1.00015 1.00056 0.642217 0.0790609 0.0492565 0.0298044 0.00305432 2.78857e-07 4.21726e-06 6.88674e-05 0 12.50609302520752 11.17006397247314 24.6535472869873
1.00027 1.00064 0.642153 0.0788967 0.0491665 0.0297302 0.0028118 8.80269e-07 5.40399e-06 2.35967e-05 0 12.50619125366211 11.18492317199707 24.6440315246582
1.00027 1.00064 0.642152 0.0787823 0.0491382 0.0296441 0.00259888 9.17986e-07 5.50945e-06 1.29135e-05 0 12.50631904602051 11.19998836517334 24.63824844360352
1.00027 1.00061 0.642137 0.0786864 0.0491307 0.0295557 0.00246671 8.87653e-07 5.02765e-06 2.95667e-05 0 12.50631523132324 11.21478652954102 24.63386535644531
1.00025 1.00068 0.642192 0.0785788 0.0491075 0.0294713 0.00233595 7.98369e-07 6.12537e-06 1.63755e-05 0 12.50637149810791 11.22955417633057 24.62237358093262
1.00025 1.00066 0.642179 0.0784719 0.049086 0.0293859 0.00230087 7.95821e-07 5.77667e-06 1.44337e-05 0 12.50573348999023 11.24539852142334 24.61934280395508
1.00027 1.00067 0.642172 0.0784061 0.0491062 0.0292999 0.00220195 9.03495e-07 6.00782e-06 2.01709e-05 0 12.50597953796387 11.2595739364624 24.60482406616211
1.00026 1.00069 0.642191 0.0782761 0.0490596 0.0292165 0.00215387 8.45466e-07 6.3245e-06 3.34566e-05 0 12.50604438781738 11.2743091583252 24.59602165222168
1.00026 1.00065 0.642162 0.0781801 0.0490498 0.0291303 0.00250021 8.7296e-07 5.61626e-06 2.75051e-05 0 12.50563049316406 11.28970050811768 24.58883857727051
1.00026 1.00064 0.642159 0.0780901 0.0490453 0.0290447 0.00252264 8.38192e-07 5.39406e-06 3.83527e-05 0 12.50589370727539 11.30388355255127 24.57972717285156
1.00023 1.00068 0.642216 0.0780006 0.0490381 0.0289624 0.00227131 6.67582e-07 6.22878e-06 6.29763e-05 0 12.50383281707764 11.31963348388672 24.62824249267578
1.00025 1.00069 0.6422 0.0778852 0.0490098 0.0288753 0.00241766 7.809e-07 6.27896e-06 2.88899e-05 0 12.50527667999268 11.33109760284424 24.58324241638184
1.00022 1.00069 0.642225 0.0777879 0.0489952 0.0287927 0.00220392 6.32911e-07 6.32648e-06 1.67266e-05 0 12.50535106658936 11.34504413604736 24.56908988952637
1.00022 1.00068 0.642223 0.0776851 0.048978 0.0287071 0.0021271 6.11082e-07 6.15025e-06 2.07624e-05 0 12.50528717041016 11.35943412780762 24.56537055969238
1.0002 1.0007 0.642257 0.0775668 0.0489439 0.0286229 0.00203924 4.92834e-07 6.49802e-06 5.03177e-05 0 12.50512218475342 11.3732328414917 24.55377197265625
1.0002 1.0007 0.642254 0.0774704 0.0489309 0.0285395 0.00195904 5.13295e-07 6.53577e-06 1.6094e-05 0 12.50511932373047 11.38713550567627 24.54300689697266
1.0002 1.00066 0.642226 0.0773904 0.0489363 0.0284541 0.00221005 5.2498e-07 5.80675e-06 2.94158e-05 0 12.5053243637085 11.40110683441162 24.5531063079834
1.00018 1.00072 0.642293 0.0772939 0.0489177 0.0283762 0.00206163 3.84731e-07 6.90318e-06 2.93553e-05 0 12.50520706176758 11.41477870941162 24.52981185913086
1.00018 1.00074 0.642299 0.0771924 0.0488971 0.0282954 0.00202734 4.05521e-07 7.23234e-06 3.04934e-05 0 12.50526332855225 11.42887020111084 24.52488708496094
1.00018 1.00072 0.64229 0.077082 0.0488663 0.0282158 0.00195361 4.13612e-07 7.00986e-06 3.28017e-05 0 12.50519752502441 11.44292640686035 24.52266693115234
1.00016 1.00072 0.642308 0.0770012 0.0488623 0.0281389 0.00191248 3.21261e-07 6.93536e-06 2.36457e-05 0 12.50484848022461 11.45656299591064 24.51908111572266
1.00017 1.00073 0.642308 0.0769109 0.0488507 0.0280602 0.00184971 3.4107e-07 7.06911e-06 2.93062e-05 0 12.50508689880371 11.47079467773438 24.50492668151855
1.00016 1.00074 0.642319 0.0768041 0.0488218 0.0279823 0.001961 3.23784e-07 7.27909e-06 2.96606e-05 0 12.50477027893066 11.48453140258789 24.49760818481445
1.00015 1.00075 0.642338 0.0767042 0.0487986 0.0279056 0.00186137 2.79749e-07 7.51378e-06 2.25194e-05 0 12.50472640991211 11.49864292144775 24.4890079498291
1.00015 1.00075 0.642332 0.0766105 0.048782 0.0278286 0.00180437 2.9096e-07 7.41456e-06 1.57493e-05 0 12.50444221496582 11.51265239715576 24.4719352722168
1.00011 1.00071 0.642345 0.0766013 0.0488535 0.0277477 0.0023893 1.58835e-07 6.64763e-06 4.81557e-05 0 12.50449085235596 11.52643013000488 24.46547508239746
1.00012 1.00077 0.642374 0.0764882 0.048808 0.0276801 0.00223272 1.91199e-07 7.88745e-06 4.14311e-05 0 12.5045223236084 11.54055786132812 24.46811485290527
1.00013 1.00076 0.642366 0.0763609 0.0487556 0.0276054 0.0020973 2.06683e-07 7.77526e-06 3.79591e-05 0 12.50415229797363 11.55361175537109 24.45883178710938
1.00011 1.00075 0.642374 0.0762605 0.048727 0.0275335 0.00205466 1.55498e-07 7.49701e-06 1.61166e-05 0 12.50421142578125 11.5670280456543 24.44854164123535
1.00011 1.00077 0.642392 0.0761558 0.0486977 0.027458 0.00203958 1.43841e-07 7.9302e-06 1.82373e-05 0 12.50423908233643 11.58024978637695 24.43312072753906
1.00009 1.00078 0.642412 0.0760682 0.0486823 0.0273859 0.00197009 1.08497e-07 8.13518e-06 4.12361e-05 0 12.50396251678467 11.5931453704834 24.43114471435547
1.0001 1.00078 0.642402 0.0759834 0.0486714 0.027312 0.0019041 1.33007e-07 8.14191e-06 1.36045e-05 0 12.5040168762207 11.60625553131104 24.42533874511719
1.00009 1.00078 0.64241 0.0758946 0.0486556 0.0272391 0.00187761 1.1019e-07 8.10598e-06 1.45803e-05 0 12.503981590271 11.61929130554199 24.41091537475586
0.999973 1.00075 0.642509 0.0758948 0.048748 0.0271468 0.003227 9.25894e-09 7.54086e-06 8.60127e-05 0 12.5038423538208 11.63217163085938 24.3993034362793
1.00001 1.00079 0.642492 0.075727 0.0486577 0.0270693 0.00283201 2.17709e-09 8.25165e-06 6.17739e-05 0 12.50385665893555 11.64505004882812 24.39097595214844
1.00005 1.00079 0.642454 0.0756074 0.0486113 0.0269961 0.00256933 3.40228e-08 8.23816e-06 2.47422e-05 0 12.50336074829102 11.65879726409912 24.42677116394043
1.00004 1.00079 0.642465 0.07552 0.0485943 0.0269257 0.00248722 2.21435e-08 8.26924e-06 2.28002e-05 0 12.50349712371826 11.67008399963379 24.40402412414551
1.00003 1.00079 0.642481 0.0754277 0.0485746 0.026853 0.0024864 1.07482e-08 8.39301e-06 2.91516e-05 0 12.50356483459473 11.68264102935791 24.37777709960938
1.00002 1.00082 0.6425 0.0753427 0.0485607 0.026782 0.00230914 7.75477e-09 8.87607e-06 1.15318e-05 0 12.50335502624512 11.69482326507568 24.36349868774414
1.00003 1.00081 0.642492 0.0752429 0.0485338 0.0267091 0.00221094 1.13323e-08 8.78299e-06 2.27459e-05 0 12.50330543518066 11.70755577087402 24.34885025024414
1.00002 1.0008 0.642494 0.0751732 0.0485363 0.0266369 0.0021568 6.12631e-09 8.60449e-06 1.86556e-05 0 12.50313282012939 11.71980476379395 24.34113121032715
1 1.0008 0.642511 0.0750914 0.0485295 0.0265619 0.0022424 4.19397e-13 8.45964e-06 2.42719e-05 0 12.50324058532715 11.73224544525146 24.33572387695312
0.999994 1.00084 0.642546 0.0749833 0.0484947 0.0264886 0.00213098 5.10304e-10 9.43448e-06 3.74337e-05 0 12.50313568115234 11.74463272094727 24.3277702331543
0.999987 1.00083 0.642544 0.0749097 0.0484948 0.0264148 0.0023005 2.23441e-09 9.13467e-06 1.8503e-05 0 12.50161552429199 11.76083183288574 24.37401008605957
0.99999 1.00085 0.642559 0.0748071 0.0484646 0.0263425 0.002153 1.3096e-09 9.7501e-06 2.83721e-05 0 12.50212383270264 11.77381324768066 24.32886505126953
0.999989 1.00085 0.642554 0.0747041 0.0484348 0.0262692 0.00216589 1.58696e-09 9.53781e-06 2.90135e-05 0 12.50261306762695 11.78607273101807 24.30566787719727
0.999987 1.00084 0.64255 0.0746258 0.048425 0.0262008 0.00206253 2.16725e-09 9.36008e-06 1.10713e-05 0 12.50248718261719 11.79810523986816 24.29715538024902
0.999987 1.00087 0.642569 0.0745452 0.0484135 0.0261317 0.00200413 2.0273e-09 1.0042e-05 1.45785e-05 0 12.50233173370361 11.81055450439453 24.28730773925781
0.999977 1.00086 0.642575 0.0744703 0.0484071 0.0260632 0.00195111 6.90418e-09 9.88593e-06 2.50945e-05 0 12.50227546691895 11.82269763946533 24.28037452697754
0.999978 1.00085 0.642567 0.0743582 0.048364 0.0259942 0.00191258 5.92487e-09 9.66561e-06 2.8716e-05 0 12.50232601165771 11.83513927459717 24.26691436767578
0.999969 1.00087 0.642586 0.0742662 0.0483403 0.0259259 0.00186971 1.18833e-08 1.00147e-05 1.02775e-05 0 12.50222969055176 11.84753608703613 24.26813125610352
0.999906 1.00076 0.642582 0.0742028 0.0483419 0.0258609 0.0022007 1.11026e-07 7.80587e-06 7.63199e-05 0 12.50196266174316 11.86048126220703 24.26475715637207
0.999905 1.00088 0.642659 0.0741229 0.048326 0.0257969 0.00196627 1.12151e-07 1.04317e-05 2.17848e-05 0 12.50188636779785 11.8730936050415 24.24734306335449
0.999943 1.00089 0.642628 0.074042 0.0483177 0.0257243 0.00202154 4.11513e-08 1.06052e-05 4.55407e-05 0 12.50178909301758 11.88580322265625 24.24741744995117
0.999918 1.00087 0.642641 0.0739358 0.0482753 0.0256606 0.00189272 8.45067e-08 1.01995e-05 2.00146e-05 0 12.5018310546875 11.89824295043945 24.23231315612793
0.999911 1.0009 0.642664 0.0738584 0.0482646 0.0255938 0.00190998 9.80645e-08 1.08373e-05 1.39674e-05 0 12.50181674957275 11.91086864471436 24.21742820739746
0.999917 1.00088 0.642645 0.0737696 0.0482417 0.025528 0.00183215 8.53629e-08 1.03651e-05 9.34988e-06 0 12.50179958343506 11.92269134521484 24.21251487731934
0.99992 1.00091 0.642658 0.0736923 0.0482307 0.0254616 0.00179141 7.98605e-08 1.09382e-05 1.89902e-05 0 12.50180530548096 11.93462562561035 24.20674896240234
0.999912 1.00087 0.642645 0.0736092 0.0482146 0.0253947 0.00185831 9.59973e-08 1.01695e-05 2.40096e-05 0 12.50166320800781 11.94653511047363 24.20357894897461
0.999893 1.00092 0.642691 0.0735171 0.0481852 0.0253318 0.00181543 1.43498e-07 1.11904e-05 1.40123e-05 0 12.50168418884277 11.95848178863525 24.18198776245117
0.999852 1.0009 0.642721 0.0734396 0.0481758 0.0252638 0.00188206 2.74957e-07 1.08326e-05 3.14365e-05 0 12.50157642364502 11.97036933898926 24.17016792297363
0.999887 1.0009 0.642687 0.0733424 0.0481454 0.0251971 0.0017857 1.60155e-07 1.08141e-05 1.90704e-05 0 12.50078105926514 11.98194694519043 24.17095184326172
0.999865 1.00092 0.642723 0.0732523 0.0481208 0.0251315 0.00169223 2.29425e-07 1.13756e-05 1.25579e-05 0 12.50077629089355 11.99308300018311 24.16297912597656
0.999855 1.00094 0.642741 0.0731701 0.0481033 0.0250668 0.00168302 2.62392e-07 1.17047e-05 1.30902e-05 0 12.50124359130859 12.00555515289307 24.15885543823242
0.999831 1.00095 0.642771 0.0730887 0.0480901 0.0249986 0.00171071 3.55389e-07 1.20019e-05 4.69614e-05 0 12.50094223022461 12.0167818069458 24.13763236999512
0.999872 1.00092 0.642717 0.0730401 0.0481071 0.024933 0.00163551 2.06329e-07 1.13894e-05 7.43898e-05 0 12.50084114074707 12.02846431732178 24.13228416442871
0.999838 1.00092 0.642746 0.0729382 0.048067 0.0248711 0.00160605 3.28182e-07 1.12761e-05 7.01738e-05 0 12.50092601776123 12.03994750976562 24.12083053588867
0.999852 1.00095 0.642753 0.0728456 0.0480393 0.0248063 0.0015636 2.74959e-07 1.20409e-05 4.00641e-05 0 12.50096035003662 12.05155754089355 24.11534690856934
0.999838 1.00094 0.64276 0.0727638 0.0480198 0.024744 0.00152962 3.27782e-07 1.18118e-05 2.15297e-05 0 12.5008659362793 12.06332111358643 24.10729026794434
0.999831 1.00095 0.642773 0.0726788 0.0479981 0.0246807 0.00153898 3.56093e-07 1.20766e-05 1.48967e-05 0 12.5006217956543 12.07444286346436 24.09261703491211
0.999783 1.00088 0.642777 0.0726325 0.0480141 0.0246184 0.0020312 5.89585e-07 1.04217e-05 4.38939e-05 0 12.50010967254639 12.08656597137451 24.08787155151367
0.999799 1.00096 0.642808 0.0725185 0.0479613 0.0245572 0.00177064 5.03889e-07 1.22057e-05 1.5829e-05 0 12.50054550170898 12.09815311431885 24.07268142700195
0.999801 1.00095 0.642799 0.0724358 0.0479444 0.0244914 0.00164795 4.96019e-07 1.19263e-05 2.39686e-05 0 12.50026035308838 12.1098165512085 24.06039810180664
0.999798 1.00098 0.642827 0.0723469 0.0479199 0.024427 0.00155157 5.10846e-07 1.29324e-05 1.33409e-05 0 12.50014400482178 12.12126350402832 24.05164527893066
0.999786 1.00094 0.642808 0.0722674 0.0479077 0.0243598 0.00150232 5.72481e-07 1.17097e-05 1.48714e-05 0 12.49986171722412 12.13341426849365 24.04504776000977
0.999787 1.001 0.642846 0.0721866 0.047891 0.0242956 0.00152271 5.68315e-07 1.32892e-05 2.83596e-05 0 12.50035762786865 12.14484405517578 24.05355834960938
0.999781 1.00098 0.642841 0.072102 0.0478684 0.0242336 0.00146826 5.99473e-07 1.28516e-05 1.98034e-05 0 12.49993133544922 12.1559534072876 24.03352355957031
0.999764 1.00096 0.642841 0.0720377 0.0478674 0.0241703 0.00155973 6.9614e-07 1.21783e-05 1.59108e-05 0 12.50010967254639 12.16738986968994 24.0196590423584
0.999798 1.001 0.642837 0.0719623 0.0478567 0.0241055 0.00156507 5.12206e-07 1.33442e-05 3.49732e-05 0 12.4999361038208 12.17851161956787 24.00992012023926
0.999694 1.00103 0.642957 0.0718711 0.04783 0.0240411 0.00159639 1.17063e-06 1.41941e-05 5.56911e-05 0 12.49984741210938 12.18979454040527 23.99902534484863
0.99955 1.00102 0.643087 0.0718221 0.04786 0.0239621 0.00256957 2.53715e-06 1.37777e-05 0.00015782 0 12.49923706054688 12.2011137008667 24.00703620910645
0.999692 1.00095 0.642905 0.0716834 0.0477858 0.0238976 0.00238768 1.18329e-06 1.19745e-05 4.41701e-05 0 12.49944591522217 12.21193981170654 23.98065185546875
0.999648 1.00101 0.64299 0.0716394 0.0478037 0.0238357 0.00238236 1.54941e-06 1.37003e-05 4.14248e-05 0 12.49946212768555 12.22367191314697 23.97219848632812
0.999688 1.00104 0.642969 0.0716799 0.0479048 0.023775 0.0029621 1.22044e-06 1.44168e-05 0.000123174 0 12.49943542480469 12.2352123260498 23.95997619628906
0.999678 1.00102 0.642966 0.0714857 0.0477576 0.0237281 0.00257339 1.30002e-06 1.3891e-05 4.76042e-05 0 12.49928188323975 12.24728965759277 23.95384216308594
0.999669 1.00103 0.642981 0.0713961 0.0477222 0.0236739 0.0023203 1.37245e-06 1.41628e-05 2.81022e-05 0 12.49930286407471 12.25877475738525 23.94550132751465
0.999664 1.00102 0.642981 0.0713083 0.0476889 0.0236194 0.00216196 1.41538e-06 1.39678e-05 1.82017e-05 0 12.49921989440918 12.26993179321289 23.93420600891113
0.999664 1.00103 0.642987 0.0712315 0.0476674 0.0235641 0.00204563 1.40928e-06 1.4252e-05 1.06675e-05 0 12.49901294708252 12.2813777923584 23.9337158203125
0.99961 1.00107 0.643062 0.071167 0.0476588 0.0235082 0.00243376 1.89939e-06 1.52349e-05 2.40796e-05 0 12.49942588806152 12.29288005828857 23.9283618927002
0.999646 1.00101 0.642991 0.0710883 0.047634 0.0234543 0.00250023 1.56794e-06 1.36734e-05 2.71153e-05 0 12.49813079833984 12.3049373626709 23.91501426696777
0.999594 1.00107 0.643079 0.0710238 0.0476215 0.0234023 0.00228903 2.06055e-06 1.52983e-05 4.63316e-05 0 12.49632835388184 12.31981754302979 23.93001556396484
0.999614 1.00106 0.643055 0.0709427 0.0475982 0.0233445 0.00216437 1.86208e-06 1.50782e-05 8.27872e-05 0 12.49811267852783 12.33085346221924 23.89287948608398
0.999634 1.00107 0.643042 0.0708741 0.0475858 0.0232883 0.00207013 1.67594e-06 1.53638e-05 3.38027e-05 0 12.49755954742432 12.34224700927734 23.90189743041992
0.999615 1.00106 0.643049 0.0707964 0.0475623 0.0232341 0.00199508 1.85751e-06 1.48672e-05 3.73931e-05 0 12.49805927276611 12.35306072235107 23.95239448547363
0.999614 1.00107 0.643057 0.070725 0.0475472 0.0231778 0.0019501 1.86309e-06 1.5182e-05 3.01423e-05 0 12.49792957305908 12.36161518096924 23.87880516052246
0.999617 1.00108 0.643064 0.0706389 0.0475165 0.0231224 0.00189057 1.83369e-06 1.56345e-05 6.17526e-05 0 12.49781703948975 12.37148761749268 23.86110305786133
0.999608 1.00108 0.643069 0.0705668 0.0474987 0.0230681 0.00213656 1.92259e-06 1.54272e-05 5.36786e-05 0 12.49776268005371 12.38143348693848 23.84445190429688
0.999605 1.00104 0.643051 0.0704943 0.0474808 0.0230135 0.00203731 1.95387e-06 1.45371e-05 2.97475e-05 0 12.49776363372803 12.39148139953613 23.83370780944824
0.999592 1.00109 0.643093 0.0704134 0.0474532 0.0229602 0.0018914 2.08356e-06 1.58331e-05 1.48546e-05 0 12.49707889556885 12.40188980102539 23.82938575744629
0.999594 1.0011 0.6431 0.0703368 0.0474315 0.0229053 0.00181888 2.06427e-06 1.62104e-05 5.14737e-05 0 12.49752902984619 12.41157054901123 23.8170051574707
0.99959 1.00109 0.643097 0.0702604 0.0474087 0.0228517 0.00177028 2.10108e-06 1.59539e-05 1.39314e-05 0 12.49688053131104 12.42128849029541 23.81078147888184
0.99959 1.0011 0.643101 0.0701842 0.0473858 0.0227985 0.00172618 2.10588e-06 1.60977e-05 1.49942e-05 0 12.49714183807373 12.43177509307861 23.79911231994629
0.999585 1.00112 0.643121 0.0701177 0.0473715 0.0227461 0.00169006 2.15588e-06 1.68116e-05 4.54293e-05 0 12.4973783493042 12.44197750091553 23.79290962219238
0.999588 1.00113 0.643123 0.0700575 0.047364 0.0226935 0.00165642 2.127e-06 1.70347e-05 3.27715e-05 0 12.49714088439941 12.45198154449463 23.78114318847656
0.999596 1.00114 0.643119 0.069989 0.0473473 0.0226418 0.00163186 2.03885e-06 1.72175e-05 2.28943e-05 0 12.49713039398193 12.46232318878174 23.77358627319336
0.999586 1.00114 0.643134 0.0699216 0.0473316 0.02259 0.00160325 2.13835e-06 1.74905e-05 1.7916e-05 0 12.49716758728027 12.47247123718262 23.75825691223145
0.999604 1.00116 0.643126 0.0698511 0.0473142 0.022537 0.00160053 1.96107e-06 1.79163e-05 3.29875e-05 0 12.49706268310547 12.48250770568848 23.74937057495117
0.999566 1.00114 0.643149 0.0698088 0.0473212 0.0224876 0.00181035 2.354e-06 1.72888e-05 0.000140846 0 12.49701118469238 12.49255466461182 23.74039459228516
0.999565 1.00112 0.643139 0.0696945 0.0472568 0.0224377 0.00165866 2.36242e-06 1.67441e-05 4.63274e-05 0 12.49685096740723 12.50245094299316 23.72660827636719
0.999568 1.00115 0.643153 0.069613 0.0472264 0.0223866 0.00160203 2.33003e-06 1.7574e-05 1.66673e-05 0 12.49687099456787 12.51257228851318 23.71574211120605
0.999558 1.00115 0.643165 0.0695401 0.0472033 0.0223368 0.00158712 2.44624e-06 1.76406e-05 1.36218e-05 0 12.49683094024658 12.52248954772949 23.70433235168457
0.999547 1.00116 0.643181 0.0694713 0.0471838 0.0222875 0.00155434 2.56163e-06 1.79218e-05 1.6499e-05 0 12.4968204498291 12.5323429107666 23.69289207458496
0.999564 1.00115 0.643157 0.0694175 0.0471789 0.0222386 0.00166586 2.37822e-06 1.75395e-05 2.21228e-05 0 12.49677848815918 12.54205799102783 23.68576812744141
0.99954 1.00116 0.643191 0.069345 0.0471527 0.0221923 0.00162122 2.63983e-06 1.80899e-05 1.37813e-05 0 12.4968090057373 12.55178546905518 23.6819896697998
0.999551 1.00116 0.643178 0.0692895 0.0471447 0.0221448 0.0016111 2.51773e-06 1.79514e-05 1.1348e-05 0 12.49691486358643 12.56136417388916 23.67362403869629
0.999538 1.00117 0.643199 0.0692317 0.0471344 0.0220973 0.00161482 2.6719e-06 1.83446e-05 1.37923e-05 0 12.49679660797119 12.57102489471436 23.66582489013672
0.999549 1.00114 0.643167 0.0691914 0.0471416 0.0220498 0.00170538 2.54127e-06 1.73519e-05 3.49366e-05 0 12.4970121383667 12.58082103729248 23.65707588195801
0.999514 1.00119 0.643235 0.0690888 0.0470856 0.0220032 0.00169695 2.95701e-06 1.89809e-05 2.07732e-05 0 12.49653339385986 12.59017658233643 23.66059303283691
0.999448 1.00111 0.643247 0.069109 0.0471533 0.0219557 0.00206572 3.80914e-06 1.65261e-05 5.35053e-05 0 12.49653053283691 12.5994815826416 23.6284294128418
0.999516 1.00116 0.643213 0.0689643 0.0470521 0.0219123 0.00199688 2.92807e-06 1.80216e-05 2.02994e-05 0 12.49655723571777 12.60901832580566 23.61320495605469
0.999255 1.00117 0.643473 0.0690554 0.047184 0.0218714 0.00303388 6.9459e-06 1.84095e-05 0.000109003 0 12.49643135070801 12.61835765838623 23.60165214538574
0.999484 1.00111 0.643209 0.0688688 0.0470401 0.0218286 0.00278613 3.33414e-06 1.63368e-05 3.53494e-05 0 12.49630451202393 12.6276216506958 23.59192085266113
0.999331 1.00126 0.643456 0.0687939 0.0470075 0.0217864 0.00274375 5.58713e-06 2.13032e-05 3.2541e-05 0 12.49650573730469 12.63670444488525 23.58944511413574
0.999461 1.00116 0.643264 0.0687316 0.0469907 0.0217409 0.002483 3.63098e-06 1.79126e-05 2.51064e-05 0 12.49621677398682 12.64549446105957 23.57633590698242
0.999427 1.00124 0.64335 0.0686758 0.0469746 0.0217012 0.00229229 4.10283e-06 2.05635e-05 3.89346e-05 0 12.49635124206543 12.65437602996826 23.5723705291748
0.999421 1.00122 0.643343 0.0686036 0.046944 0.0216596 0.00225577 4.1868e-06 1.99152e-05 3.95148e-05 0 12.49618434906006 12.66334533691406 23.56720924377441
0.999443 1.00122 0.643323 0.0685328 0.0469165 0.0216163 0.00212221 3.87623e-06 1.9963e-05 2.13778e-05 0 12.49631309509277 12.67224216461182 23.57081604003906
0.999436 1.00123 0.643332 0.0684721 0.0468972 0.0215749 0.00202849 3.97159e-06 2.01257e-05 1.56135e-05 0 12.49586868286133 12.68115901947021 23.54277801513672
0.999454 1.00124 0.643325 0.0684205 0.0468882 0.0215322 0.00200313 3.72311e-06 2.06412e-05 2.25595e-05 0 12.4950647354126 12.6903829574585 23.57665061950684
0.999394 1.00126 0.643397 0.0684291 0.0469374 0.0214917 0.00278447 4.59533e-06 2.13265e-05 3.24228e-05 0 12.49590873718262 12.69830799102783 23.5260181427002
0.999407 1.00121 0.643348 0.0683695 0.0469216 0.021448 0.00247774 4.40032e-06 1.94846e-05 2.74833e-05 0 12.49264430999756 12.7070951461792 23.59201622009277
0.999403 1.00125 0.643379 0.0682807 0.0468726 0.0214081 0.00218072 4.45451e-06 2.08765e-05 2.42725e-05 0 12.49549961090088 12.71423721313477 23.52006340026855
0.999422 1.00124 0.643354 0.0682199 0.0468513 0.0213686 0.00205111 4.17819e-06 2.05337e-05 3.20088e-05 0 12.49360370635986 12.72285079956055 23.50374031066895
0.999403 1.00128 0.643396 0.0681821 0.0468528 0.0213292 0.00201616 4.4563e-06 2.17361e-05 3.98318e-05 0 12.49522686004639 12.73094463348389 23.49535751342773
0.999411 1.00124 0.643366 0.0681343 0.0468447 0.0212896 0.00198924 4.34392e-06 2.05927e-05 9.31005e-05 0 12.49480152130127 12.73860549926758 23.48728179931641
0.999392 1.00125 0.643389 0.068073 0.0468241 0.0212488 0.00188462 4.61563e-06 2.08775e-05 6.48688e-05 0 12.49472045898438 12.74652767181396 23.47200584411621
0.999405 1.00129 0.643402 0.0680326 0.0468235 0.0212091 0.00181687 4.42065e-06 2.22287e-05 2.58279e-05 0 12.49499988555908 12.75466823577881 23.458251953125
0.9994 1.00126 0.643389 0.0679318 0.0467621 0.0211696 0.00196842 4.50208e-06 2.12508e-05 2.9235e-05 0 12.49491214752197 12.76257038116455 23.44859313964844
0.999408 1.00128 0.643389 0.0678614 0.0467296 0.0211318 0.0018579 4.37448e-06 2.16951e-05 2.49863e-05 0 12.49513721466064 12.77061653137207 23.44413757324219
0.999395 1.00129 0.643415 0.0678032 0.0467086 0.0210946 0.00179192 4.57592e-06 2.23433e-05 2.1151e-05 0 12.49438381195068 12.77858352661133 23.46870231628418
0.999398 1.0013 0.643415 0.0677641 0.0467072 0.0210569 0.00174052 4.52469e-06 2.2546e-05 1.0972e-05 0 12.49453735351562 12.78686714172363 23.46078681945801
0.999394 1.0013 0.643422 0.0677091 0.0466888 0.0210203 0.00169744 4.58998e-06 2.26739e-05 1.53714e-05 0 12.4944953918457 12.79449939727783 23.43630599975586
0.999394 1.0013 0.643421 0.0676481 0.0466637 0.0209844 0.0016598 4.58858e-06 2.26211e-05 2.39441e-05 0 12.49473094940186 12.80197143554688 23.42566108703613
0.999402 1.0013 0.643414 0.0676056 0.0466572 0.0209483 0.0016697 4.46897e-06 2.26874e-05 3.69727e-05 0 12.49449443817139 12.80957221984863 23.42643165588379
0.999386 1.00131 0.643433 0.0675581 0.0466448 0.0209133 0.0016023 4.70835e-06 2.28596e-05 2.75086e-05 0 12.49459457397461 12.81712532043457 23.42235565185547
0.999386 1.00129 0.643417 0.0675167 0.0466392 0.0208776 0.00278505 4.70723e-06 2.20484e-05 7.95437e-05 0 12.49436855316162 12.82501697540283 23.41205215454102
0.99932 1.00131 0.643497 0.0674757 0.0466347 0.020841 0.00289578 5.78229e-06 2.287e-05 7.11761e-05 0 12.49452590942383 12.83257484436035 23.41174125671387
0.999278 1.00132 0.643542 0.0674172 0.0466026 0.0208145 0.00238482 6.50868e-06 2.31285e-05 4.78017e-05 0 12.49446582794189 12.84018516540527 23.38107872009277
0.99932 1.00132 0.643503 0.0673554 0.0465743 0.0207811 0.00217022 5.78832e-06 2.32137e-05 3.60009e-05 0 12.4945650100708 12.84741592407227 23.36481285095215
0.99931 1.00136 0.643538 0.0673081 0.046558 0.0207501 0.00212287 5.95134e-06 2.46054e-05 3.27587e-05 0 12.4943962097168 12.8546314239502 23.35429382324219
0.999337 1.00134 0.643503 0.0672654 0.0465477 0.0207177 0.0019986 5.49798e-06 2.40886e-05 3.39733e-05 0 12.49444007873535 12.86187171936035 23.35358238220215
0.999334 1.00135 0.643511 0.0672155 0.0465299 0.0206856 0.00196184 5.54909e-06 2.43655e-05 3.15722e-05 0 12.49438953399658 12.86893558502197 23.34439849853516
0.99934 1.00135 0.643502 0.0671829 0.0465289 0.020654 0.00187195 5.44451e-06 2.42161e-05 3.45909e-05 0 12.49437999725342 12.87586498260498 23.33187294006348
0.999353 1.00135 0.643489 0.0671574 0.0465348 0.0206226 0.00181283 5.24021e-06 2.41747e-05 3.75552e-05 0 12.49449157714844 12.88278865814209 23.32862091064453
0.99935 1.00136 0.643499 0.0670986 0.0465059 0.0205927 0.00176485 5.28341e-06 2.46053e-05 1.94674e-05 0 12.49429321289062 12.88962554931641 23.32238388061523
0.99935 1.00138 0.643511 0.067077 0.0465141 0.020563 0.0018358 5.28172e-06 2.52859e-05 1.97938e-05 0 12.49428462982178 12.89651775360107 23.31960296630859
0.999273 1.00127 0.643515 0.0670622 0.0465258 0.0205364 0.00234657 6.59901e-06 2.14352e-05 0.00010586 0 12.4934663772583 12.9038724899292 23.31737518310547
0.999318 1.00138 0.643546 0.0670067 0.0464977 0.020509 0.00209394 5.80785e-06 2.55161e-05 5.84908e-05 0 12.49294090270996 12.9091625213623 23.30129432678223
0.999276 1.00134 0.64356 0.06701 0.0465244 0.0204856 0.00308416 6.5596e-06 2.3988e-05 0.000112087 0 12.49345874786377 12.91547393798828 23.28714561462402
0.999258 1.00134 0.643577 0.066945 0.0464883 0.0204567 0.00262358 6.88419e-06 2.40132e-05 7.20972e-05 0 12.49333381652832 12.92152214050293 23.27898406982422
0.999273 1.00141 0.643608 0.0668864 0.0464538 0.0204327 0.00240445 6.59926e-06 2.65921e-05 4.90013e-05 0 12.49366855621338 12.92771053314209 23.27387237548828
0.999312 1.00139 0.643555 0.0668338 0.0464312 0.0204026 0.00225747 5.92352e-06 2.56826e-05 6.86121e-05 0 12.49362945556641 12.93394756317139 23.26496887207031
0.999295 1.00141 0.643586 0.0668387 0.0464627 0.020376 0.00215524 6.22043e-06 2.65467e-05 3.19408e-05 0 12.4937162399292 12.94006252288818 23.26444625854492
0.999317 1.0014 0.643557 0.0667798 0.0464312 0.0203487 0.00210614 5.83345e-06 2.60868e-05 4.80979e-05 0 12.49385929107666 12.94612216949463 23.26741790771484
0.999313 1.00141 0.643568 0.0667149 0.0463916 0.0203233 0.00202093 5.89469e-06 2.65024e-05 1.29625e-05 0 12.49383068084717 12.95195007324219 23.25293731689453
0.99933 1.00141 0.643555 0.0667188 0.0464221 0.0202967 0.00198538 5.61241e-06 2.6712e-05 7.53437e-05 0 12.49383354187012 12.95774555206299 23.25701904296875
0.999327 1.00141 0.643556 0.0666847 0.0464123 0.0202724 0.00190802 5.65513e-06 2.66125e-05 0.000137372 0 12.49287986755371 12.96322536468506 23.26292037963867
0.999337 1.00143 0.643559 0.0666787 0.0464298 0.0202489 0.00184875 5.49874e-06 2.73504e-05 6.64141e-05 0 12.49344062805176 12.96838760375977 23.24882698059082
0.999342 1.00144 0.643561 0.0666282 0.0464018 0.0202263 0.00180246 5.41472e-06 2.77737e-05 3.52186e-05 0 12.49289989471436 12.97313117980957 23.2621955871582
0.999344 1.00143 0.643551 0.0665769 0.0463722 0.0202047 0.00178397 5.38139e-06 2.72421e-05 5.051e-05 0 12.49268627166748 12.97884654998779 23.24416160583496
0.999355 1.00143 0.643542 0.06655 0.046367 0.020183 0.00185343 5.20717e-06 2.73292e-05 1.59744e-05 0 12.49287605285645 12.98348999023438 23.22686576843262
0.999277 1.00146 0.643635 0.0664991 0.0463388 0.0201603 0.00213402 6.54382e-06 2.84136e-05 4.1983e-05 0 12.49335765838623 12.98922157287598 23.21562194824219
0.999334 1.00143 0.643561 0.0664678 0.0463299 0.020138 0.00196463 5.54318e-06 2.73001e-05 2.80228e-05 0 12.49314022064209 12.99448394775391 23.23135948181152
0.999327 1.00146 0.643586 0.0664442 0.0463237 0.0201205 0.001888 5.65464e-06 2.83991e-05 2.01533e-05 0 12.49341583251953 12.99975204467773 23.215576171875
0.999336 1.00146 0.643577 0.0664194 0.0463174 0.020102 0.00183571 5.50511e-06 2.83976e-05 2.22386e-05 0 12.49337291717529 13.00473880767822 23.1957893371582
0.999346 1.00144 0.643555 0.0664079 0.046324 0.0200839 0.0019175 5.34653e-06 2.76207e-05 4.72785e-05 0 12.49358654022217 13.00987911224365 23.21106910705566
0.999347 1.00146 0.64357 0.0663834 0.0463169 0.0200665 0.00182241 5.33296e-06 2.85565e-05 3.60531e-05 0 12.49355792999268 13.01466464996338 23.20614433288574
0.999363 1.00149 0.643569 0.0663652 0.0463167 0.0200485 0.00187406 5.07042e-06 2.94968e-05 2.12927e-05 0 12.49367046356201 13.01923847198486 23.21492385864258
0.999365 1.00147 0.643556 0.0663458 0.0463135 0.0200322 0.00179723 5.04218e-06 2.87647e-05 1.61795e-05 0 12.49373435974121 13.02364921569824 23.2009162902832
0.999375 1.00146 0.643538 0.0663523 0.0463361 0.0200162 0.00180932 4.88326e-06 2.8265e-05 3.77735e-05 0 12.49375247955322 13.02788639068604 23.18609809875488
0.999383 1.00148 0.643545 0.0663258 0.0463249 0.0200009 0.00178306 4.7527e-06 2.92285e-05 4.18464e-05 0 12.493896484375 13.0321102142334 23.18349838256836
0.999386 1.00148 0.643541 0.0662982 0.0463116 0.0199867 0.0017057 4.71787e-06 2.9077e-05 3.25837e-05 0 12.49291324615479 13.03690814971924 23.16939735412598
