A/A0 V/V0 Vr eb eb_bend eb_ad ea ega ev ek ee
1 1.00092 0.642589 0.109093 0.0496849 0.0594082 0.000367957 0 1.12357e-05 7.05323e-10 0
1.00071 1.00154 0.642301 0.108334 0.0496336 0.0587007 0.000362784 6.30348e-06 3.14423e-05 8.46139e-05 0
1.00126 1.00092 0.641379 0.107731 0.0496664 0.0580642 0.000400915 1.98415e-05 1.13304e-05 0.000114004 0
1.00178 1.00042 0.640556 0.107183 0.049699 0.0574838 0.000651985 3.98155e-05 2.37788e-06 9.26215e-05 0
1.00208 1.00018 0.64012 0.106699 0.0497177 0.0569815 0.000634348 5.39751e-05 4.35424e-07 4.65168e-05 0
1.00212 1.00017 0.640073 0.106255 0.0497055 0.0565492 0.000657575 5.62251e-05 3.89853e-07 3.94532e-05 0
1.00197 1.00022 0.640251 0.105839 0.0497075 0.056131 0.000731774 4.83704e-05 6.44071e-07 5.6729e-05 0
1.00181 1.00046 0.640558 0.105474 0.0497206 0.0557534 0.000697119 4.08966e-05 2.83998e-06 6.14029e-05 0
1.00168 1.00056 0.640742 0.105133 0.0497319 0.0554013 0.000749676 3.5259e-05 4.13073e-06 5.73701e-05 0
1.0016 1.00058 0.64083 0.104803 0.0497448 0.0550579 0.000792076 3.22045e-05 4.50649e-06 3.23948e-05 0
1.00162 1.00052 0.640773 0.104475 0.0497593 0.0547153 0.000781469 3.30048e-05 3.6324e-06 2.69456e-05 0
1.00172 1.00041 0.640612 0.104156 0.0497814 0.0543741 0.00085863 3.67833e-05 2.20409e-06 3.27316e-05 0
1.00184 1.00027 0.640405 0.103804 0.0498132 0.0539906 0.000967809 4.23798e-05 9.89942e-07 3.36199e-05 0
1.0019 1.0002 0.640301 0.103471 0.0498284 0.0536427 0.00103187 4.53167e-05 5.53611e-07 3.21474e-05 0
1.00194 1.00016 0.64024 0.103129 0.0498544 0.0532747 0.0014513 4.69521e-05 3.40038e-07 5.24928e-05 0
1.00188 1.0002 0.640315 0.102845 0.0498623 0.0529823 0.00126899 4.43638e-05 5.08241e-07 3.33522e-05 0
1.00184 1.00023 0.64038 0.102582 0.049873 0.0527087 0.00120811 4.22315e-05 6.899e-07 2.66181e-05 0
1.00182 1.00022 0.640395 0.102331 0.0498915 0.0524396 0.00119003 4.12518e-05 6.37832e-07 3.14692e-05 0
1.00183 1.00019 0.640367 0.102082 0.0499064 0.0521753 0.00127627 4.16769e-05 4.77723e-07 2.88639e-05 0
1.00186 1.00015 0.640311 0.101837 0.0499172 0.0519195 0.00124414 4.31273e-05 2.93817e-07 2.24316e-05 0
1.0019 1.00009 0.640238 0.101589 0.0499315 0.0516571 0.00143657 4.49271e-05 1.12552e-07 2.28954e-05 0
1.00189 1.00009 0.640241 0.101362 0.0499489 0.0514135 0.00135783 4.47712e-05 1.13275e-07 3.8105e-05 0
1.00189 1.00008 0.640232 0.101166 0.0499837 0.0511826 0.00134426 4.46874e-05 7.61609e-08 3.11448e-05 0
1.00187 1.00013 0.640286 0.100955 0.0499926 0.0509623 0.0016012 4.36484e-05 2.12198e-07 4.92224e-05 0
1.00182 1.00016 0.640353 0.100738 0.0499822 0.0507553 0.00152117 4.13164e-05 3.21796e-07 5.53087e-05 0
1.00179 1.00015 0.640374 0.100568 0.0500186 0.0505496 0.00149811 4.01474e-05 2.96943e-07 1.27444e-05 0
1.0018 1.00015 0.640369 0.100358 0.0500142 0.050344 0.0014908 4.04193e-05 3.04823e-07 4.56027e-05 0
1.00182 1.00011 0.640318 0.100151 0.0500126 0.0501386 0.00150838 4.15978e-05 1.62986e-07 4.31242e-05 0
1.00184 1.00007 0.640277 0.0999673 0.0500291 0.0499382 0.00155248 4.23263e-05 6.40691e-08 1.59104e-05 0
1.00185 1.00008 0.640272 0.0997793 0.0500367 0.0497426 0.00155116 4.27176e-05 7.59493e-08 3.67848e-05 0
1.00185 1.00006 0.640263 0.0995806 0.050029 0.0495516 0.00156938 4.26212e-05 4.49198e-08 1.39737e-05 0
1.00184 1.00007 0.640274 0.0993763 0.0500329 0.0493434 0.00177863 4.23667e-05 5.96275e-08 2.10631e-05 0
1.00184 1.00004 0.640257 0.0991919 0.0500382 0.0491537 0.0017891 4.24111e-05 2.29775e-08 7.8878e-05 0
1.00184 1.00002 0.640246 0.0990091 0.0500374 0.0489717 0.0017675 4.22393e-05 4.88397e-09 2.81125e-05 0
1.00183 1.00004 0.640264 0.0988717 0.0500845 0.0487872 0.0018367 4.2046e-05 2.22731e-08 4.01277e-05 0
1.00181 1.00002 0.640273 0.0986989 0.0500899 0.048609 0.00195556 4.11554e-05 8.22561e-09 2.77495e-05 0
1.0018 1.00005 0.64031 0.0985169 0.0500876 0.0484294 0.00182673 4.03151e-05 4.00058e-08 1.84058e-05 0
1.00178 1.00005 0.640319 0.0983666 0.0501229 0.0482437 0.00221131 3.97141e-05 3.15304e-08 2.71052e-05 0
1.00175 0.999984 0.640304 0.0981572 0.0501178 0.0480395 0.00296917 3.84422e-05 3.61756e-09 4.01398e-05 0
1.00171 1.00007 0.6404 0.0979823 0.050163 0.0478194 0.0023059 3.65222e-05 5.94964e-08 4.2073e-05 0
1.00171 1.00007 0.6404 0.0977825 0.0501409 0.0476416 0.0021123 3.67166e-05 7.07129e-08 2.51842e-05 0
1.00172 1.00005 0.640376 0.0975875 0.050128 0.0474595 0.0020322 3.69935e-05 2.80702e-08 1.77429e-05 0
1.00174 1.00004 0.640357 0.0974036 0.0501318 0.0472717 0.00198129 3.76481e-05 1.93815e-08 2.71585e-05 0
1.00173 1.00003 0.640359 0.0972333 0.0501429 0.0470903 0.00192999 3.73106e-05 1.19007e-08 3.02554e-05 0
1.0017 1.00008 0.640417 0.0970744 0.0501628 0.0469116 0.0022852 3.60243e-05 7.62218e-08 2.94742e-05 0
1.00168 1.00007 0.640427 0.0969295 0.0501874 0.0467422 0.00204574 3.52972e-05 5.67367e-08 3.34161e-05 0
1.00169 1.00007 0.640423 0.0967554 0.050184 0.0465714 0.00198009 3.55188e-05 5.82894e-08 1.71733e-05 0
1.00169 1.00005 0.640405 0.0965514 0.050152 0.0463994 0.00192598 3.5885e-05 3.62688e-08 1.98597e-05 0
1.00171 1.00004 0.640378 0.0964046 0.0501745 0.0462301 0.00207398 3.65992e-05 1.64288e-08 2.32755e-05 0
1.00172 1 0.640346 0.0962209 0.0501591 0.0460618 0.00250964 3.71184e-05 1.07586e-10 3.02318e-05 0
1.00169 1.00003 0.640393 0.096062 0.0501632 0.0458988 0.0022206 3.58833e-05 1.44233e-08 2.79886e-05 0
1.00162 1.00008 0.640492 0.095928 0.0502132 0.0457149 0.00232567 3.29914e-05 9.08131e-08 3.5569e-05 0
1.00166 1.00002 0.640421 0.0957579 0.0502007 0.0455572 0.00212458 3.43926e-05 7.2761e-09 2.04286e-05 0
1.00166 1.00001 0.640406 0.0955802 0.0501846 0.0453956 0.00225755 3.4611e-05 7.80542e-10 3.02344e-05 0
1.00166 1.00001 0.640411 0.0953949 0.05016 0.0452349 0.00214043 3.4579e-05 2.99552e-09 1.56484e-05 0
1.00162 1 0.640443 0.09523 0.0501867 0.0450433 0.00268915 3.29224e-05 2.81421e-10 4.53004e-05 0
1.00161 1.00005 0.640483 0.0950586 0.0501674 0.0448912 0.0024032 3.25077e-05 3.56695e-08 2.8995e-05 0
1.00157 0.999993 0.640482 0.0949915 0.0502605 0.044731 0.00340307 3.09786e-05 6.95061e-10 0.000111384 0
1.00141 1.00033 0.640857 0.0950099 0.0504694 0.0445406 0.0041957 2.4721e-05 1.41856e-06 0.000130619 0
1.00121 1.0001 0.640906 0.094859 0.0504435 0.0444155 0.00528567 1.82194e-05 1.4331e-07 0.000223427 0
1.00123 1.00021 0.640957 0.0946635 0.0503907 0.0442728 0.0047635 1.88352e-05 6.08045e-07 0.000141929 0
1.0013 1.0002 0.640871 0.0944126 0.0503169 0.0440957 0.00393754 2.12896e-05 5.14835e-07 0.000101758 0
1.00151 0.999939 0.640508 0.0942285 0.0502444 0.043984 0.00379236 2.85643e-05 4.99709e-08 8.44162e-05 0
1.00159 0.999934 0.640431 0.0940562 0.0502004 0.0438558 0.00311643 3.1533e-05 5.87469e-08 2.99345e-05 0
1.00158 1 0.640481 0.0939539 0.0502152 0.0437387 0.00274792 3.12272e-05 1.10077e-12 2.59519e-05 0
1.00146 1.00006 0.640634 0.0937859 0.0501952 0.0435907 0.00282376 2.65744e-05 4.12203e-08 3.94398e-05 0
1.00141 1.00011 0.640717 0.093632 0.0501767 0.0434554 0.00271071 2.47539e-05 1.57495e-07 2.67196e-05 0
1.00142 1.0001 0.640698 0.093476 0.050169 0.043307 0.00251944 2.53667e-05 1.46138e-07 3.74184e-05 0
1.00144 1.00009 0.640678 0.0933095 0.0501528 0.0431567 0.00235492 2.58245e-05 1.16813e-07 3.16947e-05 0
1.00144 1.00009 0.640673 0.0931627 0.0501564 0.0430064 0.0022458 2.6012e-05 1.14789e-07 1.7694e-05 0
1.00138 1.00011 0.64074 0.0930614 0.0502332 0.0428282 0.00325818 2.39404e-05 1.62897e-07 9.42057e-05 0
1.00138 1.00011 0.640745 0.0928599 0.0501788 0.042681 0.00273968 2.36719e-05 1.51723e-07 3.51375e-05 0
1.00141 1.00008 0.640697 0.0926963 0.0501595 0.0425368 0.00260533 2.47599e-05 8.08682e-08 3.48449e-05 0
1.00147 1.00005 0.640621 0.0925282 0.0501621 0.0423661 0.00259172 2.69879e-05 3.65102e-08 3.7738e-05 0
1.00143 1.00005 0.640659 0.0923665 0.0501527 0.0422137 0.00248145 2.55866e-05 3.86663e-08 5.69668e-05 0
1.00138 1.00013 0.640757 0.0922153 0.0501482 0.0420671 0.00229978 2.3768e-05 2.21926e-07 2.42516e-05 0
1.00134 1.00014 0.640805 0.0920622 0.0501382 0.041924 0.00224675 2.23976e-05 2.7616e-07 2.16271e-05 0
1.00135 1.00014 0.640792 0.0919252 0.0501537 0.0417715 0.00223791 2.27002e-05 2.51394e-07 3.19428e-05 0
1.00136 1.00012 0.64077 0.0917616 0.050134 0.0416276 0.00226706 2.3029e-05 1.82024e-07 3.3293e-05 0
1.00135 1.00014 0.640795 0.0916046 0.0501191 0.0414855 0.00221908 2.27444e-05 2.7225e-07 2.59622e-05 0
1.00133 1.00016 0.640831 0.0914563 0.0501117 0.0413446 0.00208156 2.19542e-05 3.57926e-07 1.93265e-05 0
1.00132 1.00017 0.640842 0.0913047 0.050103 0.0412017 0.00203826 2.17483e-05 3.9035e-07 2.11554e-05 0
1.00131 1.00017 0.640849 0.0911598 0.0500989 0.0410609 0.00197003 2.15463e-05 3.98253e-07 2.04004e-05 0
1.00121 1.00023 0.640978 0.0910059 0.050091 0.0409149 0.00234141 1.84324e-05 6.85662e-07 2.83269e-05 0
1.00123 1.00017 0.640919 0.0908855 0.0501292 0.0407562 0.0030007 1.90596e-05 3.67026e-07 4.05257e-05 0
1.00124 1.00018 0.640927 0.0907111 0.0501013 0.0406098 0.00249614 1.90892e-05 4.3017e-07 2.01101e-05 0
1.00116 1.00019 0.64101 0.0906406 0.0501908 0.0404498 0.00283584 1.67373e-05 4.90697e-07 5.32605e-05 0
1.00116 1.00023 0.64103 0.0904263 0.0501084 0.040318 0.00248699 1.6962e-05 7.29229e-07 4.80059e-05 0
1.0011 1.00019 0.641057 0.0902976 0.0501513 0.0401463 0.00273606 1.5261e-05 4.61619e-07 7.5661e-05 0
1.0011 1.00023 0.641088 0.0901315 0.0501091 0.0400225 0.00245007 1.52336e-05 7.22029e-07 2.88323e-05 0
1.00112 1.00025 0.641083 0.0899906 0.0500998 0.0398908 0.00242154 1.56549e-05 8.17903e-07 4.73598e-05 0
1.00112 1.00025 0.641088 0.0898317 0.050071 0.0397607 0.00224234 1.56244e-05 8.62472e-07 1.76049e-05 0
1.00112 1.00025 0.641082 0.0896798 0.0500644 0.0396154 0.00230936 1.57517e-05 8.41325e-07 2.93773e-05 0
1.00109 1.0003 0.641144 0.0895488 0.0500618 0.039487 0.00215648 1.48103e-05 1.17761e-06 2.86341e-05 0
1.00107 1.00031 0.641167 0.0894131 0.0500539 0.0393593 0.00205806 1.43046e-05 1.24266e-06 1.63468e-05 0
1.00108 1.00029 0.641145 0.0892647 0.050036 0.0392288 0.00197939 1.46896e-05 1.14169e-06 1.84097e-05 0
1.00109 1.00029 0.641136 0.089118 0.0500199 0.0390981 0.0019179 1.49342e-05 1.13683e-06 1.9177e-05 0
1.00109 1.00029 0.641141 0.0890045 0.050035 0.0389695 0.00187319 1.47479e-05 1.12284e-06 1.87663e-05 0
1.00108 1.0003 0.641161 0.0888637 0.0500215 0.0388422 0.00182441 1.44627e-05 1.23912e-06 1.84866e-05 0
1.00107 1.0003 0.641167 0.0887233 0.0500083 0.0387151 0.00178407 1.42587e-05 1.22599e-06 2.03683e-05 0
1.00106 1.00026 0.641147 0.0885802 0.0500004 0.0385798 0.00188171 1.40015e-05 8.85359e-07 2.15923e-05 0
1.00106 1.00031 0.641184 0.0884506 0.0500064 0.0384442 0.0019561 1.39428e-05 1.28986e-06 2.99871e-05 0
1.00107 1.00024 0.641122 0.0883011 0.0500238 0.0382773 0.00246129 1.44128e-05 7.71507e-07 3.90712e-05 0
1.001 1.00036 0.641276 0.0881296 0.0499774 0.0381522 0.00210232 1.23937e-05 1.77052e-06 2.43131e-05 0
1.00097 1.00034 0.641282 0.0880198 0.0499937 0.0380261 0.00236569 1.18349e-05 1.54446e-06 2.25904e-05 0
1.00101 1.00032 0.641235 0.0878581 0.049958 0.0379 0.00206409 1.27091e-05 1.35916e-06 2.02235e-05 0
1.00103 1.00031 0.641206 0.0877135 0.0499388 0.0377747 0.00191849 1.32828e-05 1.25821e-06 2.18727e-05 0
1.00103 1.00033 0.641222 0.0875908 0.0499402 0.0376507 0.00192482 1.32165e-05 1.45019e-06 2.02656e-05 0
1.00097 1.00027 0.641238 0.0874549 0.0499299 0.037525 0.00327823 1.18627e-05 9.93515e-07 0.000125818 0
1.00088 1.00036 0.641384 0.0873312 0.0499464 0.0373848 0.00239673 9.71969e-06 1.74476e-06 3.44713e-05 0
1.00097 1.0003 0.641254 0.0872102 0.0499522 0.037258 0.00231859 1.18399e-05 1.17696e-06 2.57696e-05 0
1.00101 1.0003 0.641226 0.0870416 0.0499062 0.0371355 0.00209565 1.26634e-05 1.22187e-06 1.38516e-05 0
1.00098 1.00032 0.641259 0.0869072 0.049891 0.0370161 0.00194196 1.21295e-05 1.38163e-06 1.87719e-05 0
1.00096 1.00034 0.641296 0.0867824 0.0498857 0.0368968 0.00182911 1.15538e-05 1.58037e-06 1.5924e-05 0
1.00096 1.00036 0.641309 0.0866752 0.0498999 0.0367753 0.00175064 1.14747e-05 1.71853e-06 3.2725e-05 0
1.00093 1.00035 0.641328 0.0865134 0.0498664 0.036647 0.0017312 1.08747e-05 1.64822e-06 2.80042e-05 0
1.00091 1.00038 0.64137 0.086364 0.049841 0.036523 0.00178125 1.03346e-05 1.93554e-06 2.02265e-05 0
1.00091 1.00039 0.641374 0.0862293 0.0498248 0.0364045 0.00164616 1.03571e-05 2.01916e-06 1.4027e-05 0
1.00095 1.0003 0.641283 0.0861152 0.049836 0.0362792 0.00213199 1.11667e-05 1.19563e-06 3.58422e-05 0
1.00083 1.00038 0.641443 0.0860091 0.0498686 0.0361405 0.00303896 8.63845e-06 1.91422e-06 6.87705e-05 0
1.00076 1.00043 0.64155 0.0858499 0.0498187 0.0360313 0.00239074 7.14435e-06 2.49202e-06 2.50612e-05 0
1.0008 1.00032 0.641438 0.085754 0.0498506 0.0359034 0.00343563 7.95374e-06 1.37034e-06 0.000199605 0
1.00074 1.00036 0.641516 0.0856513 0.0498625 0.0357888 0.00343585 6.88555e-06 1.71474e-06 8.73481e-05 0
1.00078 1.00039 0.641506 0.0854948 0.0498184 0.0356764 0.00278308 7.53352e-06 2.0726e-06 3.05832e-05 0
1.00078 1.00038 0.641498 0.085352 0.0497826 0.0355695 0.0025134 7.54824e-06 1.95517e-06 3.05921e-05 0
1.00078 1.0004 0.64151 0.0852209 0.0497592 0.0354617 0.00229309 7.5351e-06 2.14699e-06 1.48655e-05 0
1.00079 1.00039 0.641489 0.0850946 0.0497472 0.0353473 0.0026889 7.79718e-06 2.00481e-06 2.99318e-05 0
1.00066 1.00033 0.641575 0.0850559 0.0498271 0.0352288 0.00295908 5.47719e-06 1.45895e-06 0.000121845 0
1.00061 1.00044 0.641698 0.0849306 0.0498346 0.035096 0.00308431 4.6268e-06 2.59865e-06 6.76111e-05 0
1.00068 1.00044 0.641627 0.0847618 0.0497786 0.0349832 0.00264209 5.78741e-06 2.56788e-06 2.86315e-05 0
1.00066 1.00045 0.64165 0.0846579 0.0497864 0.0348715 0.00267828 5.47373e-06 2.66204e-06 3.58773e-05 0
1.00066 1.0004 0.64162 0.084528 0.0497646 0.0347634 0.00289604 5.52236e-06 2.18027e-06 6.35876e-05 0
1.0007 1.00042 0.641594 0.084401 0.0497557 0.0346453 0.00258257 6.16731e-06 2.35888e-06 2.9117e-05 0
1.0007 1.00043 0.641602 0.0842744 0.0497443 0.0345301 0.0024844 6.13306e-06 2.47221e-06 1.83722e-05 0
1.0007 1.00042 0.6416 0.0841366 0.0497172 0.0344195 0.00256835 6.07848e-06 2.38467e-06 2.42402e-05 0
1.00067 1.00043 0.64163 0.0840053 0.0497011 0.0343042 0.00275243 5.59364e-06 2.4208e-06 4.25867e-05 0
1.00067 1.00047 0.641658 0.083923 0.0497348 0.0341882 0.00266401 5.60501e-06 2.95551e-06 4.24126e-05 0
1.00067 1.00045 0.641643 0.0837828 0.0496965 0.0340863 0.00247148 5.65211e-06 2.73154e-06 2.55338e-05 0
1.00067 1.00042 0.641621 0.0836502 0.0496814 0.0339688 0.00298011 5.68047e-06 2.36092e-06 3.37378e-05 0
1.00065 1.00047 0.641677 0.0835269 0.0496603 0.0338666 0.00262122 5.23213e-06 2.90912e-06 2.2752e-05 0
1.00064 1.00047 0.641682 0.083458 0.0496975 0.0337605 0.00247751 5.1538e-06 2.91868e-06 2.90362e-05 0
1.00065 1.00041 0.641642 0.0833198 0.0496797 0.0336402 0.00245404 5.2481e-06 2.28418e-06 3.99562e-05 0
1.00064 1.00044 0.64167 0.0831978 0.0496612 0.0335366 0.0023199 5.09608e-06 2.62071e-06 6.09455e-05 0
1.00061 1.00043 0.641689 0.0831042 0.0496773 0.033427 0.00281121 4.64181e-06 2.46058e-06 4.34509e-05 0
1.00054 1.00054 0.641827 0.0829352 0.0496196 0.0333156 0.0026449 3.6138e-06 3.84239e-06 4.57921e-05 0
1.00056 1.00048 0.641764 0.0827903 0.049591 0.0331994 0.00251966 3.96365e-06 3.03654e-06 2.72915e-05 0
1.00058 1.00048 0.641746 0.08265 0.0495635 0.0330865 0.00235056 4.25361e-06 3.06845e-06 2.05551e-05 0
1.00058 1.00049 0.641757 0.0825286 0.0495508 0.0329778 0.00224177 4.19156e-06 3.19338e-06 1.49367e-05 0
1.00057 1.0005 0.641766 0.0824075 0.0495358 0.0328717 0.00215869 4.12077e-06 3.28004e-06 1.28372e-05 0
1.00058 1.0005 0.641766 0.0823035 0.0495373 0.0327662 0.00209746 4.14441e-06 3.32962e-06 2.47707e-05 0
1.00057 1.00053 0.641787 0.082197 0.0495369 0.0326601 0.00203245 4.09034e-06 3.68374e-06 2.68873e-05 0
1.00053 1.00055 0.641843 0.0820928 0.049546 0.0325468 0.0025329 3.48389e-06 3.98394e-06 5.13808e-05 0
1.00052 1.00052 0.641836 0.0819754 0.0495257 0.0324497 0.00244594 3.32757e-06 3.58466e-06 3.32115e-05 0
1.00057 1.00049 0.641768 0.0818763 0.049524 0.0323524 0.00237275 3.99195e-06 3.14349e-06 4.63903e-05 0
1.00056 1.0005 0.641781 0.0817782 0.0495185 0.0322597 0.00221775 3.89104e-06 3.28279e-06 3.09782e-05 0
1.00055 1.00051 0.641798 0.0816558 0.0494891 0.0321667 0.0023753 3.74023e-06 3.41674e-06 2.69878e-05 0
1.00054 1.00051 0.641802 0.0815229 0.0494512 0.0320718 0.00215853 3.6815e-06 3.413e-06 2.3304e-05 0
1.00052 1.00054 0.641848 0.0814277 0.049453 0.0319748 0.00207083 3.37124e-06 3.91783e-06 1.19491e-05 0
1.00049 1.00053 0.641867 0.081298 0.0494276 0.0318704 0.00249403 3.03225e-06 3.76916e-06 3.99673e-05 0
1.00049 1.00057 0.641897 0.0812373 0.0494747 0.0317626 0.0032439 2.97775e-06 4.34756e-06 8.8941e-05 0
1.00038 1.00045 0.641925 0.081184 0.0495195 0.0316645 0.00305798 1.7668e-06 2.67018e-06 0.000102173 0
1.00046 1.00054 0.6419 0.081003 0.0494275 0.0315756 0.00274152 2.67236e-06 3.85896e-06 2.56144e-05 0
1.00049 1.00053 0.641867 0.080875 0.0493949 0.0314801 0.00273195 3.01039e-06 3.74155e-06 3.63641e-05 0
1.00046 1.00056 0.641915 0.0807691 0.0493819 0.0313872 0.00291647 2.69577e-06 4.23719e-06 3.10641e-05 0
1.00031 1.00042 0.641975 0.0807608 0.0494614 0.0312994 0.003313 1.16497e-06 2.34483e-06 0.000109036 0
1.00043 1.00057 0.641954 0.0805703 0.0493637 0.0312066 0.00293457 2.27319e-06 4.29663e-06 2.92577e-05 0
1.00043 1.00052 0.641919 0.08046 0.0493524 0.0311076 0.00271483 2.32735e-06 3.61471e-06 2.80102e-05 0
1.00035 1.00049 0.641979 0.0804685 0.0494623 0.0310062 0.00336919 1.48852e-06 3.14109e-06 9.45052e-05 0
1.0003 1.00064 0.642125 0.0802586 0.0493402 0.0309184 0.0029406 1.09087e-06 5.43445e-06 1.95548e-05 0
1.00032 1.00058 0.642067 0.0801605 0.0493371 0.0308234 0.00287496 1.24823e-06 4.46491e-06 2.37327e-05 0
1.00033 1.00059 0.642061 0.0800368 0.0493071 0.0307297 0.00270098 1.36386e-06 4.65707e-06 3.66315e-05 0
1.00034 1.0006 0.642058 0.0799243 0.049288 0.0306363 0.00256933 1.43166e-06 4.76811e-06 1.20467e-05 0
1.00035 1.00062 0.642059 0.0798183 0.0492765 0.0305418 0.00247755 1.52319e-06 5.06163e-06 3.99509e-05 0
1.00035 1.00061 0.642056 0.0797171 0.0492677 0.0304494 0.0024224 1.51994e-06 4.96449e-06 1.54235e-05 0
1.00035 1.00061 0.642053 0.079602 0.0492448 0.0303572 0.00234864 1.5506e-06 4.99237e-06 1.17878e-05 0
1.0003 1.00062 0.64211 0.0794987 0.0492387 0.03026 0.00253046 1.13887e-06 5.19719e-06 1.84521e-05 0
1.00032 1.00063 0.642097 0.0793809 0.0492096 0.0301713 0.00238901 1.29727e-06 5.37075e-06 1.45916e-05 0
1.00033 1.00063 0.642091 0.0792717 0.049192 0.0300797 0.00229416 1.33634e-06 5.34304e-06 1.11999e-05 0
1.00029 1.00065 0.642137 0.0791629 0.0491777 0.0299852 0.00228634 1.07868e-06 5.71908e-06 1.32968e-05 0
1.00031 1.00064 0.642105 0.0790563 0.0491595 0.0298968 0.00268814 1.23916e-06 5.40402e-06 2.4872e-05 0
1.00015 1.00056 0.642217 0.0790609 0.0492565 0.0298044 0.00305432 2.78857e-07 4.21726e-06 6.88674e-05 0
1.00027 1.00064 0.642153 0.0788967 0.0491665 0.0297302 0.0028118 8.80269e-07 5.40399e-06 2.35967e-05 0
1.00027 1.00064 0.642152 0.0787823 0.0491382 0.0296441 0.00259888 9.17986e-07 5.50945e-06 1.29135e-05 0
1.00027 1.00061 0.642137 0.0786864 0.0491307 0.0295557 0.00246671 8.87653e-07 5.02765e-06 2.95667e-05 0
1.00025 1.00068 0.642192 0.0785788 0.0491075 0.0294713 0.00233595 7.98369e-07 6.12537e-06 1.63755e-05 0
1.00025 1.00066 0.642179 0.0784719 0.049086 0.0293859 0.00230087 7.95821e-07 5.77667e-06 1.44337e-05 0
1.00027 1.00067 0.642172 0.0784061 0.0491062 0.0292999 0.00220195 9.03495e-07 6.00782e-06 2.01709e-05 0
1.00026 1.00069 0.642191 0.0782761 0.0490596 0.0292165 0.00215387 8.45466e-07 6.3245e-06 3.34566e-05 0
1.00026 1.00065 0.642162 0.0781801 0.0490498 0.0291303 0.00250021 8.7296e-07 5.61626e-06 2.75051e-05 0
1.00026 1.00064 0.642159 0.0780901 0.0490453 0.0290447 0.00252264 8.38192e-07 5.39406e-06 3.83527e-05 0
1.00023 1.00068 0.642216 0.0780006 0.0490381 0.0289624 0.00227131 6.67582e-07 6.22878e-06 6.29763e-05 0
1.00025 1.00069 0.6422 0.0778852 0.0490098 0.0288753 0.00241766 7.809e-07 6.27896e-06 2.88899e-05 0
1.00022 1.00069 0.642225 0.0777879 0.0489952 0.0287927 0.00220392 6.32911e-07 6.32648e-06 1.67266e-05 0
1.00022 1.00068 0.642223 0.0776851 0.048978 0.0287071 0.0021271 6.11082e-07 6.15025e-06 2.07624e-05 0
1.0002 1.0007 0.642257 0.0775668 0.0489439 0.0286229 0.00203924 4.92834e-07 6.49802e-06 5.03177e-05 0
1.0002 1.0007 0.642254 0.0774704 0.0489309 0.0285395 0.00195904 5.13295e-07 6.53577e-06 1.6094e-05 0
1.0002 1.00066 0.642226 0.0773904 0.0489363 0.0284541 0.00221005 5.2498e-07 5.80675e-06 2.94158e-05 0
1.00018 1.00072 0.642293 0.0772939 0.0489177 0.0283762 0.00206163 3.84731e-07 6.90318e-06 2.93553e-05 0
1.00018 1.00074 0.642299 0.0771924 0.0488971 0.0282954 0.00202734 4.05521e-07 7.23234e-06 3.04934e-05 0
1.00018 1.00072 0.64229 0.077082 0.0488663 0.0282158 0.00195361 4.13612e-07 7.00986e-06 3.28017e-05 0
1.00016 1.00072 0.642308 0.0770012 0.0488623 0.0281389 0.00191248 3.21261e-07 6.93536e-06 2.36457e-05 0
1.00017 1.00073 0.642308 0.0769109 0.0488507 0.0280602 0.00184971 3.4107e-07 7.06911e-06 2.93062e-05 0
1.00016 1.00074 0.642319 0.0768041 0.0488218 0.0279823 0.001961 3.23784e-07 7.27909e-06 2.96606e-05 0
1.00015 1.00075 0.642338 0.0767042 0.0487986 0.0279056 0.00186137 2.79749e-07 7.51378e-06 2.25194e-05 0
1.00015 1.00075 0.642332 0.0766105 0.048782 0.0278286 0.00180437 2.9096e-07 7.41456e-06 1.57493e-05 0
1.00011 1.00071 0.642345 0.0766013 0.0488535 0.0277477 0.0023893 1.58835e-07 6.64763e-06 4.81557e-05 0
1.00012 1.00077 0.642374 0.0764882 0.048808 0.0276801 0.00223272 1.91199e-07 7.88745e-06 4.14311e-05 0
1.00013 1.00076 0.642366 0.0763609 0.0487556 0.0276054 0.0020973 2.06683e-07 7.77526e-06 3.79591e-05 0
1.00011 1.00075 0.642374 0.0762605 0.048727 0.0275335 0.00205466 1.55498e-07 7.49701e-06 1.61166e-05 0
1.00011 1.00077 0.642392 0.0761558 0.0486977 0.027458 0.00203958 1.43841e-07 7.9302e-06 1.82373e-05 0
1.00009 1.00078 0.642412 0.0760682 0.0486823 0.0273859 0.00197009 1.08497e-07 8.13518e-06 4.12361e-05 0
1.0001 1.00078 0.642402 0.0759834 0.0486714 0.027312 0.0019041 1.33007e-07 8.14191e-06 1.36045e-05 0
1.00009 1.00078 0.64241 0.0758946 0.0486556 0.0272391 0.00187761 1.1019e-07 8.10598e-06 1.45803e-05 0
0.999973 1.00075 0.642509 0.0758948 0.048748 0.0271468 0.003227 9.25894e-09 7.54086e-06 8.60127e-05 0
1.00001 1.00079 0.642492 0.075727 0.0486577 0.0270693 0.00283201 2.17709e-09 8.25165e-06 6.17739e-05 0
1.00005 1.00079 0.642454 0.0756074 0.0486113 0.0269961 0.00256933 3.40228e-08 8.23816e-06 2.47422e-05 0
1.00004 1.00079 0.642465 0.07552 0.0485943 0.0269257 0.00248722 2.21435e-08 8.26924e-06 2.28002e-05 0
1.00003 1.00079 0.642481 0.0754277 0.0485746 0.026853 0.0024864 1.07482e-08 8.39301e-06 2.91516e-05 0
1.00002 1.00082 0.6425 0.0753427 0.0485607 0.026782 0.00230914 7.75477e-09 8.87607e-06 1.15318e-05 0
1.00003 1.00081 0.642492 0.0752429 0.0485338 0.0267091 0.00221094 1.13323e-08 8.78299e-06 2.27459e-05 0
1.00002 1.0008 0.642494 0.0751732 0.0485363 0.0266369 0.0021568 6.12631e-09 8.60449e-06 1.86556e-05 0
1 1.0008 0.642511 0.0750914 0.0485295 0.0265619 0.0022424 4.19397e-13 8.45964e-06 2.42719e-05 0
0.999994 1.00084 0.642546 0.0749833 0.0484947 0.0264886 0.00213098 5.10304e-10 9.43448e-06 3.74337e-05 0
0.999987 1.00083 0.642544 0.0749097 0.0484948 0.0264148 0.0023005 2.23441e-09 9.13467e-06 1.8503e-05 0
0.99999 1.00085 0.642559 0.0748071 0.0484646 0.0263425 0.002153 1.3096e-09 9.7501e-06 2.83721e-05 0
0.999989 1.00085 0.642554 0.0747041 0.0484348 0.0262692 0.00216589 1.58696e-09 9.53781e-06 2.90135e-05 0
0.999987 1.00084 0.64255 0.0746258 0.048425 0.0262008 0.00206253 2.16725e-09 9.36008e-06 1.10713e-05 0
0.999987 1.00087 0.642569 0.0745452 0.0484135 0.0261317 0.00200413 2.0273e-09 1.0042e-05 1.45785e-05 0
0.999977 1.00086 0.642575 0.0744703 0.0484071 0.0260632 0.00195111 6.90418e-09 9.88593e-06 2.50945e-05 0
0.999978 1.00085 0.642567 0.0743582 0.048364 0.0259942 0.00191258 5.92487e-09 9.66561e-06 2.8716e-05 0
0.999969 1.00087 0.642586 0.0742662 0.0483403 0.0259259 0.00186971 1.18833e-08 1.00147e-05 1.02775e-05 0
0.999906 1.00076 0.642582 0.0742028 0.0483419 0.0258609 0.0022007 1.11026e-07 7.80587e-06 7.63199e-05 0
0.999905 1.00088 0.642659 0.0741229 0.048326 0.0257969 0.00196627 1.12151e-07 1.04317e-05 2.17848e-05 0
0.999943 1.00089 0.642628 0.074042 0.0483177 0.0257243 0.00202154 4.11513e-08 1.06052e-05 4.55407e-05 0
0.999918 1.00087 0.642641 0.0739358 0.0482753 0.0256606 0.00189272 8.45067e-08 1.01995e-05 2.00146e-05 0
0.999911 1.0009 0.642664 0.0738584 0.0482646 0.0255938 0.00190998 9.80645e-08 1.08373e-05 1.39674e-05 0
0.999917 1.00088 0.642645 0.0737696 0.0482417 0.025528 0.00183215 8.53629e-08 1.03651e-05 9.34988e-06 0
0.99992 1.00091 0.642658 0.0736923 0.0482307 0.0254616 0.00179141 7.98605e-08 1.09382e-05 1.89902e-05 0
0.999912 1.00087 0.642645 0.0736092 0.0482146 0.0253947 0.00185831 9.59973e-08 1.01695e-05 2.40096e-05 0
0.999893 1.00092 0.642691 0.0735171 0.0481852 0.0253318 0.00181543 1.43498e-07 1.11904e-05 1.40123e-05 0
0.999852 1.0009 0.642721 0.0734396 0.0481758 0.0252638 0.00188206 2.74957e-07 1.08326e-05 3.14365e-05 0
0.999887 1.0009 0.642687 0.0733424 0.0481454 0.0251971 0.0017857 1.60155e-07 1.08141e-05 1.90704e-05 0
0.999865 1.00092 0.642723 0.0732523 0.0481208 0.0251315 0.00169223 2.29425e-07 1.13756e-05 1.25579e-05 0
0.999855 1.00094 0.642741 0.0731701 0.0481033 0.0250668 0.00168302 2.62392e-07 1.17047e-05 1.30902e-05 0
0.999831 1.00095 0.642771 0.0730887 0.0480901 0.0249986 0.00171071 3.55389e-07 1.20019e-05 4.69614e-05 0
0.999872 1.00092 0.642717 0.0730401 0.0481071 0.024933 0.00163551 2.06329e-07 1.13894e-05 7.43898e-05 0
0.999838 1.00092 0.642746 0.0729382 0.048067 0.0248711 0.00160605 3.28182e-07 1.12761e-05 7.01738e-05 0
0.999852 1.00095 0.642753 0.0728456 0.0480393 0.0248063 0.0015636 2.74959e-07 1.20409e-05 4.00641e-05 0
0.999838 1.00094 0.64276 0.0727638 0.0480198 0.024744 0.00152962 3.27782e-07 1.18118e-05 2.15297e-05 0
0.999831 1.00095 0.642773 0.0726788 0.0479981 0.0246807 0.00153898 3.56093e-07 1.20766e-05 1.48967e-05 0
0.999783 1.00088 0.642777 0.0726325 0.0480141 0.0246184 0.0020312 5.89585e-07 1.04217e-05 4.38939e-05 0
0.999799 1.00096 0.642808 0.0725185 0.0479613 0.0245572 0.00177064 5.03889e-07 1.22057e-05 1.5829e-05 0
0.999801 1.00095 0.642799 0.0724358 0.0479444 0.0244914 0.00164795 4.96019e-07 1.19263e-05 2.39686e-05 0
0.999798 1.00098 0.642827 0.0723469 0.0479199 0.024427 0.00155157 5.10846e-07 1.29324e-05 1.33409e-05 0
0.999786 1.00094 0.642808 0.0722674 0.0479077 0.0243598 0.00150232 5.72481e-07 1.17097e-05 1.48714e-05 0
0.999787 1.001 0.642846 0.0721866 0.047891 0.0242956 0.00152271 5.68315e-07 1.32892e-05 2.83596e-05 0
0.999781 1.00098 0.642841 0.072102 0.0478684 0.0242336 0.00146826 5.99473e-07 1.28516e-05 1.98034e-05 0
0.999764 1.00096 0.642841 0.0720377 0.0478674 0.0241703 0.00155973 6.9614e-07 1.21783e-05 1.59108e-05 0
0.999798 1.001 0.642837 0.0719623 0.0478567 0.0241055 0.00156507 5.12206e-07 1.33442e-05 3.49732e-05 0
0.999694 1.00103 0.642957 0.0718711 0.04783 0.0240411 0.00159639 1.17063e-06 1.41941e-05 5.56911e-05 0
0.99955 1.00102 0.643087 0.0718221 0.04786 0.0239621 0.00256957 2.53715e-06 1.37777e-05 0.00015782 0
0.999692 1.00095 0.642905 0.0716834 0.0477858 0.0238976 0.00238768 1.18329e-06 1.19745e-05 4.41701e-05 0
0.999648 1.00101 0.64299 0.0716394 0.0478037 0.0238357 0.00238236 1.54941e-06 1.37003e-05 4.14248e-05 0
0.999688 1.00104 0.642969 0.0716799 0.0479048 0.023775 0.0029621 1.22044e-06 1.44168e-05 0.000123174 0
0.999678 1.00102 0.642966 0.0714857 0.0477576 0.0237281 0.00257339 1.30002e-06 1.3891e-05 4.76042e-05 0
0.999669 1.00103 0.642981 0.0713961 0.0477222 0.0236739 0.0023203 1.37245e-06 1.41628e-05 2.81022e-05 0
0.999664 1.00102 0.642981 0.0713083 0.0476889 0.0236194 0.00216196 1.41538e-06 1.39678e-05 1.82017e-05 0
0.999664 1.00103 0.642987 0.0712315 0.0476674 0.0235641 0.00204563 1.40928e-06 1.4252e-05 1.06675e-05 0
0.99961 1.00107 0.643062 0.071167 0.0476588 0.0235082 0.00243376 1.89939e-06 1.52349e-05 2.40796e-05 0
0.999646 1.00101 0.642991 0.0710883 0.047634 0.0234543 0.00250023 1.56794e-06 1.36734e-05 2.71153e-05 0
0.999594 1.00107 0.643079 0.0710238 0.0476215 0.0234023 0.00228903 2.06055e-06 1.52983e-05 4.63316e-05 0
0.999614 1.00106 0.643055 0.0709427 0.0475982 0.0233445 0.00216437 1.86208e-06 1.50782e-05 8.27872e-05 0
0.999634 1.00107 0.643042 0.0708741 0.0475858 0.0232883 0.00207013 1.67594e-06 1.53638e-05 3.38027e-05 0
0.999615 1.00106 0.643049 0.0707964 0.0475623 0.0232341 0.00199508 1.85751e-06 1.48672e-05 3.73931e-05 0
0.999614 1.00107 0.643057 0.070725 0.0475472 0.0231778 0.0019501 1.86309e-06 1.5182e-05 3.01423e-05 0
0.999617 1.00108 0.643064 0.0706389 0.0475165 0.0231224 0.00189057 1.83369e-06 1.56345e-05 6.17526e-05 0
0.999608 1.00108 0.643069 0.0705668 0.0474987 0.0230681 0.00213656 1.92259e-06 1.54272e-05 5.36786e-05 0
0.999605 1.00104 0.643051 0.0704943 0.0474808 0.0230135 0.00203731 1.95387e-06 1.45371e-05 2.97475e-05 0
0.999592 1.00109 0.643093 0.0704134 0.0474532 0.0229602 0.0018914 2.08356e-06 1.58331e-05 1.48546e-05 0
0.999594 1.0011 0.6431 0.0703368 0.0474315 0.0229053 0.00181888 2.06427e-06 1.62104e-05 5.14737e-05 0
0.99959 1.00109 0.643097 0.0702604 0.0474087 0.0228517 0.00177028 2.10108e-06 1.59539e-05 1.39314e-05 0
0.99959 1.0011 0.643101 0.0701842 0.0473858 0.0227985 0.00172618 2.10588e-06 1.60977e-05 1.49942e-05 0
0.999585 1.00112 0.643121 0.0701177 0.0473715 0.0227461 0.00169006 2.15588e-06 1.68116e-05 4.54293e-05 0
0.999588 1.00113 0.643123 0.0700575 0.047364 0.0226935 0.00165642 2.127e-06 1.70347e-05 3.27715e-05 0
0.999596 1.00114 0.643119 0.069989 0.0473473 0.0226418 0.00163186 2.03885e-06 1.72175e-05 2.28943e-05 0
0.999586 1.00114 0.643134 0.0699216 0.0473316 0.02259 0.00160325 2.13835e-06 1.74905e-05 1.7916e-05 0
0.999604 1.00116 0.643126 0.0698511 0.0473142 0.022537 0.00160053 1.96107e-06 1.79163e-05 3.29875e-05 0
0.999566 1.00114 0.643149 0.0698088 0.0473212 0.0224876 0.00181035 2.354e-06 1.72888e-05 0.000140846 0
0.999565 1.00112 0.643139 0.0696945 0.0472568 0.0224377 0.00165866 2.36242e-06 1.67441e-05 4.63274e-05 0
0.999568 1.00115 0.643153 0.069613 0.0472264 0.0223866 0.00160203 2.33003e-06 1.7574e-05 1.66673e-05 0
0.999558 1.00115 0.643165 0.0695401 0.0472033 0.0223368 0.00158712 2.44624e-06 1.76406e-05 1.36218e-05 0
0.999547 1.00116 0.643181 0.0694713 0.0471838 0.0222875 0.00155434 2.56163e-06 1.79218e-05 1.6499e-05 0
0.999564 1.00115 0.643157 0.0694175 0.0471789 0.0222386 0.00166586 2.37822e-06 1.75395e-05 2.21228e-05 0
0.99954 1.00116 0.643191 0.069345 0.0471527 0.0221923 0.00162122 2.63983e-06 1.80899e-05 1.37813e-05 0
0.999551 1.00116 0.643178 0.0692895 0.0471447 0.0221448 0.0016111 2.51773e-06 1.79514e-05 1.1348e-05 0
0.999538 1.00117 0.643199 0.0692317 0.0471344 0.0220973 0.00161482 2.6719e-06 1.83446e-05 1.37923e-05 0
0.999549 1.00114 0.643167 0.0691914 0.0471416 0.0220498 0.00170538 2.54127e-06 1.73519e-05 3.49366e-05 0
0.999514 1.00119 0.643235 0.0690888 0.0470856 0.0220032 0.00169695 2.95701e-06 1.89809e-05 2.07732e-05 0
0.999448 1.00111 0.643247 0.069109 0.0471533 0.0219557 0.00206572 3.80914e-06 1.65261e-05 5.35053e-05 0
0.999516 1.00116 0.643213 0.0689643 0.0470521 0.0219123 0.00199688 2.92807e-06 1.80216e-05 2.02994e-05 0
0.999255 1.00117 0.643473 0.0690554 0.047184 0.0218714 0.00303388 6.9459e-06 1.84095e-05 0.000109003 0
0.999484 1.00111 0.643209 0.0688688 0.0470401 0.0218286 0.00278613 3.33414e-06 1.63368e-05 3.53494e-05 0
0.999331 1.00126 0.643456 0.0687939 0.0470075 0.0217864 0.00274375 5.58713e-06 2.13032e-05 3.2541e-05 0
0.999461 1.00116 0.643264 0.0687316 0.0469907 0.0217409 0.002483 3.63098e-06 1.79126e-05 2.51064e-05 0
0.999427 1.00124 0.64335 0.0686758 0.0469746 0.0217012 0.00229229 4.10283e-06 2.05635e-05 3.89346e-05 0
0.999421 1.00122 0.643343 0.0686036 0.046944 0.0216596 0.00225577 4.1868e-06 1.99152e-05 3.95148e-05 0
0.999443 1.00122 0.643323 0.0685328 0.0469165 0.0216163 0.00212221 3.87623e-06 1.9963e-05 2.13778e-05 0
0.999436 1.00123 0.643332 0.0684721 0.0468972 0.0215749 0.00202849 3.97159e-06 2.01257e-05 1.56135e-05 0
0.999454 1.00124 0.643325 0.0684205 0.0468882 0.0215322 0.00200313 3.72311e-06 2.06412e-05 2.25595e-05 0
0.999394 1.00126 0.643397 0.0684291 0.0469374 0.0214917 0.00278447 4.59533e-06 2.13265e-05 3.24228e-05 0
0.999407 1.00121 0.643348 0.0683695 0.0469216 0.021448 0.00247774 4.40032e-06 1.94846e-05 2.74833e-05 0
0.999403 1.00125 0.643379 0.0682807 0.0468726 0.0214081 0.00218072 4.45451e-06 2.08765e-05 2.42725e-05 0
0.999422 1.00124 0.643354 0.0682199 0.0468513 0.0213686 0.00205111 4.17819e-06 2.05337e-05 3.20088e-05 0
0.999403 1.00128 0.643396 0.0681821 0.0468528 0.0213292 0.00201616 4.4563e-06 2.17361e-05 3.98318e-05 0
0.999411 1.00124 0.643366 0.0681343 0.0468447 0.0212896 0.00198924 4.34392e-06 2.05927e-05 9.31005e-05 0
0.999392 1.00125 0.643389 0.068073 0.0468241 0.0212488 0.00188462 4.61563e-06 2.08775e-05 6.48688e-05 0
0.999405 1.00129 0.643402 0.0680326 0.0468235 0.0212091 0.00181687 4.42065e-06 2.22287e-05 2.58279e-05 0
0.9994 1.00126 0.643389 0.0679318 0.0467621 0.0211696 0.00196842 4.50208e-06 2.12508e-05 2.9235e-05 0
0.999408 1.00128 0.643389 0.0678614 0.0467296 0.0211318 0.0018579 4.37448e-06 2.16951e-05 2.49863e-05 0
0.999395 1.00129 0.643415 0.0678032 0.0467086 0.0210946 0.00179192 4.57592e-06 2.23433e-05 2.1151e-05 0
0.999398 1.0013 0.643415 0.0677641 0.0467072 0.0210569 0.00174052 4.52469e-06 2.2546e-05 1.0972e-05 0
0.999394 1.0013 0.643422 0.0677091 0.0466888 0.0210203 0.00169744 4.58998e-06 2.26739e-05 1.53714e-05 0
0.999394 1.0013 0.643421 0.0676481 0.0466637 0.0209844 0.0016598 4.58858e-06 2.26211e-05 2.39441e-05 0
0.999402 1.0013 0.643414 0.0676056 0.0466572 0.0209483 0.0016697 4.46897e-06 2.26874e-05 3.69727e-05 0
0.999386 1.00131 0.643433 0.0675581 0.0466448 0.0209133 0.0016023 4.70835e-06 2.28596e-05 2.75086e-05 0
0.999386 1.00129 0.643417 0.0675167 0.0466392 0.0208776 0.00278505 4.70723e-06 2.20484e-05 7.95437e-05 0
0.99932 1.00131 0.643497 0.0674757 0.0466347 0.020841 0.00289578 5.78229e-06 2.287e-05 7.11761e-05 0
0.999278 1.00132 0.643542 0.0674172 0.0466026 0.0208145 0.00238482 6.50868e-06 2.31285e-05 4.78017e-05 0
0.99932 1.00132 0.643503 0.0673554 0.0465743 0.0207811 0.00217022 5.78832e-06 2.32137e-05 3.60009e-05 0
0.99931 1.00136 0.643538 0.0673081 0.046558 0.0207501 0.00212287 5.95134e-06 2.46054e-05 3.27587e-05 0
0.999337 1.00134 0.643503 0.0672654 0.0465477 0.0207177 0.0019986 5.49798e-06 2.40886e-05 3.39733e-05 0
0.999334 1.00135 0.643511 0.0672155 0.0465299 0.0206856 0.00196184 5.54909e-06 2.43655e-05 3.15722e-05 0
0.99934 1.00135 0.643502 0.0671829 0.0465289 0.020654 0.00187195 5.44451e-06 2.42161e-05 3.45909e-05 0
0.999353 1.00135 0.643489 0.0671574 0.0465348 0.0206226 0.00181283 5.24021e-06 2.41747e-05 3.75552e-05 0
0.99935 1.00136 0.643499 0.0670986 0.0465059 0.0205927 0.00176485 5.28341e-06 2.46053e-05 1.94674e-05 0
0.99935 1.00138 0.643511 0.067077 0.0465141 0.020563 0.0018358 5.28172e-06 2.52859e-05 1.97938e-05 0
0.999273 1.00127 0.643515 0.0670622 0.0465258 0.0205364 0.00234657 6.59901e-06 2.14352e-05 0.00010586 0
0.999318 1.00138 0.643546 0.0670067 0.0464977 0.020509 0.00209394 5.80785e-06 2.55161e-05 5.84908e-05 0
0.999276 1.00134 0.64356 0.06701 0.0465244 0.0204856 0.00308416 6.5596e-06 2.3988e-05 0.000112087 0
0.999258 1.00134 0.643577 0.066945 0.0464883 0.0204567 0.00262358 6.88419e-06 2.40132e-05 7.20972e-05 0
0.999273 1.00141 0.643608 0.0668864 0.0464538 0.0204327 0.00240445 6.59926e-06 2.65921e-05 4.90013e-05 0
0.999312 1.00139 0.643555 0.0668338 0.0464312 0.0204026 0.00225747 5.92352e-06 2.56826e-05 6.86121e-05 0
0.999295 1.00141 0.643586 0.0668387 0.0464627 0.020376 0.00215524 6.22043e-06 2.65467e-05 3.19408e-05 0
