A/A0 V/V0 Vr eb eb_bend eb_ad ea ega ev ek ee  h0 h1 h2
1 1.00032 0.642203 0.111098 0.0495561 0.0615419 0.000329511 0 1.33674e-06 1.89175e-08 0 12.54967498779297 7.076537132263184 24.77803230285645
1.00278 0.999041 0.638722 0.0998835 0.0508461 0.0490375 0.00123189 9.67712e-05 1.23534e-05 0.0045204 0 12.5571985244751 7.152535915374756 24.7834587097168
1.0008 1.00109 0.641932 0.0954057 0.0537274 0.0416784 0.00226338 8.03317e-06 1.60897e-05 0.00791724 0 12.56345367431641 7.290225505828857 24.87779998779297
1.0001 1.00118 0.642663 0.095612 0.0591958 0.0364162 0.0018892 1.27425e-07 1.88264e-05 0.0214749 0 12.58451843261719 8.55107593536377 25.42305183410645
1.00164 1.00015 0.640523 0.102203 0.0698554 0.0323481 0.00193017 3.3597e-05 2.9496e-07 0.0407503 0 12.5597095489502 9.532251358032227 26.86366653442383
1.00184 1.00025 0.640388 0.109487 0.0800935 0.0293939 0.00194267 4.2535e-05 8.09774e-07 0.0568026 0 12.55092906951904 10.28250312805176 29.59790992736816
1.00098 1.00067 0.641493 0.108041 0.0812806 0.0267602 0.00196994 1.19503e-05 6.07687e-06 0.0714578 0 12.57022285461426 10.88953113555908 34.92774200439453
1.00044 1.00127 0.642385 0.105608 0.0810731 0.0245351 0.00195399 2.47269e-06 2.15316e-05 0.0691422 0 12.57275867462158 11.35994338989258 40.04681396484375
1.00021 1.00128 0.642624 0.101112 0.0781694 0.0229423 0.00169591 5.37483e-07 2.20648e-05 0.0656732 0 12.56193161010742 11.8046350479126 40.64037322998047
1.00025 1.00147 0.642698 0.0981357 0.0763871 0.0217487 0.00168736 8.067e-07 2.89098e-05 0.0637099 0 12.55525207519531 12.19637107849121 40.53652954101562
1.00033 1.00139 0.642577 0.0995158 0.0786985 0.0208174 0.00141163 1.34025e-06 2.58887e-05 0.0588477 0 12.55226516723633 12.48699378967285 39.08471298217773
1.00033 1.00148 0.642637 0.0983607 0.0783336 0.0200271 0.00169939 1.32775e-06 2.94096e-05 0.0632364 0 12.55286693572998 12.71047878265381 38.1934928894043
1.00067 1.00149 0.642318 0.0999289 0.0803281 0.0196008 0.00145569 5.55751e-06 2.99755e-05 0.0646999 0 12.55377006530762 12.88900852203369 39.34922027587891
1.00062 1.00157 0.642411 0.100332 0.0806783 0.0196533 0.00139476 4.85878e-06 3.328e-05 0.065387 0 12.55375957489014 13.04393196105957 39.1667594909668
1.00058 1.00151 0.642404 0.098329 0.0784604 0.0198687 0.00128014 4.27587e-06 3.04207e-05 0.064771 0 12.55801486968994 13.12740516662598 40.16406631469727
1.00046 1.00154 0.642545 0.0967631 0.0769544 0.0198087 0.00117714 2.6324e-06 3.16998e-05 0.0610525 0 12.55747890472412 13.11707973480225 40.33916473388672
1.00058 1.00158 0.642455 0.096012 0.0764741 0.0195379 0.00110086 4.22899e-06 3.34887e-05 0.0586438 0 12.5570011138916 13.07430934906006 39.23016738891602
1.00064 1.00151 0.642349 0.0955642 0.0759875 0.0195767 0.00106423 5.15996e-06 3.04612e-05 0.0563248 0 12.55541896820068 13.08674240112305 38.4771842956543
1.00038 1.0015 0.642599 0.0935009 0.0736786 0.0198223 0.0010106 1.81713e-06 3.03889e-05 0.0560632 0 12.5569486618042 13.14034366607666 38.23705673217773
1.00033 1.00149 0.64264 0.0931447 0.0733569 0.0197878 0.000942589 1.35235e-06 2.97871e-05 0.0542178 0 12.55771541595459 13.13233280181885 37.99370956420898
1.00029 1.00152 0.64269 0.0928501 0.0732048 0.0196453 0.000956493 1.08852e-06 3.08731e-05 0.0566096 0 12.55444431304932 13.0843391418457 36.8393440246582
1.00048 1.00148 0.642491 0.0944131 0.0747776 0.0196356 0.000968095 2.87309e-06 2.95308e-05 0.0553063 0 12.55380725860596 13.09142684936523 36.6784553527832
1.00046 1.00156 0.642557 0.0941321 0.0744059 0.0197262 0.000937745 2.65489e-06 3.25504e-05 0.0566507 0 12.55337524414062 13.11998081207275 36.60239028930664
1.00023 1.0015 0.642746 0.0928174 0.0731077 0.0197097 0.000874298 6.41613e-07 3.0228e-05 0.0588596 0 12.55569267272949 13.12118721008301 37.38875198364258
1.0007 1.00152 0.642307 0.0958462 0.0761882 0.0196579 0.000900654 6.10379e-06 3.11814e-05 0.0518861 0 12.55544567108154 13.10317420959473 37.20298385620117
1.00046 1.0016 0.642583 0.0933728 0.0737371 0.0196356 0.000878906 2.6943e-06 3.44943e-05 0.0564165 0 12.55250835418701 13.10738945007324 36.55385971069336
1.00032 1.00153 0.642672 0.0926026 0.0729306 0.0196721 0.000851504 1.2947e-06 3.13969e-05 0.0565602 0 12.55842781066895 13.11586380004883 38.09413528442383
1.00038 1.00156 0.642637 0.0927733 0.073098 0.0196753 0.000850881 1.81792e-06 3.28322e-05 0.0542798 0 12.55548858642578 13.12125110626221 36.86861038208008
1.00052 1.00153 0.642477 0.0931594 0.0735042 0.0196551 0.000920063 3.41996e-06 3.12806e-05 0.0526896 0 12.55370044708252 13.11450672149658 36.46531295776367
1.0004 1.00154 0.642599 0.0936808 0.0740509 0.0196299 0.000873142 2.05092e-06 3.18486e-05 0.053187 0 12.55445861816406 13.11364936828613 36.54898071289062
1.00032 1.00149 0.642647 0.0924679 0.0727971 0.0196708 0.000848614 1.26819e-06 2.96171e-05 0.056787 0 12.55623245239258 13.11710834503174 36.75213623046875
1.00048 1.00159 0.642563 0.0943926 0.0747069 0.0196857 0.000856977 2.84816e-06 3.40328e-05 0.05393 0 12.5547399520874 13.1226167678833 37.02542495727539
1.00058 1.00155 0.64244 0.0952855 0.0756237 0.0196618 0.000952861 4.18312e-06 3.23477e-05 0.0516253 0 12.5536584854126 13.11478042602539 36.39858245849609
1.00055 1.00153 0.642457 0.0939663 0.0743308 0.0196355 0.000898593 3.74168e-06 3.1448e-05 0.0532124 0 12.55565643310547 13.1111946105957 37.35343933105469
1.00062 1.00155 0.642392 0.0949769 0.0753364 0.0196404 0.000884597 4.86939e-06 3.20587e-05 0.0513099 0 12.55691814422607 13.11556816101074 37.81184005737305
1.00028 1.00148 0.64268 0.0931206 0.0734359 0.0196846 0.000898727 9.96044e-07 2.94742e-05 0.0550042 0 12.55651664733887 13.12093925476074 37.16543197631836
1.00045 1.00154 0.642558 0.0934199 0.0737241 0.0196958 0.000866438 2.50566e-06 3.18281e-05 0.0532944 0 12.55748558044434 13.11966991424561 37.66822052001953
1.00059 1.00152 0.642411 0.0941077 0.0744205 0.0196872 0.000823846 4.31123e-06 3.10103e-05 0.0515901 0 12.55319881439209 13.11216163635254 36.71792602539062
1.00038 1.00156 0.642638 0.092712 0.0730519 0.01966 0.000853467 1.76965e-06 3.25695e-05 0.054284 0 12.55527687072754 13.10928440093994 36.86203765869141
1.00027 1.00152 0.642711 0.0919159 0.0722518 0.0196641 0.000858527 9.30131e-07 3.08581e-05 0.0563592 0 12.55704879760742 13.11044502258301 37.21027374267578
1.00041 1.00146 0.642542 0.092094 0.0723964 0.0196976 0.000860049 2.13579e-06 2.87298e-05 0.0561066 0 12.55438137054443 13.11670398712158 36.52597427368164
1.00029 1.00158 0.642733 0.0919454 0.0722448 0.0197006 0.000855887 1.07977e-06 3.3604e-05 0.056242 0 12.55310249328613 13.11630439758301 36.12592315673828
1.00056 1.00152 0.642438 0.0939334 0.0742736 0.0196599 0.000847521 3.89707e-06 3.09243e-05 0.0514271 0 12.55484580993652 13.10908222198486 36.19813537597656
1.00032 1.00157 0.642704 0.0915823 0.0719178 0.0196644 0.000858864 1.25217e-06 3.30869e-05 0.0567619 0 12.55334281921387 13.10894584655762 36.12237930297852
1.00039 1.0016 0.642649 0.0930729 0.073385 0.0196879 0.000867618 1.93795e-06 3.44107e-05 0.0554746 0 12.55667495727539 13.11603736877441 37.13677597045898
1.00033 1.00154 0.642671 0.0921432 0.0724384 0.0197049 0.000869159 1.38921e-06 3.20287e-05 0.0564516 0 12.55361843109131 13.11606502532959 35.95888137817383
1.00052 1.00155 0.64249 0.0937301 0.0740411 0.0196889 0.000832455 3.44599e-06 3.22196e-05 0.0524569 0 12.55460453033447 13.1110725402832 36.69251251220703
1.00038 1.00148 0.642582 0.0927161 0.0730482 0.0196679 0.000829456 1.85223e-06 2.95444e-05 0.0530037 0 12.55386543273926 13.10791969299316 36.21918869018555
1.00049 1.00152 0.642506 0.0930452 0.0733654 0.0196798 0.00084064 2.99546e-06 3.11002e-05 0.0524095 0 12.55623722076416 13.11034965515137 37.02054977416992
1.00039 1.00152 0.642602 0.0929755 0.0732862 0.0196893 0.000835009 1.88133e-06 3.09851e-05 0.0532864 0 12.5545072555542 13.11509418487549 36.52408218383789
1.00028 1.0016 0.642759 0.0921528 0.0724737 0.0196791 0.000821492 9.56286e-07 3.42323e-05 0.0557202 0 12.55581092834473 13.11233234405518 36.6827392578125
1.00045 1.00145 0.642498 0.0928334 0.0731756 0.0196578 0.000848912 2.53962e-06 2.82525e-05 0.055911 0 12.55452442169189 13.11081790924072 36.64315032958984
1.00054 1.00155 0.642479 0.0943977 0.0747222 0.0196756 0.000828933 3.62457e-06 3.23668e-05 0.0517888 0 12.55313301086426 13.11330413818359 36.23679733276367
1.00039 1.0015 0.642583 0.0931643 0.073475 0.0196893 0.000836268 1.92917e-06 3.00937e-05 0.0540792 0 12.55531024932861 13.11686992645264 36.5877685546875
1.00055 1.00153 0.642455 0.0935349 0.0738871 0.0196479 0.000796431 3.74128e-06 3.13728e-05 0.0523439 0 12.55642509460449 13.11297225952148 37.36114120483398
1.00043 1.00149 0.64254 0.0932642 0.0736364 0.0196278 0.000804535 2.37368e-06 2.99671e-05 0.0523129 0 12.55459403991699 13.11081027984619 36.73751449584961
1.00059 1.00153 0.642412 0.0936237 0.0739671 0.0196566 0.000806556 4.37602e-06 3.13163e-05 0.0527202 0 12.55651569366455 13.11847019195557 36.94354629516602
1.00047 1.00151 0.642519 0.0935076 0.0738302 0.0196774 0.000773486 2.74527e-06 3.06032e-05 0.0537363 0 12.55513000488281 13.1229133605957 36.81814956665039
1.00061 1.00157 0.642417 0.0945097 0.0748407 0.019669 0.000840939 4.68124e-06 3.29038e-05 0.0528765 0 12.55709743499756 13.11655330657959 36.98358917236328
1.00057 1.00149 0.642408 0.0943138 0.0746575 0.0196563 0.000807599 4.11275e-06 2.99591e-05 0.0523915 0 12.55555534362793 13.11287212371826 36.91514587402344
1.00039 1.00156 0.642626 0.0924081 0.0727482 0.0196599 0.000793242 1.93119e-06 3.28529e-05 0.0552075 0 12.55734634399414 13.11400890350342 37.42034149169922
1.00032 1.00151 0.642658 0.0921277 0.0724482 0.0196795 0.000791356 1.29944e-06 3.04904e-05 0.0546665 0 12.55684471130371 13.11667251586914 37.32872009277344
1.00055 1.00162 0.642508 0.0933528 0.0736912 0.0196616 0.000791771 3.80711e-06 3.5118e-05 0.0511857 0 12.55461502075195 13.11664962768555 36.37409210205078
1.00045 1.00151 0.64254 0.0928113 0.0731657 0.0196456 0.00079749 2.4924e-06 3.05865e-05 0.051873 0 12.55373096466064 13.11303806304932 36.22407913208008
1.00029 1.00152 0.642699 0.0916743 0.0720059 0.0196684 0.000758906 1.02998e-06 3.09931e-05 0.0539879 0 12.5565881729126 13.11570835113525 36.84564590454102
1.00037 1.00152 0.64262 0.0921322 0.0724451 0.0196871 0.000761508 1.70216e-06 3.09588e-05 0.0515096 0 12.55528926849365 13.11932277679443 36.58286666870117
1.00047 1.0016 0.642577 0.0923243 0.0726683 0.019656 0.000751696 2.71746e-06 3.42236e-05 0.0518551 0 12.55326366424561 13.11538887023926 36.0029411315918
1.00046 1.00149 0.642513 0.0928125 0.073168 0.0196445 0.000744325 2.64871e-06 2.97177e-05 0.0518491 0 12.55428123474121 13.11133575439453 36.2225456237793
1.00033 1.00161 0.642713 0.0915396 0.0718653 0.0196742 0.000731403 1.40096e-06 3.48735e-05 0.0541935 0 12.55551528930664 13.11716270446777 36.33409118652344
1.0005 1.00147 0.642467 0.0927092 0.0730485 0.0196608 0.000757743 3.0836e-06 2.90584e-05 0.0514066 0 12.55543041229248 13.11947536468506 36.58401870727539
1.00051 1.0015 0.642472 0.0931409 0.0734892 0.0196518 0.000743157 3.29417e-06 3.03904e-05 0.0512867 0 12.55386734008789 13.11403846740723 35.93270874023438
1.00039 1.00157 0.642631 0.09227 0.0725811 0.0196889 0.000756337 1.89056e-06 3.28967e-05 0.0536251 0 12.55591106414795 13.11609554290771 36.52423095703125
1.00043 1.00154 0.642576 0.0924738 0.0727921 0.0196817 0.000740443 2.29762e-06 3.17909e-05 0.053092 0 12.5561056137085 13.11783885955811 36.7446174621582
1.00043 1.00156 0.642591 0.0929368 0.0732874 0.0196493 0.000755388 2.29706e-06 3.27745e-05 0.0526509 0 12.55453205108643 13.1108865737915 36.29055786132812
1.00037 1.0015 0.642607 0.0919219 0.0722742 0.0196477 0.000769717 1.72323e-06 3.02736e-05 0.0546076 0 12.55503845214844 13.11217212677002 36.3960075378418
1.00034 1.00149 0.642635 0.0919528 0.0722673 0.0196854 0.000745819 1.41279e-06 2.99178e-05 0.0543972 0 12.55503463745117 13.11863136291504 36.64372253417969
1.00043 1.00161 0.642621 0.091991 0.0723114 0.0196796 0.000740394 2.324e-06 3.49642e-05 0.0533046 0 12.55432510375977 13.11917972564697 36.13708114624023
1.00046 1.00152 0.642535 0.0925491 0.0729009 0.0196482 0.000736632 2.65776e-06 3.11573e-05 0.0526106 0 12.55387783050537 13.11179733276367 36.13366317749023
1.00043 1.0016 0.642617 0.09253 0.0728919 0.0196381 0.0007204 2.28431e-06 3.44042e-05 0.0520105 0 12.55506610870361 13.11259078979492 36.15572738647461
1.00041 1.00154 0.642588 0.0929236 0.0732801 0.0196434 0.000689191 2.1359e-06 3.16541e-05 0.05134 0 12.55545139312744 13.11874103546143 36.4504280090332
1.00054 1.00157 0.642488 0.0934078 0.0737704 0.0196374 0.000728215 3.69214e-06 3.32357e-05 0.0507123 0 12.55501461029053 13.12089061737061 36.4459228515625
1.00035 1.00151 0.642631 0.0918929 0.0722571 0.0196358 0.000730491 1.56523e-06 3.07498e-05 0.0541891 0 12.55483722686768 13.11986827850342 36.64007186889648
1.00034 1.00155 0.642668 0.092169 0.072548 0.0196211 0.000749767 1.45501e-06 3.22877e-05 0.0540922 0 12.55649185180664 13.12058734893799 36.8851432800293
1.00061 1.00156 0.642419 0.0938431 0.0742287 0.0196145 0.000744311 4.61054e-06 3.27447e-05 0.0510148 0 12.5540943145752 13.12164211273193 36.12854385375977
1.0004 1.00146 0.642552 0.0920838 0.0724283 0.0196556 0.000857195 1.9868e-06 2.84749e-05 0.054217 0 12.55395698547363 13.12465381622314 36.2739372253418
1.00029 1.00155 0.642712 0.0915761 0.0718967 0.0196794 0.000743175 1.08903e-06 3.23118e-05 0.0552877 0 12.55726718902588 13.12491893768311 37.11433029174805
1.00037 1.00143 0.642565 0.0923798 0.0727218 0.0196579 0.000754357 1.69651e-06 2.75251e-05 0.0542184 0 12.55467891693115 13.11751556396484 36.21413803100586
1.00041 1.00149 0.642563 0.0929782 0.073299 0.0196792 0.000711814 2.0872e-06 2.97387e-05 0.0539697 0 12.55338668823242 13.11314487457275 35.94836044311523
1.00055 1.00154 0.642463 0.0936833 0.0740057 0.0196776 0.000766244 3.75125e-06 3.19165e-05 0.0524295 0 12.55429363250732 13.11715412139893 36.36086654663086
1.00037 1.00152 0.642618 0.092385 0.0727162 0.0196688 0.000734545 1.73111e-06 3.09879e-05 0.0538767 0 12.55478096008301 13.11276149749756 36.64950561523438
