A/A0 V/V0 Vr eb eb_bend eb_ad ea ega ev ek ee
1 1.00032 0.642203 0.111098 0.0495561 0.0615419 0.000329511 0 1.33674e-06 1.89175e-08 0
1.00278 0.999041 0.638722 0.0998835 0.0508461 0.0490375 0.00123189 9.67712e-05 1.23534e-05 0.0045204 0
1.0008 1.00109 0.641932 0.0954057 0.0537274 0.0416784 0.00226338 8.03317e-06 1.60897e-05 0.00791724 0
1.0001 1.00118 0.642663 0.095612 0.0591958 0.0364162 0.0018892 1.27425e-07 1.88264e-05 0.0214749 0
1.00164 1.00015 0.640523 0.102203 0.0698554 0.0323481 0.00193017 3.3597e-05 2.9496e-07 0.0407503 0
1.00184 1.00025 0.640388 0.109487 0.0800935 0.0293939 0.00194267 4.2535e-05 8.09774e-07 0.0568026 0
1.00098 1.00067 0.641493 0.108041 0.0812806 0.0267602 0.00196994 1.19503e-05 6.07687e-06 0.0714578 0
1.00044 1.00127 0.642385 0.105608 0.0810731 0.0245351 0.00195399 2.47269e-06 2.15316e-05 0.0691422 0
1.00021 1.00128 0.642624 0.101112 0.0781694 0.0229423 0.00169591 5.37483e-07 2.20648e-05 0.0656732 0
1.00025 1.00147 0.642698 0.0981357 0.0763871 0.0217487 0.00168736 8.067e-07 2.89098e-05 0.0637099 0
1.00033 1.00139 0.642577 0.0995158 0.0786985 0.0208174 0.00141163 1.34025e-06 2.58887e-05 0.0588477 0
1.00033 1.00148 0.642637 0.0983607 0.0783336 0.0200271 0.00169939 1.32775e-06 2.94096e-05 0.0632364 0
1.00067 1.00149 0.642318 0.0999289 0.0803281 0.0196008 0.00145569 5.55751e-06 2.99755e-05 0.0646999 0
1.00062 1.00157 0.642411 0.100332 0.0806783 0.0196533 0.00139476 4.85878e-06 3.328e-05 0.065387 0
1.00058 1.00151 0.642404 0.098329 0.0784604 0.0198687 0.00128014 4.27587e-06 3.04207e-05 0.064771 0
1.00046 1.00154 0.642545 0.0967631 0.0769544 0.0198087 0.00117714 2.6324e-06 3.16998e-05 0.0610525 0
1.00058 1.00158 0.642455 0.096012 0.0764741 0.0195379 0.00110086 4.22899e-06 3.34887e-05 0.0586438 0
1.00064 1.00151 0.642349 0.0955642 0.0759875 0.0195767 0.00106423 5.15996e-06 3.04612e-05 0.0563248 0
1.00038 1.0015 0.642599 0.0935009 0.0736786 0.0198223 0.0010106 1.81713e-06 3.03889e-05 0.0560632 0
1.00033 1.00149 0.64264 0.0931447 0.0733569 0.0197878 0.000942589 1.35235e-06 2.97871e-05 0.0542178 0
1.00029 1.00152 0.64269 0.0928501 0.0732048 0.0196453 0.000956493 1.08852e-06 3.08731e-05 0.0566096 0
1.00048 1.00148 0.642491 0.0944131 0.0747776 0.0196356 0.000968095 2.87309e-06 2.95308e-05 0.0553063 0
1.00046 1.00156 0.642557 0.0941321 0.0744059 0.0197262 0.000937745 2.65489e-06 3.25504e-05 0.0566507 0
1.00023 1.0015 0.642746 0.0928174 0.0731077 0.0197097 0.000874298 6.41613e-07 3.0228e-05 0.0588596 0
1.0007 1.00152 0.642307 0.0958462 0.0761882 0.0196579 0.000900654 6.10379e-06 3.11814e-05 0.0518861 0
1.00046 1.0016 0.642583 0.0933728 0.0737371 0.0196356 0.000878906 2.6943e-06 3.44943e-05 0.0564165 0
1.00032 1.00153 0.642672 0.0926026 0.0729306 0.0196721 0.000851504 1.2947e-06 3.13969e-05 0.0565602 0
1.00038 1.00156 0.642637 0.0927733 0.073098 0.0196753 0.000850881 1.81792e-06 3.28322e-05 0.0542798 0
1.00052 1.00153 0.642477 0.0931594 0.0735042 0.0196551 0.000920063 3.41996e-06 3.12806e-05 0.0526896 0
1.0004 1.00154 0.642599 0.0936808 0.0740509 0.0196299 0.000873142 2.05092e-06 3.18486e-05 0.053187 0
1.00032 1.00149 0.642647 0.0924679 0.0727971 0.0196708 0.000848614 1.26819e-06 2.96171e-05 0.056787 0
1.00048 1.00159 0.642563 0.0943926 0.0747069 0.0196857 0.000856977 2.84816e-06 3.40328e-05 0.05393 0
1.00058 1.00155 0.64244 0.0952855 0.0756237 0.0196618 0.000952861 4.18312e-06 3.23477e-05 0.0516253 0
1.00055 1.00153 0.642457 0.0939663 0.0743308 0.0196355 0.000898593 3.74168e-06 3.1448e-05 0.0532124 0
1.00062 1.00155 0.642392 0.0949769 0.0753364 0.0196404 0.000884597 4.86939e-06 3.20587e-05 0.0513099 0
1.00028 1.00148 0.64268 0.0931206 0.0734359 0.0196846 0.000898727 9.96044e-07 2.94742e-05 0.0550042 0
1.00045 1.00154 0.642558 0.0934199 0.0737241 0.0196958 0.000866438 2.50566e-06 3.18281e-05 0.0532944 0
1.00059 1.00152 0.642411 0.0941077 0.0744205 0.0196872 0.000823846 4.31123e-06 3.10103e-05 0.0515901 0
1.00038 1.00156 0.642638 0.092712 0.0730519 0.01966 0.000853467 1.76965e-06 3.25695e-05 0.054284 0
1.00027 1.00152 0.642711 0.0919159 0.0722518 0.0196641 0.000858527 9.30131e-07 3.08581e-05 0.0563592 0
1.00041 1.00146 0.642542 0.092094 0.0723964 0.0196976 0.000860049 2.13579e-06 2.87298e-05 0.0561066 0
1.00029 1.00158 0.642733 0.0919454 0.0722448 0.0197006 0.000855887 1.07977e-06 3.3604e-05 0.056242 0
1.00056 1.00152 0.642438 0.0939334 0.0742736 0.0196599 0.000847521 3.89707e-06 3.09243e-05 0.0514271 0
1.00032 1.00157 0.642704 0.0915823 0.0719178 0.0196644 0.000858864 1.25217e-06 3.30869e-05 0.0567619 0
1.00039 1.0016 0.642649 0.0930729 0.073385 0.0196879 0.000867618 1.93795e-06 3.44107e-05 0.0554746 0
1.00033 1.00154 0.642671 0.0921432 0.0724384 0.0197049 0.000869159 1.38921e-06 3.20287e-05 0.0564516 0
1.00052 1.00155 0.64249 0.0937301 0.0740411 0.0196889 0.000832455 3.44599e-06 3.22196e-05 0.0524569 0
1.00038 1.00148 0.642582 0.0927161 0.0730482 0.0196679 0.000829456 1.85223e-06 2.95444e-05 0.0530037 0
1.00049 1.00152 0.642506 0.0930452 0.0733654 0.0196798 0.00084064 2.99546e-06 3.11002e-05 0.0524095 0
1.00039 1.00152 0.642602 0.0929755 0.0732862 0.0196893 0.000835009 1.88133e-06 3.09851e-05 0.0532864 0
1.00028 1.0016 0.642759 0.0921528 0.0724737 0.0196791 0.000821492 9.56286e-07 3.42323e-05 0.0557202 0
1.00045 1.00145 0.642498 0.0928334 0.0731756 0.0196578 0.000848912 2.53962e-06 2.82525e-05 0.055911 0
1.00054 1.00155 0.642479 0.0943977 0.0747222 0.0196756 0.000828933 3.62457e-06 3.23668e-05 0.0517888 0
1.00039 1.0015 0.642583 0.0931643 0.073475 0.0196893 0.000836268 1.92917e-06 3.00937e-05 0.0540792 0
1.00055 1.00153 0.642455 0.0935349 0.0738871 0.0196479 0.000796431 3.74128e-06 3.13728e-05 0.0523439 0
1.00043 1.00149 0.64254 0.0932642 0.0736364 0.0196278 0.000804535 2.37368e-06 2.99671e-05 0.0523129 0
1.00059 1.00153 0.642412 0.0936237 0.0739671 0.0196566 0.000806556 4.37602e-06 3.13163e-05 0.0527202 0
1.00047 1.00151 0.642519 0.0935076 0.0738302 0.0196774 0.000773486 2.74527e-06 3.06032e-05 0.0537363 0
1.00061 1.00157 0.642417 0.0945097 0.0748407 0.019669 0.000840939 4.68124e-06 3.29038e-05 0.0528765 0
1.00057 1.00149 0.642408 0.0943138 0.0746575 0.0196563 0.000807599 4.11275e-06 2.99591e-05 0.0523915 0
1.00039 1.00156 0.642626 0.0924081 0.0727482 0.0196599 0.000793242 1.93119e-06 3.28529e-05 0.0552075 0
1.00032 1.00151 0.642658 0.0921277 0.0724482 0.0196795 0.000791356 1.29944e-06 3.04904e-05 0.0546665 0
1.00055 1.00162 0.642508 0.0933528 0.0736912 0.0196616 0.000791771 3.80711e-06 3.5118e-05 0.0511857 0
1.00045 1.00151 0.64254 0.0928113 0.0731657 0.0196456 0.00079749 2.4924e-06 3.05865e-05 0.051873 0
1.00029 1.00152 0.642699 0.0916743 0.0720059 0.0196684 0.000758906 1.02998e-06 3.09931e-05 0.0539879 0
1.00037 1.00152 0.64262 0.0921322 0.0724451 0.0196871 0.000761508 1.70216e-06 3.09588e-05 0.0515096 0
1.00047 1.0016 0.642577 0.0923243 0.0726683 0.019656 0.000751696 2.71746e-06 3.42236e-05 0.0518551 0
1.00046 1.00149 0.642513 0.0928125 0.073168 0.0196445 0.000744325 2.64871e-06 2.97177e-05 0.0518491 0
1.00033 1.00161 0.642713 0.0915396 0.0718653 0.0196742 0.000731403 1.40096e-06 3.48735e-05 0.0541935 0
1.0005 1.00147 0.642467 0.0927092 0.0730485 0.0196608 0.000757743 3.0836e-06 2.90584e-05 0.0514066 0
1.00051 1.0015 0.642472 0.0931409 0.0734892 0.0196518 0.000743157 3.29417e-06 3.03904e-05 0.0512867 0
1.00039 1.00157 0.642631 0.09227 0.0725811 0.0196889 0.000756337 1.89056e-06 3.28967e-05 0.0536251 0
1.00043 1.00154 0.642576 0.0924738 0.0727921 0.0196817 0.000740443 2.29762e-06 3.17909e-05 0.053092 0
1.00043 1.00156 0.642591 0.0929368 0.0732874 0.0196493 0.000755388 2.29706e-06 3.27745e-05 0.0526509 0
1.00037 1.0015 0.642607 0.0919219 0.0722742 0.0196477 0.000769717 1.72323e-06 3.02736e-05 0.0546076 0
1.00034 1.00149 0.642635 0.0919528 0.0722673 0.0196854 0.000745819 1.41279e-06 2.99178e-05 0.0543972 0
1.00043 1.00161 0.642621 0.091991 0.0723114 0.0196796 0.000740394 2.324e-06 3.49642e-05 0.0533046 0
1.00046 1.00152 0.642535 0.0925491 0.0729009 0.0196482 0.000736632 2.65776e-06 3.11573e-05 0.0526106 0
1.00043 1.0016 0.642617 0.09253 0.0728919 0.0196381 0.0007204 2.28431e-06 3.44042e-05 0.0520105 0
1.00041 1.00154 0.642588 0.0929236 0.0732801 0.0196434 0.000689191 2.1359e-06 3.16541e-05 0.05134 0
1.00054 1.00157 0.642488 0.0934078 0.0737704 0.0196374 0.000728215 3.69214e-06 3.32357e-05 0.0507123 0
1.00035 1.00151 0.642631 0.0918929 0.0722571 0.0196358 0.000730491 1.56523e-06 3.07498e-05 0.0541891 0
1.00034 1.00155 0.642668 0.092169 0.072548 0.0196211 0.000749767 1.45501e-06 3.22877e-05 0.0540922 0
1.00061 1.00156 0.642419 0.0938431 0.0742287 0.0196145 0.000744311 4.61054e-06 3.27447e-05 0.0510148 0
1.0004 1.00146 0.642552 0.0920838 0.0724283 0.0196556 0.000857195 1.9868e-06 2.84749e-05 0.054217 0
