A/A0 V/V0 Vr eb eb_bend eb_ad ea ega ev ek ee  h0 h1 h2
1 1.00032 0.642203 0.111098 0.0495561 0.0615419 0.000329511 0 1.33674e-06 1.89175e-08 0 12.54967498779297 7.076537132263184 24.77803230285645
1.00256 0.999309 0.6391 0.103935 0.050279 0.0536557 0.00127686 8.22998e-05 6.40951e-06 0.00167554 0 12.58180236816406 7.980759143829346 25.13947105407715
1.00147 1.00036 0.640816 0.100456 0.0513914 0.0490643 0.00164977 2.72966e-05 1.78291e-06 0.00349752 0 12.56818294525146 8.555741310119629 25.69571685791016
1.00151 1.00018 0.64066 0.0982319 0.0527705 0.0454614 0.00141807 2.87149e-05 4.2769e-07 0.00779279 0 12.56864738464355 9.020089149475098 26.38526153564453
1.00167 1.00009 0.640454 0.0983016 0.055687 0.0426146 0.00150138 3.50562e-05 1.18538e-07 0.0111294 0 12.57065677642822 9.399430274963379 27.8435173034668
1.00158 1.00013 0.640568 0.0994326 0.0592655 0.0401671 0.0019022 3.13031e-05 2.4112e-07 0.0155327 0 12.56949329376221 9.737191200256348 29.63276863098145
1.00143 1.00021 0.640758 0.0968406 0.058886 0.0379545 0.00198742 2.57141e-05 5.84994e-07 0.0232697 0 12.56761837005615 10.05181121826172 29.4429931640625
1.00136 1.00036 0.64093 0.0977832 0.0617374 0.0360458 0.00178677 2.3052e-05 1.77518e-06 0.0202561 0 12.56666946411133 10.33033275604248 30.86868286132812
1.00113 1.00038 0.641157 0.0953703 0.0610381 0.0343322 0.00199441 1.60265e-05 1.93509e-06 0.0238719 0 12.56385517120361 10.58754253387451 30.51905250549316
1.00104 1.0005 0.641324 0.0950443 0.062288 0.0327564 0.00167973 1.35205e-05 3.40133e-06 0.0247665 0 12.56270122528076 10.82912635803223 31.14398956298828
1.00076 1.0006 0.641658 0.0919805 0.0606264 0.0313541 0.00194162 7.18159e-06 4.85287e-06 0.0289625 0 12.55916976928711 11.04999446868896 30.31320953369141
1.00083 1.00067 0.641635 0.0929529 0.0629305 0.0300224 0.00165368 8.60195e-06 6.07963e-06 0.0249381 0 12.56005382537842 11.26263427734375 31.46520042419434
1.00056 1.00077 0.641953 0.0907945 0.0619899 0.0288046 0.00184309 3.95299e-06 7.94179e-06 0.0266649 0 12.55671691894531 11.46288967132568 30.99496841430664
1.00046 1.00079 0.64206 0.088877 0.0612536 0.0276233 0.00198399 2.68884e-06 8.33617e-06 0.0282176 0 12.55548667907715 11.66034412384033 30.62678718566895
1.0004 1.00086 0.642166 0.0880759 0.0615277 0.0265482 0.00199883 2.03042e-06 9.98935e-06 0.0278687 0 12.5547046661377 11.84364032745361 30.76382446289062
1.00042 1.00096 0.642213 0.0887627 0.0632361 0.0255266 0.00207551 2.18676e-06 1.23373e-05 0.0252427 0 12.55491256713867 12.02091121673584 31.61810493469238
1.00022 1.001 0.642435 0.0869536 0.062337 0.0246165 0.00171904 5.87562e-07 1.34988e-05 0.0283281 0 12.55237483978271 12.18282318115234 31.16853904724121
1.00011 1.00106 0.642573 0.0857258 0.06196 0.0237657 0.00149922 1.6307e-07 1.51775e-05 0.0312713 0 12.55109882354736 12.33647155761719 30.97998428344727
1.00018 1.00119 0.642587 0.0871304 0.0641579 0.0229725 0.00139798 4.12912e-07 1.8893e-05 0.0291961 0 12.55195045471191 12.48152828216553 32.0789680480957
1.00016 1.00117 0.642598 0.0864756 0.0641791 0.0222964 0.00135852 3.04544e-07 1.82405e-05 0.0311641 0 12.55162715911865 12.60750102996826 32.08955383300781
1.00009 1.00122 0.642702 0.0859805 0.0642838 0.0216966 0.00146854 9.35144e-08 2.00731e-05 0.0353173 0 12.55076026916504 12.72105884552002 32.14189910888672
1.00013 1.00128 0.642701 0.0872286 0.0660528 0.0211758 0.00126013 1.99622e-07 2.20416e-05 0.0348551 0 12.55125045776367 12.82053852081299 33.02640914916992
0.99999 1.00136 0.642886 0.0858026 0.065065 0.0207376 0.00137038 1.31887e-09 2.4987e-05 0.039618 0 12.5495548248291 12.90584659576416 32.53248596191406
1.00002 1.0014 0.642878 0.0867424 0.0663569 0.0203855 0.00146656 5.98034e-09 2.63199e-05 0.0395886 0 12.54994678497314 12.97452163696289 33.17850494384766
1.00013 1.00143 0.642794 0.0877388 0.0676186 0.0201203 0.00164583 2.14179e-07 2.75668e-05 0.0412554 0 12.55130767822266 13.02626514434814 33.80928421020508
1.00017 1.00152 0.64281 0.0881288 0.0682082 0.0199206 0.00131135 3.65636e-07 3.09549e-05 0.0412382 0 12.55182266235352 13.06561851501465 34.10408401489258
1.00009 1.00146 0.642846 0.0865642 0.0667504 0.0198138 0.00126776 1.07778e-07 2.84875e-05 0.0449659 0 12.55083274841309 13.08715915679932 33.37519454956055
1.0001 1.00153 0.642886 0.086982 0.0672272 0.0197549 0.00136496 1.32326e-07 3.15956e-05 0.0429649 0 12.5509672164917 13.09885692596436 33.61354446411133
1.00024 1.0015 0.642735 0.0874304 0.0677133 0.0197171 0.00125105 7.19295e-07 3.03438e-05 0.0416762 0 12.55267143249512 13.10585117340088 33.85663604736328
1.00017 1.00152 0.642817 0.0868771 0.0671807 0.0196964 0.00115565 3.43415e-07 3.10729e-05 0.0432498 0 12.55176544189453 13.11028385162354 33.59038162231445
1.00024 1.00152 0.642747 0.0874283 0.06775 0.0196783 0.00106363 7.18508e-07 3.11045e-05 0.040183 0 12.5526647567749 13.11359119415283 33.87497329711914
1.00031 1.00148 0.642647 0.0876501 0.0679803 0.0196698 0.00112161 1.24047e-06 2.93585e-05 0.0394763 0 12.55360317230225 13.11499786376953 33.99016952514648
1.00015 1.00154 0.642851 0.0854112 0.0657269 0.0196843 0.00103305 2.65254e-07 3.19688e-05 0.0420068 0 12.5514965057373 13.11275672912598 32.86345291137695
1.00036 1.00152 0.64263 0.0877985 0.0681359 0.0196626 0.00100731 1.61555e-06 3.10085e-05 0.0361545 0 12.55417919158936 13.11628532409668 34.06795501708984
1.00016 1.00155 0.642838 0.0855584 0.0659002 0.0196582 0.000997972 3.25779e-07 3.21409e-05 0.0407712 0 12.55169010162354 13.11791038513184 32.95007705688477
1.00029 1.00151 0.642693 0.0864371 0.0667839 0.0196531 0.00119787 1.04033e-06 3.06445e-05 0.0406696 0 12.55330467224121 13.11843013763428 33.39200592041016
1.00014 1.00154 0.642851 0.0852906 0.0656339 0.0196567 0.00105395 2.48435e-07 3.17258e-05 0.0424184 0 12.55143070220947 13.1183032989502 32.81698989868164
1.00026 1.0015 0.64271 0.0869482 0.0673118 0.0196364 0.00102311 8.78644e-07 3.03419e-05 0.0389871 0 12.55299091339111 13.12184524536133 33.65586471557617
1.00009 1.00154 0.642896 0.0845552 0.0649213 0.0196339 0.00095322 1.11199e-07 3.16748e-05 0.0429019 0 12.55084705352783 13.1230411529541 32.46066665649414
1.00031 1.00153 0.64268 0.0866642 0.0670406 0.0196236 0.000985969 1.22718e-06 3.13823e-05 0.0372926 0 12.55359649658203 13.12424182891846 33.52030944824219
1.0002 1.00154 0.642798 0.0852427 0.0656226 0.0196201 0.000980718 4.87114e-07 3.17691e-05 0.0383715 0 12.55214881896973 13.12541675567627 32.81125259399414
1.00023 1.00148 0.642733 0.0854569 0.0658396 0.0196173 0.000952809 6.41923e-07 2.94789e-05 0.0386113 0 12.55251789093018 13.12583637237549 32.91978073120117
1.00015 1.00155 0.642855 0.0841776 0.0645395 0.0196381 0.000947845 2.72069e-07 3.23691e-05 0.0399439 0 12.55151748657227 13.12199115753174 32.26972579956055
1.00018 1.0016 0.642854 0.0854118 0.0657758 0.019636 0.00093898 4.02439e-07 3.43427e-05 0.0373573 0 12.55191516876221 13.12227249145508 32.88793182373047
1.00017 1.00151 0.642804 0.0842484 0.0646364 0.019612 0.0011074 3.62448e-07 3.04978e-05 0.0401908 0 12.55181503295898 13.12710475921631 32.31820678710938
1.0002 1.00155 0.642805 0.0847412 0.0651209 0.0196204 0.000977064 4.98186e-07 3.23987e-05 0.0372757 0 12.55217552185059 13.12532615661621 32.56040954589844
1.00027 1.00154 0.642727 0.0857318 0.0661207 0.0196112 0.000906659 9.46608e-07 3.20144e-05 0.0356138 0 12.55312633514404 13.12686538696289 33.06031799316406
1.0002 1.00154 0.642797 0.0852815 0.0656651 0.0196165 0.000896623 4.90223e-07 3.17306e-05 0.037279 0 12.55216884613037 13.12610626220703 32.83256149291992
1.00026 1.00154 0.642743 0.0851633 0.0655546 0.0196087 0.000903627 8.18635e-07 3.18471e-05 0.0371668 0 12.55287837982178 13.12745571136475 32.77731704711914
1.00022 1.0015 0.642755 0.0844765 0.0648638 0.0196127 0.000897803 5.92234e-07 3.02857e-05 0.0363479 0 12.55240249633789 13.12679767608643 32.43188858032227
1.00016 1.00156 0.642849 0.0840326 0.0644142 0.0196183 0.000855784 3.08316e-07 3.25439e-05 0.0364233 0 12.55163097381592 13.12592220306396 32.20708465576172
1.00013 1.00154 0.642863 0.0835105 0.0639023 0.0196083 0.000809267 2.158e-07 3.18832e-05 0.0375323 0 12.5513162612915 13.12802410125732 31.95111656188965
1.00006 1.00152 0.642914 0.08297 0.0633724 0.0195975 0.000785041 5.09547e-08 3.0958e-05 0.0386899 0 12.55048847198486 13.13042736053467 31.68622016906738
1.00018 1.00155 0.642824 0.0838276 0.0642266 0.019601 0.000810803 3.86564e-07 3.21488e-05 0.0359359 0 12.5518741607666 13.12929058074951 32.11332321166992
1.0002 1.00155 0.642805 0.0839615 0.0643689 0.0195926 0.000811834 4.83244e-07 3.22086e-05 0.0348813 0 12.5521240234375 13.13088321685791 32.1844482421875
1.0002 1.00154 0.642798 0.0843903 0.0648012 0.019589 0.000875352 4.80311e-07 3.16634e-05 0.0344349 0 12.55213260650635 13.13160037994385 32.40059661865234
1.00021 1.00154 0.642782 0.0842315 0.0646437 0.0195878 0.000836076 5.65798e-07 3.16993e-05 0.0349877 0 12.55235004425049 13.13179492950439 32.32183456420898
1.00016 1.00152 0.642818 0.0838459 0.0642587 0.0195873 0.000836266 3.25409e-07 3.08262e-05 0.0355306 0 12.5516939163208 13.13210391998291 32.12932205200195
1.00013 1.00155 0.642869 0.0825985 0.0630225 0.019576 0.000795916 2.15521e-07 3.2251e-05 0.0367379 0 12.5513162612915 13.13448905944824 31.5112419128418
1.0002 1.00156 0.642805 0.0842947 0.0647219 0.0195729 0.000823569 5.16956e-07 3.25921e-05 0.0334518 0 12.55221462249756 13.13480281829834 32.36089706420898
1.00022 1.00154 0.642774 0.0839679 0.0643861 0.0195818 0.00084108 6.29711e-07 3.1882e-05 0.033627 0 12.55247592926025 13.13296318054199 32.19304656982422
1.00017 1.00155 0.642832 0.0835127 0.0639282 0.0195845 0.000829742 3.54903e-07 3.21633e-05 0.0370908 0 12.55177783966064 13.13262176513672 31.96413040161133
1.00022 1.00152 0.642766 0.0848903 0.0653229 0.0195675 0.0008121 6.01404e-07 3.10869e-05 0.03471 0 12.55241012573242 13.13581848144531 32.66140365600586
1.00015 1.00152 0.642831 0.0831006 0.0635291 0.0195716 0.000806445 2.73005e-07 3.08607e-05 0.0381239 0 12.55152893066406 13.13529109954834 31.76449584960938
1.00018 1.00158 0.642837 0.084068 0.0644922 0.0195758 0.000802618 4.16019e-07 3.3368e-05 0.0360398 0 12.55194187164307 13.13431072235107 32.24609375
1.00018 1.00148 0.642777 0.0834915 0.0639177 0.0195738 0.000833615 4.17842e-07 2.95721e-05 0.0363649 0 12.5519495010376 13.1347131729126 31.95881843566895
1.00007 1.00159 0.642956 0.083132 0.0635564 0.0195756 0.000829338 5.42033e-08 3.38569e-05 0.0365757 0 12.55049419403076 13.13479709625244 31.77814674377441
1.00017 1.00148 0.642781 0.0830467 0.0634754 0.0195713 0.000804349 3.76713e-07 2.92711e-05 0.0356302 0 12.55185317993164 13.13523197174072 31.7376708984375
1.00017 1.00156 0.642837 0.0831761 0.063599 0.019577 0.000789648 3.65437e-07 3.26359e-05 0.0342516 0 12.55181312561035 13.13411617279053 31.79955863952637
1.00017 1.00153 0.64282 0.0828538 0.0632785 0.0195753 0.000782553 3.43121e-07 3.12198e-05 0.0345305 0 12.5517578125 13.13446998596191 31.63925933837891
1.00017 1.00159 0.642855 0.0833163 0.063751 0.0195653 0.000764137 3.70211e-07 3.39388e-05 0.0326507 0 12.55181217193604 13.13647079467773 31.87550354003906
1.00018 1.00152 0.642796 0.0830919 0.0635287 0.0195632 0.000749706 4.26503e-07 3.08776e-05 0.0328602 0 12.55196952819824 13.13683795928955 31.76436805725098
1.00026 1.00155 0.642742 0.08393 0.0643609 0.0195691 0.000733792 8.45023e-07 3.20508e-05 0.0316183 0 12.55294322967529 13.13535213470459 32.18046951293945
1.00026 1.00154 0.642739 0.0843756 0.0648138 0.0195618 0.000897545 8.42343e-07 3.18545e-05 0.0308323 0 12.55292320251465 13.13683032989502 32.40693283081055
1.00015 1.00153 0.642833 0.083155 0.0636007 0.0195543 0.000805203 2.94733e-07 3.13277e-05 0.0326884 0 12.55161094665527 13.13874244689941 31.80037498474121
1.00028 1.0015 0.642697 0.0839404 0.0643827 0.0195577 0.000724845 9.52016e-07 3.01644e-05 0.0305629 0 12.55314159393311 13.13757038116455 32.19133377075195
1.00017 1.00152 0.642817 0.0827067 0.0631469 0.0195597 0.000730362 3.47983e-07 3.11253e-05 0.0332035 0 12.55176448822021 13.13758850097656 31.57345008850098
1.0002 1.00157 0.642816 0.0837021 0.0641477 0.0195544 0.000740339 4.86264e-07 3.29669e-05 0.0316296 0 12.55214691162109 13.13855648040771 32.07385635375977
1.0002 1.00154 0.642793 0.0833667 0.0638075 0.0195592 0.000736662 5.15047e-07 3.17916e-05 0.032782 0 12.55222511291504 13.13756847381592 31.90376472473145
1.00017 1.00155 0.642834 0.0834446 0.0638965 0.0195481 0.00074726 3.49924e-07 3.22411e-05 0.0322853 0 12.55175113677979 13.13993263244629 31.94821739196777
1.00023 1.00153 0.642761 0.0839203 0.0643803 0.01954 0.000746425 6.55792e-07 3.13475e-05 0.0324657 0 12.55253505706787 13.14130306243896 32.190185546875
1.0001 1.00151 0.642873 0.0816439 0.0620963 0.0195476 0.000727914 1.33426e-07 3.0799e-05 0.0366775 0 12.55097770690918 13.14028072357178 31.04813575744629
1.00011 1.00156 0.642895 0.0822046 0.0626559 0.0195487 0.000725325 1.57655e-07 3.27549e-05 0.0339652 0 12.55109691619873 13.14000034332275 31.32796096801758
1.00006 1.00147 0.642885 0.0814661 0.0619179 0.0195482 0.000704909 5.08274e-08 2.91898e-05 0.036124 0 12.55046081542969 13.14030456542969 30.9589672088623
1.00019 1.00157 0.64283 0.0833236 0.063775 0.0195486 0.000701642 4.35087e-07 3.3152e-05 0.0325136 0 12.55199718475342 13.13974094390869 31.88749694824219
1.00018 1.00155 0.642827 0.0826283 0.0630906 0.0195377 0.000705619 3.85749e-07 3.2323e-05 0.0345894 0 12.55188655853271 13.14197158813477 31.54532623291016
1.00015 1.00157 0.642865 0.0831704 0.0636283 0.0195421 0.000741823 2.86873e-07 3.32799e-05 0.0347035 0 12.55156517028809 13.14116477966309 31.81414985656738
1.00027 1.0015 0.642704 0.0843035 0.064774 0.0195295 0.000754989 9.10027e-07 3.02042e-05 0.032917 0 12.55305862426758 13.14324474334717 32.38699722290039
1.00011 1.00155 0.642885 0.082802 0.0632544 0.0195476 0.000732903 1.57494e-07 3.21254e-05 0.03612 0 12.55106925964355 13.14023113250732 31.62717437744141
1.00022 1.00151 0.642756 0.0839939 0.0644638 0.0195301 0.000751632 6.17334e-07 3.06528e-05 0.0335294 0 12.55245876312256 13.14332485198975 32.23188400268555
1.00013 1.00153 0.642857 0.0821179 0.0625845 0.0195334 0.000709747 2.01903e-07 3.12198e-05 0.0366308 0 12.55127429962158 13.14302349090576 31.29227256774902
1.00013 1.00157 0.642877 0.0826053 0.0630539 0.0195514 0.00071184 2.21924e-07 3.28874e-05 0.0353932 0 12.55134963989258 13.13938999176025 31.52694320678711
1.00014 1.00159 0.642884 0.0826852 0.0631406 0.0195446 0.000714132 2.46068e-07 3.38202e-05 0.035122 0 12.55142498016357 13.14072513580322 31.57034111022949
1.00021 1.00153 0.642784 0.0836445 0.0641218 0.0195227 0.000696269 5.3947e-07 3.15361e-05 0.0334562 0 12.55228233337402 13.14485168457031 32.0609016418457
1.00026 1.00154 0.642734 0.0845817 0.0650569 0.0195248 0.000720225 8.64208e-07 3.16958e-05 0.0324286 0 12.55297183990479 13.14420986175537 32.52843475341797
1.00016 1.00152 0.642817 0.0834607 0.0639174 0.0195433 0.000720438 3.37766e-07 3.09535e-05 0.0349797 0 12.55173301696777 13.14089393615723 31.95867729187012
1.00025 1.0015 0.64272 0.0844194 0.064879 0.0195403 0.000723713 8.13854e-07 3.03673e-05 0.0338726 0 12.55286884307861 13.14114093780518 32.43950271606445
1.00017 1.00159 0.642851 0.0834881 0.0639436 0.0195445 0.000743596 3.80379e-07 3.3805e-05 0.0341972 0 12.55185604095459 13.14062786102295 31.97180557250977
1.00013 1.00154 0.642868 0.0825218 0.0629554 0.0195664 0.000718464 2.01091e-07 3.19417e-05 0.0353246 0 12.55124950408936 13.13641929626465 31.47772598266602
1.0001 1.00154 0.642897 0.0818316 0.0622622 0.0195694 0.000695204 1.15763e-07 3.187e-05 0.0365517 0 12.5508918762207 13.13592910766602 31.1311092376709
1.0002 1.00155 0.642801 0.0836554 0.0641161 0.0195393 0.000696685 5.02908e-07 3.21547e-05 0.0331314 0 12.55220603942871 13.14156150817871 32.05801773071289
1.00025 1.00156 0.642764 0.0836037 0.0640624 0.0195413 0.000705114 7.58103e-07 3.2626e-05 0.032743 0 12.55275058746338 13.14096832275391 32.03120422363281
1.00009 1.00155 0.64291 0.0816112 0.0620617 0.0195495 0.000693701 1.00894e-07 3.23355e-05 0.0356018 0 12.55078411102295 13.13993167877197 31.03082275390625
1.00017 1.00155 0.642834 0.0829849 0.0634368 0.0195481 0.000684088 3.48262e-07 3.22105e-05 0.032878 0 12.55177974700928 13.13993549346924 31.71838760375977
1.00014 1.0015 0.642825 0.0822794 0.0627299 0.0195495 0.000686498 2.6271e-07 3.0294e-05 0.034922 0 12.55148506164551 13.1397180557251 31.3649787902832
1.00013 1.0015 0.642837 0.082228 0.0626746 0.0195534 0.000671291 2.12509e-07 3.01733e-05 0.0341121 0 12.55131721496582 13.13901233673096 31.33730697631836
1.0001 1.00155 0.642895 0.0820476 0.0625048 0.0195427 0.000662745 1.30388e-07 3.21007e-05 0.0349994 0 12.55095386505127 13.14123058319092 31.25246047973633
1.00018 1.00155 0.642821 0.0827574 0.0632171 0.0195403 0.000665358 4.07143e-07 3.22336e-05 0.0326918 0 12.551926612854 13.14144611358643 31.60853576660156
1.00028 1.0015 0.642688 0.0843833 0.0648536 0.0195297 0.000654316 9.98502e-07 3.00084e-05 0.0292563 0 12.55320930480957 13.14313220977783 32.42682266235352
1.0001 1.00157 0.642908 0.0823525 0.0628167 0.0195358 0.000665397 1.26937e-07 3.29149e-05 0.0332261 0 12.55094051361084 13.14263916015625 31.40832328796387
1.00019 1.00153 0.642792 0.0829427 0.0634182 0.0195245 0.000663708 4.75098e-07 3.12415e-05 0.0322007 0 12.55211639404297 13.14453220367432 31.70905876159668
1.00011 1.00156 0.642899 0.0822817 0.0627524 0.0195294 0.000696133 1.49889e-07 3.28364e-05 0.0336786 0 12.55105304718018 13.14390087127686 31.37618827819824
1.00011 1.00154 0.642878 0.0816937 0.0621543 0.0195393 0.000652973 1.61995e-07 3.17431e-05 0.0348669 0 12.5510950088501 13.14189910888672 31.07715797424316
1.00015 1.00148 0.642805 0.082663 0.0631268 0.0195363 0.000662159 2.89818e-07 2.94806e-05 0.0326639 0 12.55159473419189 13.14235591888428 31.56337928771973
1.00022 1.00153 0.642765 0.0830463 0.0635352 0.019511 0.000688484 6.20015e-07 3.12303e-05 0.0334894 0 12.55246353149414 13.14714336395264 31.76757049560547
1.00013 1.00153 0.642862 0.0826914 0.0631741 0.0195173 0.000683704 2.01288e-07 3.1561e-05 0.0346619 0 12.55127048492432 13.14624214172363 31.58702659606934
1.00018 1.00155 0.642822 0.0837032 0.064183 0.0195201 0.000689112 4.15292e-07 3.23962e-05 0.0311628 0 12.55194473266602 13.14546012878418 32.09154510498047
1.00019 1.00153 0.6428 0.0831115 0.0635892 0.0195223 0.000704142 4.47672e-07 3.14058e-05 0.0325338 0 12.55203247070312 13.14500617980957 31.79458236694336
1.00011 1.00157 0.642901 0.0819309 0.06241 0.0195208 0.000769364 1.49092e-07 3.29654e-05 0.0335118 0 12.55102729797363 13.14560890197754 31.20498085021973
1.0002 1.00156 0.642803 0.0826102 0.0630923 0.0195179 0.000691889 5.21652e-07 3.25364e-05 0.030779 0 12.5522289276123 13.14583110809326 31.54614448547363
1.00015 1.00154 0.642843 0.0819833 0.0624624 0.019521 0.00068667 2.88684e-07 3.18938e-05 0.0321933 0 12.55156135559082 13.14541912078857 31.23114204406738
1.00012 1.0015 0.642841 0.0814121 0.0618907 0.0195213 0.000678314 1.92638e-07 3.00117e-05 0.0331033 0 12.55123043060303 13.14544200897217 30.94536399841309
1.00013 1.00157 0.642887 0.0823614 0.0628234 0.019538 0.000664124 2.0346e-07 3.31724e-05 0.0313764 0 12.5512580871582 13.14210224151611 31.41171455383301
1.0002 1.00154 0.642796 0.082542 0.0630149 0.0195271 0.000656411 4.94978e-07 3.17503e-05 0.0317056 0 12.55215454101562 13.1439962387085 31.50745391845703
1.0001 1.00157 0.642912 0.0820333 0.0624979 0.0195354 0.000644048 1.26645e-07 3.3162e-05 0.0336879 0 12.55093669891357 13.14272975921631 31.24896049499512
1.00016 1.00153 0.642823 0.0822657 0.0627357 0.01953 0.000651108 3.37002e-07 3.13423e-05 0.0337096 0 12.55173587799072 13.14354419708252 31.36782455444336
1.00014 1.00156 0.642867 0.0823192 0.0627928 0.0195264 0.000643901 2.35114e-07 3.24863e-05 0.0327262 0 12.55139636993408 13.14439296722412 31.39641761779785
1.00015 1.00151 0.642823 0.0823851 0.0628614 0.0195238 0.000716629 2.7769e-07 3.04321e-05 0.0331325 0 12.55155181884766 13.14487266540527 31.43069267272949
1.00015 1.00157 0.642859 0.0827018 0.0631826 0.0195191 0.000657284 2.90584e-07 3.29015e-05 0.0331478 0 12.5515775680542 13.14577674865723 31.59131050109863
1.00019 1.00153 0.642796 0.0827563 0.0632349 0.0195214 0.000669465 4.64524e-07 3.13335e-05 0.0328744 0 12.55208492279053 13.14517307281494 31.61748123168945
