A/A0 V/V0 Vr eb eb_bend eb_ad ea ega ev ek ee
1 1.00092 0.642589 0.109093 0.0496849 0.0594082 0.000367957 0 1.12357e-05 1.76331e-08 0
1.00159 1.00078 0.640972 0.108225 0.049685 0.0585399 0.000410698 3.16677e-05 8.17345e-06 3.50913e-06 0
1.00149 1.00081 0.641087 0.107663 0.0496629 0.0579996 0.000572709 2.77439e-05 8.74103e-06 3.9339e-06 0
1.00155 1.00074 0.64098 0.107173 0.0496745 0.0574985 0.000533181 3.01748e-05 7.29644e-06 5.76341e-06 0
1.0016 1.00067 0.640891 0.106713 0.0496729 0.0570399 0.000554585 3.19643e-05 5.96271e-06 2.79654e-06 0
1.00165 1.0006 0.640795 0.106295 0.0496911 0.0566042 0.00057624 3.40913e-05 4.73832e-06 3.31993e-06 0
1.00168 1.00045 0.640675 0.105859 0.0497048 0.0561546 0.00066987 3.51041e-05 2.64449e-06 1.51218e-06 0
1.00175 1.00046 0.640613 0.105463 0.0497254 0.0557374 0.000669096 3.83362e-05 2.84021e-06 1.35032e-06 0
1.00176 1.00045 0.640598 0.10509 0.0497301 0.05536 0.000733364 3.86239e-05 2.68138e-06 3.95418e-06 0
1.00179 1.00038 0.640526 0.104756 0.0497518 0.0550041 0.000868098 3.99731e-05 1.94006e-06 1.27118e-06 0
1.00181 1.00035 0.64049 0.104426 0.0497625 0.0546631 0.000826144 4.07415e-05 1.6354e-06 2.48987e-06 0
1.00184 1.00031 0.640434 0.104108 0.0497749 0.0543334 0.000832167 4.21037e-05 1.26991e-06 6.50929e-07 0
1.00185 1.00027 0.640399 0.103776 0.0498061 0.0539704 0.00105482 4.25681e-05 9.63999e-07 3.32554e-06 0
1.00187 1.00026 0.64037 0.103455 0.0498258 0.0536295 0.00106861 4.35763e-05 8.76573e-07 9.96464e-07 0
1.00183 1.00027 0.640418 0.103145 0.0498635 0.0532812 0.00151507 4.17155e-05 9.72541e-07 1.92479e-06 0
1.00185 1.00021 0.640358 0.102848 0.0498647 0.0529832 0.00128154 4.26829e-05 5.78075e-07 1.00124e-06 0
1.00186 1.00019 0.640331 0.102571 0.049873 0.0526984 0.0012182 4.34029e-05 4.74582e-07 1.21896e-06 0
1.00187 1.00016 0.640306 0.102314 0.0498902 0.052424 0.00120264 4.3836e-05 3.56479e-07 1.61885e-06 0
1.00188 1.00015 0.640289 0.102058 0.0498988 0.0521592 0.00120152 4.41947e-05 2.97159e-07 5.35421e-06 0
1.00189 1.00012 0.640264 0.101826 0.0499213 0.0519045 0.00129386 4.45344e-05 1.96869e-07 1.04634e-06 0
1.00188 1.00012 0.640267 0.101576 0.0499313 0.0516449 0.00144159 4.44049e-05 1.96383e-07 1.66002e-06 0
1.00189 1.00011 0.640256 0.101351 0.0499446 0.0514063 0.0013635 4.44635e-05 1.48414e-07 2.66037e-06 0
1.00188 1.0001 0.640259 0.101141 0.0499663 0.0511749 0.00170323 4.42898e-05 1.46001e-07 1.46736e-06 0
1.00183 1.00014 0.640335 0.100937 0.0499788 0.0509585 0.00158294 4.16711e-05 2.60108e-07 7.51516e-06 0
1.00183 1.00014 0.640331 0.100735 0.0499899 0.0507454 0.00151241 4.18852e-05 2.60692e-07 6.7435e-06 0
1.00183 1.00013 0.640322 0.100559 0.0500235 0.0505351 0.00149873 4.20716e-05 2.3006e-07 1.17769e-06 0
1.00184 1.0001 0.640302 0.100323 0.0499936 0.0503293 0.00150417 4.21747e-05 1.45876e-07 6.14299e-07 0
1.00183 1.00009 0.640299 0.100131 0.0500031 0.0501281 0.00155769 4.20532e-05 1.20226e-07 9.70624e-07 0
1.00183 1.00008 0.640292 0.0999395 0.0500088 0.0499307 0.00154537 4.20492e-05 9.384e-08 5.75509e-07 0
1.00184 1.00008 0.640284 0.0997635 0.0500276 0.0497359 0.00155401 4.21935e-05 7.72073e-08 7.11317e-07 0
1.00184 1.00008 0.640283 0.0995966 0.0500519 0.0495446 0.00201391 4.22886e-05 8.12402e-08 2.46051e-06 0
1.00182 1.00007 0.640294 0.0993666 0.0500291 0.0493375 0.00177039 4.14025e-05 5.86339e-08 3.16265e-06 0
1.00183 1.00006 0.640282 0.0991878 0.050039 0.0491488 0.00177638 4.16602e-05 4.1294e-08 2.27791e-06 0
1.00183 1.00006 0.640284 0.0990085 0.0500507 0.0489578 0.00179279 4.16656e-05 4.64443e-08 6.0357e-06 0
1.00183 1.00004 0.640268 0.0988448 0.0500642 0.0487806 0.00180998 4.17119e-05 1.66942e-08 5.42173e-06 0
1.00183 0.999996 0.640242 0.0986668 0.0500683 0.0485986 0.00199581 4.17247e-05 1.89122e-10 5.50476e-06 0
1.00181 1.00003 0.640282 0.098487 0.0500679 0.0484191 0.00183429 4.09919e-05 1.5974e-08 2.07628e-06 0
1.00176 1.00007 0.64036 0.0983512 0.0501147 0.0482365 0.0022351 3.85377e-05 7.19057e-08 4.3128e-06 0
1.00177 1.00006 0.640339 0.0981556 0.0500995 0.0480561 0.00204998 3.90115e-05 4.19782e-08 2.35854e-06 0
1.00172 1.00004 0.640371 0.0979835 0.0501721 0.0478115 0.00232851 3.71041e-05 2.29891e-08 3.31875e-06 0
1.00174 1.00005 0.640363 0.0977828 0.0501525 0.0476304 0.00212309 3.76755e-05 3.0913e-08 1.06321e-06 0
1.00173 1.00004 0.640362 0.0975714 0.0501226 0.0474488 0.00204101 3.76152e-05 2.65163e-08 2.29062e-06 0
1.00173 1.00005 0.64037 0.0973973 0.0501331 0.0472642 0.00199171 3.74161e-05 3.39794e-08 2.98649e-06 0
1.00171 1.00004 0.640388 0.0972295 0.0501453 0.0470842 0.00228952 3.63578e-05 2.30174e-08 5.3738e-06 0
1.00169 1.00008 0.640421 0.0970538 0.0501482 0.0469057 0.00214011 3.58522e-05 7.64619e-08 2.44866e-06 0
1.0017 1.00007 0.640415 0.0968997 0.0501653 0.0467344 0.0020425 3.59433e-05 6.54506e-08 4.23303e-06 0
1.0017 1.00005 0.640406 0.0967138 0.0501514 0.0465625 0.00196361 3.5927e-05 4.00723e-08 4.70375e-06 0
1.00169 1.00006 0.64041 0.0965604 0.0501691 0.0463913 0.00191566 3.58778e-05 4.7621e-08 4.00333e-06 0
1.00171 1.00004 0.640377 0.0963662 0.0501438 0.0462224 0.00204709 3.6746e-05 1.87192e-08 3.78853e-06 0
1.00171 1.00004 0.64038 0.0962037 0.050147 0.0460566 0.00196846 3.66538e-05 2.15142e-08 5.36639e-06 0
1.00169 1.00003 0.640395 0.0960481 0.0501558 0.0458923 0.00223713 3.57323e-05 1.23492e-08 5.35512e-06 0
1.0016 0.999982 0.640448 0.0959077 0.0501924 0.0457153 0.00238217 3.21109e-05 4.28412e-09 3.36048e-06 0
1.00168 0.999997 0.640388 0.0957384 0.0501915 0.0455469 0.00241756 3.51007e-05 1.30853e-10 4.13171e-06 0
1.00166 1.00002 0.640417 0.0955651 0.0501771 0.045388 0.00223936 3.45455e-05 6.65209e-09 2.93419e-06 0
1.00165 1.00003 0.640436 0.0954271 0.0501982 0.0452289 0.002134 3.4081e-05 1.62524e-08 2.52787e-06 0
1.00158 1.00004 0.640504 0.0952054 0.0501637 0.0450418 0.00264624 3.13629e-05 2.15743e-08 6.18828e-06 0
1.00164 1.00002 0.640434 0.0950419 0.0501597 0.0448822 0.00239211 3.3768e-05 5.62976e-09 3.63648e-06 0
1.00133 0.999938 0.640679 0.0952473 0.0505686 0.0446788 0.00482279 2.22301e-05 5.05163e-08 4.89338e-05 0
1.00142 1.00012 0.640718 0.0949268 0.0503451 0.0445816 0.00390678 2.50473e-05 2.03275e-07 8.04708e-06 0
1.0013 1.00013 0.640827 0.0948454 0.0504356 0.0444099 0.00445776 2.12748e-05 2.16386e-07 1.05674e-05 0
1.00129 1.00007 0.640799 0.0945715 0.0503224 0.0442491 0.00418714 2.08904e-05 5.75595e-08 1.39259e-05 0
1.00149 0.99998 0.640559 0.0943735 0.0502563 0.0441172 0.00361244 2.75964e-05 5.24916e-09 4.82227e-06 0
1.00144 1.00003 0.640635 0.094225 0.0502364 0.0439886 0.0034696 2.5847e-05 9.86171e-09 7.97446e-06 0
1.00151 1.00003 0.640566 0.0940597 0.0501851 0.0438746 0.00296474 2.84819e-05 9.00861e-09 4.4385e-06 0
1.00152 1.00005 0.640573 0.0939234 0.0501722 0.0437512 0.0026575 2.87469e-05 2.95571e-08 3.92609e-06 0
1.00145 1.00004 0.640639 0.0937969 0.0502026 0.0435943 0.00305659 2.61337e-05 2.68597e-08 5.95578e-06 0
1.00146 1.00007 0.640637 0.0936048 0.0501593 0.0434454 0.00260684 2.67219e-05 5.71038e-08 3.27128e-06 0
1.00146 1.00009 0.640653 0.0934476 0.0501504 0.0432972 0.00239995 2.6623e-05 1.01432e-07 2.82865e-06 0
1.00145 1.0001 0.64067 0.0932851 0.0501368 0.0431483 0.00227516 2.61848e-05 1.2186e-07 4.04605e-06 0
1.00144 1.00011 0.640689 0.0931304 0.050131 0.0429994 0.00218449 2.58192e-05 1.61445e-07 3.48101e-06 0
1.00134 1.00009 0.640771 0.0930389 0.0502097 0.0428292 0.00321653 2.24159e-05 1.10317e-07 6.0609e-06 0
1.00141 1.00007 0.640691 0.0928392 0.0501629 0.0426762 0.00270449 2.47899e-05 6.56703e-08 4.79964e-06 0
1.00142 1.00008 0.640691 0.0926783 0.050147 0.0425313 0.0025406 2.50619e-05 8.92064e-08 5.40832e-06 0
1.00141 1.00009 0.640701 0.0925078 0.0501387 0.0423691 0.00254537 2.49467e-05 1.14207e-07 3.39101e-06 0
1.00141 1.00011 0.640719 0.092364 0.0501436 0.0422203 0.00236755 2.47006e-05 1.6231e-07 4.7911e-06 0
1.00138 1.00012 0.640752 0.0921915 0.050133 0.0420586 0.00238033 2.36932e-05 1.84469e-07 3.13586e-06 0
1.00136 1.00013 0.640781 0.0920317 0.0501219 0.0419098 0.00222313 2.29683e-05 2.27029e-07 1.60628e-06 0
1.00134 1.00011 0.640777 0.0918936 0.050135 0.0417586 0.00221212 2.25403e-05 1.50714e-07 3.28946e-06 0
1.00133 1.00016 0.640826 0.0917778 0.0501619 0.0416159 0.00219908 2.21205e-05 3.58707e-07 2.05505e-06 0
1.00133 1.00016 0.640828 0.091584 0.0501129 0.0414711 0.00216753 2.20262e-05 3.5107e-07 5.37404e-06 0
1.00131 1.00015 0.640832 0.0914383 0.0501117 0.0413265 0.00213161 2.15782e-05 2.94487e-07 2.26348e-06 0
1.00131 1.00017 0.640852 0.0912887 0.0501066 0.0411821 0.00220231 2.12958e-05 3.72098e-07 1.06268e-06 0
1.00121 1.00017 0.640942 0.0911555 0.0501245 0.041031 0.00268055 1.8443e-05 3.92931e-07 1.98401e-05 0
1.00121 1.00018 0.640947 0.0909835 0.0500929 0.0408906 0.002806 1.84324e-05 4.27861e-07 2.80611e-06 0
1.00123 1.00017 0.640929 0.0908293 0.0500972 0.0407321 0.00282469 1.88087e-05 3.83317e-07 3.41096e-06 0
1.00125 1.00018 0.640916 0.0906827 0.0500947 0.040588 0.00247052 1.94018e-05 4.22457e-07 2.51506e-06 0
1.0011 1.0003 0.641138 0.0906138 0.0501768 0.040437 0.00301176 1.50594e-05 1.21338e-06 8.47331e-06 0
1.00117 1.0002 0.641003 0.0903945 0.0501014 0.0402931 0.00259039 1.70837e-05 5.28241e-07 2.19864e-06 0
1.00109 1.00022 0.641089 0.0902606 0.0501316 0.040129 0.00276053 1.49446e-05 6.37229e-07 3.93472e-06 0
1.00112 1.00026 0.641089 0.0900983 0.0500979 0.0400003 0.00243479 1.56473e-05 8.85192e-07 2.49427e-06 0
1.00112 1.00026 0.641091 0.0899433 0.0500729 0.0398704 0.00228178 1.55856e-05 8.8564e-07 9.59936e-07 0
1.00112 1.00027 0.641096 0.0898068 0.0500692 0.0397376 0.00223884 1.55967e-05 9.37718e-07 7.37194e-07 0
1.00109 1.00022 0.641088 0.0896785 0.0500871 0.0395914 0.00240305 1.49606e-05 6.39843e-07 7.19851e-06 0
1.0011 1.00028 0.641122 0.0895201 0.0500592 0.0394609 0.00216837 1.50748e-05 1.03156e-06 9.89382e-07 0
1.0011 1.00029 0.641128 0.089368 0.0500364 0.0393316 0.00205357 1.50446e-05 1.08466e-06 1.27266e-06 0
1.00109 1.00029 0.641133 0.0892281 0.050026 0.0392021 0.00208295 1.49758e-05 1.11383e-06 9.51185e-07 0
1.00109 1.00029 0.64114 0.0890942 0.0500204 0.0390739 0.002003 1.48257e-05 1.13583e-06 1.2108e-06 0
1.00108 1.0003 0.641151 0.0889532 0.0500071 0.0389461 0.00193267 1.46417e-05 1.19082e-06 1.44135e-06 0
1.00107 1.0003 0.641159 0.0888149 0.0499963 0.0388185 0.00187579 1.44422e-05 1.19979e-06 1.57898e-06 0
1.00107 1.00031 0.641168 0.0886725 0.0499807 0.0386918 0.00182838 1.42837e-05 1.2424e-06 2.48861e-06 0
1.00107 1.00031 0.641175 0.0885423 0.0499766 0.0385658 0.00178799 1.41912e-05 1.29708e-06 2.89999e-06 0
1.00105 1.00031 0.641194 0.0884016 0.049964 0.0384375 0.0019067 1.36837e-05 1.30341e-06 9.28912e-07 0
1.00105 1.00033 0.641203 0.0882619 0.0499644 0.0382975 0.00199383 1.37443e-05 1.45078e-06 5.44598e-06 0
1.00102 1.00034 0.641243 0.0881221 0.0499823 0.0381399 0.0024844 1.29114e-05 1.58209e-06 2.43747e-06 0
1.001 1.00033 0.641255 0.0879899 0.0499884 0.0380015 0.00269416 1.24113e-05 1.48112e-06 5.99336e-06 0
1.00101 1.00033 0.641239 0.0878351 0.0499597 0.0378754 0.00222891 1.27329e-05 1.43302e-06 2.85736e-06 0
1.00101 1.00033 0.641241 0.0876876 0.0499351 0.0377524 0.00203253 1.27632e-05 1.46915e-06 2.75184e-06 0
1.00077 1.00049 0.641579 0.0875823 0.0499601 0.0376222 0.00259083 7.34671e-06 3.24258e-06 1.34499e-05 0
1.00096 1.00033 0.64129 0.087441 0.0499585 0.0374825 0.0025335 1.1466e-05 1.44539e-06 3.96245e-06 0
1.00097 1.00034 0.641283 0.0872969 0.0499393 0.0373575 0.00242828 1.1768e-05 1.51544e-06 1.87556e-06 0
1.00099 1.00032 0.64125 0.0871528 0.0499148 0.037238 0.00215731 1.23011e-05 1.3574e-06 1.60547e-06 0
1.00098 1.00033 0.641264 0.0870174 0.0499002 0.0371173 0.0020164 1.21046e-05 1.43699e-06 6.84741e-07 0
1.00097 1.00032 0.641273 0.086883 0.0498875 0.0369955 0.00189367 1.18183e-05 1.40721e-06 1.36942e-06 0
1.00096 1.00034 0.64129 0.0867417 0.0498687 0.036873 0.00178929 1.16186e-05 1.53139e-06 7.09928e-07 0
1.00093 1.00036 0.641333 0.086617 0.0498689 0.0367481 0.00189095 1.08505e-05 1.70084e-06 7.37076e-07 0
1.00092 1.00039 0.641364 0.0864641 0.0498396 0.0366246 0.00177032 1.05579e-05 1.98837e-06 1.50422e-06 0
1.00093 1.00036 0.641338 0.0863282 0.0498262 0.036502 0.0016603 1.08477e-05 1.76982e-06 1.06117e-05 0
1.0115 1.00206 0.632385 0.294014 0.279012 0.0150017 0.0781749 0.001653 5.67216e-05 0.11783 0
0.998409 1.00324 0.645621 0.222154 0.197845 0.024309 0.0398382 3.16281e-05 0.000140221 0.105712 0
0.997584 1.00312 0.646345 0.191995 0.161491 0.0305035 0.0309372 7.29889e-05 0.000129945 0.102255 0
0.99631 1.00303 0.647528 0.154042 0.137151 0.0168917 0.0279824 0.00017023 0.000122692 0.100298 0
0.997845 1.00276 0.645861 0.151484 0.119318 0.0321664 0.0249426 5.80641e-05 0.000101883 0.0967421 0
0.997914 1.00271 0.64576 0.13595 0.116472 0.0194777 0.0246765 5.44016e-05 9.804e-05 0.0946787 0
0.998304 1.00267 0.645357 0.12963 0.111396 0.0182343 0.0227006 3.59739e-05 9.52747e-05 0.0922177 0
0.998336 1.00271 0.645353 0.125154 0.101469 0.0236849 0.0217778 3.46228e-05 9.82836e-05 0.0901372 0
0.998527 1.00253 0.645051 0.113694 0.0937412 0.0199525 0.0206486 2.71269e-05 8.56346e-05 0.0877492 0
0.998558 1.00234 0.644899 0.104466 0.0872158 0.0172507 0.0197911 2.59988e-05 7.33178e-05 0.114771 0
1.01045 0.996109 0.629607 0.213457 0.2053 0.00815748 0.0346836 0.00136517 0.000202003 0.231273 0
0.999773 1.00286 0.644058 0.174417 0.161939 0.0124771 0.0284509 6.47036e-07 0.000109397 0.194005 0
0.996892 1.00441 0.647852 0.169132 0.154688 0.0144446 0.025599 0.000120789 0.000259984 0.174769 0
0.99639 1.00392 0.648023 0.162287 0.152242 0.0100453 0.0249055 0.000162918 0.000205178 0.157339 0
0.997729 1.00362 0.646525 0.150719 0.140437 0.0102816 0.0214051 6.44745e-05 0.000174784 0.152989 0
0.998149 1.00241 0.645335 0.136885 0.125995 0.0108897 0.0200682 4.28136e-05 7.72698e-05 0.150307 0
0.998944 1.00193 0.644259 0.132946 0.124104 0.00884137 0.0163849 1.39369e-05 4.97064e-05 0.147402 0
0.998631 1.00216 0.64471 0.111819 0.103423 0.00839555 0.0143666 2.34193e-05 6.22839e-05 0.144925 0
0.998269 1.00233 0.645172 0.104359 0.095954 0.0084049 0.013658 3.74799e-05 7.25894e-05 0.141384 0
0.998283 1.00226 0.645111 0.101213 0.091433 0.00978036 0.0119603 3.68519e-05 6.81161e-05 0.135719 0
0.998122 1.00244 0.645386 0.110373 0.0961815 0.0141916 0.0112578 4.40957e-05 7.96428e-05 0.125342 0
0.998487 1.00206 0.644785 0.103799 0.0903048 0.0134945 0.0114582 2.86303e-05 5.65498e-05 0.119577 0
0.998751 1.00205 0.644521 0.100508 0.0872041 0.0133042 0.0118093 1.9494e-05 5.58921e-05 0.116828 0
0.998694 1.00193 0.644499 0.0982428 0.0850519 0.0131909 0.0123053 2.13268e-05 4.94863e-05 0.113676 0
0.999252 1.00189 0.643934 0.0911787 0.0794214 0.0117573 0.0110132 7.00349e-06 4.75274e-05 0.111383 0
0.999647 1.00188 0.643547 0.0925882 0.0808358 0.0117524 0.0120119 1.56013e-06 4.70954e-05 0.109082 0
0.999293 1.00186 0.643879 0.0846358 0.0731158 0.01152 0.0107558 6.25203e-06 4.62903e-05 0.105802 0
0.999328 1.00178 0.643794 0.0818134 0.0702875 0.0115259 0.0102351 5.6384e-06 4.24543e-05 0.104496 0
0.999811 1.0017 0.643273 0.0807327 0.0674594 0.0132734 0.0100136 4.45927e-07 3.85375e-05 0.102995 0
1.00034 1.00157 0.642683 0.0766763 0.0600642 0.0166121 0.00954055 1.43987e-06 3.3018e-05 0.100398 0
1.00021 1.00167 0.642865 0.0707552 0.0541885 0.0165668 0.00867617 5.69066e-07 3.71316e-05 0.0989773 0
0.999908 1.00172 0.643191 0.0680823 0.0516205 0.0164617 0.00921098 1.04863e-07 3.93367e-05 0.0973615 0
0.999712 1.0017 0.643367 0.0667037 0.0503259 0.0163778 0.00847105 1.03866e-06 3.83545e-05 0.0961431 0
0.999794 1.0017 0.643293 0.0660918 0.0497781 0.0163137 0.00775386 5.32698e-07 3.8722e-05 0.0952277 0
0.99988 1.00167 0.643188 0.0657752 0.0494989 0.0162763 0.00754505 1.7869e-07 3.72659e-05 0.094675 0
0.999993 1.00167 0.643077 0.0656184 0.0493655 0.0162529 0.00749605 5.56586e-10 3.71134e-05 0.0943249 0
1.00011 1.00166 0.642962 0.0654152 0.0491778 0.0162374 0.00653104 1.46636e-07 3.68148e-05 0.094047 0
1.00012 1.00172 0.642991 0.065255 0.0490326 0.0162224 0.00608363 1.66057e-07 3.93006e-05 0.0935886 0
1.0001 1.00175 0.643031 0.0651178 0.048912 0.0162058 0.00700577 1.18321e-07 4.09744e-05 0.0929512 0
1.00002 1.00178 0.643121 0.0649809 0.0488054 0.0161755 0.00625608 5.68032e-09 4.21603e-05 0.0921139 0
1.00006 1.00176 0.643079 0.0648768 0.0487366 0.0161402 0.00599957 3.89291e-08 4.15611e-05 0.0912495 0
1.00004 1.00176 0.643088 0.0647926 0.0486818 0.0161108 0.00566191 2.01959e-08 4.1137e-05 0.0904849 0
1.0001 1.00173 0.643016 0.0647341 0.0486528 0.0160812 0.00532123 1.13886e-07 3.97356e-05 0.0898549 0
1.00017 1.00169 0.642922 0.0646624 0.0485988 0.0160636 0.00539485 3.64264e-07 3.82437e-05 0.089438 0
1.00015 1.00168 0.642929 0.0646254 0.0485775 0.0160479 0.00528157 2.93405e-07 3.75193e-05 0.0891648 0
1.00015 1.00169 0.642943 0.0645515 0.0485253 0.0160262 0.00489002 2.79673e-07 3.82376e-05 0.0888967 0
1.0001 1.0017 0.642989 0.0645066 0.0485119 0.0159947 0.00489749 1.34113e-07 3.8412e-05 0.0885301 0
0.999991 1.00172 0.643112 0.0644731 0.0485189 0.0159542 0.00514885 9.82401e-10 3.94243e-05 0.0880305 0
0.999967 1.00176 0.643162 0.064419 0.0485201 0.0158989 0.00475912 1.35467e-08 4.13639e-05 0.0874231 0
0.999926 1.00175 0.643194 0.0643766 0.048531 0.0158457 0.00449827 6.77055e-08 4.08488e-05 0.0868528 0
0.999922 1.00173 0.643187 0.064351 0.0485569 0.0157941 0.00440677 7.6885e-08 3.99543e-05 0.0863542 0
0.999935 1.00171 0.643162 0.0643271 0.0485796 0.0157475 0.00437339 5.311e-08 3.91336e-05 0.0859639 0
1.00001 1.0017 0.643086 0.0642856 0.0485775 0.015708 0.00442258 5.70884e-10 3.86477e-05 0.0857326 0
1.00004 1.0017 0.64305 0.0642429 0.0485716 0.0156713 0.00408643 2.08076e-08 3.84436e-05 0.0855739 0
0.999988 1.00171 0.643111 0.0641929 0.0485555 0.0156373 0.00453035 1.77027e-09 3.91566e-05 0.0854043 0
0.999955 1.00174 0.643158 0.064144 0.0485442 0.0155998 0.00430104 2.52472e-08 4.01947e-05 0.0851137 0
0.999904 1.00178 0.643234 0.0641036 0.0485464 0.0155572 0.00488444 1.14442e-07 4.22097e-05 0.0846967 0
0.999808 1.00178 0.643328 0.064078 0.0485719 0.0155061 0.00510624 4.60607e-07 4.22725e-05 0.0841929 0
0.99982 1.00173 0.643283 0.0640365 0.0485812 0.0154553 0.00502278 4.07221e-07 3.9784e-05 0.0836946 0
0.999827 1.00174 0.643285 0.0639836 0.0485747 0.0154089 0.00442074 3.74709e-07 4.04889e-05 0.0832489 0
0.999873 1.00176 0.643251 0.0639541 0.0485875 0.0153666 0.00477293 2.03205e-07 4.11745e-05 0.0829154 0
0.99992 1.00173 0.643186 0.0638864 0.0485624 0.0153239 0.00446145 7.99776e-08 3.98186e-05 0.0826613 0
0.999925 1.00173 0.643183 0.0638372 0.0485544 0.0152828 0.00418735 7.11472e-08 3.98835e-05 0.0824643 0
0.999896 1.00174 0.643217 0.0637881 0.0485476 0.0152405 0.00402029 1.34981e-07 4.03478e-05 0.0822469 0
0.999796 1.00174 0.643315 0.0637533 0.0485608 0.0151925 0.00409599 5.22271e-07 4.04572e-05 0.0819618 0
0.999627 1.00181 0.64352 0.0637035 0.0485631 0.0151405 0.00458719 1.74313e-06 4.35222e-05 0.0816105 0
0.999654 1.00176 0.643465 0.0636764 0.0485938 0.0150826 0.0043241 1.49629e-06 4.14453e-05 0.0812394 0
0.999672 1.00177 0.643454 0.0636242 0.0485941 0.0150302 0.00484374 1.3467e-06 4.1859e-05 0.080842 0
0.999602 1.00177 0.64352 0.0636112 0.048631 0.0149803 0.00493078 1.97877e-06 4.1772e-05 0.080489 0
0.999607 1.00174 0.643499 0.063566 0.0486325 0.0149335 0.00508081 1.92926e-06 4.0624e-05 0.0802196 0
0.999665 1.00174 0.643442 0.0635308 0.0486482 0.0148827 0.00499229 1.4016e-06 4.05138e-05 0.0800079 0
0.999569 1.00178 0.64356 0.0634813 0.0486442 0.0148371 0.00519025 2.32371e-06 4.23373e-05 0.0798527 0
0.99963 1.00177 0.643493 0.0634462 0.048653 0.0147932 0.00479408 1.71189e-06 4.17603e-05 0.0796642 0
0.999756 1.00176 0.643366 0.0633971 0.0486557 0.0147414 0.00538983 7.46348e-07 4.13834e-05 0.0794183 0
0.999641 1.0018 0.643505 0.0633418 0.0486432 0.0146986 0.00465685 1.61452e-06 4.34015e-05 0.0791071 0
0.999537 1.0018 0.643601 0.0632988 0.0486507 0.0146481 0.00484867 2.68172e-06 4.31128e-05 0.0787691 0
0.999517 1.00181 0.64363 0.0632577 0.0486556 0.0146021 0.00496234 2.91966e-06 4.38079e-05 0.0784255 0
0.999522 1.0018 0.643616 0.0632084 0.0486535 0.0145549 0.00451003 2.8557e-06 4.31757e-05 0.0781328 0
0.99957 1.0018 0.643568 0.063155 0.0486554 0.0144996 0.00430966 2.31391e-06 4.30003e-05 0.0778673 0
0.999602 1.00181 0.643545 0.0630963 0.0486461 0.0144502 0.00410637 1.98156e-06 4.35994e-05 0.0776674 0
0.999621 1.00178 0.643506 0.0630564 0.0486564 0.0144 0.00389889 1.79668e-06 4.2104e-05 0.0774833 0
0.999549 1.00181 0.643597 0.0629913 0.0486392 0.0143521 0.00395285 2.53801e-06 4.37151e-05 0.0773019 0
0.999528 1.00177 0.643594 0.0629499 0.0486477 0.0143023 0.00407613 2.79051e-06 4.18969e-05 0.0770946 0
0.999291 1.0017 0.643773 0.0629503 0.0486962 0.0142541 0.00520375 6.28186e-06 3.83537e-05 0.0768534 0
0.999314 1.00183 0.64384 0.0628976 0.0486995 0.0141981 0.00497459 5.88681e-06 4.48579e-05 0.0765754 0
0.999352 1.00185 0.64381 0.0628345 0.0486877 0.0141468 0.00442591 5.24938e-06 4.5445e-05 0.0762923 0
0.999353 1.0018 0.643782 0.062812 0.0487175 0.0140945 0.00449959 5.22542e-06 4.34232e-05 0.0760223 0
0.999392 1.00184 0.643765 0.062745 0.0487013 0.0140438 0.00407955 4.61421e-06 4.49899e-05 0.0757873 0
0.999416 1.00184 0.643742 0.0626946 0.0487026 0.013992 0.00384386 4.26395e-06 4.49475e-05 0.0755861 0
0.999426 1.00183 0.643732 0.0626445 0.0487053 0.0139392 0.0037503 4.1249e-06 4.4907e-05 0.0754025 0
0.999445 1.00183 0.643711 0.0626103 0.0487256 0.0138847 0.00383249 3.85314e-06 4.46856e-05 0.0752163 0
0.999413 1.00185 0.643755 0.0625501 0.0487142 0.013836 0.0038484 4.3023e-06 4.57556e-05 0.0750265 0
0.999389 1.00188 0.643799 0.062498 0.0487149 0.0137831 0.00361535 4.67393e-06 4.72822e-05 0.0748045 0
0.999356 1.00187 0.643825 0.0624523 0.0487198 0.0137325 0.00392307 5.1828e-06 4.69046e-05 0.0745538 0
0.999318 1.00187 0.643857 0.0624419 0.048767 0.0136749 0.00459323 5.81926e-06 4.64702e-05 0.0743066 0
0.99932 1.0019 0.643877 0.0623722 0.0487488 0.0136234 0.00381497 5.77898e-06 4.82032e-05 0.0740333 0
0.999338 1.00191 0.643868 0.0623211 0.0487502 0.0135709 0.00353737 5.4715e-06 4.89201e-05 0.0737992 0
0.999357 1.00186 0.643814 0.0622788 0.048762 0.0135167 0.00340456 5.16331e-06 4.60818e-05 0.0735828 0
0.999377 1.00189 0.643814 0.0622068 0.0487467 0.0134601 0.00339502 4.84785e-06 4.75794e-05 0.0733756 0
0.999357 1.00188 0.643827 0.0621606 0.048754 0.0134066 0.00326487 5.16929e-06 4.71031e-05 0.0732018 0
0.999357 1.00185 0.64381 0.0621165 0.0487648 0.0133517 0.00314868 5.1709e-06 4.5771e-05 0.0730085 0
0.999269 1.00184 0.643885 0.0620639 0.048766 0.0132979 0.00395513 6.673e-06 4.50075e-05 0.0728306 0
0.999225 1.00191 0.643975 0.0620118 0.0487712 0.0132406 0.00388257 7.50783e-06 4.86729e-05 0.0726176 0
0.999241 1.00194 0.643977 0.061957 0.0487736 0.0131834 0.00350744 7.20025e-06 5.00762e-05 0.0723933 0
0.999218 1.00194 0.644003 0.0619092 0.0487823 0.0131269 0.00388806 7.64533e-06 5.03853e-05 0.0721677 0
0.999207 1.00196 0.644024 0.0618706 0.0488005 0.01307 0.00365831 7.85677e-06 5.12342e-05 0.0719413 0
0.999178 1.0019 0.644016 0.0618317 0.0488184 0.0130134 0.00360841 8.45141e-06 4.83408e-05 0.0717357 0
0.999194 1.00194 0.644022 0.0617509 0.0487959 0.0129551 0.00348087 8.11459e-06 5.00835e-05 0.0715212 0
0.9992 1.00192 0.644007 0.0617037 0.0488058 0.0128979 0.00334014 7.99129e-06 4.93801e-05 0.0713269 0
0.999195 1.00193 0.644014 0.0616471 0.0488066 0.0128405 0.00338489 8.10499e-06 4.95178e-05 0.0711461 0
0.999186 1.00194 0.644029 0.0615953 0.0488106 0.0127848 0.00333 8.29013e-06 4.99691e-05 0.0709647 0
0.999177 1.00194 0.644044 0.0615482 0.048821 0.0127272 0.00317457 8.47232e-06 5.04625e-05 0.070776 0
0.999141 1.00196 0.644085 0.0615019 0.0488314 0.0126705 0.00320953 9.21766e-06 5.10348e-05 0.0705787 0
0.999167 1.00195 0.644059 0.0614514 0.0488422 0.0126092 0.00328865 8.6718e-06 5.09575e-05 0.0703532 0
0.999151 1.00198 0.644093 0.0613931 0.0488418 0.0125513 0.00314457 9.00767e-06 5.24377e-05 0.0701388 0
0.999134 1.00196 0.644098 0.0613527 0.0488597 0.0124931 0.00316595 9.37282e-06 5.15148e-05 0.0699295 0
0.999121 1.00195 0.644098 0.061295 0.0488596 0.0124354 0.00301119 9.64954e-06 5.05691e-05 0.0697408 0
0.999082 1.00199 0.644166 0.0612329 0.0488559 0.012377 0.00312319 1.05372e-05 5.29917e-05 0.0695317 0
0.999082 1.00199 0.644167 0.0611822 0.0488618 0.0123205 0.00294717 1.05339e-05 5.30593e-05 0.0693358 0
0.999077 1.002 0.644173 0.0611408 0.0488764 0.0122644 0.00292396 1.06407e-05 5.32217e-05 0.0691568 0
0.999062 1.00197 0.644169 0.0610923 0.0488853 0.012207 0.00291165 1.0996e-05 5.16309e-05 0.0689635 0
0.999042 1.002 0.644212 0.0610304 0.0488796 0.0121509 0.00310363 1.14752e-05 5.36077e-05 0.0687828 0
0.999042 1.00202 0.644222 0.0609793 0.0488851 0.0120942 0.00293496 1.14777e-05 5.43777e-05 0.0685954 0
0.998984 1.00202 0.644276 0.0609186 0.0488797 0.0120389 0.00298934 1.28964e-05 5.4252e-05 0.0684179 0
0.998991 1.00203 0.644277 0.0608642 0.0488814 0.0119829 0.00287109 1.27234e-05 5.48865e-05 0.0682232 0
0.998984 1.00204 0.644294 0.0608181 0.0488923 0.0119258 0.00271057 1.29043e-05 5.5734e-05 0.0680248 0
0.998968 1.00205 0.644312 0.060751 0.0488833 0.0118677 0.00287969 1.33117e-05 5.59788e-05 0.067826 0
0.998919 1.00206 0.64437 0.0607257 0.04891 0.0118158 0.00293002 1.46107e-05 5.68775e-05 0.0676445 0
0.998833 1.00206 0.64445 0.0606722 0.0489058 0.0117664 0.00338645 1.70266e-05 5.65847e-05 0.0674897 0
0.998834 1.00206 0.644446 0.0606306 0.0489168 0.0117137 0.00338203 1.69836e-05 5.63884e-05 0.0673254 0
0.998661 1.00207 0.644623 0.0605709 0.0489074 0.0116635 0.00419605 2.24013e-05 5.72039e-05 0.0671682 0
0.998745 1.00206 0.644537 0.060552 0.0489393 0.0116127 0.00374748 1.96829e-05 5.68137e-05 0.0670042 0
0.998792 1.00209 0.644511 0.0605062 0.0489448 0.0115613 0.00322702 1.82393e-05 5.84218e-05 0.0668322 0
0.998791 1.00207 0.644496 0.0604542 0.0489445 0.0115097 0.00310177 1.82613e-05 5.7116e-05 0.0666632 0
0.998781 1.00209 0.644523 0.0603712 0.0489137 0.0114575 0.00299143 1.8583e-05 5.84963e-05 0.0664963 0
0.998654 1.00211 0.644653 0.060324 0.0489067 0.0114172 0.00338341 2.26551e-05 5.91623e-05 0.0663623 0
0.998722 1.0021 0.644582 0.0602696 0.0489064 0.0113633 0.00305625 2.04119e-05 5.87328e-05 0.0661784 0
0.998734 1.0021 0.644569 0.0602427 0.0489342 0.0113085 0.00292157 2.00229e-05 5.86271e-05 0.0659995 0
0.998751 1.00213 0.644573 0.0601699 0.048918 0.0112519 0.00305473 1.95048e-05 6.03946e-05 0.0658086 0
0.998743 1.00211 0.644568 0.0601193 0.0489273 0.011192 0.00290611 1.97686e-05 5.92654e-05 0.065617 0
0.998723 1.00212 0.644596 0.0600423 0.0489098 0.0111325 0.00289377 2.03889e-05 5.99807e-05 0.0654292 0
0.998674 1.00215 0.644664 0.0600031 0.0489288 0.0110744 0.00368742 2.19985e-05 6.18251e-05 0.0652546 0
0.998651 1.00213 0.644672 0.0599167 0.0489026 0.0110141 0.00327702 2.27623e-05 6.05249e-05 0.0650583 0
0.998636 1.00216 0.644702 0.0598575 0.0489013 0.0109562 0.00306813 2.32719e-05 6.19663e-05 0.0648777 0
0.998504 1.00213 0.644812 0.059814 0.048915 0.010899 0.00409719 2.79858e-05 6.03814e-05 0.0647077 0
0.998519 1.00215 0.644812 0.0598111 0.0489721 0.010839 0.00456242 2.74029e-05 6.17214e-05 0.0645524 0
0.998568 1.00216 0.644773 0.0597075 0.0489244 0.0107831 0.00372331 2.56298e-05 6.23932e-05 0.0643614 0
0.99855 1.00214 0.644772 0.0596401 0.0489134 0.0107267 0.00431839 2.62699e-05 6.08458e-05 0.0641998 0
0.998467 1.00216 0.64487 0.0595607 0.0488907 0.0106701 0.00424837 2.9364e-05 6.24092e-05 0.0640205 0
0.998419 1.00221 0.644945 0.0595088 0.0488918 0.010617 0.00383985 3.12652e-05 6.4925e-05 0.0638513 0
0.998481 1.00218 0.644868 0.0594415 0.0488794 0.010562 0.00350459 2.88408e-05 6.33819e-05 0.0636838 0
0.998504 1.00218 0.644846 0.0594262 0.0489187 0.0105075 0.00364834 2.79744e-05 6.34101e-05 0.0635137 0
0.998401 1.00219 0.64495 0.0593529 0.0488947 0.0104582 0.00409989 3.19775e-05 6.3733e-05 0.0633552 0
0.998398 1.00219 0.644954 0.0592996 0.0488948 0.0104048 0.00369466 3.20749e-05 6.3889e-05 0.0631935 0
0.998412 1.00221 0.644954 0.0592329 0.0488826 0.0103503 0.00353782 3.15165e-05 6.51014e-05 0.0630217 0
0.998377 1.00222 0.644994 0.0591925 0.0489002 0.0102923 0.00377572 3.29506e-05 6.56212e-05 0.0628664 0
0.998396 1.00219 0.644955 0.0591277 0.0488884 0.0102393 0.00379807 3.21527e-05 6.38251e-05 0.0627075 0
0.99839 1.00222 0.644983 0.0590747 0.0488872 0.0101875 0.00367012 3.24138e-05 6.58029e-05 0.0625561 0
0.998306 1.00225 0.645082 0.0590359 0.0488904 0.0101455 0.0042841 3.58562e-05 6.7496e-05 0.0624224 0
0.998407 1.00221 0.64496 0.0589642 0.0488787 0.0100854 0.00370888 3.17162e-05 6.52872e-05 0.0622229 0
0.998364 1.00218 0.644982 0.0589278 0.0488968 0.010031 0.00468669 3.34414e-05 6.34488e-05 0.0620848 0
0.998286 1.00223 0.645089 0.0588481 0.0488681 0.00998001 0.00419377 3.67264e-05 6.63392e-05 0.0619064 0
0.998321 1.00225 0.645069 0.058777 0.0488521 0.00992489 0.00371199 3.52326e-05 6.76623e-05 0.0617285 0
0.99832 1.00225 0.645071 0.0587193 0.0488486 0.00987072 0.00351262 3.53027e-05 6.76782e-05 0.0615578 0
0.998202 1.00207 0.645069 0.0587346 0.0489259 0.00980863 0.00400405 4.03964e-05 5.72862e-05 0.0614334 0
0.998298 1.00226 0.645096 0.0586155 0.0488572 0.00975837 0.00387332 3.61995e-05 6.80999e-05 0.0612254 0
0.998256 1.0023 0.645164 0.058552 0.048849 0.00970303 0.00397256 3.80365e-05 7.056e-05 0.0610616 0
0.99827 1.00228 0.645135 0.0584945 0.0488461 0.00964849 0.00362032 3.74155e-05 6.91785e-05 0.0608907 0
0.998286 1.00231 0.645144 0.0584547 0.0488594 0.00959533 0.00341784 3.67303e-05 7.14741e-05 0.0607327 0
0.99828 1.00229 0.645131 0.0583811 0.0488386 0.00954245 0.00328083 3.70015e-05 6.96991e-05 0.0605689 0
0.998269 1.0023 0.645153 0.0583178 0.0488284 0.00948945 0.00324344 3.74601e-05 7.07909e-05 0.0604059 0
0.998214 1.00232 0.645219 0.0583097 0.0488733 0.00943645 0.00361059 3.9896e-05 7.19138e-05 0.060249 0
0.998221 1.00232 0.645211 0.0582111 0.0488292 0.00938189 0.00343511 3.95511e-05 7.18704e-05 0.0600828 0
0.998158 1.00233 0.64528 0.0581674 0.0488303 0.00933705 0.00356298 4.24346e-05 7.25963e-05 0.0599429 0
0.998186 1.00232 0.645242 0.0581171 0.048833 0.00928414 0.00335196 4.11486e-05 7.1586e-05 0.0597885 0
0.998177 1.00234 0.645264 0.0580457 0.0488138 0.00923188 0.00319995 4.15447e-05 7.28855e-05 0.0596289 0
0.998184 1.00234 0.645258 0.0579946 0.048815 0.00917968 0.00321484 4.12174e-05 7.29569e-05 0.0594718 0
0.998094 1.00237 0.645363 0.0579583 0.048831 0.00912728 0.00358904 4.54382e-05 7.46754e-05 0.0593272 0
0.99812 1.00234 0.64532 0.0578814 0.0488109 0.00907052 0.00359834 4.41858e-05 7.29783e-05 0.0591571 0
0.998113 1.00236 0.645344 0.0578185 0.0488015 0.00901694 0.0033313 4.45283e-05 7.46144e-05 0.0589951 0
0.998136 1.00234 0.645307 0.0577725 0.0488138 0.0089587 0.00401789 4.34516e-05 7.312e-05 0.0588463 0
0.998107 1.00237 0.645355 0.0576597 0.0487544 0.00890528 0.00356614 4.4797e-05 7.5096e-05 0.0586879 0
0.998063 1.00233 0.645368 0.057604 0.048749 0.00885501 0.00370864 4.68851e-05 7.22564e-05 0.0585303 0
0.997988 1.00241 0.645494 0.057552 0.0487473 0.00880472 0.00375445 5.06035e-05 7.74943e-05 0.0583899 0
0.998003 1.0024 0.645471 0.0574852 0.0487294 0.0087558 0.00341185 4.98504e-05 7.66074e-05 0.0582346 0
0.998021 1.0024 0.645455 0.0574229 0.0487175 0.00870544 0.00327077 4.89732e-05 7.67018e-05 0.0580876 0
0.998013 1.0024 0.645461 0.0573647 0.0487087 0.00865604 0.00329695 4.93495e-05 7.66115e-05 0.0579492 0
0.99801 1.00239 0.645463 0.0573041 0.0486987 0.00860534 0.00349928 4.94876e-05 7.64987e-05 0.0578068 0
0.998016 1.0024 0.645458 0.0572423 0.0486885 0.00855383 0.00323966 4.92057e-05 7.65515e-05 0.0576636 0
0.997892 1.00242 0.645595 0.0571707 0.0486668 0.00850385 0.00351375 5.5535e-05 7.82986e-05 0.0575119 0
0.997977 1.00243 0.645519 0.0571056 0.0486509 0.00845472 0.00324252 5.11549e-05 7.8963e-05 0.0573794 0
1.0393 0.977723 0.592435 0.257793 0.253029 0.00476425 0.0786764 0.0193078 0.00662146 0.154425 0
1.01231 0.993991 0.626536 0.189359 0.183926 0.0054334 0.0352192 0.00189501 0.000481734 0.125155 0
1.0063 0.99709 0.634127 0.170379 0.164953 0.00542678 0.0236108 0.000496727 0.000112954 0.121647 0
1.00288 0.999622 0.639 0.140118 0.134281 0.0058373 0.0191879 0.000103337 1.9077e-06 0.121065 0
1.00167 1.00026 0.640562 0.129731 0.121472 0.00825911 0.0175972 3.4834e-05 8.97161e-07 0.119619 0
1.00013 1.00135 0.642738 0.127898 0.120262 0.0076352 0.0182829 2.27401e-07 2.44003e-05 0.118332 0
0.999991 1.00144 0.642931 0.121483 0.113763 0.00772003 0.0166905 1.1043e-09 2.75275e-05 0.116958 0
0.99981 1.00137 0.643064 0.107812 0.100633 0.00717899 0.016606 4.5304e-07 2.50982e-05 0.115749 0
0.998591 1.00243 0.64492 0.101818 0.0942978 0.00751977 0.0166123 2.48168e-05 7.85128e-05 0.114838 0
0.998778 1.00234 0.644681 0.0948879 0.0870443 0.00784364 0.0132331 1.86716e-05 7.28182e-05 0.113669 0
0.998424 1.00255 0.645163 0.091626 0.0834581 0.00816793 0.0128987 3.10433e-05 8.69313e-05 0.112785 0
0.998742 1.00248 0.644808 0.087232 0.0785531 0.00867895 0.0125775 1.97853e-05 8.19625e-05 0.111436 0
0.998834 1.0024 0.644666 0.0850883 0.0761701 0.00891823 0.0115239 1.69951e-05 7.66245e-05 0.110275 0
0.998455 1.00273 0.645248 0.0936902 0.081116 0.0125742 0.0123288 2.9829e-05 9.95235e-05 0.109574 0
0.997752 1.0032 0.646233 0.0849324 0.0728392 0.0120932 0.011464 6.32007e-05 0.000136622 0.107846 0
0.99825 1.00287 0.645533 0.080888 0.069131 0.011757 0.0105289 3.82821e-05 0.00010956 0.106745 0
0.99855 1.00273 0.645154 0.0785134 0.0669517 0.0115617 0.010464 2.62753e-05 9.93702e-05 0.105891 0
0.998373 1.00286 0.645413 0.0762989 0.0650328 0.0112661 0.00938962 3.30938e-05 0.000109459 0.105327 0
0.998159 1.00286 0.645619 0.0749626 0.0638417 0.0111209 0.0100624 4.23823e-05 0.000109251 0.104292 0
0.998167 1.00272 0.645522 0.0736707 0.0626983 0.0109723 0.00979038 4.20182e-05 9.88265e-05 0.103355 0
0.998466 1.00252 0.645099 0.0725363 0.0616671 0.0108692 0.00911863 2.94262e-05 8.44433e-05 0.102519 0
0.998708 1.00241 0.644797 0.0717275 0.0609096 0.0108179 0.00948598 2.08657e-05 7.7599e-05 0.101872 0
0.998617 1.00253 0.644962 0.0711302 0.0603304 0.0107998 0.00882692 2.39266e-05 8.54222e-05 0.101117 0
0.998495 1.00258 0.645112 0.0706169 0.0598399 0.0107771 0.00813353 2.832e-05 8.87972e-05 0.100208 0
0.998526 1.00259 0.645088 0.0703246 0.0595906 0.010734 0.00886683 2.71806e-05 8.93829e-05 0.0992776 0
0.998735 1.00249 0.644825 0.0701086 0.0594272 0.0106814 0.00822725 2.00178e-05 8.29947e-05 0.0985207 0
0.998765 1.00249 0.644791 0.0698232 0.0591892 0.0106341 0.00799285 1.90688e-05 8.2561e-05 0.098061 0
0.998609 1.00258 0.645003 0.0695525 0.0590061 0.0105464 0.00773027 2.42055e-05 8.88818e-05 0.0975392 0
0.99841 1.00264 0.645234 0.0693543 0.0588654 0.0104889 0.00764564 3.15898e-05 9.31103e-05 0.0968961 0
0.998365 1.00257 0.645234 0.0692097 0.0587819 0.0104278 0.00751501 3.34303e-05 8.83599e-05 0.0962256 0
0.998544 1.00241 0.644953 0.0691089 0.0587349 0.010374 0.00737454 2.65018e-05 7.72389e-05 0.095655 0
0.998661 1.00234 0.644798 0.068958 0.0586215 0.0103364 0.0072394 2.24201e-05 7.3141e-05 0.0952413 0
0.998564 1.00246 0.644965 0.0688134 0.0585111 0.0103024 0.00715424 2.57669e-05 8.04906e-05 0.0948104 0
0.998376 1.00256 0.645217 0.0686783 0.0584195 0.0102588 0.00716273 3.29586e-05 8.77532e-05 0.0941952 0
0.998366 1.00259 0.645245 0.068576 0.0583751 0.0102008 0.00716791 3.33999e-05 8.95646e-05 0.0934375 0
0.998477 1.00255 0.645109 0.0685174 0.0583785 0.0101389 0.00707604 2.89878e-05 8.66175e-05 0.0927435 0
