A/A0 V/V0 Vr eb eb_bend eb_ad ea ega ev ek ee
1 1.00092 0.642589 0.109093 0.0496849 0.0594082 0.000367957 0 1.12357e-05 4.40827e-09 0
1.00178 0.998835 0.639545 0.0972387 0.056116 0.0411227 0.0260563 3.95571e-05 1.81205e-05 0.0856743 0
0.997793 1.0037 0.646515 0.105559 0.0810044 0.0245544 0.162641 6.09086e-05 0.000182707 0.490245 0
1.00244 0.995533 0.636795 0.242769 0.230221 0.0125474 0.350983 7.47356e-05 0.000266247 1.22739 0
1.00035 0.991938 0.636493 0.444255 0.432257 0.0119982 0.499487 1.50417e-06 0.000867329 1.91953 0
1.00807 0.998366 0.633266 0.606261 0.59686 0.0094009 0.558482 0.000814987 3.56141e-05 2.42733 0
1.01214 0.982918 0.619714 0.655179 0.641372 0.0138065 0.619552 0.0018428 0.00389315 2.65512 0
1.01516 0.988044 0.620172 0.702873 0.689853 0.0130201 0.699868 0.00287168 0.00190715 2.85875 0
1.02832 0.980665 0.60376 0.738879 0.731999 0.00687993 0.697064 0.0100256 0.00498804 2.78083 0
1.03223 0.987863 0.604737 0.742331 0.737308 0.00502257 0.724805 0.0129867 0.00196561 2.97734 0
1.03004 0.981172 0.602554 0.775386 0.760379 0.0150068 0.743707 0.0112851 0.00473011 3.43342 0
1.02359 0.975492 0.604743 0.736346 0.734322 0.00202399 0.79007 0.00695601 0.00801434 3.40035 0
1.03561 0.989162 0.602571 0.817146 0.812267 0.00487875 0.668698 0.0158531 0.0015674 3.52278 0
1.02814 0.98588 0.607126 0.701735 0.692962 0.00877241 0.741706 0.00990137 0.00266039 3.40276 0
1.02488 0.973351 0.602273 0.888569 0.857602 0.0309664 0.816328 0.00774026 0.00947571 3.52288 0
1.02426 0.982595 0.60855 0.785472 0.782202 0.00326907 0.788879 0.00735617 0.00404195 3.4745 0
1.03104 0.971249 0.595594 0.877579 0.865519 0.0120599 0.748606 0.0120476 0.0110293 3.83595 0
1.02464 0.98348 0.608756 0.852827 0.846904 0.00592324 0.81509 0.00759059 0.00364121 3.71807 0
1.0348 0.977567 0.596205 0.955531 0.934247 0.0212845 0.869028 0.0151426 0.00671436 4.3116 0
1.04414 0.946478 0.569521 0.924803 0.911238 0.0135653 0.932992 0.024354 0.0382215 5.37598 0
1.06943 0.972355 0.564458 1.05897 1.05897 6.4964e-07 0.965692 0.060265 0.0101972 4.90256 0
1.0654 0.942321 0.550133 1.23959 1.21169 0.0279018 1.06148 0.0534661 0.0443896 4.96036 0
1.06068 0.952326 0.559688 1.16571 1.16526 0.000451824 0.896439 0.0460294 0.0303252 5.56996 0
1.05517 0.948828 0.562 1.09742 1.09051 0.00691592 0.968381 0.0380579 0.0349384 5.3611 0
1.05955 0.950474 0.559487 1.22506 1.21829 0.0067658 1.07259 0.0443413 0.0327278 5.2069 0
1.06462 0.971324 0.567681 1.09884 1.07642 0.0224182 0.941814 0.052213 0.0109718 4.74538 0
1.06747 0.968359 0.563686 1.04963 1.0492 0.000438292 0.972678 0.0569121 0.0133583 4.63322 0
1.0574 0.97747 0.577141 0.990293 0.984526 0.00576706 0.941164 0.0411855 0.00677301 4.42969 0
1.05111 0.968641 0.577069 1.06474 1.03736 0.0273853 0.87381 0.0326537 0.0131212 4.3466 0
1.03595 0.961435 0.585389 0.927826 0.917769 0.0100569 0.899319 0.0161609 0.0198444 4.41087 0
1.05025 0.969707 0.578408 1.01455 1.00917 0.00537478 0.907994 0.0315725 0.0122441 4.07507 0
1.05941 0.960298 0.565386 1.14974 1.09005 0.059681 0.885115 0.0441257 0.0210315 4.07458 0
1.03168 0.976899 0.598502 1.00912 1.00523 0.00388927 0.895049 0.0125489 0.00712044 4.41039 0
1.05562 0.976862 0.578237 1.07109 1.05213 0.0189575 0.835455 0.038677 0.00714342 4.75269 0
1.03519 0.957816 0.583829 1.00855 1.00231 0.00623704 0.863528 0.0154835 0.0237432 4.79938 0
1.06372 0.950178 0.556032 1.30438 1.28855 0.0158279 0.871989 0.0507585 0.0331204 4.52302 0
1.06174 0.947233 0.555857 1.23415 1.20073 0.0334177 1.08217 0.047659 0.0371516 5.10947 0
1.06155 0.969373 0.569 1.17584 1.13179 0.0440484 1.08422 0.0473693 0.0125156 4.76457 0
1.04149 0.958075 0.578697 0.990048 0.976291 0.0137564 0.84759 0.0215219 0.0234528 4.21583 0
1.04462 0.975376 0.586506 0.994365 0.976912 0.0174523 0.878533 0.0248852 0.00809051 4.21489 0
1.06335 0.974047 0.5703 0.988066 0.982685 0.0053818 0.97023 0.050166 0.00898684 4.71917 0
1.04459 0.978484 0.588393 1.03063 1.00853 0.0221018 0.931079 0.0248618 0.00617703 4.52972 0
1.05497 0.944819 0.559788 1.11245 1.07786 0.0345851 0.860804 0.0377769 0.0406282 4.39836 0
1.04147 0.945999 0.571422 1.09817 1.06893 0.0292344 0.958785 0.0214984 0.0389093 4.80778 0
1.0449 0.959319 0.576614 1.06706 1.05934 0.00772051 0.900312 0.025206 0.022081 4.76352 0
1.06768 0.963883 0.560914 0.970973 0.946162 0.024811 0.917916 0.0572695 0.0174053 4.46018 0
1.04645 0.971059 0.582372 0.94607 0.934557 0.0115131 0.947732 0.026978 0.0111757 4.0954 0
1.02496 0.974827 0.603122 0.903103 0.877361 0.0257418 0.791256 0.00778621 0.00845483 4.00359 0
1.02651 0.964246 0.595218 0.879456 0.869932 0.00952368 0.79746 0.0087879 0.0170568 4.26131 0
1.04601 0.970067 0.582147 0.864795 0.85771 0.00708541 0.845927 0.0264668 0.0119549 3.85882 0
1.04369 0.979447 0.589737 0.92796 0.926177 0.00178309 0.857002 0.0238649 0.00563646 4.35808 0
1.04422 0.961461 0.57847 1.1318 1.094 0.0378001 0.920366 0.0244432 0.0198169 4.59598 0
1.0471 0.970915 0.581743 1.0951 1.09332 0.00177589 0.942465 0.0277399 0.0112868 4.53304 0
1.06728 0.978168 0.569553 1.15446 1.12924 0.0252163 1.03347 0.0565831 0.0063595 4.56769 0
1.05033 0.932789 0.556324 1.23985 1.23385 0.00599784 0.93705 0.0316738 0.060273 4.95431 0
1.05066 0.974432 0.580893 1.13018 1.13015 3.67463e-05 0.980615 0.0320795 0.00872218 4.72089 0
1.05629 0.965476 0.570951 1.03786 1.03544 0.00241658 0.925789 0.0396192 0.0159034 5.34868 0
1.05546 0.960662 0.568776 1.02786 1.02147 0.00638319 1.0443 0.0384573 0.0206476 4.67819 0
1.04527 0.948748 0.569956 1.02077 1.01257 0.00819144 0.917416 0.0256245 0.0350478 5.01618 0
1.0444 0.948745 0.570666 1.00225 1.00225 1.72452e-07 0.917243 0.0246495 0.035052 5.10693 0
1.04268 0.961768 0.579938 0.951569 0.949162 0.00240665 0.863201 0.0227689 0.0195024 4.97838 0
1.0352 0.962876 0.586903 1.10273 1.10273 4.79168e-09 0.97327 0.0154943 0.0183884 4.65832 0
1.06461 0.97674 0.570859 0.967422 0.963372 0.00405064 0.954815 0.0521876 0.00721871 4.61801 0
1.03471 0.964651 0.588406 0.983471 0.983221 0.000250072 0.901761 0.0150626 0.0166726 4.44879 0
1.05029 0.968502 0.57766 0.998887 0.976363 0.0225237 0.862926 0.0316166 0.0132379 4.12559 0
1.03095 0.992707 0.608833 0.851164 0.841131 0.010033 0.792336 0.0119779 0.000709673 4.23353 0
1.02992 0.980564 0.602292 0.834643 0.83005 0.00459268 0.769117 0.0111902 0.00504037 4.02284 0
1.03726 0.96239 0.584866 0.884671 0.876288 0.00838385 0.856585 0.0173541 0.0188735 4.42705 0
1.05638 0.946811 0.559848 1.0467 1.02455 0.0221505 0.925543 0.0397356 0.0377478 4.80056 0
1.04705 0.954668 0.572049 1.00393 1.00382 0.000111169 0.885027 0.0276813 0.0274191 4.98395 0
1.04721 0.952279 0.570489 0.969303 0.962542 0.00676162 0.959917 0.0278667 0.0303853 4.48847 0
1.05148 0.960641 0.572 1.02372 1.01478 0.00894451 0.923889 0.0331297 0.0206699 5.65092 0
1.04553 0.954012 0.572906 1.14254 1.12961 0.0129299 0.9026 0.0259177 0.0282185 5.23579 0
1.05407 0.946113 0.561273 1.00016 0.980267 0.0198952 0.88478 0.0365507 0.0387446 5.01763 0
1.05301 0.959008 0.569781 1.13459 1.12638 0.00821231 1.02591 0.0351331 0.0224199 5.49677 0
1.06614 0.946431 0.551955 1.22538 1.21311 0.0122749 0.993608 0.0546862 0.0382895 5.5675 0
1.0746 0.957516 0.551834 1.27754 1.26483 0.0127155 0.986666 0.0695824 0.0240821 5.45798 0
1.05451 0.938817 0.556599 1.17867 1.13399 0.0446813 0.922774 0.0371414 0.0499467 4.54871 0
1.05102 0.964904 0.574912 1.03588 1.03209 0.00378607 0.883218 0.0325454 0.0164347 4.59758 0
1.02797 0.957385 0.589729 0.939208 0.937612 0.00159682 0.922693 0.00977891 0.0242311 4.0258 0
1.02441 0.985226 0.610041 0.910286 0.891491 0.018795 0.815927 0.00745007 0.00291236 4.09893 0
1.03827 0.977828 0.593378 0.929632 0.915568 0.0140637 0.869755 0.0183112 0.00655947 4.18523 0
1.03393 0.977124 0.59669 0.861645 0.856079 0.00556564 0.847118 0.0143919 0.00698229 4.14925 0
1.0425 0.969084 0.584498 0.919851 0.89474 0.0251106 0.812327 0.0225805 0.0127526 3.98871 0
1.02012 0.980265 0.610807 0.916784 0.912374 0.00441056 0.826775 0.00505923 0.00519672 4.11196 0
1.02432 0.963525 0.596684 0.834222 0.82562 0.00860212 0.949332 0.00739487 0.0177513 3.98774 0
1.02591 0.968285 0.598242 0.927525 0.882174 0.0453512 0.828598 0.00839074 0.0134206 4.50886 0
1.0544 0.967033 0.573417 1.11306 1.11095 0.00211314 0.885102 0.0369933 0.0145008 4.49216 0
1.04852 0.957604 0.572608 1.08443 1.03494 0.0494858 0.915577 0.029429 0.0239829 4.73949 0
1.05488 0.976554 0.578664 0.96011 0.941961 0.0181489 1.00807 0.0376544 0.00733492 4.71104 0
1.05026 0.981868 0.58566 1.00771 1.00769 1.92835e-05 0.931768 0.0315752 0.00438672 5.11704 0
1.04777 0.9596 0.574418 1.05411 1.02514 0.0289631 0.917653 0.0285263 0.0217772 4.44155 0
1.0467 0.946032 0.567164 1.0316 1.03159 4.96267e-07 0.859948 0.0272637 0.0388607 4.62338 0
1.04495 0.963027 0.578801 1.0488 1.03496 0.013844 0.846472 0.0252622 0.01824 4.73714 0
1.04751 0.968135 0.579743 1.16117 1.09097 0.0701935 0.91727 0.0282157 0.0135476 4.89995 0
1.05959 0.970385 0.571182 1.26789 1.26623 0.00165321 0.973627 0.0443888 0.0117025 4.97548 0
1.04872 0.953151 0.569781 1.15195 1.10662 0.0453374 0.965604 0.0296737 0.0292847 4.76705 0
1.06541 0.963381 0.562416 1.08421 1.08144 0.00277718 1.0557 0.0534896 0.0178924 5.57321 0
1.0434 0.954699 0.575079 1.00147 0.976774 0.0246943 0.967299 0.0235438 0.0273821 5.52629 0
1.05346 0.967315 0.574349 1.19899 1.14776 0.0512276 1.00141 0.0357307 0.0142544 5.22326 0
1.0509 0.949061 0.565569 1.10165 1.04988 0.051767 0.956726 0.0323931 0.0346216 5.64146 0
1.07122 0.962091 0.557103 1.14727 1.14106 0.00621101 1.05094 0.0634076 0.0191744 5.33374 0
1.09169 0.944876 0.531814 1.25269 1.25202 0.000674133 1.11557 0.105109 0.0405441 6.00184 0
1.04823 0.953445 0.570354 1.09419 1.09357 0.000623034 1.05608 0.0290831 0.028919 5.34939 0
1.04609 0.959832 0.575942 1.1326 1.12835 0.00424177 0.982553 0.0265538 0.0215284 4.71824 0
1.05325 0.96686 0.574254 1.06055 1.03555 0.025006 0.873814 0.0354443 0.014654 4.90828 0
1.04257 0.953145 0.574825 1.05805 1.05506 0.00299513 0.971605 0.0226569 0.0292924 4.93779 0
1.03419 0.952222 0.581265 1.00533 0.973201 0.0321268 0.899618 0.0146128 0.0304578 4.51869 0
1.01569 0.964569 0.604958 1.00695 0.986256 0.0206911 0.90908 0.00307831 0.0167504 4.51023 0
1.03187 0.961732 0.589049 0.980555 0.962097 0.0184584 0.849133 0.0126987 0.0195397 3.97695 0
1.05505 0.961877 0.569833 1.04095 1.01315 0.0277931 0.927289 0.0378809 0.0193917 4.62404 0
1.05426 0.960122 0.569427 1.00171 0.999229 0.00248224 0.940484 0.0368115 0.0212184 4.45025 0
1.02569 0.965567 0.596753 0.965591 0.962831 0.00276013 0.952686 0.00824974 0.0158192 4.18197 0
1.03594 0.982203 0.598049 0.809885 0.799678 0.0102072 0.850104 0.0161458 0.00422594 3.85302 0
1.04201 0.978198 0.590409 0.932732 0.895445 0.0372876 0.834451 0.0220657 0.00634194 3.60981 0
1.03938 0.984717 0.596602 0.986931 0.956546 0.0303847 0.918724 0.0193879 0.0031164 3.8971 0
1.02765 0.979757 0.603793 0.983172 0.974668 0.00850371 0.864053 0.00955518 0.0054676 4.56868 0
1.04835 0.957222 0.572514 1.01038 1.00239 0.00798639 0.911652 0.0292302 0.0244163 5.30756 0
1.03735 0.966297 0.587159 0.977258 0.973939 0.00331955 0.971917 0.0174436 0.0151556 5.32926 0
1.05166 0.961065 0.572107 1.11296 1.09132 0.0216317 0.965035 0.0333603 0.0202266 4.69703 0
1.0474 0.959033 0.57438 1.05656 1.03986 0.0167005 0.971505 0.0280892 0.0223933 4.67791 0
1.04627 0.96373 0.578132 0.966422 0.957512 0.00890984 0.957619 0.0267618 0.0175527 4.66767 0
1.02478 0.963987 0.596567 0.899496 0.885344 0.014152 0.801629 0.00767771 0.017305 4.05258 0
1.02996 0.972298 0.597181 0.858146 0.851341 0.0068053 0.895538 0.0112198 0.010239 4.16373 0
1.0308 0.960101 0.588963 0.937006 0.911538 0.0254675 0.88251 0.0118631 0.0212405 3.99173 0
1.03841 0.972191 0.589839 0.928587 0.91114 0.0174466 0.817494 0.0184445 0.0103183 4.20028 0
1.03447 0.984318 0.600609 0.925297 0.910444 0.0148535 0.856579 0.0148574 0.0032813 4.20178 0
1.05779 0.969489 0.57211 1.11651 1.09435 0.0221625 0.917421 0.0417498 0.0124211 4.57289 0
1.04576 0.979803 0.588202 1.03529 1.01002 0.0252652 0.897064 0.026178 0.00544257 4.53356 0
1.04229 0.976827 0.589345 1.0064 0.988342 0.0180551 0.963083 0.0223598 0.00716485 4.09691 0
1.04455 0.968969 0.582712 1.11221 1.03104 0.0811691 0.841413 0.0248075 0.0128478 4.24361 0
1.03306 0.978496 0.59828 0.866629 0.866512 0.000117742 0.790795 0.0136656 0.00617006 3.87766 0
1.05272 0.978645 0.581692 0.887155 0.880841 0.00631335 0.850884 0.0347429 0.00608486 3.64263 0
1.03936 0.991275 0.600591 0.918277 0.896566 0.0217117 0.828298 0.01937 0.00101572 3.86687 0
1.02626 0.97702 0.603331 1.01551 1.01548 3.35188e-05 0.794248 0.00861807 0.00704617 3.89311 0
1.04235 0.975084 0.58824 0.959566 0.944797 0.0147694 0.812109 0.0224262 0.00828297 4.14356 0
1.03129 0.957201 0.586768 1.06332 1.05652 0.0068062 0.851437 0.0122409 0.0244403 4.4989 0
1.03779 0.988586 0.600324 1.02582 1.0257 0.000118539 0.883729 0.0178537 0.00173817 4.08853 0
1.04147 0.983962 0.594351 0.915897 0.898826 0.0170703 0.901836 0.0215009 0.00343191 4.15247 0
1.04805 0.971277 0.581172 0.963369 0.963126 0.000242922 0.854332 0.0288652 0.0110076 4.16045 0
1.04812 0.959531 0.574087 1.07744 1.06628 0.0111665 0.947304 0.0289487 0.021852 4.71322 0
1.04828 0.95629 0.572014 1.04276 1.03064 0.0121214 0.967011 0.029146 0.0254924 4.93886 0
1.06325 0.930341 0.544785 1.11363 1.10328 0.0103568 0.981803 0.0500118 0.0647445 5.28045 0
1.0699 0.965261 0.559971 1.13641 1.12576 0.0106435 0.998117 0.0610833 0.0161017 5.21031 0
1.0456 0.945461 0.567712 1.20285 1.20259 0.000257734 1.05088 0.0260002 0.0396876 5.3343 0
1.05572 0.966077 0.571771 1.07408 1.07117 0.00290858 1.00624 0.0388183 0.0153545 4.98448 0
1.04496 0.959018 0.576383 0.950725 0.940468 0.0102566 0.965153 0.0252741 0.0224096 4.55064 0
1.0292 0.967574 0.594939 0.949409 0.930225 0.0191838 0.831774 0.010656 0.0140296 4.02502 0
1.02644 0.963708 0.594949 0.994381 0.967517 0.0268649 0.841558 0.00873987 0.0175738 4.23703 0
1.05055 0.967531 0.576865 1.0635 1.06303 0.000475344 0.899718 0.0319485 0.0140663 4.46076 0
1.04534 0.955757 0.574114 1.18395 1.14736 0.0365854 0.920585 0.0256966 0.0261176 5.13083 0
1.04767 0.9544 0.571383 1.09816 1.04981 0.0483485 1.01444 0.0284118 0.0277449 5.34824 0
1.06051 0.955435 0.561645 1.23198 1.17619 0.0557933 1.00573 0.0457807 0.0264996 5.09962 0
1.03866 0.940394 0.570341 1.07869 1.07251 0.00618552 0.989251 0.0186863 0.0474045 5.58413 0
1.06279 0.954382 0.559225 1.08194 1.05179 0.030159 1.02835 0.0492887 0.0277665 5.20521 0
1.05452 0.948325 0.562229 1.43667 1.43576 0.00090853 1.03612 0.0371552 0.0356286 6.02171 0
1.05148 0.97371 0.579783 1.1593 1.12644 0.032865 1.01034 0.0331271 0.0092222 5.97704 0
1.04573 0.956834 0.574439 1.34193 1.28299 0.0589398 1.0362 0.0261418 0.0248613 5.86506 0
1.07296 0.965509 0.557718 1.07102 1.0352 0.03582 1.10701 0.0665532 0.0158729 5.5255 0
1.05676 0.942972 0.557272 1.15005 1.11601 0.0340339 1.08617 0.0402819 0.043394 5.8739 0
1.06183 0.961992 0.56445 1.17715 1.17567 0.00148308 1.08187 0.0477912 0.0192747 5.43855 0
1.05589 0.958141 0.566943 1.18892 1.17459 0.0143253 1.01406 0.0390457 0.0233785 5.55526 0
1.07341 0.956557 0.552199 1.164 1.15657 0.00742433 1.03234 0.0673796 0.0251813 5.42156 0
1.06032 0.948649 0.557805 1.25024 1.22506 0.0251733 0.989171 0.0454946 0.0351839 5.26799 0
1.04456 0.919175 0.552754 1.3087 1.29957 0.00913427 1.00553 0.0248258 0.0871642 5.83773 0
1.07549 0.92804 0.534188 1.20706 1.20272 0.00434209 1.07072 0.0712397 0.0690919 5.41116 0
1.05228 0.964875 0.573865 1.06711 1.06486 0.00225574 0.986772 0.0341686 0.0164618 4.93848 0
1.08414 0.970499 0.551953 1.10693 1.09286 0.0140682 1.00103 0.088508 0.0116125 4.50542 0
1.05659 0.949161 0.561064 1.10696 1.0996 0.00735675 1.03501 0.040042 0.034486 5.07883 0
1.0435 0.955285 0.575346 1.09139 1.06637 0.0250201 0.888737 0.023657 0.0266783 4.83477 0
1.04295 0.971834 0.585773 0.987822 0.973072 0.01475 0.946181 0.0230673 0.0105851 5.08218 0
1.05407 0.941483 0.558522 1.18281 1.17513 0.00768001 1.02308 0.0365563 0.0456893 5.02097 0
1.05799 0.960755 0.566793 1.13029 1.10203 0.0282598 0.902836 0.0420434 0.0205501 5.07123 0
1.05942 0.958364 0.564243 1.18178 1.17582 0.00596309 0.970432 0.0441343 0.0231308 5.16676 0
1.05377 0.963825 0.572024 1.13345 1.1307 0.0027542 1.04114 0.0361475 0.0174603 5.48348 0
1.04414 0.942099 0.566881 1.13536 1.0999 0.0354627 0.883998 0.024361 0.0447319 5.08658 0
1.08505 0.942379 0.53529 1.08748 1.08216 0.00532762 1.0241 0.090423 0.0443006 5.24792 0
1.05188 0.94291 0.561121 1.1951 1.17688 0.0182212 1.00054 0.0336482 0.043488 5.75021 0
1.05993 0.963346 0.566759 1.07209 1.06865 0.00344257 0.981017 0.0449091 0.0179266 5.15118 0
1.05523 0.958255 0.567542 1.02269 1.02264 4.86546e-05 0.85687 0.0381294 0.0232519 4.82112 0
1.04064 0.973789 0.58891 1.0074 0.989408 0.017996 0.890137 0.0206491 0.00916661 4.79076 0
1.04265 0.954056 0.575307 1.04198 1.04153 0.000445953 0.906542 0.0227442 0.0281641 4.34097 0
1.0364 0.973587 0.592409 1.13757 1.11734 0.020225 0.979578 0.0165601 0.00930834 4.73726 0
1.05642 0.946261 0.559486 1.25168 1.24572 0.00596179 0.96543 0.0398011 0.0385318 4.97329 0
1.0536 0.956363 0.56773 1.17141 1.14221 0.0292021 1.00684 0.0359233 0.0254072 5.03604 0
1.04707 0.943384 0.565275 1.12199 1.11186 0.0101285 0.9227 0.0276994 0.0427686 4.90819 0
1.04006 0.973482 0.589216 0.968932 0.957122 0.0118103 0.855019 0.0200649 0.00938283 4.34291 0
1.04254 0.959476 0.578666 1.01184 1.00557 0.00626681 0.877124 0.022627 0.0219116 4.26194 0
1.03607 0.960056 0.584453 0.912611 0.908006 0.00460538 0.856426 0.0162634 0.0212884 4.49719 0
1.05782 0.977745 0.576959 1.08362 1.06605 0.0175773 0.935993 0.0417911 0.00660861 4.95645 0
1.04516 0.94813 0.569673 1.08435 1.06297 0.0213794 0.89053 0.0255015 0.0358992 4.74395 0
1.05114 0.964792 0.574746 0.995676 0.94905 0.0466254 0.893614 0.0327009 0.0165397 4.56616 0
1.0447 0.967713 0.581824 0.92866 0.899921 0.028739 0.942377 0.0249849 0.0139088 4.34323 0
1.04648 0.980471 0.587995 0.949043 0.932202 0.0168408 0.883961 0.027009 0.0050887 4.2769 0
1.03681 0.969355 0.589481 1.08149 1.07922 0.00226934 0.887661 0.0169391 0.0125301 4.59028 0
1.03675 0.957545 0.582348 1.02173 0.993232 0.0284965 0.836335 0.0168854 0.0240495 4.22478 0
1.04057 0.981153 0.593422 0.960008 0.940636 0.0193721 0.849292 0.0205791 0.00473958 4.24173 0
1.04119 0.961507 0.581024 0.981078 0.97725 0.00382861 0.824287 0.0212083 0.0197701 4.1844 0
1.04677 0.966773 0.579535 1.0159 1.01062 0.00527999 0.888611 0.027353 0.014731 5.13614 0
1.08541 0.947357 0.537847 1.23958 1.23562 0.00396452 1.16953 0.091196 0.0369769 4.92091 0
1.06207 0.951748 0.558247 1.15409 1.15264 0.00145184 1.01394 0.048169 0.0310652 5.4403 0
1.06026 0.969066 0.56986 1.07366 1.06981 0.00384806 0.987823 0.0454019 0.0127678 5.2262 0
1.02782 0.959581 0.591205 0.991064 0.977385 0.0136789 0.905104 0.0096793 0.0217976 4.73726 0
1.03274 0.972348 0.594798 0.882642 0.880462 0.00218019 0.818737 0.0134015 0.0102023 4.01664 0
1.02526 0.973549 0.602064 0.876494 0.856894 0.0196003 0.818199 0.00797612 0.00933512 3.70167 0
1.0324 0.967316 0.592014 0.931396 0.895008 0.0363882 0.838682 0.013123 0.0142534 3.90362 0
1.04227 0.981106 0.591943 0.902349 0.895143 0.00720657 0.849037 0.0223394 0.004763 3.79904 0
1.02564 0.972755 0.601235 0.887228 0.883977 0.00325173 0.77402 0.00822088 0.00990409 3.77453 0
1.02323 0.972396 0.603143 0.914617 0.910178 0.00443905 0.76433 0.00674448 0.010167 3.86949 0
1.03382 0.983451 0.600647 0.936881 0.910454 0.0264275 0.745888 0.0143012 0.00365432 3.75172 0
1.02333 0.986746 0.611948 0.907064 0.898266 0.00879725 0.83568 0.00680673 0.00234383 4.22476 0
1.02289 0.976305 0.60587 0.927432 0.898793 0.028639 0.765704 0.00654821 0.00749151 4.16994 0
1.04033 0.963409 0.582896 1.01618 1.00058 0.015603 0.880038 0.0203319 0.0178643 4.13644 0
1.04565 0.963297 0.578385 0.998594 0.962032 0.0365617 0.865533 0.0260509 0.0179746 4.39074 0
1.05955 0.962091 0.566333 1.00577 0.996681 0.00908699 0.991102 0.0443276 0.0191748 4.44269 0
1.05114 0.979368 0.583431 1.06539 1.05717 0.00822536 0.959958 0.0326983 0.00567961 4.87679 0
1.04945 0.969398 0.578888 1.04473 1.00407 0.040662 0.9073 0.0305711 0.012495 4.63703 0
1.04502 0.969992 0.582927 1.13606 1.12303 0.0130326 0.890628 0.0253427 0.0120146 4.7741 0
1.04453 0.980675 0.589764 1.06543 1.06424 0.00119141 0.972839 0.0247911 0.00498268 5.46521 0
1.06748 0.96104 0.559416 1.07761 1.07661 0.00100312 1.01223 0.0569331 0.0202525 5.19184 0
1.07299 0.958884 0.553866 1.07757 1.00888 0.0686959 1.03107 0.0666119 0.0225568 4.84053 0
1.04552 0.969046 0.58194 0.965372 0.942557 0.0228149 0.910988 0.0259096 0.0127843 4.62322 0
1.0571 0.947929 0.559935 1.08113 1.08067 0.000456024 1.04935 0.0407602 0.0361769 5.0592 0
1.03306 0.95021 0.580988 1.20323 1.19832 0.00491334 1.00172 0.0136636 0.0330768 5.58419 0
1.05072 0.978376 0.583194 1.00681 0.986024 0.0207845 0.931774 0.0321561 0.00623898 4.59962 0
1.05501 0.960326 0.568939 1.06021 1.03759 0.0226163 0.951025 0.037839 0.0210023 5.05241 0
1.05457 0.946194 0.560918 1.16502 1.10941 0.0556159 0.982176 0.0372351 0.0386286 5.6947 0
1.05647 0.952721 0.563271 1.01711 1.00611 0.0109991 1.14194 0.0398615 0.0298251 5.8766 0
1.06206 0.967691 0.567611 1.12314 1.09699 0.0261452 1.04444 0.0481445 0.0139282 5.4111 0
1.06198 0.964646 0.565885 1.08431 1.04299 0.0413223 0.950673 0.0480273 0.0166772 5.39443 0
1.0679 0.934747 0.543791 1.18395 1.18322 0.000737928 1.04366 0.0576418 0.0568127 5.25999 0
1.04986 0.932389 0.556462 1.04699 1.04479 0.00219577 1.01996 0.0310791 0.0609933 5.28383 0
1.04835 0.967859 0.57888 1.12681 1.11156 0.0152525 0.990165 0.0292245 0.0137837 5.48152 0
1.06498 0.947877 0.553699 1.25046 1.24615 0.004305 1.0723 0.0527917 0.0362503 6.08663 0
1.06737 0.957685 0.55755 1.31896 1.31836 0.000601027 1.1755 0.0567457 0.0238913 5.71075 0
1.06465 0.952992 0.556945 1.19622 1.19604 0.000174967 0.947374 0.0522581 0.0294842 5.65362 0
1.0721 0.957244 0.553609 1.22482 1.20696 0.0178616 1.02467 0.0649963 0.0243914 5.64683 0
1.04195 0.964441 0.582154 1.12996 1.12264 0.00732425 0.872966 0.022006 0.0168708 4.83299 0
1.05484 0.963351 0.570875 0.983172 0.970959 0.0122133 0.939557 0.0375947 0.0179218 4.97474 0
1.05216 0.960279 0.571226 1.16325 1.15339 0.00985652 0.995675 0.0340168 0.0210521 5.50395 0
1.06553 0.955459 0.557698 1.22439 1.22437 1.80825e-05 1.04222 0.0536838 0.0264705 5.52053 0
1.06695 0.952877 0.555078 1.15786 1.14686 0.0109931 0.972116 0.0560433 0.0296282 6.15944 0
1.05745 0.966223 0.570457 1.0702 1.03494 0.0352586 0.964335 0.0412619 0.0152228 4.75042 0
1.06636 0.951685 0.554848 0.999405 0.992106 0.00729832 0.982398 0.0550503 0.031146 5.13812 0
1.05885 0.944759 0.556682 1.11537 1.11536 2.16179e-06 0.993496 0.0432921 0.0407161 4.66587 0
1.06628 0.959923 0.559711 1.16878 1.15477 0.0140189 1.08255 0.0549233 0.021431 5.17577 0
1.04944 0.961427 0.574137 1.10091 1.08137 0.0195484 1.05378 0.0305573 0.0198524 5.18678 0
1.06116 0.957198 0.562164 1.16785 1.15771 0.0101425 1.01435 0.0467706 0.0244436 5.01458 0
1.04839 0.964252 0.576688 1.06554 1.0624 0.00314144 0.891047 0.0292759 0.0170508 5.03388 0
1.02355 0.949512 0.588667 0.931859 0.922568 0.00929156 0.936943 0.00693538 0.0340111 4.63796 0
1.04638 0.961444 0.576665 0.994853 0.935642 0.0592114 0.949433 0.0268949 0.0198349 4.15613 0
1.04645 0.975075 0.58478 0.920531 0.915061 0.00546922 0.904285 0.0269789 0.0082894 4.17199 0
1.0349 0.950472 0.5796 1.028 1.00546 0.0225385 0.9403 0.0152253 0.0327295 4.88683 0
1.04779 0.96757 0.579172 1.05702 1.05139 0.00563361 0.846477 0.0285505 0.0140325 4.38953 0
1.02449 0.979145 0.606206 1.09518 1.08434 0.0108323 0.804559 0.00749834 0.00580321 4.38128 0
1.06652 0.965058 0.562513 1.02777 0.965073 0.0626985 1.10129 0.0553275 0.0162904 5.25045 0
1.02986 0.976936 0.600111 1.08659 1.08362 0.00296976 0.982214 0.0111498 0.00709783 5.08913 0
1.02431 0.963392 0.596614 1.05019 1.01067 0.0395197 0.829502 0.00738577 0.0178814 4.90685 0
1.03635 0.953015 0.57993 1.00725 1.00723 2.2291e-05 0.907368 0.0165185 0.0294556 4.89966 0
1.06337 0.959199 0.561585 1.03028 1.02941 0.000869192 0.967438 0.0502081 0.0222121 4.89317 0
1.0406 0.962901 0.582362 1.04173 1.02086 0.0208785 0.905434 0.0206047 0.0183638 5.07585 0
1.04991 0.962139 0.574179 1.04668 1.02565 0.021027 0.962835 0.0311372 0.0191267 4.54238 0
1.04533 0.979942 0.588648 1.02555 1.02553 2.31681e-05 0.922722 0.0256888 0.00536795 5.16286 0
1.06861 0.990734 0.575789 1.03772 1.017 0.0207148 0.977745 0.0588516 0.00114556 5.06812 0
1.04438 0.957033 0.575671 1.06356 1.02218 0.0413762 1.00374 0.024624 0.0246326 5.11702 0
1.05457 0.957988 0.567915 1.18439 1.13126 0.0531221 0.859512 0.0372274 0.0235496 5.11487 0
1.0341 0.965412 0.589389 1.11459 1.1082 0.0063913 0.939054 0.0145399 0.0159621 4.73912 0
1.03792 0.962915 0.584628 1.04018 1.02889 0.0112896 0.824337 0.0179728 0.0183502 5.10668 0
1.06236 0.968089 0.567597 1.19815 1.16283 0.0353181 0.921181 0.048624 0.0135867 5.12488 0
1.07093 0.955865 0.553721 1.21959 1.21959 5.85463e-06 1.08081 0.0628951 0.0259905 5.22865 0
1.05536 0.950574 0.562884 1.05068 1.0258 0.0248848 0.992176 0.0383179 0.0325957 5.17904 0
1.06343 0.967462 0.566375 0.96231 0.959344 0.00296521 0.914483 0.0503034 0.0141266 4.97216 0
1.05541 0.96009 0.568477 1.11313 1.11091 0.0022235 0.918497 0.0383892 0.0212521 4.92039 0
1.05891 0.941596 0.55477 1.22541 1.22444 0.000969575 1.00477 0.0433826 0.0455127 5.33692 0
1.07388 0.958635 0.553038 1.0093 0.993833 0.0154678 1.02879 0.0682383 0.0228301 5.12565 0
1.04539 0.957206 0.574944 1.06935 1.05964 0.00970593 0.894076 0.025752 0.0244354 5.09168 0
1.05399 0.956826 0.567695 1.30125 1.26929 0.0319649 0.949466 0.0364389 0.0248709 5.21055 0
1.07411 0.96107 0.554265 1.18892 1.12963 0.0592977 1.05851 0.0686632 0.0202211 5.39975 0
1.04974 0.970223 0.579138 0.977759 0.977727 3.18461e-05 0.9675 0.0309348 0.0118309 5.40761 0
1.05035 0.932607 0.556203 0.932551 0.932551 2.92477e-07 0.851103 0.0316925 0.0605998 5.18521 0
1.05661 0.954325 0.564107 1.18709 1.13757 0.0495266 0.945645 0.0400596 0.0278354 4.90041 0
1.05727 0.953427 0.563046 1.09116 1.07956 0.0116046 0.844042 0.0410042 0.0289417 5.22541 0
1.05574 0.936932 0.554512 1.22317 1.20213 0.0210362 1.00857 0.0388362 0.0530717 5.47872 0
1.07728 0.975366 0.560026 1.15931 1.10311 0.0561955 1.11175 0.0746688 0.00809674 5.71145 0
1.07822 0.967588 0.554836 1.24957 1.23553 0.0140413 1.05462 0.0764903 0.0140167 5.51425 0
1.06166 0.967874 0.568039 1.12511 1.12491 0.000199061 1.02209 0.0475262 0.0137705 5.64906 0
1.05419 0.952832 0.565165 1.0331 1.01984 0.0132557 0.917884 0.0367079 0.029685 5.20554 0
1.04843 0.955185 0.571234 1.10536 1.10448 0.000880488 1.01774 0.029321 0.0267979 5.48835 0
1.05563 0.940451 0.556677 1.19606 1.19404 0.00202042 0.934453 0.0386907 0.0473143 5.36934 0
1.04639 0.955258 0.57295 1.02384 1.0156 0.00824405 0.90329 0.026903 0.0267096 4.99636 0
1.03001 0.954974 0.586493 0.977617 0.962532 0.0150851 0.87999 0.0112613 0.0270503 4.56063 0
1.03644 0.954058 0.580484 1.0213 0.988125 0.0331783 0.911173 0.0166054 0.0281627 4.5293 0
1.03756 0.964685 0.586005 1.17071 1.15972 0.0109885 0.917359 0.0176365 0.01664 4.63462 0
1.04491 0.953141 0.572891 0.922032 0.906706 0.0153269 0.850359 0.0252189 0.029297 4.34418 0
1.03547 0.980054 0.597142 0.855233 0.85192 0.00331301 0.866547 0.0157313 0.0053081 4.03273 0
1.03229 0.967643 0.59231 0.933568 0.933477 9.14194e-05 0.799618 0.0130329 0.0139698 3.56663 0
1.01878 0.969981 0.605585 0.779013 0.754249 0.0247638 0.753512 0.00441102 0.0120235 3.63228 0
1.01971 0.980633 0.611403 0.835531 0.821345 0.0141856 0.717561 0.00485606 0.00500484 3.67089 0
1.02172 0.988099 0.614236 0.860772 0.849955 0.0108175 0.844766 0.00589963 0.00188986 3.97509 0
1.02581 0.982252 0.606954 0.822379 0.81416 0.00821902 0.855685 0.00833023 0.00420273 3.88851 0
1.04888 0.962112 0.575003 0.961455 0.925755 0.0357003 0.901504 0.029874 0.0191536 4.33735 0
1.03596 0.978412 0.595721 0.942248 0.932176 0.0100721 0.850678 0.0161655 0.00621844 4.3741 0
1.0354 0.970766 0.591547 1.05773 1.03929 0.0184476 0.871946 0.0156648 0.0114029 4.3417 0
1.0488 0.973038 0.5816 0.956127 0.940645 0.0154826 0.912527 0.0297752 0.00969928 4.22422 0
1.04053 0.944522 0.571301 1.2645 1.25171 0.0127925 0.878072 0.0205371 0.0410672 4.65573 0
1.04109 0.977582 0.59082 1.1019 1.06184 0.0400639 0.958604 0.021109 0.00670549 4.86409 0
1.05276 0.966477 0.574423 1.12744 1.08965 0.0377883 0.827477 0.0348018 0.0149942 5.20427 0
1.06817 0.961371 0.559066 1.12419 1.10591 0.0182728 0.99564 0.0581054 0.0199103 5.39434 0
1.06742 0.967751 0.563375 1.15077 1.12941 0.0213611 1.06238 0.0568206 0.0138767 4.85812 0
1.06172 0.968301 0.568241 1.11238 1.06131 0.051069 0.927813 0.0476191 0.0134072 5.43319 0
1.05628 0.953637 0.563959 1.15923 1.12776 0.0314705 0.995683 0.0396047 0.0286804 5.46319 0
1.04508 0.9609 0.57742 1.15981 1.1574 0.00241247 0.941249 0.0254017 0.0203982 5.40105 0
1.06783 0.956996 0.556795 1.32157 1.2935 0.0280791 1.05058 0.0575123 0.0246751 5.724 0
1.05709 0.945507 0.558509 1.15578 1.15532 0.000460278 0.978615 0.0407508 0.0396207 5.70406 0
1.04777 0.950231 0.568808 1.1538 1.15155 0.00224647 0.983 0.0285292 0.0330492 5.28957 0
1.06826 0.942829 0.548216 1.33387 1.24679 0.0870786 1.07393 0.0582554 0.0436107 6.23348 0
1.06861 0.952719 0.5537 1.17627 1.10742 0.0688493 1.01358 0.0588424 0.0298272 5.31271 0
1.07417 0.953345 0.549764 1.13571 1.06878 0.0669215 1.05504 0.0687737 0.0290434 5.0117 0
1.0566 0.94174 0.556675 1.28896 1.26956 0.019403 1.04864 0.040047 0.0452877 5.80869 0
1.07364 0.950783 0.54869 1.21741 1.19426 0.0231439 1.02233 0.0678003 0.0323199 5.39459 0
1.06175 0.954042 0.559849 1.14541 1.13533 0.0100817 0.979246 0.0476664 0.028182 5.6018 0
1.05574 0.950619 0.562612 1.0922 1.08816 0.00404365 1.01891 0.0388362 0.0325361 6.15419 0
1.08944 0.960664 0.542374 1.21219 1.16145 0.0507384 1.0202 0.10002 0.0206455 5.58931 0
1.05633 0.956239 0.56546 1.2405 1.22164 0.0188598 0.96116 0.0396695 0.0255519 5.68967 0
1.06707 0.973265 0.56686 1.02738 1.00282 0.0245529 1.04414 0.0562411 0.00953666 5.45794 0
1.04542 0.94177 0.565646 1.13527 1.09636 0.0389151 1.00585 0.0257893 0.0452421 5.06866 0
1.04089 0.948617 0.573483 1.06855 1.06093 0.0076216 0.832636 0.0209004 0.0352272 4.95691 0
1.03653 0.978976 0.595574 0.93622 0.933848 0.00237231 0.887694 0.0166808 0.00589766 4.38678 0
1.05175 0.972401 0.578778 1.06754 1.05433 0.0132115 0.896858 0.0334808 0.0101634 4.84574 0
1.04284 0.975371 0.588001 1.02018 1.01037 0.0098094 0.886944 0.0229441 0.00809387 4.53812 0
1.06359 0.951416 0.556858 1.01392 1.00593 0.00798995 0.987945 0.0505546 0.0314937 4.59948 0
1.03848 0.962842 0.58411 1.14466 1.12876 0.0158989 0.984597 0.0185097 0.0184224 4.26989 0
1.07307 0.957025 0.552735 1.16476 1.16431 0.000455378 0.982358 0.0667488 0.0246421 4.32455 0
1.0347 0.96557 0.588977 0.983121 0.973728 0.00939345 0.847569 0.0150518 0.0158168 4.43113 0
1.04273 0.951179 0.573504 1.02314 1.01427 0.00886188 0.861132 0.0228314 0.031803 4.66453 0
1.02978 0.962127 0.591088 1.09522 1.07863 0.0165949 0.957073 0.0110859 0.0191385 4.67486 0
1.0415 0.971379 0.586729 1.02152 0.980986 0.0405369 0.912502 0.0215278 0.0109296 4.44453 0
1.04269 0.97264 0.586479 1.05063 1.04544 0.00518412 0.853562 0.0227878 0.00998774 4.46103 0
1.04181 0.96633 0.583418 1.05251 1.05244 7.33438e-05 0.8542 0.0218511 0.0151265 4.65092 0
