-0.0738266 -0.0799805
0.162976 0.134482
0.0258616 0.0860842
0.0406309 0.0616994
0.0395449 0.000954401
0.0123154 0.0324393
-0.0872258 -0.083166
-0.00806558 -0.0367569
0.300688 0.301519
-0.0258298 0.00778222
0.010744 -0.00152134
0.0525596 -0.0603716
0.0195635 0.025188
-0.0165594 -0.0500498
-0.359637 -0.376572
-0.111388 -0.0765389
-2.2363e-05 0.0238409
0.0367622 0.0523654
0.0202552 -0.0606575
-0.068662 -0.100719
0.315189 0.338876
0.126661 -0.00312113
-0.0782763 -0.0672387
-0.0197377 -0.00638664
-0.0063246 0.0410503
-0.00202224 0.00556795
0.0102808 0.0256576
-0.00963093 -0.0268541
-0.0103746 -0.0257352
-0.00385793 -0.00586603
0.0881232 0.106992
0.0192162 0.0473892
0.00972992 0.0243988
-0.060233 -0.0788214
-0.110962 0.0282704
-0.0167055 -0.050227
0.0692369 0.082417
0.0553202 0.0790154
-0.00468961 -0.0118603
0.0173832 0.0457386
-0.0289642 -0.0470872
-0.0258528 0.01613
0.0692837 0.0824561
-0.0941258 -0.114749
0.0743502 -0.00653714
-0.0136065 -0.0347704
-0.0599699 -0.0785676
-0.163304 -0.13464
-0.0120768 -0.0311597
-0.258578 -0.234004
-0.009632 -0.0268557
-0.426762 -0.430314
0.195483 0.161544
-0.0095689 -0.0254907
-0.00585678 -0.00705974
-0.00065466 0.0114805
0.152476 0.14273
-0.00975353 -0.0243861
-0.00235292 -0.00986226
-0.0695518 -0.00266084
0.0611038 0.0720409
0.196794 0.161962
-0.00712927 -0.0793074
-0.473828 -0.496628
0.0107635 -0.00151744
0.0380274 0.0397779
0.0170339 -0.0233049
0.0100344 0.0773733
-0.212982 -0.199219
-0.0484792 -0.0527002
-0.154067 -0.156425
-0.00669359 -0.0176168
-0.0712718 0.0403692
0.258546 0.234124
-0.000638652 -0.00302592
0.11967 0.101515
-0.0235904 -0.0598478
0.346185 0.372175
-0.00495262 -0.0113155
-0.0177363 -0.0303224
0.0813447 -0.0375435
0.0713315 0.0472983
-0.000621312 -0.00301242
-0.0777883 -0.0833504
-0.0367651 -0.0523337
0.00967426 0.0256385
0.0235329 0.000337081
0.00487402 0.0111918
1.35087e-05 -1.56319e-06
-0.00605734 -0.00408043
0.0840136 0.0934281
-0.0118034 -0.0291617
-0.00662284 -0.0267876
0.0649643 -0.032884
-0.140707 -0.00217938
-0.116337 -0.00304723
0.334003 0.302147
-0.0294134 -0.0350826
-0.0445976 -0.0390712
0.0284181 -0.0630679
1.53091e-06 7.81597e-07
-0.00158846 -0.00363428
-0.000924767 0.00166963
0.00268632 0.00544908
0.196673 0.209696
-0.196593 -0.161511
0.00301006 0.00692268
0.00470215 0.0118849
0.0544942 0.0823603
-0.111079 0.0281951
-0.0380264 -0.0397747
0.0057753 0.0143214
-0.0525008 0.0604625
-0.0607607 -0.0644219
0.00303536 0.00694612
-0.0195636 -0.0251818
-0.012849 -0.0718779
-0.0017264 0.00336556
0.0193228 0.0570173
0.000920612 -0.00165443
-0.105826 -0.129508
0.0542475 0.0821215
0.0169438 0.035234
0.105752 0.129493
-0.194318 -0.158975
0.0235829 0.0334884
-0.0477596 -0.0456129
0.0199218 -0.0609229
-0.014393 -0.0376226
0.0367509 0.0523544
0.0078557 7.87992e-05
-0.0115012 -0.0162319
0.0815601 -0.0373456
-0.0235594 -0.0334538
-0.0134509 -0.0343715
0.148062 -0.00272578
0.00669898 0.0789321
-0.00971652 -0.0201409
-0.164161 -0.138272
-0.31478 -0.338241
-0.133002 -0.0805044
-0.116236 -0.00304524
0.134023 0.104045
0.0163405 0.0498754
0.00590019 0.00710429
0.0486011 0.0528219
0.060357 0.0791077
0.0599404 0.0786994
-0.134155 -0.104175
0.0782509 0.00120934
0.0898399 0.0935179
0.177152 0.124147
-0.0670023 -0.120331
-0.014826 -0.0686623
0.314973 0.338655
-0.0553995 -0.00194333
-0.00954392 -0.0241636
0.010204 -0.0170036
0.00961328 0.0255818
0.0108054 -0.0015104
-0.35992 -0.343425
0.101236 -0.00887297
0.359617 0.376742
0.0414558 0.0489126
0.0776835 0.0741085
-0.0101651 -0.0643826
0.0191091 0.0472858
-0.047962 -0.105132
0.14054 0.00481755
-0.0286942 0.0627828
0.055426 0.0791039
0.0195731 0.0251961
0.00797256 0.0472837
-0.0170954 0.0232315
-0.00546772 0.0102087
-0.0211501 -0.0271392
0.0205071 0.0510653
0.427228 0.430976
-0.01438 0.027914
-0.246628 -0.263839
0.0150811 0.0690198
-0.0134858 -0.0346492
0.154222 0.156667
0.0237785 0.0637321
-0.000988597 -0.00278192
-0.00590286 -0.00710465
0.119559 0.101401
0.000122246 0.00728917
0.0940487 0.114707
-5.6006e-07 -1.7053e-06
-0.246398 -0.263616
0.00963703 0.0268663
-0.00787459 -0.0365418
-0.177119 -0.124006
-0.0149169 -0.0477996
0.00658499 -0.0634031
-0.0602767 -0.0788585
-0.0032962 -0.056029
-0.0695704 -0.0826152
-0.012748 0.0218695
-0.199068 -0.158633
-0.163166 -0.134505
-0.265481 -0.252975
0.00629036 -0.0410562
-0.0343406 0.0675968
-0.111103 0.0101143
0.0785333 0.0675605
-0.104978 0.00864119
0.0117468 0.0291551
0.00355008 0.00117829
-0.35094 -0.376874
0.0607196 0.064393
0.00498699 0.0207834
-0.18366 -0.139044
0.0714092 0.0473673
0.0173465 0.0457123
-0.0143998 -0.0376257
-0.0257405 0.0681582
-0.00233863 -0.00985359
-0.0259357 0.0679734
-0.0256232 0.0682692
-0.0259433 0.0679762
-0.0433357 0.0296673
0.12787 0.121415
-0.0881681 -0.106986
0.105395 0.000270575
-0.104741 -0.099692
0.0649656 -0.0328637
-0.00781812 -6.06803e-05
-0.345891 -0.371607
0.0235851 0.0334933
-0.366751 -0.349026
-0.0125762 -0.0180506
-0.0169598 -0.0352244
0.0397437 0.0314617
-0.04336 0.0296333
0.0114988 0.0162355
0.102051 0.0031735
-0.00578165 -0.0143082
-0.00954688 -0.0254691
0.183826 0.139246
0.100806 -0.0303282
0.0169988 -0.0233351
0.152494 0.14273
-0.0189174 0.0566976
3.3412e-05 -0.0238308
-0.0023339 -0.00984969
-0.113513 -0.0938019
0.0671761 0.120651
0.0813982 -0.0374821
-0.00172963 0.0033738
-0.000622822 -0.00301497
0.0257655 -0.00779174
-0.334095 -0.302004
-0.153705 -0.140367
0.00586053 0.00706144
-0.00355625 -0.00119925
-0.0478839 0.0266724
-0.00441341 -0.0177246
-0.00738023 -0.0178604
-0.0153442 -0.0170926
-0.0133728 -0.0724301
0.350724 0.376961
0.0098085 0.0244674
0.00487412 0.0111947
0.0125494 0.0180422
-0.0235121 -0.000327844
-0.0215396 -0.0579054
-0.196282 -0.161199
-0.0258752 0.00775927
-0.152393 -0.142573
0.199001 0.158634
-0.148102 0.00266709
0.0396871 0.046929
0.113428 0.0939009
0.395401 0.401409
-0.0285256 -0.0429988
-0.366724 -0.348999
0.0530142 -0.0599059
-0.0784849 -0.0674449
-0.0287458 -0.0468737
0.145303 0.137332
-0.395087 -0.40094
-0.113286 -0.0935751
-0.0870885 -0.0830659
0.193512 0.169205
-0.140656 -0.00217042
0.00589553 0.00709584
-0.0721814 -0.0538978
-0.0258193 0.00779927
-0.0148551 -0.0380663
-0.0848428 -0.0941055
-0.083734 -0.0929494
0.163527 0.135043
0.309415 0.295831
0.0285197 0.0430236
0.314744 0.338432
-0.104754 -0.0997058
-0.0225384 -0.0665853
-0.0662722 0.0262984
-0.140619 -0.00485898
-0.309639 -0.295901
0.0143223 -0.0279483
-0.367418 -0.348998
0.0237952 0.0314451
-0.00586814 -0.00706919
0.0870896 0.0830724
-0.0029962 -0.00690505
0.00783861 7.2049e-05
-0.000992267 -0.00279201
0.0641607 -0.051956
0.202751 0.203653
0.00938065 0.0782913
-0.0775254 -0.083094
-0.047754 0.0267244
-0.148067 0.00272905
0.0447013 0.0519734
-0.00978761 -0.0770324
0.0171248 -0.0232086
0.0787085 0.0899402
0.0211342 0.0747649
0.0126544 -0.076331
0.12655 0.10286
0.0786727 0.089949
0.179965 0.157724
0.105343 0.000267875
0.0235147 0.0610265
-0.0104097 -0.0257689
-0.0776888 -0.0741019
0.0235656 0.0635455
-0.0153754 -0.0171208
-6.67343e-07 1.42109e-07
-0.00894745 -0.0238252
0.0153634 0.0171045
0.185768 0.153851
-0.0663704 0.026281
0.144971 0.135667
0.0841532 0.0935559
0.0116974 0.0291041
0.0736702 0.0798671
-6.37229e-06 -7.95808e-06
0.0285091 0.0430163
-0.00298381 -0.00688502
0.0119534 0.0310823
0.198746 0.158352
0.110937 -0.0282684
-0.0691455 -0.082196
0.020952 0.0269863
-0.0397637 -0.0314695
-0.0125011 -0.0180258
0.074365 -0.00652705
0.0646935 0.0735901
-0.00449326 -0.0177929
0.0674199 0.120927
0.00857413 0.0760794
0.0101281 0.0643621
0.341739 0.326844
0.0332562 -0.0491595
0.335064 0.360318
-0.185957 -0.153847
0.0871366 0.0831153
0.0782579 0.00121247
-0.00737741 -0.0178467
-0.140573 -0.00484306
0.00452635 0.017836
0.197012 0.210029
-0.00662929 -0.0267774
-0.0198616 -0.0575197
0.0722753 0.0540044
0.0145887 0.0474527
-0.00778992 -0.0470477
-0.0235264 -0.00034035
0.047735 0.0455993
0.0776556 0.074086
0.0257225 -0.0681388
0.359653 0.376779
0.0185514 0.0688386
-0.00267616 -0.00543423
0.0143518 -0.027951
0.246648 0.264033
-0.102039 -0.00316859
0.0312508 0.0763328
0.141278 0.125572
0.322433 0.29242
0.183728 0.13916
0.00266635 0.00691116
0.00634027 0.0127257
-0.346321 -0.372024
0.150557 0.00484285
1.13086e-06 4.26326e-07
0.0339432 -0.0679348
0.193939 0.169598
-0.017238 -0.0427345
5.6009e-05 1.44951e-05
0.00678864 0.0790388
-0.180212 -0.15796
0.126636 -0.00314103
-0.00971051 -0.0201379
-0.0435839 0.0293383
0.0553839 0.0019255
0.00198215 -0.00560789
0.300269 0.301114
0.00563588 0.00933298
-0.0155597 -0.0694793
0.00354579 0.00118462
0.0761938 0.0663975
0.00602729 0.00406025
-0.085337 -0.0189249
-0.150537 -0.00486246
-1.69449e-06 0.023835
-0.212965 -0.199218
-0.202737 -0.20361
0.0236053 0.0599403
-0.145392 -0.137364
0.00660865 0.0267775
-0.0776484 -0.0740727
-0.0200383 -0.00667967
-0.0887815 -0.0732491
0.0650513 -0.0328355
-0.0908363 0.00267534
0.0412212 0.0486831
-0.0129303 0.0761199
-0.0258771 -0.0320052
-0.00964714 -0.0242818
-0.145419 -0.137406
0.102048 0.00320185
0.0397602 0.0314655
0.426979 0.430744
0.0171813 0.0427389
-0.0198998 -0.00654722
-0.0153173 -0.038671
-0.060734 -0.0643973
0.100356 -0.0274662
-0.0607999 -0.0644273
-0.34642 -0.372127
0.0114958 0.0162268
0.0339382 -0.0679641
0.000968392 0.00276273
0.360343 0.344035
0.193713 0.169417
-0.194442 -0.159108
-0.150554 -0.00491148
-0.0639231 0.0522112
0.0125634 0.0180609
0.0396891 0.0469193
-0.177013 -0.123868
0.127875 0.121423
0.102049 0.00317556
0.104742 0.09971
0.0435215 -0.0294087
-0.0295998 -0.0352645
0.0259402 -0.0159304
0.0101648 -0.0170517
-0.0129568 -0.0719903
-0.334221 -0.302131
-0.105729 -0.12947
0.0663731 -0.0262284
-0.00669375 0.0632933
-0.133892 -0.103841
0.1768 0.123763
-0.00562052 -0.00931074
-0.00980068 -0.0686828
-0.0479668 0.0266284
-0.0235133 -0.0597743
0.0887182 0.0733315
-0.00662996 0.0633537
0.0287471 0.0469147
-0.0134907 0.0210738
0.0234093 0.0597619
-0.153745 -0.140412
-0.145408 -0.137382
-0.0439699 -0.0511497
0.0133406 0.0345328
0.0091514 0.0780491
-0.0142399 -0.0374708
-0.00492881 -0.0112927
0.36671 0.349211
-0.100686 0.0304414
0.00172058 -0.00337309
0.0533816 0.062064
0.186248 0.154338
-0.181108 -0.135991
-0.126908 -0.103072
0.0188763 0.0470592
0.0258409 -0.00778293
-0.195826 -0.161666
-0.00264947 -0.00689553
-0.0412856 -0.0487248
0.151617 0.158912
0.154043 0.156489
0.0347431 -0.0671312
-0.0615337 -0.0747262
0.00637461 -0.0409731
-0.134164 -0.104164
0.0647469 0.0736449
-0.0697272 -0.0827551
0.0121865 0.0313248
-0.193734 -0.169358
0.0778222 0.0834768
-0.0286453 0.0627975
0.0268807 -0.0149599
-0.153644 -0.140298
-0.101179 0.00891887
-0.105335 -0.000254801
0.309844 0.296243
-0.00864533 -0.0760816
-0.044517 -0.0389929
-0.183735 -0.139123
0.395119 0.401094
0.421859 0.422114
0.150568 0.00483951
0.0258812 0.0320152
-0.258491 -0.23392
0.0154212 0.0388489
-0.335147 -0.360136
0.0211709 0.0271939
0.00267289 0.00691927
0.0497962 -0.00983306
-0.0208463 -0.0513369
-0.0395623 -0.000961222
-0.0880695 -0.106865
-0.154227 -0.156581
-0.0190717 0.0565853
-0.004948 -0.011302
-0.133301 -0.0808021
0.163723 0.137894
0.0238807 0.0638464
0.0695076 0.00267349
0.0322401 0.0773602
0.144741 0.135449
-0.0817693 0.0371319
-0.0054898 0.0101867
2.69294e-06 4.1922e-06
-0.00792604 -0.036611
-0.32225 -0.292022
0.140969 0.125253
0.0177633 0.0373625
-0.0134668 -0.0343843
-0.314806 -0.338269
-0.128805 0.00224077
-0.00354955 -0.00118725
-0.0405642 -0.0616143
-0.0367592 -0.0523305
0.0479965 -0.0266194
-0.0156314 -0.0396048
0.0445732 0.0390553
0.0714004 -0.0402048
0.000165079 0.00729322
0.185889 0.153979
0.0763385 0.0665457
0.00969592 0.0269338
-0.196242 -0.16116
0.346234 0.372227
0.0774552 0.08312
-0.202651 -0.2035
0.00462164 0.0118043
-0.0220859 -0.0661143
-0.00702436 -0.0791964
-0.00563532 -0.00932872
-0.213046 -0.199292
-0.0446713 -0.0518895
-0.0114813 -0.0257042
-0.0049769 -0.0207802
0.0211664 -0.00693376
-0.0643042 0.051819
-0.00632913 -0.0127089
-0.0776623 -0.0740884
0.196614 0.161784
0.285532 0.306593
-0.113199 -0.093495
-0.367052 -0.34935
-0.0314318 -0.0764155
-0.00265172 -0.00689482
-0.199071 -0.158599
-0.0201527 -0.0506314
-0.0115408 -0.0257651
-0.00361368 -0.0109506
-0.0367577 -0.0523258
-0.0176073 -0.0211563
-0.111053 0.0101437
0.00598018 0.00401705
0.0731943 0.0794455
-0.473823 -0.496625
0.0255573 0.0857942
0.113594 0.0940646
-0.0792277 -0.0609008
-0.0140644 -0.07316
0.0115039 0.0162407
-0.0673934 -0.120722
0.196596 0.209613
0.101099 -0.00895255
-0.0671787 -0.12053
0.197947 0.208038
-0.0108071 0.00150898
5.67978e-06 2.41585e-06
-0.0293515 -0.0350219
0.150609 0.00485365
0.0290986 0.0472788
0.00265446 0.00541476
-0.0785242 -0.0674854
0.0613717 0.0746734
-0.0049016 -0.0206836
-0.0791497 -0.0608239
0.00380925 0.00585935
0.00912679 0.0679854
0.0238359 0.0314517
0.00634056 0.0127282
-0.0782809 -0.00121929
0.0114499 0.0257136
-0.017674 -0.0372178
0.0161088 0.0154053
-0.040171 -0.0518055
-0.012144 -0.0322031
-0.0236828 -0.0611047
-0.0485774 -0.0527943
0.0554228 0.0019589
-0.000718881 0.0114169
0.0153848 0.0171318
0.0238675 0.0314782
0.00910634 0.0240215
-0.0234173 -0.0632988
-0.258632 -0.23406
-0.00471484 -0.011887
-0.0797477 -0.0908955
0.010258 0.0256293
-0.0553338 -0.0789889
0.19349 0.169154
0.00795073 0.0366593
-0.341855 -0.326801
0.0147041 0.0475794
0.15369 0.140437
-0.0147764 -0.0379849
0.44523 0.466886
0.0199667 0.0505195
0.0696137 0.002699
0.0839216 0.0933096
0.0102637 -0.0169416
0.334729 0.359986
-0.0614861 -0.072316
0.0477473 0.045612
-0.0234419 -0.0597044
0.0210635 -0.00695991
2.99912e-05 2.70006e-06
0.0285018 -0.0629532
-0.0148469 -0.038052
0.0498597 -0.00968754
0.0441182 0.0513715
0.0144552 0.037765
-0.322352 -0.292138
-0.0743603 0.00653174
0.013572 0.0345601
-0.00378157 -0.0565434
0.0172578 0.035552
-0.309385 -0.295647
-0.300479 -0.301194
-0.246873 -0.264083
-0.0238676 -0.0637678
0.258314 0.233877
-0.0476017 -0.104756
0.265667 0.253305
-0.186036 -0.153926
0.140665 0.00217014
-0.194402 -0.159061
-0.126603 0.00319432
0.395674 0.401681
-0.105753 -0.129433
-1.15444e-05 -3.41061e-06
0.181495 0.136514
0.0395348 0.000948432
0.309709 0.29612
0.0264486 0.086733
0.111454 0.0766581
-0.0518242 -0.0930076
-0.0692196 -0.101265
-0.0554214 -0.00194269
-0.0187537 -0.046843
0.1326 0.0802004
-0.163882 -0.138034
-0.0673532 -0.120684
0.0187603 0.0690255
0.0257903 -0.00779252
0.126659 -0.00308233
0.0030077 0.0069204
-0.0121488 -0.0322048
0.300336 0.301143
0.105366 0.00026148
-0.0313899 -0.0764069
-0.176681 -0.123522
-0.0115831 -0.0289437
-0.300213 -0.300938
0.0199145 -0.0609138
-0.094162 -0.114705
0.427255 0.43104
0.0789807 0.0607906
-0.0150303 -0.0337506
0.163118 0.134625
0.116253 0.00304638
-0.0135482 0.0210149
0.0135956 0.0347922
0.0542326 0.0821004
0.0887751 0.0733898
-0.00577123 -0.0142919
0.0144724 0.0377547
-0.111128 -0.0762677
-0.0210363 0.00696161
0.0015724 0.00361879
-0.0743661 0.00652562
-0.0640253 0.0521332
0.0777225 0.0833757
0.00014726 -0.0237056
-0.0781891 -0.0671544
0.00267284 0.00543814
-0.0197868 -0.00643269
-0.0396441 -0.0468793
0.300346 0.301209
9.75269e-06 9.66338e-06
0.0210262 0.0746613
-0.110987 0.0101902
-0.202689 -0.203549
-0.0553578 -0.00192507
0.013524 0.0347231
-0.153622 -0.140283
0.0077544 4.83169e-05
0.0142758 -0.027971
-0.181258 -0.13613
-0.0818426 0.0369948
0.00359403 0.0012335
0.0738978 0.0801563
-0.154402 -0.156786
0.16406 0.13824
0.013612 0.0348085
-0.0485623 -0.0527818
-0.00442206 -0.0177233
0.0177082 0.021259
-0.0235592 -0.0334529
0.0176828 0.0302959
0.00442487 0.0177418
-0.0236068 -0.0634887
0.126489 0.102797
-0.0380266 -0.0397765
0.163783 0.137942
-0.0897784 -0.0934256
0.145382 0.137403
-0.0533456 -0.0619897
0.0203651 0.0509128
-0.101167 0.00892925
-0.0646321 -0.0734678
-0.0397062 -0.0469373
7.83973e-06 6.39488e-06
0.0517733 0.0930563
-0.0235254 -0.00033026
0.00262456 0.00687933
-0.285668 -0.306528
0.00642177 -0.0409113
-0.049744 0.00982851
0.0490436 0.106371
0.00383959 0.00586695
0.111352 0.0765127
-0.395457 -0.401307
-0.0161409 -0.040105
0.198727 0.15831
-0.198832 -0.158355
-0.10097 0.0301412
0.00990593 0.068809
-0.300139 -0.300895
0.064028 -0.0521372
-0.0238695 -0.0314807
0.00363475 0.0109675
0.017331 0.0456869
-0.00949851 -0.0267121
-0.0782422 -0.00121929
0.000134193 0.00728683
0.0285612 0.0430651
-0.0340044 0.0680338
0.0405724 0.0616722
-0.000650451 0.0114643
0.00160088 0.00364579
-0.0963963 0.0164972
0.0380257 0.039775
0.196343 0.16151
0.00560658 0.00929944
0.0530739 0.0617611
0.0177268 0.0303359
0.0397135 0.0314188
0.346013 0.372001
0.00065257 -0.0114829
0.140643 0.00217554
0.0293903 0.0350737
-0.039528 -0.00094829
0.0295588 0.0352341
-0.0405302 -0.0616215
0.0743761 -0.0065269
0.0260688 -0.0157802
-0.16328 -0.134616
0.0231039 0.0605921
0.00959772 0.0268348
-0.246251 -0.263471
-0.0896153 -0.0932855
4.23157e-05 0.0790252
-0.127877 -0.121392
-0.151628 -0.158872
0.102039 0.0032081
-0.104756 -0.099697
0.00550013 -0.0101747
0.128896 -0.00214172
0.0149995 0.0337797
-0.140722 -0.00218563
-0.258557 -0.233993
0.20271 0.203634
0.00873853 0.076192
-0.0236049 -0.0610251
0.0290651 -0.0623496
0.0142997 0.0376144
-0.101286 0.00886359
-0.00657223 -0.0787548
0.0116841 0.0290966
0.0964072 -0.0164704
-0.322615 -0.292412
-0.265293 -0.252797
0.0784654 0.0674856
-0.0715538 -0.0475416
0.0553938 0.00194312
0.00266786 0.00543409
0.0128539 -0.0216697
-0.0608728 -0.0740769
-0.126182 0.0173978
-0.193748 -0.169404
-0.0076344 -0.0468533
-0.0488392 -0.106053
-0.026648 -0.0868475
-0.0115105 -0.0162386
0.0880317 0.106867
-0.0714047 -0.0473588
-0.074333 0.00654168
0.0161032 0.0154037
0.258657 0.234249
0.0478766 -0.026651
0.00677237 -0.063183
0.111039 -0.010138
0.0167203 0.0422619
-0.0497817 0.00979114
-0.012577 -0.0180623
-0.0545705 -0.0822276
-0.0161002 -0.0153975
-0.0258536 0.0161438
-0.19569 -0.161535
0.111144 0.0763381
0.0132665 -0.0212451
0.116317 0.00304127
0.0642482 -0.0518491
0.0692513 0.0824623
0.00791588 0.0366045
0.0072142 0.0177054
0.141232 0.125529
-0.0274908 0.0279768
-0.011733 -0.0290859
0.0261803 -0.0677205
-0.00778965 -6.27409e-05
0.0235503 0.0635058
-0.00478401 -0.0110916
0.0624194 0.0941824
0.00962104 0.02558
0.113174 0.0936529
0.0871936 0.0831561
-0.0100312 -0.0253613
-0.0258883 -0.0320179
0.0622369 0.0939853
0.0149105 0.0383331
0.0177172 0.0373184
-0.36003 -0.34352
-0.421655 -0.421715
-0.163764 -0.137938
-0.334587 -0.359583
0.00799301 0.0472713
-0.0714956 0.0401079
-0.00157608 -0.00362249
-0.0397153 -0.0314093
1.03696e-06 7.81597e-07
0.00656338 -0.0633928
0.00969957 0.0686542
0.0851119 0.018746
0.00780758 0.0364749
-0.179947 -0.157704
-0.0152858 -0.0691817
0.0196694 0.0573534
-0.128866 0.00225342
0.194616 0.159541
0.00696194 -0.062961
0.350818 0.377055
-0.128774 0.00234095
-0.0200606 0.060775
0.00559989 0.00929212
-0.078239 -0.0012038
-0.0319335 -0.0769978
-0.00844836 -0.0759245
0.000132755 -0.0788348
0.34173 0.326817
0.00649009 0.0266424
0.0485715 0.0528004
0.145402 0.137436
-0.0395999 -0.000994334
0.00362987 0.0109702
0.019066 -0.0565619
0.00355862 0.00119933
-0.00566212 -0.0141885
-0.0066215 -0.0175498
-0.00259916 -0.00686356
-0.0189371 -0.0470288
-0.0274899 0.0279361
-0.0840909 -0.0933339
0.0129476 0.0720836
0.0723231 0.0540638
0.0200076 -0.0608584
0.00488964 0.0112549
-0.0964001 0.0165103
0.00226891 0.00978488
0.00971493 0.0201652
-0.0341152 0.0678801
0.0258902 0.0320225
-0.0230417 -0.0594834
-0.00642431 0.0635916
0.334292 0.302449
-0.000560756 0.0115829
-0.00971613 -0.0256324
-0.0101713 0.017033
-0.367296 -0.348882
0.00852964 0.0760192
-0.0497369 0.00984187
-0.162911 -0.13425
-0.0620581 -0.0935604
0.0153517 0.0171008
-1.1119e-06 -1.13687e-06
-0.0625794 -0.0940769
0.012016 0.031158
0.0145605 0.0474246
-0.0621508 -0.0936579
-0.177283 -0.124193
-0.0266097 0.0153743
0.128873 -0.00215991
-0.100426 0.0273723
-0.0625909 -0.0940828
-0.00956244 -0.0241937
-0.360272 -0.343781
-0.0722392 -0.053964
-0.0175749 -0.0211263
-0.0481475 -0.105343
0.0408099 0.0619254
-0.0125972 0.0764307
-0.105677 -0.129371
0.00630705 0.0126965
-0.427131 -0.430708
0.194198 0.159116
-0.265632 -0.253141
0.00444652 0.017746
0.00603976 0.00406914
0.00443622 0.0177512
0.426925 0.430649
0.322508 0.292499
0.0842262 0.110265
0.0713377 -0.0402572
-0.0234936 -0.000325429
-0.0144265 0.02789
-0.334626 -0.35962
-0.0238046 -0.0314601
-0.0285174 0.0629606
-0.096502 0.0164121
0.00360925 0.0109506
-0.100965 0.0301691
0.0761338 0.0663412
-0.309717 -0.295994
0.0113633 0.0256269
0.0721884 0.0539146
0.0102057 0.0644152
0.0908613 -0.00269395
-0.00942709 -0.0782426
-0.0792288 -0.0903225
0.0211738 -0.00690932
0.0234997 0.000331681
-0.047759 -0.0456148
-0.0176028 -0.037146
0.164066 0.138223
0.0198333 0.00661004
-0.0220878 -0.0661244
0.00643694 0.0786566
0.0908077 -0.00274326
-0.011316 -0.0255466
0.0274363 -0.0280269
-0.00660122 -0.0175274
-0.0518867 -0.0931199
-0.0711409 -0.0470592
0.0554553 0.0791069
0.113465 0.0939416
0.00509635 0.0208952
0.00229145 0.00980819
-0.0193377 -0.0569714
0.0498319 -0.00972705
0.0160759 0.0401023
-0.0101625 0.0170677
-0.100609 0.0271115
0.0285977 0.0467989
0.163166 0.134679
0.360069 0.343772
0.0401815 0.0518335
-0.193747 -0.169311
-0.0941732 -0.114725
-0.00382025 -0.00586361
0.133151 0.0807982
-0.0335174 0.0489086
-0.00100099 -0.00279996
0.00891399 0.0238346
-0.0127119 0.0763018
-0.144944 -0.135545
-0.0167132 -0.0502766
0.0212548 0.0748776
-0.180225 -0.157947
-0.0477482 -0.0456075
0.18043 0.135388
-0.44529 -0.466704
0.0367427 0.0523464
0.0526336 -0.0602796
-0.0645796 0.0515247
-0.00267231 -0.00543167
-0.00462676 -0.0117932
-0.144776 -0.135386
-1.29173e-06 -1.20792e-06
-0.0528125 0.0601069
-0.0782747 -0.00122924
-0.197004 -0.209855
0.0095571 0.0268014
-0.00172071 0.00337039
0.0341572 -0.0677201
-0.196461 -0.209321
-0.00160538 -0.00365205
0.28553 0.306589
0.0787245 0.0899885
0.0907048 -0.00275833
-2.33502e-05 -1.15108e-05
0.000978941 0.00277765
-0.0015621 -0.00360814
-0.0612391 -0.0744643
-0.0554118 -0.0790482
0.148193 -0.00261892
-0.0207749 -0.0743306
-0.0258411 -0.085989
-0.126357 -0.102524
0.116278 0.00306187
0.0966394 -0.0161926
-0.0166853 -0.0449911
-0.0142897 -0.0374956
0.202751 0.203705
0.213043 0.199409
-0.341799 -0.326726
-0.105328 -0.00025949
0.196168 0.161328
0.11107 -0.0101363
-0.0225493 -0.0665934
-0.0407752 -0.0618398
0.0235523 0.000346319
0.0141202 0.0733063
-0.0820853 0.0368352
-0.000106837 -0.00725272
-0.144587 -0.135211
-0.00930847 -0.0765668
0.00169031 -0.00338289
-0.105382 -0.000266596
-0.0103201 0.0168819
-0.202813 -0.203709
0.0477546 0.0456133
-0.127832 -0.121355
-0.00384821 -0.00586063
-0.0093943 -0.0766462
0.180134 0.157923
0.0841886 0.110224
-0.0715904 0.0399915
0.133921 0.103948
-0.0908981 0.00262617
-0.00663621 -0.017565
0.185713 0.153797
-0.0019466 0.00566288
-0.00505531 -0.0208746
0.0546644 0.0825332
0.0147498 0.0380321
0.0625391 0.0942957
0.0677808 0.121274
-0.0176859 -0.0372252
-0.0176758 -0.0212233
0.0397535 0.0314793
4.52337e-06 3.69482e-06
0.128816 -0.00229065
0.0117229 0.0291382
0.00621281 -0.0411465
-0.00360307 -0.0109367
0.0175874 0.0302038
0.00463731 0.0118145
0.246341 0.263734
0.366728 0.349236
-0.0175465 -0.0370868
0.00353014 0.0562806
0.265741 0.253367
0.0293885 0.0350681
-0.0787748 -0.0898719
-0.0339275 0.0679927
-0.00302674 -0.00693447
-0.0721492 -0.0538682
0.0107324 -0.00151985
0.105802 0.129494
-0.127879 -0.121413
0.064437 0.0733391
-0.0171427 0.0232208
0.0484286 0.0526654
0.144824 0.135522
0.0218755 0.0659659
0.00501385 0.0208304
0.079177 0.0609842
-0.0237875 -0.0314454
0.0895963 0.093303
-0.0615682 -0.074814
0.0644266 0.0733287
-0.202967 -0.170761
-0.00660459 -0.0787879
-0.0762474 -0.0664325
-0.0869382 -0.0829434
0.0714735 -0.0401194
0.203219 0.171069
0.346079 0.372073
-0.0267236 0.0152347
0.000438612 -0.0785078
-0.341556 -0.326485
0.0171682 0.0354534
0.0695357 0.0827067
0.00665641 0.0176068
-0.00264854 -0.00541043
-0.0254621 -0.0855724
0.0232109 0.0595519
-0.0092739 -0.0765277
0.00546398 -0.0101896
-0.0114954 -0.0162248
-0.0289624 -0.0471503
0.0176366 0.0372386
0.140925 0.125211
0.152425 0.142669
-0.00356984 -0.00119755
-0.0181499 -0.0683276
-0.195449 -0.161285
-0.202886 -0.170648
0.100878 -0.0269246
0.445319 0.466983
0.021613 0.0656798
0.000901851 -0.00168583
-0.183355 -0.138681
-0.285694 -0.306555
-0.100622 0.0272135
-0.01434 0.0279523
-0.000877293 0.00170431
0.0274807 -0.0279397
0.0176073 0.0372107
0.0849745 0.018628
2.99611e-06 3.97904e-06
-0.341578 -0.326493
-0.197964 -0.207886
-5.57102e-06 -4.9738e-06
0.0150492 0.0338314
-0.09089 0.00265203
-0.1196 -0.101407
0.0612384 0.0746171
0.0663275 -0.0263071
-0.0171576 -0.0454742
0.0414947 0.0489526
-0.0776682 -0.0740881
0.195597 0.161662
-0.152244 -0.14242
-0.0761494 -0.0663316
0.0616907 0.0725914
-0.0414422 -0.0488792
-0.183598 -0.138954
0.0436185 -0.0293259
0.00586504 0.00706912
0.126563 -0.0169534
-0.0367594 -0.0523306
0.212752 0.199107
0.151621 0.158917
0.0877474 0.10661
0.144738 0.135428
0.0223486 0.0589047
-0.0107692 0.00151452
-0.126706 0.00305093
0.010192 0.0255614
0.0689992 0.101331
0.0287115 -0.0627463
-0.00172407 0.00335163
4.11214e-06 2.4869e-06
-0.0966656 0.0162159
-0.0445625 -0.0390355
0.100561 -0.0271481
-0.00963452 -0.0268525
0.0964979 -0.016409
0.0486436 0.106002
0.395043 0.401058
0.19591 0.161983
-0.00898682 -0.0678438
-0.00266315 -0.00542258
-0.0285469 -0.0430214
0.0198071 0.00658176
0.341933 0.327025
-0.0198717 -0.0575179
0.0525543 -0.0603589
-0.0205304 -0.0510197
-0.0170901 -0.0453977
-0.00698312 0.0629403
0.0714546 -0.0401478
0.0689725 0.101305
-0.00898637 -0.0678152
0.128994 -0.00208459
-0.0174569 -0.0357254
0.0127186 -0.0218104
0.473842 0.496942
-0.212991 -0.199237
-0.0058978 -0.0070991
-0.0194285 -0.0570695
-0.0774427 -0.0830123
-0.350473 -0.376416
0.194089 0.159006
0.00553199 -0.0101537
-0.020904 -0.0744554
0.000663363 -0.0114716
-0.0149844 -0.0337083
-0.00901104 -0.023889
-0.000625843 -0.00300403
0.359957 0.343654
0.153377 0.140126
-0.016665 -0.0502203
-0.111211 -0.0763259
0.0173234 0.0356215
-0.20288 -0.17069
0.00732387 0.0178099
0.0518769 0.0930874
-0.0245723 -0.042259
0.100749 -0.0269887
-0.0245655 -0.0422504
-0.029522 -0.0351912
0.0338557 -0.0484926
0.0534426 0.0621223
0.196819 0.209829
-0.00763021 -0.0362742
-0.0210652 0.00692594
-0.0553987 -0.00195399
-0.148149 0.00262872
-3.1385e-06 -3.12639e-06
-0.00095576 -0.00275335
-0.0791013 -0.0607716
0.258551 0.234131
-0.0118786 -0.0309545
0.0131848 -0.0757854
0.00627412 0.0126637
-0.395317 -0.401149
-0.0127323 0.0762645
-0.0664707 0.0261163
0.0015665 0.00361538
-0.0086483 -0.0760555
0.197919 0.208003
-0.010801 0.00151296
-0.000127243 -0.00726985
0.0190067 0.0692823
-0.0263926 -0.0865694
0.0641942 -0.0519231
0.00895893 0.0238819
-0.01712 0.0232384
0.0407639 0.061893
0.000446548 -0.0116779
-0.0150202 -0.0337479
0.341697 0.32681
0.0167325 0.0450558
0.0821926 -0.0366686
-0.285267 -0.30614
0.0552502 0.0789799
-0.140774 -0.124952
0.0884315 0.0730434
0.0553692 0.00193459
-0.00498854 -0.0207896
-0.017605 -0.0301946
-0.0172927 -0.0355764
0.0443153 0.0515652
-0.0120438 -0.0321013
-0.019552 -0.0251724
0.015037 0.0338188
-0.064508 -0.0733498
0.0286723 0.0468873
0.0046525 0.0118411
-0.0176314 -0.0302209
0.0396117 0.000990923
-0.0334209 0.0490357
-0.0853096 -0.0189412
-0.0884279 -0.0728965
0.198439 0.158054
0.367392 0.349217
-0.116285 -0.00305462
-0.12671 0.00303743
0.0618341 0.0727706
0.119463 0.101291
-0.0169413 -0.0424234
0.011994 0.0321148
-0.185632 -0.153514
0.0245515 0.0422854
0.0235085 0.000345466
-0.00445735 -0.0177573
-0.00483405 -0.0111426
0.309575 0.295974
0.0065064 0.0174607
-0.0238125 -0.0314503
0.367078 0.349565
-0.0842556 -0.110163
-0.00717629 -0.0176459
0.00655937 0.0267222
-0.0550918 -0.0788314
0.0149862 0.0384061
0.0256534 -0.0162478
-0.012565 -0.0180488
-0.193731 -0.1693
-0.00292159 -0.00683272
0.0367623 0.0523634
0.0245476 0.0422821
0.0191722 0.0568321
0.0965726 -0.0162977
0.0479576 -0.0266328
-0.180214 -0.157922
0.014505 0.0377887
-0.0447702 -0.051993
0.0093914 0.0766853
-0.0162043 -0.0401879
0.0156783 0.0696876
-0.0396034 -0.000987654
-0.0886508 -0.073112
-0.105373 -0.00026418
-0.0195569 -0.0251778
0.246559 0.263956
0.0607461 0.064376
-0.196962 -0.209815
-0.148111 0.00265729
-0.00918797 -0.0780388
0.246687 0.264075
-2.83173e-06 -4.26326e-06
0.0101344 0.0255029
-0.00454426 -0.0117104
0.0711636 0.0470988
-0.000112073 -0.00722849
-0.315214 -0.338671
-0.00778438 -5.27223e-05
0.0095002 0.024164
-0.094085 -0.114704
-0.421622 -0.421698
0.0940942 0.1147
-0.0613216 -0.072141
0.0201685 0.00694058
0.176387 0.12334
-0.014726 -0.0475613
-0.0035054 -0.0108366
0.0022608 0.00977238
-0.0185584 -0.0466542
-0.345996 -0.371708
0.322242 0.292216
-4.17767e-07 -4.26326e-07
-0.309584 -0.295846
0.153498 0.140256
-0.011836 -0.0309159
0.183424 0.138795
-0.203262 -0.17103
-0.00359044 -0.00123372
0.148224 -0.00255483
0.0177209 0.0303348
0.140621 0.00491397
0.0175836 0.0211394
-0.0695597 -0.00269715
-0.00384699 -0.00585864
-0.0531605 -0.0618095
-0.0717089 0.0399264
0.0615064 0.0748498
-0.0200773 0.0608173
0.0120693 0.0321894
0.0941097 0.114736
-0.101111 0.0299975
0.100995 -0.0300777
-2.57292e-06 -8.3844e-06
0.010201 0.0644297
0.00553983 -0.0101388
-0.0851558 -0.0188145
0.00173995 -0.00335007
-0.00350612 -0.0108395
-0.00928763 -0.0781068
-0.07861 -0.0897299
0.180234 0.157956
-0.0127607 0.0218122
-0.000907907 0.00166636
0.194304 0.159226
-0.0231948 -0.0606059
0.0154475 0.069413
-0.00892919 -0.0238106
0.00656209 0.0787765
-0.0187591 -0.0689685
0.0313368 0.0764118
-0.0721593 -0.0538637
-0.000895221 0.00168939
0.0079141 0.0365814
-0.0275189 0.0279093
-0.014462 -0.0473047
0.00563125 0.0141766
-0.0134661 -0.0346188
0.00291359 0.00683158
0.0485004 0.0527376
-0.0762288 -0.066415
-0.0541512 -0.0818173
0.00867028 0.0761304
0.00320758 0.0559307
0.203317 0.171153
0.0895527 0.0932487
0.033508 -0.0489373
0.127811 0.121372
0.00260871 0.00686967
-0.000696845 0.0782509
-0.00551569 0.0101512
-0.086988 -0.0829431
0.0395313 0.0468147
-0.064362 -0.0732052
0.0222393 0.0663179
0.00669397 0.0176468
0.212993 0.199342
-0.0744096 0.00650488
-0.00472051 -0.0110291
-0.00914582 -0.0779949
0.105312 -0.00830326
0.473791 0.496889
0.0198508 0.00662439
0.0441228 0.0513698
0.0225647 0.0720374
0.0205587 0.0741908
0.0159505 0.0399679
-0.00960331 -0.0200367
-0.00566019 -0.0141935
0.0841066 0.0935295
-0.119517 -0.101331
0.285292 0.306356
-0.0153394 -0.0170913
0.104778 0.0997289
-0.0204086 -0.0508882
0.334992 0.360246
-0.26561 -0.253132
0.0008943 -0.00167574
0.314951 0.338642
0.0143497 0.037637
0.0435758 -0.0293856
-0.0102461 -0.0644444
-0.000223877 0.0236228
0.0149813 0.0337657
-0.0274561 0.0279654
-3.86896e-06 -1.63425e-06
-0.00889283 -0.0237638
-0.000829318 0.0781809
-0.00921562 -0.0680768
-1.60767e-06 4.26326e-07
0.0245614 0.0422938
-0.00189413 0.0056923
-0.051596 -0.0928025
-0.00597767 -0.00401613
-0.0258893 -0.0320183
0.0258733 0.0320061
0.265527 0.25315
0.0113321 0.025601
0.0401721 0.0518239
0.36765 0.349454
-0.12674 0.00298485
4.04608e-06 3.12639e-06
-0.0148981 -0.0382404
0.00661326 0.0175694
-0.00597787 -0.00401378
0.0168393 0.0504593
0.0235442 0.0334521
0.133844 0.1038
0.0189749 -0.0566438
0.0879652 0.106814
-0.0102204 0.0170018
-0.0077237 -0.0469518
-0.087948 -0.106731
0.0096276 0.0200734
-0.0161789 -0.0401562
-0.0187002 -0.0688934
0.0775357 0.0831942
-0.0120512 -0.031125
0.105327 0.000259632
0.119379 0.101188
-0.180609 -0.135459
0.00772696 0.0469907
-0.197935 -0.207855
0.0195521 0.0251761
0.334893 0.360141
-0.152311 -0.142487
0.0489505 0.106306
-0.0001333 -0.00726018
0.0710608 0.0469939
0.111389 -0.0278494
-0.0542552 -0.0819247
-0.322411 -0.292199
0.0164932 0.0420253
-0.00361986 -0.0563531
0.176994 0.123949
0.0275425 -0.027877
-0.00326852 -0.0559955
0.104727 0.0996981
0.0132342 -0.0757205
-0.119533 -0.101316
-0.334078 -0.301985
0.00567422 0.0142245
-0.0896123 -0.093294
0.0498426 -0.00969749
-0.0433223 0.0296516
0.0160945 0.015395
0.000174055 0.00730047
0.00933479 0.0682206
-0.0234955 -0.0597601
-0.00223806 -0.00975596
-0.0073324 -0.0178063
0.0883252 0.0729457
0.0266385 0.0869167
0.0396095 0.0468771
-0.104776 -0.0997149
0.0186451 0.0468151
0.126382 -0.0171303
0.148152 -0.00261352
0.104747 0.0997069
0.0412627 0.0487245
-0.028769 -0.0469311
-0.0396878 -0.0313891
0.000206146 -0.0236475
-0.127839 -0.121356
-0.0113368 -0.0255611
-0.126484 -0.102646
-0.0093059 -0.0252251
-0.0223921 -0.0588069
0.0395419 0.000949996
0.101016 -0.0301188
0.0055975 0.00929312
-0.106922 -0.111848
-0.154325 -0.156695
-0.00260456 -0.00684963
-0.0440481 -0.0512604
-0.0227772 -0.0591828
-0.000260289 0.0235803
-0.0066206 0.0407493
0.111488 -0.0277301
-0.101131 0.00893181
-0.0166409 -0.0421206
0.105306 -0.00830809
-0.140687 -0.00218364
-0.0168349 -0.042317
-0.00479933 -0.0111656
0.0485745 0.105904
-0.0841568 -0.0934004
0.0782589 0.0672856
0.000525148 -0.0116236
0.0695609 0.00268209
0.00966971 0.0201132
-0.00861413 -0.0760632
0.0238134 0.0314496
-0.185795 -0.153679
-0.0108238 0.00150663
0.105745 0.129429
0.00948147 0.0241453
0.106917 0.111859
-0.0530775 -0.0617249
0.00727719 0.0177659
0.0265202 -0.0673421
-0.100762 0.0270837
-0.0897048 -0.0933478
-0.0186066 -0.0688302
0.127883 0.121431
0.026517 -0.0673454
-0.0223801 -0.0717844
0.025881 0.0320114
-0.0612936 -0.0720981
-0.0484816 -0.0527143
0.000998444 0.0027994
-0.0235555 -0.0334464
-0.445265 -0.466674
-0.0336773 0.0487389
0.195807 0.161879
-0.0161059 -0.015401
-0.0062635 -0.0126434
-0.0059756 -0.00400647
0.00486382 0.0112311
-0.150615 -0.00486274
-0.0151082 -0.0338326
0.366939 0.349429
-0.111347 0.0278474
-0.35982 -0.343304
0.00952667 0.025493
-0.0734213 -0.0795785
-0.0532036 0.0597593
0.000158923 -0.0236663
0.333866 0.302
-0.0161002 -0.0153999
0.000592064 0.00297874
0.0220951 0.0586451
-0.00628667 -0.0126688
0.00563507 0.014184
0.0338073 -0.0485589
0.0782614 0.0012281
0.0519082 0.0931195
-0.0761086 -0.0662915
0.0445597 0.0390418
0.0163211 0.0499078
-0.00657372 0.0407521
-0.0233194 -0.0607399
0.111463 0.0766204
0.0143427 -0.027925
0.0851952 0.0188833
0.101042 -0.00896691
0.0188699 -0.0567191
-0.0100755 -0.0254129
0.0793566 0.0906375
-0.000821692 0.0781485
-0.116255 -0.00305192
-0.00742535 -0.0466646
-0.315254 -0.338712
-0.0172639 0.0230544
0.05993 0.0786808
0.0940693 0.114637
-0.0195662 -0.0251858
0.0604123 0.0791569
0.0517276 0.0929762
-0.073931 -0.0800715
-0.111427 -0.0765618
0.202721 0.203664
0.0607972 0.0644169
-0.0154165 -0.0693183
-0.0407001 -0.0617722
0.322232 0.292207
-0.0879082 -0.10668
-0.01484 -0.0381863
-0.0319653 -0.0770081
-0.102033 -0.00315893
0.360231 0.343913
-0.152268 -0.142462
-0.0141216 -0.0373579
-0.367535 -0.34913
-0.0135868 -0.0347399
-0.0883168 -0.0727827
0.00333404 0.056098
-0.196547 -0.209403
0.0681065 0.121644
-0.0189755 0.0566347
-0.0173571 -0.0356236
0.031745 0.0768704
0.126614 -0.0169531
-0.335261 -0.360254
0.0664807 -0.0260663
-0.0599308 -0.0785347
0.00376064 0.0565363
0.111422 -0.0277845
-0.0554629 -0.0791224
0.0870008 0.0829823
0.00882727 0.0237453
-0.102046 -0.00321812
-0.0412121 -0.0486546
-0.0821515 0.0367508
-0.0141554 -0.0469554
0.00225127 0.00976527
0.0142929 0.0471294
0.0295781 0.0352567
0.00900018 0.0779251
0.0131958 -0.075745
0.0258145 -0.0077857
0.000592982 0.00297675
0.0225368 0.0720317
-0.0514903 -0.0927503
0.0017485 -0.00335376
-0.0695432 -0.00268841
-0.0167372 -0.0450302
0.106917 0.111861
0.0047603 0.0110833
0.00964375 0.0200897
0.044511 0.038991
0.126307 0.102615
0.126713 -0.00302734
0.0102497 -0.0169601
0.18369 0.139127
0.0114768 0.0162123
-0.285302 -0.306168
-0.16357 -0.137669
0.154101 0.156575
0.0077943 6.04672e-05
0.0782436 0.0672713
-0.00550432 0.0101507
-0.15161 -0.158853
-0.0191641 0.0565014
-0.14101 -0.125195
0.0191684 0.0568343
0.00595588 0.00399737
0.062339 0.0941034
0.0125409 0.0180408
-0.366725 -0.349008
-0.350372 -0.376311
0.0185323 0.0687932
0.285392 0.306459
-0.0211394 0.00690832
-0.00473228 -0.0110457
-0.0201207 0.0607473
0.00385399 0.00585608
-0.111308 0.0279006
-0.0650474 0.0328242
-0.126641 -0.102803
-0.133928 -0.103885
9.88191e-06 8.52651e-07
0.0038551 0.00585786
0.0089015 0.0777945
0.00194995 -0.0056464
-0.0177217 -0.021268
0.061821 0.0727527
-0.180494 -0.135347
0.140643 0.00218805
0.101094 -0.00894119
0.00190405 -0.0056734
-0.106916 -0.11184
0.0137919 0.0729738
-0.0160989 -0.0153975
-0.334185 -0.302104
0.180583 0.135565
-0.196451 -0.161376
-0.0694809 -0.082553
0.0737265 0.0799827
0.0161018 0.0153977
-0.0648272 -0.0736641
0.0165063 0.0420344
0.133632 0.103589
0.0125319 0.0180255
0.0119909 0.0311209
0.202748 0.170596
-1.70197e-08 -8.52651e-07
-0.0395363 -0.0468067
-0.015367 -0.0171111
0.00473832 0.0110619
-0.0908127 0.0026705
-0.0731565 -0.0792814
-0.0478874 0.0266591
-0.0284576 -0.0429347
0.00724079 0.01773
-0.195549 -0.161392
0.00641919 0.0265852
0.000280708 -0.0786704
0.0445073 0.0389856
0.000870176 -0.00171383
0.212921 0.199272
-0.00627017 -0.0126488
0.00755607 0.0468064
0.0120957 -0.0224443
-0.0841953 -0.110102
0.0159038 0.069912
-0.0415513 -0.0489868
-0.00559934 -0.00929177
-0.0205448 -0.0741123
0.0195461 0.0251688
0.0776859 0.0741123
-0.0777242 -0.0832877
0.0211091 -0.00691244
-0.0711946 -0.04714
0.0436919 -0.029245
-0.020596 -0.0266145
1.67312e-06 8.52651e-07
-0.0607721 -0.0643876
-0.044489 -0.0389628
-0.126469 0.0171302
-0.018583 -0.046675
0.153453 0.140205
0.152213 0.142465
0.367575 0.349385
0.0222609 0.0588524
-0.0205621 -0.0741163
-0.00560234 -0.00929418
-0.023546 -0.03344
0.0172548 -0.0231016
-0.128931 0.0021447
0.0135596 0.0727222
0.140605 0.00488157
-0.144452 -0.135095
0.421567 0.421862
-0.0211597 0.00689568
0.154275 0.156693
0.0132273 0.034221
-0.0147817 -0.0381289
-0.054675 -0.0823336
0.111005 -0.0101792
0.0792669 0.0610787
0.11105 -0.0101435
0.0284297 0.0429381
-0.0233987 -0.0632771
0.0101054 0.0643202
0.0202583 0.0508147
0.0909187 -0.00263896
0.0112425 0.02551
-0.300344 -0.301116
0.023514 0.0334229
-0.140673 -0.00491681
0.0170375 0.0506454
-0.150543 -0.00493202
-0.0284699 -0.0429475
0.0850728 0.0187742
0.0783106 0.00124302
0.00948793 0.0767926
0.116346 0.00305761
-0.0142184 0.0280144
0.0219091 0.0659925
-0.0851908 -0.0187876
-0.367541 -0.349133
-0.198602 -0.158108
-0.0290363 0.0624561
0.0615504 0.0748903
-0.0401723 -0.0518078
0.0231101 0.060609
0.0665589 -0.0259919
-0.42692 -0.430506
0.0245561 0.0422884
-0.10513 0.00846825
0.0477659 0.0456198
0.00356386 0.0109033
0.0650623 -0.0328239
-0.395369 -0.401246
0.0743421 -0.0065269
0.101048 -0.0300426
-0.0115021 -0.0288535
0.0047782 0.0111449
0.000555469 -0.0783944
-0.194376 -0.159038
0.023136 0.0594874
0.0157665 0.0397937
-0.0100233 -0.0642802
0.265554 0.253202
0.000586885 0.00297675
-0.102083 -0.00320746
-0.0102171 -0.064417
0.0149833 0.0384041
0.140582 0.00486864
-0.00645245 -0.0266043
-0.111024 0.0101402
-0.140585 -0.0048982
0.0897001 0.0933857
-0.0649645 0.0328865
-0.0499462 0.00963738
0.0762136 0.0664237
0.0191409 -0.0565198
-0.0696007 -0.00270887
0.0159229 0.039941
-0.00194189 0.00565812
0.0231419 0.060633
-0.113462 -0.0937529
-0.359666 -0.376599
0.000985787 0.00278874
-0.0223283 -0.0717291
-0.0114818 -0.0162167
-1.81962e-05 -1.06581e-05
0.179911 0.157644
-0.141076 -0.125269
-0.00662518 0.0407268
0.000591283 0.00297604
-0.0787744 -0.0604499
-0.0202364 0.0606468
0.180432 0.135382
0.203131 0.170955
0.0216684 0.0582338
0.367227 0.349047
-0.0531713 0.0597451
0.0793213 0.0611328
-0.012039 -0.0320989
-0.047741 -0.0456
-0.141144 -0.125333
-0.0064112 -0.0265669
-0.0395884 -0.0468226
-0.0245592 -0.0422439
-0.0245415 -0.0422301
-0.126623 0.0169361
-0.00781801 -6.65068e-05
-0.126457 0.0171214
0.00154973 0.00359677
0.350784 0.377026
-0.0337922 0.0486386
0.0531372 0.0618244
0.105604 0.129336
0.0176904 0.0212424
-0.0534974 -0.0621362
0.072103 0.0538148
-0.145249 -0.137237
-0.0396551 -0.031368
0.14065 0.00216914
0.00505714 0.0208959
-0.0258259 0.00778655
0.14526 0.137271
0.0477999 -0.0266979
0.350687 0.376926
-0.350988 -0.376921
-0.0258745 -0.0320009
0.126519 -0.0170417
0.060675 0.0643458
0.00193949 -0.00565883
0.150654 0.00492605
-0.0664859 0.0260681
0.00921078 0.0765037
0.00479047 0.0111532
-0.0649907 0.0328615
0.0695702 0.00268827
-0.017623 -0.0302085
0.0176058 0.0211587
0.126841 0.103155
0.0141833 0.0374965
-0.42713 -0.430719
-0.119465 -0.101248
-0.00964072 -0.0200635
0.0776518 0.0740823
-0.0614352 -0.0722657
-0.0650088 0.0328536
0.0275202 -0.0279036
0.0153483 0.0170976
0.0140711 0.0373829
0.0120454 0.0321751
0.333994 0.302138
-0.0900256 -0.119118
0.153738 0.162789
0.418883 0.424697
-0.000885557 -0.00447727
-0.067564 -0.0995271
0.0341661 -0.00915037
-0.0823132 -0.0713574
0.143794 0.00348194
-0.0560151 -0.0797283
-0.0167666 -0.0758433
0.0691652 -0.00755563
-0.0125282 -0.0332116
0.0138277 0.0579028
-0.0166009 -0.0756809
0.012721 0.0334772
0.102946 -0.016631
-0.0742942 -0.0777125
-0.0201107 -0.0160969
-0.0127121 -0.0208517
0.0792021 -0.047484
0.011648 -0.0511201
0.0574952 0.0879432
-0.189656 -0.140001
-0.00326263 0.0368847
-0.0341745 0.00911569
-2.86343e-06 -4.9738e-06
0.00350368 0.00845688
0.0121151 0.0362836
0.0190829 0.048055
0.00357509 0.00600565
0.0190345 0.0480037
-0.0140949 -0.0581475
-0.0215911 -0.0720105
0.00206963 -0.0323598
-0.0118698 -0.035991
0.010076 -0.00364494
0.297654 0.26991
-0.0574136 -0.0876284
0.297612 0.269858
0.0638602 0.0519361
-0.0576399 -0.0878364
0.0349955 0.0461867
0.0230411 0.0202085
-0.000877842 -0.00445723
0.0791699 -0.0475018
-0.0901047 -0.119164
-0.193185 -0.187634
0.0100744 -0.00364054
-0.332928 -0.300713
0.0113525 0.0307965
-0.00745619 -0.0197738
0.0240957 -0.0672244
0.0146342 0.0587451
0.0608874 0.0745592
-0.193043 -0.187481
0.110283 0.00295785
0.189517 0.13992
-0.0274718 -0.0457037
-0.0143336 -0.0583817
-0.0122412 -0.0363872
-0.0110798 -0.0304644
0.0217203 0.0722359
0.00507227 -0.0731619
0.0671747 0.099414
-0.00745973 -0.0197764
0.0120849 0.0362377
-0.110347 -0.00295955
-0.063672 -0.0516545
-0.00332485 -0.0358671
-0.0911857 0.0134112
-0.0199939 0.00378094
-0.0200995 -0.0161067
0.0033084 0.0358966
-0.067509 -0.0719744
-0.0341249 0.00917098
-0.0276418 -0.0516633
-7.25193e-06 -4.12115e-06
0.189628 0.140031
-0.00208565 0.0323789
0.19331 0.187834
-0.297813 -0.26991
0.0137997 0.0578909
-0.062166 0.0426311
0.0112312 0.030679
0.0742832 0.0777111
-0.0615019 -0.0750165
0.0273276 0.0514196
0.0692917 -0.00748585
0.0574086 0.0443855
-0.0143635 -0.05842
0.424976 0.426298
-0.00637599 -0.0179922
-0.158121 -0.117971
0.424295 0.425593
0.0217692 0.0722844
0.067412 0.0996533
-0.111864 0.00672756
-0.110365 -0.00302862
-0.06246 0.0422781
-0.00569185 0.0725477
0.0910942 -0.013448
0.0214782 0.07198
0.0125788 0.0321775
-0.424467 -0.425576
-0.0635819 -0.0515614
0.0031993 0.0357967
0.148498 0.0956156
0.0899395 0.119098
0.00211746 -0.0323436
0.0064499 0.0180688
0.0798171 0.0563129
0.0118568 -0.0509465
0.0120306 0.0361906
0.00351008 0.00846882
-0.0113857 -0.0307709
0.0574661 0.0878984
0.0676259 0.0998773
-0.418669 -0.424315
0.01183 -0.0509631
-0.00749978 -0.0198241
0.0792389 -0.0473793
0.0577756 0.0882103
0.00341049 0.0360302
0.027834 0.0519847
0.110356 0.00295131
-0.0900598 -0.119124
0.19339 0.187885
0.0676431 0.0721218
-0.0349821 -0.046158
0.102987 -0.0166028
0.0821777 0.0712652
-0.0142015 -0.0582681
-0.00359253 -0.00602924
-1.97881e-07 2.84217e-07
-0.0692839 0.00750589
-0.0101821 0.00361112
-0.356295 -0.359931
0.143737 0.00338673
0.0117447 -0.0510515
-0.0230361 -0.0202054
-0.00644334 -0.0180597
0.0911776 -0.0134058
0.0622245 -0.0425597
0.0164822 0.0756265
-0.0101017 0.0036367
0.0637526 0.0518257
-0.0126216 -0.0333033
-0.0742866 -0.0777062
0.00641831 0.0180385
0.0560492 0.0799469
-0.079892 -0.0563817
-0.0671607 -0.0991345
0.0341349 -0.00911797
-0.0036045 -0.0060372
-0.0797876 -0.0562518
-0.000935251 -0.00450299
-0.0117772 0.0510457
-0.356486 -0.360077
-0.148892 -0.095897
-0.0675886 -0.0720736
-0.0350012 -0.0461746
-0.0796051 0.0470452
-0.157888 -0.117733
0.424583 0.425928
0.111855 -0.00673055
0.424924 0.426288
0.0165535 0.0757059
-0.356329 -0.359957
-0.0574876 -0.0444543
0.0126972 0.0208479
-0.0126983 -0.0208411
0.00738039 0.0197353
-0.148777 -0.0957854
-0.00206005 0.0323888
-0.0162541 -0.0753238
0.0912921 -0.0133518
-0.0127948 -0.0334786
-0.0902693 -0.119341
-0.0127022 -0.0208402
0.103065 -0.0165601
-0.0910368 0.0134975
-0.00355482 -0.00598376
-0.0241141 0.067254
-0.00349671 -0.0084431
7.57493e-07 -1.13687e-06
0.0613471 0.0750147
-0.0125811 -0.0321332
0.158278 0.118209
-0.0189185 -0.0478178
-0.0191761 -0.0480607
0.0064039 0.018025
-0.0101348 0.00363201
-0.0692043 0.00752522
-0.111912 0.00670369
-0.00369054 -0.00612488
0.067605 0.0720975
0.158317 0.118221
3.46098e-07 -1.98952e-06
0.0350029 0.0461915
-0.0129089 -0.0324789
-0.0822996 -0.0713428
-0.293379 -0.306859
-0.0624108 0.0422965
-0.0676551 -0.0721148
-0.0794089 0.0472406
-0.138433 -0.11566
-0.419096 -0.424768
-0.0199795 0.00378733
0.0270728 0.0511741
0.0200594 -0.00376474
-0.42401 -0.425136
-0.067118 -0.0990846
0.00752158 0.0198735
0.0625344 -0.0422408
0.00355504 0.00598789
-0.0635709 -0.0515476
0.110315 0.00303331
-0.157843 -0.117694
0.1579 0.117789
0.0116885 0.0489237
0.0201088 0.0161195
-0.012697 -0.0208398
-0.00352658 -0.00847578
-0.00207045 0.0323973
-0.143662 -0.00342226
-1.04692e-05 4.83169e-06
-0.00636599 -0.0179783
0.3559 0.359647
0.0111241 0.0305711
-0.000874744 -0.00445453
-0.0200238 0.00377909
-0.062894 -0.0549744
0.074288 0.0777143
0.418544 0.424323
-0.0675973 -0.0995564
-0.148833 -0.0958384
0.000883394 0.00447528
0.0627621 0.0548575
0.111876 -0.00674092
0.018948 0.0479163
-0.0216211 -0.0720603
0.0821208 0.0712031
0.0201219 0.0160993
0.0910574 -0.0134712
-0.153749 -0.162721
0.0609226 0.0745979
0.0101759 -0.003634
0.000883151 0.00447002
0.0574782 0.0444523
0.00370093 0.00614406
6.59557e-06 6.6791e-06
-0.00348477 -0.00842647
0.00360244 0.0060416
-0.0341241 0.00915108
-0.0118079 -0.0359444
0.102917 -0.0166368
0.062411 -0.0424237
0.0795829 -0.0470619
0.067653 0.0721261
0.0126977 0.0322979
0.0692383 -0.00749012
-0.0796168 0.047051
-0.0798727 -0.056344
-0.0187423 -0.0476386
-0.018666 -0.047546
0.0635892 0.0516584
0.0113463 0.0307932
0.297994 0.270265
0.297706 0.269961
-0.0573915 -0.0876051
0.465352 0.488024
-0.0576758 -0.087875
0.00553285 -0.0726914
0.0230222 0.0201881
0.0274358 0.0457177
0.0125588 0.0333097
-0.158075 -0.117894
-0.0118779 -0.0490597
-0.0114036 -0.0307942
-0.138269 -0.115569
-0.0167972 -0.0758811
0.293173 0.306814
0.0126766 0.0208348
0.00211554 -0.0323001
0.0230462 0.0202151
0.13839 0.115751
-4.75665e-06 3.2685e-06
-0.0215726 -0.071993
1.60769e-06 1.84741e-06
-0.418722 -0.42438
0.0633848 0.0514598
-0.356336 -0.359942
0.0117867 0.0489885
-0.0230467 -0.0202158
0.057429 0.0443994
0.158021 0.117899
0.0798095 0.0563135
0.000895812 0.00449006
0.0822532 0.0713401
0.0628768 0.0549714
0.0118925 0.0490577
-0.00563862 0.0726038
0.14366 0.00338744
0.153751 0.162803
-0.0821377 -0.0711816
-0.0628721 -0.0549554
0.00296062 -0.0370531
-0.0628053 -0.0548835
-0.0913002 0.0133495
0.0798746 0.0563786
-0.0116789 -0.0489331
0.355946 0.359646
0.0127101 0.020864
-0.00349867 -0.00844906
0.332827 0.300847
7.68891e-08 4.26326e-07
0.356516 0.360263
0.0282232 0.0523555
0.012645 0.0334003
-0.0574252 -0.0443896
0.0797052 0.0561953
-0.00578283 0.072466
-0.102923 0.0166465
0.00348388 0.00843556
-0.00563894 0.0726078
0.189715 0.140124
-0.0911955 0.0133906
0.0901491 0.119205
-0.110273 -0.00298982
0.0674463 0.099689
-0.0349868 -0.0461651
0.0101297 -0.00363514
-0.418378 -0.424015
0.0341781 -0.00913474
-0.0610994 -0.0746307
0.00640521 0.0180212
-1.559e-06 -1.27898e-06
-0.0676334 -0.0720846
0.0199739 -0.00379316
0.0201297 0.0161005
-0.010207 0.00360984
0.0575256 0.0879621
0.0349802 0.0461739
-0.424473 -0.425584
0.00544752 -0.0727744
0.00339462 -0.0365959
0.00562352 -0.0725618
0.149112 0.096248
-0.00642319 -0.0180351
0.111905 -0.00670695
0.062893 0.0549927
0.0190683 0.0480436
-0.143721 -0.00347157
0.0823595 0.0714451
-0.0116808 -0.031078
0.0628046 0.0549025
-0.055642 -0.0793717
-0.0341475 0.0091795
-0.0123638 -0.0365171
-0.0128206 -0.032377
0.012681 0.0208357
-3.64082e-06 -3.41061e-06
0.0274711 0.0457526
0.143765 0.00342098
-0.189569 -0.139898
-0.00304923 0.0370744
0.055581 0.079479
0.0561038 0.0800034
0.0128202 0.0324144
0.0127484 0.0323463
-0.00201043 0.03247
0.000917437 0.00450711
-0.0201231 -0.0161104
0.067553 0.0720524
-0.153742 -0.162713
-0.111849 0.00673907
0.418463 0.424274
-0.297804 -0.269891
-0.143689 -0.0033927
-0.297891 -0.269982
-0.465266 -0.487653
-0.0558818 -0.0796003
6.40234e-06 8.2423e-06
-0.0574676 -0.0444227
-0.0126143 -0.0321666
-0.0554803 -0.0792042
0.0126008 0.0333516
0.0612483 0.0749151
0.189426 0.139833
-0.193373 -0.187789
0.0340998 -0.00914412
0.0349745 0.0461687
-0.0269616 -0.0509885
-0.00308264 -0.0356205
0.110276 0.00300517
-0.0275594 -0.0516275
0.138561 0.115875
-0.0116305 -0.048902
-0.102971 0.0166139
0.00206394 -0.0323857
-0.0574342 -0.0444027
0.148649 0.0957456
-0.0626712 0.0421072
-0.0125274 -0.0332072
-0.0795808 0.0470141
0.333329 0.301375
0.0215541 0.0720401
-0.111735 0.00687734
0.0120097 0.0361585
0.00348429 0.00843201
-0.0692728 0.0074958
-0.149148 -0.0961721
0.0691649 -0.00754952
0.0555865 0.0794874
0.193176 0.187696
0.293354 0.307002
0.0625289 -0.04215
-0.0118836 0.050957
-0.333219 -0.30101
0.02399 -0.0673042
0.111899 -0.00670994
0.00746981 0.0198267
0.00748123 0.0198352
-0.0349819 -0.0461573
-0.00739298 -0.0197124
-0.0281856 -0.0522692
-0.143687 -0.00342453
-0.110382 -0.00298911
-0.0214513 -0.0718744
-0.0797277 -0.0561909
0.020048 -0.00378122
0.0119104 0.0490897
0.0169139 0.0760959
0.05743 0.0443848
0.0902346 0.119304
-0.0118125 0.0510227
-0.0230079 -0.0201733
-0.00293243 -0.0354451
-0.297801 -0.269884
-3.05141e-06 -5.54223e-06
-0.0230156 -0.0201817
-0.293351 -0.306829
0.356683 0.360417
-0.103027 0.0165834
-0.061298 -0.0748152
-0.0638914 -0.0518715
1.92369e-06 2.70006e-06
0.0163409 0.0754714
-0.06923 0.00749338
0.0140533 0.0581515
-0.0610781 -0.0746078
0.418666 0.424499
0.0230032 0.0201743
-0.0627679 -0.0548492
-0.46535 -0.487741
0.090465 0.119541
-0.00294652 -0.0354653
0.149213 0.0963495
-0.0821502 -0.0711903
-0.0119395 -0.0490786
-0.424681 -0.425808
-0.189524 -0.139849
-0.193232 -0.187646
-0.103024 0.0165858
-0.00255119 0.0376302
-0.0118884 0.0509698
0.00179337 -0.0382788
-0.0199628 0.00379785
-0.0274662 -0.0456997
-0.0239751 0.0673569
0.193443 0.187942
0.0201008 0.0161013
-0.0201117 -0.016113
3.77986e-05 2.03215e-05
0.00271076 -0.0373106
0.00316978 0.0357217
0.0200558 -0.00376801
-0.189651 -0.139954
-0.00228428 0.0378624
0.465245 0.487908
-0.332521 -0.300976
0.13901 -0.00602832
-0.00664967 -0.0169238
0.0162247 -0.0469726
-0.109591 -0.112216
0.0176769 0.0339325
0.139082 -0.00594341
0.00665029 0.0169412
-0.0345109 -0.0690918
-3.2755e-05 -6.60805e-06
0.000116989 0.0150268
-0.410614 -0.430248
-0.139064 0.00588749
-0.0342405 -0.0688376
-0.031217 -0.034461
-0.133708 -0.139905
0.0312709 0.0345025
0.133728 0.139955
0.115206 0.114751
-0.0181264 -0.0459892
0.410653 0.430505
-9.75353e-05 -0.0150393
0.109414 0.112059
0.000149739 0.015055
0.109637 0.112235
0.0312548 0.0344963
-0.138974 0.00611955
0.0164181 -0.0466888
-0.036343 0.0650903
0.115147 0.114706
0.204157 0.183731
-0.109588 -0.112177
-0.000118943 -0.0150204
-0.131033 -0.138309
0.133718 0.139945
0.139115 -0.0058445
-0.0177358 -0.0339463
-0.133724 -0.139921
-0.00661013 -0.0168789
-0.410631 -0.430265
-0.114913 -0.114422
0.03381 0.068543
0.139006 -0.00599968
0.000114193 0.0150512
0.0345744 0.0693342
-0.0176972 -0.0339059
-0.0176645 -0.0338758
8.05212e-05 0.0150226
0.0162199 -0.0470013
0.0176153 0.0338739
3.65393e-05 9.23706e-07
-0.0164863 0.0466332
-0.332723 -0.30119
0.0181516 0.0461005
-0.0363538 0.065066
-0.036268 0.0651593
1.49092e-07 3.55271e-07
0.00667689 0.016968
-1.26241e-06 2.20268e-06
0.0363039 -0.065117
0.00664705 0.0169434
0.0312629 0.0345108
6.30485e-05 1.69109e-05
0.114975 0.114527
0.204493 0.184082
0.016347 -0.0467553
0.10954 0.112178
-0.0359691 0.0654872
-0.016285 0.0469331
-0.204674 -0.184141
-0.130628 -0.137994
0.0366002 -0.064729
-0.031312 -0.0345383
-9.484e-05 -0.0150335
-0.109395 -0.111974
-0.0067152 -0.0169831
0.130733 0.138158
0.115215 0.114771
-0.115251 -0.114765
-0.000112847 -0.0150413
-0.332387 -0.300843
-0.20462 -0.184082
7.24701e-07 -3.05533e-06
-0.204307 -0.183757
-0.332077 -0.300527
-2.91942e-07 -1.49214e-06
0.0176665 0.0339203
0.13069 0.138069
0.13078 0.138185
-0.0163605 0.0467961
-1.5004e-06 -7.31859e-06
0.00669332 0.0169855
0.204389 0.183968
-0.109494 -0.11212
-0.13104 -0.138302
-0.0312115 -0.0344477
-0.0312562 -0.0344842
0.0312819 0.0345258
0.204644 0.184231
-0.130866 -0.138192
0.0364317 -0.0649474
0.109487 0.11205
0.332331 0.30101
-0.139152 0.00586681
0.332034 0.300695
-0.0181079 -0.0459707
0.410732 0.430592
0.332196 0.300869
0.332152 0.300816
-0.204704 -0.184165
0.0366582 -0.0646868
-0.13905 0.00604594
0.0177633 0.0340136
-0.115256 -0.114772
0.0180763 0.0460199
-0.0166717 0.0464748
-0.00663612 -0.0169075
0.130748 0.138131
-0.0175889 -0.0338038
-0.115054 -0.114571
0.0252841 -0.0150769
4.9345e-06 5.96856e-06
0.0252042 -0.0151165
0.0251544 -0.0151233
0.476171 0.499393
0.0297051 -0.0104415
-0.0196667 -0.0529038
0.0306264 -0.00951239
-0.020211 -0.053439
-0.476283 -0.499207
-0.0252258 0.01511
0.0206803 0.0540113
-2.27852e-06 -1.35003e-06
0.020609 0.0539374
4.78695e-07 3.55271e-07
-0.0252453 0.0150727
-0.0196573 -0.0528831
0.0306897 -0.00939551
-0.0202307 -0.0534896
0.0202626 0.0535785
0.0300825 -0.0100506
-0.0303303 0.00991029
0.0201697 0.0534593
-0.0251794 0.0151212
-0.0310598 0.00912472
-7.29138e-06 -8.52651e-06
-0.0251057 0.0151488
-0.0310479 0.00913964
-0.0304062 0.00978837
0.0252219 -0.0151075
-1.23264 -1.23695
1.23271 1.23729
1.23264 1.23722
-1.23279 -1.2371
-0.0808953 -0.124615
-0.0810276 -0.12482
0.0809902 0.124795
0.0809273 0.124713
1.57583e-06 5.18696e-06
-6.36637e-07 7.81597e-06
-1.36817e-05 -1.23634e-05
5.66195e-06 -7.38964e-06
