-0.104148 -0.103714
0.128788 0.129639
0.076052 0.0765697
0.0595934 0.0597289
0.00114353 0.00114568
0.0325984 0.0329377
-0.0836704 -0.0836127
-0.03694 -0.0368558
0.28587 0.28634
0.00753934 0.00754282
-0.00145699 -0.00145483
-0.0593755 -0.0592023
0.0247648 0.0247846
-0.0462321 -0.0459827
-0.363158 -0.362227
-0.0805079 -0.0802883
0.0240702 0.0241017
0.0516451 0.0518006
-0.0597119 -0.0596648
-0.101129 -0.0997459
0.328704 0.329824
-0.00224724 -0.00223058
-0.0647104 -0.0643943
0.0017605 0.00238045
0.0411482 0.0412171
0.00629398 0.00630332
0.0258146 0.0259358
-0.0270259 -0.0269394
-0.0259116 -0.0257904
-0.00590057 -0.00589799
0.115867 0.116131
0.0475691 0.0479897
0.0245662 0.0247245
-0.0786287 -0.0778694
0.0272927 0.027361
-0.0464066 -0.0461572
0.11524 0.115951
0.0786059 0.0786569
-0.0120691 -0.0119927
0.0458573 0.0460688
-0.0491852 -0.0489884
0.00390388 0.00445716
0.115288 0.115998
-0.113562 -0.113466
-0.0057065 -0.00570303
-0.0349474 -0.0347795
-0.078434 -0.0776747
-0.129121 -0.128271
-0.0313903 -0.0311303
-0.230479 -0.229765
-0.0270298 -0.0269432
-0.414328 -0.413457
0.154795 0.155903
-0.0257418 -0.025507
-0.00694257 -0.00693973
0.0125494 0.0125749
0.141477 0.141789
-0.0245763 -0.024418
-0.0100509 -0.0100389
-0.0032072 -0.00320551
0.100204 0.100718
0.155056 0.156273
-0.0791326 -0.0788113
-0.480597 -0.479154
-0.00145118 -0.00144903
0.039235 0.0392453
-0.0234632 -0.0234383
0.0770428 0.0773015
-0.19589 -0.195381
-0.0534223 -0.0533738
-0.161046 -0.160678
-0.0177953 -0.0176625
0.0397695 0.0399291
0.23045 0.231165
-0.003106 -0.00310439
0.0998142 0.0999094
-0.0600915 -0.0596672
0.361615 0.362991
-0.0115066 -0.011465
-0.030241 -0.0301092
-0.0361695 -0.0360337
0.0498687 0.0499955
-0.00309203 -0.00309043
-0.0872883 -0.0868249
-0.051645 -0.0514895
0.0258437 0.0260784
0.000417277 0.00041905
0.0113925 0.0114514
-1.91289e-06 -1.74083e-06
-0.00762279 -0.00761635
0.130803 0.13169
-0.0293509 -0.0290814
-0.0269957 -0.0269397
-0.0323461 -0.0323124
-0.00241263 -0.00241236
-0.00394997 -0.00394917
0.296656 0.297815
-0.0345362 -0.0344805
-0.0386904 -0.0386593
-0.062569 -0.0624335
7.69181e-07 7.88702e-07
-0.00371705 -0.00370675
0.00191421 0.00191569
0.00546878 0.0054813
0.203269 0.204049
-0.154862 -0.153645
0.007154 0.00718791
0.0120782 0.0121546
0.0819965 0.0829874
0.0271807 0.027249
-0.039234 -0.0392237
0.014503 0.0145977
0.0593967 0.0595698
-0.0648267 -0.0647936
0.00718674 0.00722069
-0.0247609 -0.024741
-0.0607306 -0.0603062
0.0034163 0.00341747
0.0570587 0.057304
-0.00190686 -0.0019054
-0.127361 -0.127218
0.0818017 0.0827926
0.0361942 0.0362815
0.127344 0.127487
-0.152164 -0.150883
0.0330852 0.0331547
-0.0446675 -0.0446527
-0.0602964 -0.0602492
-0.0378185 -0.0374091
0.0516357 0.0517913
0.000116089 0.000117545
-0.0160457 -0.0160281
-0.0359802 -0.0358445
-0.0330694 -0.0329998
-0.0344963 -0.034124
-0.00203825 -0.00201506
0.0786485 0.0789696
-0.0202461 -0.0201326
-0.135099 -0.134936
-0.328257 -0.327136
-0.0810861 -0.0804253
-0.00394097 -0.00394018
0.103576 0.103725
0.0459673 0.0462167
0.00698509 0.00698795
0.0535291 0.0535776
0.07881 0.0795694
0.0784032 0.0791625
-0.103689 -0.10354
0.00195168 0.00195298
0.095033 0.0951732
0.125057 0.125525
-0.113705 -0.112979
-0.05669 -0.0563351
0.328368 0.329488
-0.00228798 -0.00228577
-0.0243723 -0.0242139
-0.0171808 -0.0171664
0.0257871 0.0260219
-0.00142358 -0.00142142
-0.3359 -0.334977
-0.00851516 -0.00850577
0.363117 0.364048
0.0482145 0.048325
0.0725711 0.0726128
-0.0635171 -0.063476
0.0474636 0.0478843
-0.0962085 -0.0955779
0.00559882 0.00560129
0.0622012 0.0623368
0.0786456 0.0786966
0.0247695 0.0247894
0.0473846 0.0474961
0.0233631 0.023388
0.0103573 0.0103632
-0.1749 -0.174699
0.0512141 0.0515663
0.41473 0.415601
0.0275359 0.027548
-0.255459 -0.254605
0.0569326 0.0572875
-0.0348224 -0.0346545
0.1612 0.161567
0.0638067 0.0641754
-0.00296048 -0.00295212
-0.00698523 -0.0069824
0.0997468 0.0998421
0.0074147 0.00741896
0.113409 0.113504
-1.63105e-06 -1.52767e-06
-0.255267 -0.254413
0.0270182 0.0271047
-0.0367263 -0.0366421
-0.124916 -0.124448
-0.0479303 -0.0477705
-0.0631569 -0.0630147
-0.0786399 -0.0778805
-0.0559802 -0.0558476
-0.115615 -0.114904
0.0176201 0.0180121
-0.153775 -0.153373
-0.129021 -0.128171
-0.248165 -0.247575
-0.0411665 -0.0410976
0.0667056 0.0668756
0.00946812 0.00947364
0.0650138 0.06533
0.00600955 0.00607035
0.0292802 0.0295498
0.000136535 0.000138634
-0.366701 -0.365258
0.0646898 0.064723
0.0220172 0.0220683
-0.139264 -0.138967
0.0498998 0.0500265
0.045834 0.0460455
-0.0378253 -0.0374159
0.0677113 0.0679643
-0.0100418 -0.0100298
0.0676073 0.0678602
0.0678831 0.0681361
0.0675625 0.0678154
0.0295149 0.0295561
0.118713 0.118853
-0.115965 -0.115702
-0.000506723 -0.000505928
-0.0975907 -0.0975078
-0.0322444 -0.0322107
-8.73652e-05 -8.59046e-05
-0.361362 -0.359986
0.0330904 0.03316
-0.341147 -0.34012
-0.0181758 -0.0181711
-0.0362 -0.0361128
0.0316001 0.0316123
0.0294704 0.0295115
0.0160486 0.0160662
0.00442685 0.00442811
-0.0145071 -0.0144124
-0.025705 -0.0254702
0.139497 0.139794
-0.0290501 -0.0289514
-0.0234938 -0.0234689
0.14146 0.141772
0.0559506 0.0559884
-0.0240644 -0.0240329
-0.0100389 -0.0100269
0.120757 0.121627
0.11377 0.114497
-0.0361174 -0.0359816
0.0034269 0.00342806
-0.00309489 -0.00309328
-0.00757287 -0.00756939
-0.296742 -0.295583
-0.139481 -0.13905
0.00694317 0.00694602
-0.000156201 -0.000154095
0.025813 0.0258268
-0.017943 -0.0179121
-0.0180196 -0.0179421
-0.0173239 -0.0173186
-0.0614248 -0.0610005
0.366511 0.367955
0.0246321 0.0247905
0.0113934 0.0114524
0.0181517 0.0181564
-0.000402691 -0.00040091
-0.0356576 -0.0348965
-0.154478 -0.153261
0.00750474 0.00750821
-0.141384 -0.141071
0.15342 0.153822
0.00194169 0.00196488
0.0472279 0.0472461
-0.120844 -0.119974
0.383561 0.384215
-0.0425981 -0.0424512
-0.341109 -0.340082
-0.0587807 -0.0586076
-0.0649154 -0.0645993
-0.0490376 -0.0488408
0.134278 0.134493
-0.38321 -0.382556
0.12104 0.12191
-0.0834249 -0.0833672
0.163403 0.163624
-0.00241016 -0.00240989
0.00697751 0.00698034
-0.0541909 -0.054142
0.00752711 0.00753058
-0.0383161 -0.0379247
-0.131467 -0.13058
-0.130507 -0.129621
0.129414 0.130265
0.289858 0.290551
0.0425915 0.0427384
0.328178 0.329298
-0.0976104 -0.0975276
-0.0666215 -0.0663016
0.0259329 0.0259738
-0.00563151 -0.00562902
-0.290065 -0.289373
-0.0276035 -0.0275914
-0.340738 -0.339646
0.0316228 0.0316322
-0.00695152 -0.00694869
0.0835951 0.0836527
-0.00713935 -0.0071054
0.000101888 0.000103356
-0.00296607 -0.00295771
-0.0510676 -0.0509576
0.194605 0.194903
0.0782715 0.0786145
-0.0870335 -0.0865702
0.0259433 0.0259571
0.00202986 0.00205306
0.0640036 0.064282
-0.0767089 -0.0764501
-0.0233514 -0.0233265
0.125246 0.126059
0.0747054 0.0750648
-0.0756463 -0.0754172
0.0979175 0.0986551
0.125118 0.125931
0.15269 0.152872
-0.000515142 -0.000514341
0.0611454 0.0615501
-0.0259343 -0.0258131
-0.0725765 -0.0725348
0.063614 0.0639826
-0.0173516 -0.0173463
-2.45999e-07 -2.20268e-07
-0.0240576 -0.0238609
0.0173413 0.0173467
0.147504 0.148484
0.0258507 0.0258915
0.135163 0.135495
0.130844 0.13173
0.0292302 0.0294997
0.104074 0.104508
-7.66627e-06 -7.38964e-06
0.0425841 0.0427309
-0.00711423 -0.00708031
0.0312562 0.0315163
0.153074 0.153476
-0.0272729 -0.0272045
-0.115287 -0.114576
0.174482 0.174683
-0.0315999 -0.0315877
-0.0181372 -0.0181325
-0.00567073 -0.00566723
0.074111 0.0744097
-0.01801 -0.017979
0.113855 0.114582
0.0750249 0.0751033
0.0634078 0.063449
0.319806 0.320612
-0.0488902 -0.0488035
0.349781 0.351041
-0.147776 -0.146797
0.0834831 0.0835408
0.00196667 0.00196796
-0.0179952 -0.0179177
-0.0056592 -0.00565672
0.0180485 0.0180795
0.203603 0.204382
-0.0269884 -0.0269323
-0.0576042 -0.0573589
0.0543582 0.0544072
0.0475474 0.0477073
-0.0471538 -0.0470424
-0.0004227 -0.000420918
0.0446516 0.0446665
0.0725535 0.0725952
-0.0677663 -0.0675134
0.363187 0.364118
0.0687234 0.0689863
-0.00544969 -0.00543719
-0.027469 -0.0274568
0.255481 0.256335
-0.00442752 -0.00442627
0.0641708 0.0644728
0.120596 0.121147
0.287686 0.288639
0.139416 0.139713
0.00706923 0.00708537
0.0127674 0.0128187
-0.361706 -0.360329
0.0053901 0.00539256
3.30966e-07 4.05009e-07
-0.0670738 -0.0669038
0.164061 0.164282
-0.0429331 -0.0426692
2.43787e-05 2.52598e-05
0.0787877 0.0791089
-0.153222 -0.15304
-0.0022591 -0.00224239
-0.0202308 -0.0201173
0.0291017 0.0291429
0.00226902 0.00227122
-0.00635668 -0.00634735
0.285527 0.285997
0.00930016 0.00931517
-0.0576657 -0.0573108
0.000134934 0.000137042
0.0656219 0.06575
0.00760494 0.00761137
-0.0176528 -0.0175916
-0.00543565 -0.00543317
0.0240552 0.0240867
-0.195912 -0.195403
-0.194629 -0.194331
0.0601038 0.0605281
-0.134332 -0.134117
0.0269736 0.0270297
-0.0725393 -0.0724975
0.00146355 0.00208339
0.224442 0.225184
-0.0323392 -0.0323056
0.00203437 0.00204509
0.0479882 0.0480987
0.0753233 0.0755523
-0.0313722 -0.031351
-0.0244696 -0.0243112
-0.134381 -0.134167
0.00448019 0.00448146
0.0316112 0.0316234
0.414601 0.415472
0.0428779 0.0431418
0.00154257 0.00216235
-0.038934 -0.0385759
-0.0647269 -0.0646938
-0.0266441 -0.026588
-0.0648487 -0.0648155
-0.361891 -0.360515
0.0160328 0.0160504
-0.067114 -0.0669441
0.00293542 0.00294379
0.336388 0.337311
0.163975 0.164196
-0.152364 -0.151083
-0.00550005 -0.00549758
0.0514272 0.0515372
0.0181599 0.0181645
0.0472061 0.0472243
-0.124904 -0.124435
0.118729 0.118868
0.00440061 0.00440185
0.0975945 0.0976774
-0.0292562 -0.029215
-0.0347171 -0.0346614
-0.00392253 -0.00336932
-0.0172438 -0.0172294
-0.0608189 -0.0603945
-0.296922 -0.295763
-0.12739 -0.127246
-0.0257897 -0.0257488
0.0630081 0.0631504
-0.103274 -0.103126
0.124842 0.12531
-0.00927603 -0.00926101
-0.0685386 -0.0683362
0.0257415 0.0257553
-0.0600175 -0.0595932
-0.224537 -0.223795
0.0630672 0.0632095
0.0490124 0.0492092
0.0170461 0.017438
0.0599212 0.0603454
-0.139614 -0.139184
-0.134348 -0.134133
-0.063387 -0.0631087
0.0346723 0.0348402
0.0780232 0.0783662
-0.0376564 -0.037247
-0.0114791 -0.0114375
0.341051 0.342079
0.0292234 0.0293223
-0.0034265 -0.00342534
0.0614927 0.0616812
0.148057 0.149037
-0.133244 -0.132719
-0.0982963 -0.0975587
0.0472304 0.0476508
-0.00752163 -0.00751816
-0.155175 -0.154067
-0.00706518 -0.00704905
-0.0480468 -0.0479363
0.157092 0.157345
0.16107 0.161438
-0.0662786 -0.0661086
-0.105577 -0.10497
-0.041069 -0.0410002
-0.103656 -0.103508
0.0741501 0.0744488
-0.115713 -0.115002
0.0315069 0.0317669
-0.163793 -0.163571
0.0873 0.0877634
0.062197 0.0623326
-0.00301248 -0.00245939
-0.139437 -0.139007
0.00858989 0.0085993
0.00052691 0.000527727
0.290299 0.290991
-0.0750086 -0.0749301
-0.0386084 -0.0385774
-0.139417 -0.13912
0.383196 0.383851
0.407717 0.408715
0.00536998 0.00537243
0.0313785 0.0313998
-0.230378 -0.229663
0.0390402 0.0393984
-0.349819 -0.348559
0.17468 0.174881
0.00707976 0.0070959
-0.00972434 -0.00971225
-0.0515458 -0.0511937
-0.0011661 -0.00116395
-0.115851 -0.115588
-0.161197 -0.160829
0.0556162 0.055654
-0.0114848 -0.0114431
-0.0817694 -0.0811086
0.134364 0.134527
0.0639178 0.0642865
0.00323723 0.00323895
0.064978 0.0652801
0.134852 0.135183
0.0357316 0.0358674
0.0103334 0.0103392
4.45054e-06 4.73932e-06
-0.0367905 -0.0367063
-0.287468 -0.286514
0.120273 0.120824
0.0372227 0.0375345
-0.0345033 -0.034131
-0.328304 -0.327184
0.00124256 0.00127076
-0.000145427 -0.000143316
-0.0595108 -0.0593753
-0.0516413 -0.0514857
-0.0258099 -0.0257961
-0.039863 -0.0395489
0.0386662 0.0386973
-0.0395866 -0.0394269
0.00741986 0.0074241
0.147652 0.148631
0.0657575 0.0658856
0.0270882 0.0271748
-0.154469 -0.153252
0.361727 0.363103
0.0869459 0.0874092
-0.194552 -0.194255
0.0119972 0.0120736
-0.0661537 -0.0658338
-0.0790093 -0.078688
-0.0092883 -0.00927328
-0.195977 -0.195468
-0.0640257 -0.0637474
-0.0258162 -0.0256259
-0.0220778 -0.0220268
-0.00698945 -0.00698455
0.0508917 0.0510017
-0.0127739 -0.0127226
-0.0725607 -0.072519
0.154888 0.156104
0.297072 0.298049
0.121033 0.121903
-0.341429 -0.340403
-0.0644045 -0.0641024
-0.00706289 -0.00704676
-0.153465 -0.153063
-0.0508459 -0.0504936
-0.0259002 -0.0257099
-0.0111455 -0.0111205
-0.0516437 -0.0514881
-0.0208071 -0.0207868
0.00958125 0.00958675
0.00755657 0.00756298
0.103644 0.104078
-0.480599 -0.479156
0.0758171 0.0763347
-0.120711 -0.119841
-0.0557864 -0.0551278
-0.0617474 -0.061323
0.0160489 0.0160666
-0.113962 -0.113236
0.203131 0.203911
-0.00868943 -0.00868003
-0.113522 -0.112796
0.19168 0.192486
0.00142407 0.00142622
-1.43534e-06 2.20268e-07
-0.0344771 -0.0344213
0.00538697 0.00538942
0.0492631 0.0494599
0.00542274 0.00543525
-0.0650255 -0.0647094
0.105456 0.106063
-0.0219575 -0.0219064
-0.0557136 -0.055055
0.00589049 0.00589305
0.0677765 0.067979
0.0316437 0.0316532
0.0127769 0.0128282
-0.00195707 -0.00195577
0.025799 0.0259893
-0.0371411 -0.0368293
0.0150835 0.015085
-0.0508906 -0.0508121
-0.0324196 -0.0320803
-0.0613046 -0.0608998
-0.0535237 -0.0534752
0.00233695 0.00233916
0.0125081 0.0125337
0.0173596 0.0173649
0.0316498 0.0316592
0.0242106 0.0244074
-0.0634435 -0.0630748
-0.230564 -0.229849
-0.0121201 -0.0120436
-0.126118 -0.125304
0.0257813 0.0259025
-0.0785738 -0.0785228
0.163413 0.163634
0.0368245 0.0369087
-0.319891 -0.319084
0.0476767 0.0478365
0.139463 0.139893
-0.038234 -0.0378425
0.450773 0.451988
0.0506644 0.0510166
0.00326381 0.00326551
0.130711 0.131598
-0.0171113 -0.0170969
0.349406 0.350667
-0.100563 -0.100049
0.0446651 0.04468
-0.0599416 -0.0595173
-0.00701465 -0.00700974
6.07708e-06 6.95621e-06
-0.0623994 -0.0622638
-0.0383022 -0.0379107
-0.0095163 -0.00950419
0.0634876 0.0637659
0.0378774 0.0382868
-0.287563 -0.286609
0.00563351 0.005637
0.0346059 0.0349783
-0.0565297 -0.0563971
0.0364259 0.0365131
-0.289839 -0.289146
-0.285707 -0.285236
-0.255746 -0.254892
-0.0639108 -0.063542
0.230187 0.230902
-0.095898 -0.0952676
0.248381 0.248972
-0.147801 -0.146822
0.00241228 0.00241254
-0.152291 -0.151009
0.00238692 0.00240358
0.383739 0.384394
-0.12727 -0.127126
2.61909e-08 1.67688e-06
0.133303 0.133828
0.00113347 0.00113562
0.290164 0.290856
0.0766162 0.0771336
0.0806923 0.0809119
-0.0908938 -0.090746
-0.101647 -0.100264
-0.0022918 -0.0022896
-0.0470927 -0.046672
0.0808472 0.0815081
-0.134556 -0.134393
-0.113407 -0.11268
0.0689093 0.0691723
-0.00755147 -0.007548
-0.00217336 -0.00215668
0.00715561 0.00718956
-0.0324216 -0.0320822
0.285583 0.286053
-0.00050417 -0.000503363
-0.0642883 -0.0639863
-0.124329 -0.123861
-0.0291099 -0.0288405
-0.2855 -0.28503
-0.0602407 -0.0601936
-0.113508 -0.113412
0.414878 0.415749
0.0555794 0.0562381
-0.0337937 -0.033497
0.128919 0.12977
0.00394195 0.00394275
0.0169898 0.0173817
0.034934 0.0351019
0.0816828 0.0826737
-0.224502 -0.223761
-0.0144807 -0.014386
0.0379204 0.0383117
-0.0802226 -0.0800031
0.00701938 0.00702428
0.00369312 0.00370339
0.0056663 0.00566978
0.0513489 0.0514589
0.0871942 0.0876575
-0.023931 -0.0238996
-0.064658 -0.0643419
0.00546339 0.00547588
0.00168216 0.00230195
-0.0471908 -0.0471726
0.285644 0.286114
8.49707e-06 8.68283e-06
0.0745941 0.0749534
0.00963596 0.00964148
-0.194579 -0.194282
-0.00227979 -0.0022776
0.0348534 0.0350213
-0.139448 -0.139018
5.7611e-05 5.90816e-05
-0.0275363 -0.0275241
-0.133586 -0.133061
0.0354701 0.0356061
0.000188994 0.000191093
0.10428 0.104713
-0.161407 -0.16104
0.134811 0.134974
0.0349397 0.0351076
-0.05352 -0.0534715
-0.017943 -0.017912
0.0209051 0.0209254
-0.0330714 -0.0330018
0.0301872 0.030319
0.0179559 0.0179868
-0.0636405 -0.0632718
0.0978505 0.0985881
-0.0392348 -0.0392245
0.1345 0.134663
-0.0950265 -0.0948862
0.134349 0.134564
-0.0614696 -0.0612812
0.0510634 0.0514156
0.00862081 0.00863022
-0.074055 -0.0737564
-0.047242 -0.0472238
6.6623e-06 6.83542e-06
0.0910153 0.0911629
-0.00042036 -0.000418588
0.00703948 0.00705563
-0.297244 -0.296266
-0.0409949 -0.040926
0.00968225 0.00969435
0.0968698 0.0975005
0.00590224 0.0059048
0.0805098 0.0807293
-0.383545 -0.382891
-0.0403609 -0.0400467
0.153175 0.153577
-0.153544 -0.153141
0.0288816 0.0289805
0.0686035 0.0688059
-0.28545 -0.28498
-0.0514212 -0.0513112
-0.0316592 -0.0316498
0.0111582 0.0111832
0.045805 0.0460165
-0.0268812 -0.0267946
-0.00198271 -0.00198143
0.00741201 0.00741625
0.0426331 0.04278
0.0673019 0.0674718
0.0595416 0.0596772
0.0125413 0.0125669
0.00373179 0.00374207
0.015772 0.0158041
0.0392319 0.0392422
0.15462 0.155837
0.00925424 0.00926924
0.0611963 0.0613848
0.0302343 0.0303661
0.0315655 0.0315777
0.361353 0.362729
-0.012569 -0.0125434
0.00242342 0.00242368
0.034517 0.0345727
-0.00114173 -0.00113958
0.0346753 0.034731
-0.0595589 -0.0594235
-0.00564849 -0.005645
-0.00367485 -0.00312168
-0.129114 -0.128263
0.0607167 0.0611217
0.0269854 0.0270719
-0.255101 -0.254247
-0.094859 -0.0947188
0.078523 0.0788045
-0.118732 -0.118592
-0.157096 -0.156844
0.00444939 0.00445064
-0.0975936 -0.0975108
-0.0103143 -0.0103084
-0.00111123 -0.00108304
0.0337726 0.0340693
-0.00243183 -0.00243156
-0.230473 -0.229758
0.194603 0.1949
0.0754243 0.0755026
-0.061224 -0.0608191
-0.0617365 -0.0616009
0.0377219 0.0381312
0.0085099 0.00851925
-0.0785406 -0.0782195
0.0292129 0.0294823
-0.0157616 -0.0157294
-0.287934 -0.28698
-0.248026 -0.247436
0.0649131 0.0652292
-0.0501861 -0.0500594
0.0023084 0.0023106
0.00546132 0.00547382
-0.0175668 -0.0171748
-0.105026 -0.104419
0.0163894 0.0164478
-0.163932 -0.16371
-0.0469501 -0.0468386
-0.0969751 -0.0963446
-0.0767454 -0.076228
-0.0160493 -0.0160317
0.116022 0.116285
-0.0499005 -0.0497738
0.00568106 0.00568455
0.0150812 0.0150827
0.230604 0.231319
-0.0257413 -0.0257275
-0.0629193 -0.0627771
-0.00946007 -0.00945457
0.0424213 0.0426852
0.00964872 0.00966082
-0.0181732 -0.0181685
-0.0819998 -0.0810088
-0.0150765 -0.0150749
0.00387607 0.00442929
-0.155085 -0.153977
0.0802909 0.0805104
-0.0172064 -0.0168144
0.00394221 0.00394301
-0.0510015 -0.0508914
0.115226 0.115936
0.0367586 0.0368428
0.0178488 0.0179263
0.120612 0.121163
0.0280106 0.0280454
-0.0292688 -0.0289993
-0.067424 -0.0671713
-8.23072e-05 -8.08456e-05
0.0635734 0.0639421
-0.0112978 -0.0112389
0.0941249 0.0953807
0.0257922 0.026027
-0.121037 -0.120167
0.083625 0.0836827
-0.0255399 -0.0254187
-0.0313849 -0.0313637
0.0937999 0.0950558
0.0385068 0.038865
0.0371781 0.03749
-0.336023 -0.3351
-0.40757 -0.406572
-0.134483 -0.13432
-0.3492 -0.347939
0.0473806 0.0474921
0.0395197 0.0396796
-0.00369714 -0.00368686
-0.0315609 -0.0315488
7.92702e-07 8.88178e-07
-0.0631607 -0.0630185
0.0684824 0.0686847
0.017894 0.0179551
0.0366299 0.0367142
-0.152664 -0.152482
-0.0571965 -0.0568416
0.057386 0.0576312
0.0013169 0.00134505
0.152495 0.153777
-0.0626708 -0.0625286
0.366626 0.36807
0.00141962 0.00144779
0.0599292 0.0599762
0.00924412 0.00925911
-0.00194625 -0.00194496
-0.0646541 -0.0643521
-0.0748504 -0.0747722
-0.0784219 -0.0781406
0.319774 0.320581
0.026831 0.026887
0.0535049 0.0535534
0.134388 0.134603
-0.00121447 -0.00121231
0.0111601 0.0111851
-0.0556891 -0.0556514
0.000148321 0.000150429
-0.0143854 -0.0142908
-0.0177341 -0.0176014
-0.00702934 -0.00701319
-0.0472903 -0.0468697
0.0279114 0.0279462
-0.130821 -0.129934
0.060769 0.0611934
0.0544219 0.0544708
-0.0602091 -0.0601621
0.0114364 0.011478
0.0158431 0.0158752
0.00997055 0.00998256
0.0202281 0.0203416
0.0671107 0.0672806
0.0313832 0.0314044
-0.0367852 -0.036024
0.0633705 0.0635128
0.296999 0.298158
0.0126371 0.0126626
-0.0258884 -0.0256536
0.0172105 0.0172249
-0.340563 -0.339471
0.074951 0.0750293
0.00971597 0.00972808
-0.128773 -0.127922
-0.0937247 -0.0924689
0.0173362 0.0173415
-1.13948e-06 -1.11555e-06
-0.0942376 -0.0929818
0.0313318 0.0315918
0.047523 0.0476828
-0.0938781 -0.0926223
-0.125458 -0.12499
0.00322212 0.00377523
-0.00113259 -0.00110437
0.0264198 0.0264759
-0.0941972 -0.0929413
-0.0244002 -0.0242418
-0.336296 -0.335373
-0.0542895 -0.0542406
-0.0207779 -0.0207576
-0.0958812 -0.0952507
0.0597713 0.0599068
0.0757121 0.0759413
-0.12731 -0.127166
0.0127241 0.0127754
-0.414702 -0.413831
0.152054 0.153336
-0.248324 -0.247733
0.0179577 0.0179887
0.0076055 0.00761194
0.0179644 0.0179953
0.41449 0.415361
0.287797 0.288751
-0.0153627 -0.0147045
-0.0396406 -0.0394808
-0.000404946 -0.000403169
0.027416 0.0274281
-0.349266 -0.348005
-0.031633 -0.0316236
0.0623826 0.0625182
0.0157524 0.0157845
0.0111412 0.0111663
0.0289251 0.0290239
0.0655477 0.0656759
-0.290167 -0.289475
0.0257016 0.0258919
0.0542355 0.0542844
0.0635912 0.0636323
-0.00207161 -0.00206089
-0.078263 -0.0779198
-0.125663 -0.124849
-0.00695812 -0.00695321
0.000416956 0.00041873
-0.0446678 -0.0446529
-0.0370654 -0.0367537
0.135086 0.135249
-0.00155849 -0.000938662
-0.0661647 -0.0658449
0.0784049 0.0787262
-0.00214127 -0.00213054
-0.0256678 -0.0254775
-0.0280685 -0.0280336
-0.0177027 -0.0175699
-0.0912693 -0.0911216
-0.0497521 -0.0496253
0.0787007 0.0787517
-0.120705 -0.119836
0.0220833 0.0221343
0.00999297 0.010005
-0.0570593 -0.0568139
-0.0095753 -0.0095632
0.0402903 0.0406046
0.0172508 0.0172651
0.0261722 0.0262284
0.0488091 0.0490059
0.12904 0.129891
0.336039 0.336962
0.0509023 0.0509808
-0.163866 -0.163644
-0.113407 -0.113312
-0.0058985 -0.00589592
0.0818072 0.0824678
0.0485337 0.0486204
-0.00297525 -0.00296689
0.0240355 0.0242321
0.0755403 0.0757694
-0.135259 -0.134927
-0.0462242 -0.0459748
0.074818 0.0751775
-0.153121 -0.152939
-0.0446607 -0.0446458
0.132562 0.133087
-0.450911 -0.449696
0.0516255 0.0517811
-0.0591927 -0.0590196
0.0505078 0.0506178
-0.0054489 -0.00543638
-0.0120008 -0.0119243
-0.135003 -0.134671
-8.90158e-07 -8.73968e-07
0.0589928 0.059166
-0.001993 -0.00199172
-0.203515 -0.202735
0.0269548 0.0270414
0.00342811 0.00342926
-0.0668215 -0.0666515
-0.202989 -0.20221
-0.00373913 -0.00372883
0.297027 0.298004
0.125165 0.125978
-0.00213521 -0.00212447
-1.64626e-05 -1.55893e-05
0.00294611 0.00295446
-0.00367777 -0.00366749
-0.105335 -0.104728
-0.0786161 -0.0785651
-0.00185989 -0.00183672
-0.0743336 -0.0739741
-0.0760043 -0.0754868
-0.0977651 -0.0970274
0.00399312 0.00399393
-0.015412 -0.0153798
-0.0451658 -0.0449544
-0.0377204 -0.0373292
0.194664 0.194962
0.196002 0.196511
-0.319842 -0.319035
0.000501779 0.000502574
0.154383 0.155599
-0.00952425 -0.00951877
-0.066625 -0.0663051
-0.0597029 -0.0595674
0.000443699 0.000445482
0.0619499 0.0623742
0.0354622 0.0355981
-0.00737825 -0.007374
-0.135055 -0.134724
-0.0762813 -0.0760224
-0.0034427 -0.00344154
0.00052379 0.000524601
0.0170411 0.0170555
-0.194732 -0.194435
0.0446618 0.0446766
-0.118694 -0.118554
-0.00589275 -0.00589018
-0.0763582 -0.0760994
0.153164 0.153346
-0.015367 -0.0147087
0.0394289 0.0395889
0.103378 0.103526
0.00199084 0.00200155
-0.0177609 -0.0176281
0.147458 0.148438
0.00636463 0.00637398
-0.0220315 -0.0219805
0.0821788 0.0831697
0.0381982 0.0385897
0.0942056 0.0954614
0.114214 0.11494
-0.037154 -0.0368422
-0.0208753 -0.020855
0.0316029 0.031615
3.21377e-07 2.84217e-07
-0.00140005 -0.0013719
0.0292648 0.0295342
-0.0412663 -0.0411974
-0.0111331 -0.011108
0.0301002 0.030232
0.0119928 0.0120693
0.255185 0.256039
0.341088 0.342115
-0.0370045 -0.0366927
0.0562155 0.0563481
0.248433 0.249023
0.0345132 0.0345689
-0.125155 -0.124341
0.0671147 0.0672847
-0.00717675 -0.0071428
-0.0542497 -0.0542008
-0.00145312 -0.00145096
0.127502 0.127646
-0.11876 -0.118621
0.0738399 0.0741385
0.0233697 0.0233945
0.0533855 0.053434
0.135214 0.135545
0.0659344 0.0662541
0.0220386 0.0220896
0.0557532 0.0564118
-0.0316029 -0.0315934
0.0948304 0.0949706
-0.105568 -0.104961
0.0738357 0.0741344
-0.16501 -0.164718
-0.078602 -0.0782807
-0.0656699 -0.0655418
-0.0832871 -0.0832295
-0.0395218 -0.039362
0.165228 0.165521
0.361542 0.362919
0.00314975 0.00370285
-0.078098 -0.0778166
-0.319595 -0.318788
0.0363327 0.0364199
0.115644 0.116354
0.0177622 0.017895
-0.0054268 -0.00541428
-0.0756112 -0.0750938
0.0596953 0.0601196
-0.0762363 -0.0759774
-0.0103351 -0.0103292
-0.016036 -0.0160184
-0.0491046 -0.0489078
0.037094 0.0374058
0.120244 0.120795
0.141453 0.141765
-0.000147315 -0.000145207
-0.068245 -0.0679821
-0.154727 -0.153619
-0.164686 -0.164393
-0.0260533 -0.0259972
0.450984 0.452199
0.0656543 0.0659742
-0.00193522 -0.00193373
-0.139169 -0.138873
-0.29726 -0.296282
0.0264027 0.0264588
0.0274943 0.0275064
0.0019457 0.00194717
-0.0279406 -0.0279057
0.0370712 0.0373829
0.0177067 0.0177679
3.91704e-06 4.20641e-06
-0.319601 -0.318795
-0.191697 -0.190891
-4.6615e-06 -4.56168e-06
0.0338297 0.0341264
0.00203069 0.00204142
-0.0999041 -0.0998088
0.105307 0.105914
-0.0259305 -0.0258897
-0.045633 -0.0454215
0.0482485 0.048359
-0.0725617 -0.07252
0.154953 0.156061
-0.141315 -0.141002
-0.0655646 -0.0654365
0.100783 0.101298
-0.0481949 -0.0480844
-0.1393 -0.139003
-0.0291058 -0.0290646
0.00695075 0.00695359
-0.0159171 -0.0158586
-0.0516457 -0.0514901
0.195723 0.196232
0.157082 0.157335
0.115157 0.115421
0.135565 0.135896
0.0362447 0.0370059
0.00143347 0.00143563
0.00214674 0.00216345
0.025713 0.0258342
0.101438 0.102821
-0.0622565 -0.062121
0.00340385 0.00340501
1.93438e-06 1.89004e-06
0.0155042 0.0155363
-0.0386554 -0.0386243
-0.0262472 -0.0261911
-0.0270203 -0.0269337
-0.0157504 -0.0157183
0.0970752 0.0977055
0.383161 0.383815
0.155312 0.15642
-0.0676706 -0.0674682
-0.00544836 -0.00543584
-0.0426231 -0.0424762
-0.00158419 -0.000964313
0.320008 0.320815
-0.0576074 -0.0573621
-0.0593491 -0.059176
-0.0512238 -0.0508717
-0.0455588 -0.0453473
0.0626143 0.0627566
-0.0396322 -0.0394724
0.101392 0.102774
-0.0676194 -0.0674169
-0.00110731 -0.00107908
-0.0365149 -0.0364276
-0.017694 -0.017302
0.480632 0.482075
-0.195961 -0.195452
-0.0069807 -0.00697786
-0.0571538 -0.0569086
-0.0869135 -0.0864502
-0.366263 -0.364819
0.151948 0.15323
-0.0102909 -0.0102851
-0.0744554 -0.074096
-0.0125291 -0.0125035
-0.0337758 -0.0334792
-0.0241114 -0.0239146
-0.00308349 -0.00308188
0.335917 0.33684
0.139282 0.139713
-0.046174 -0.0459246
-0.0803659 -0.0801464
0.0364371 0.0365244
-0.164806 -0.164514
0.0179504 0.0180279
0.0911239 0.0912716
-0.0419895 -0.0417565
-0.0260001 -0.025944
-0.0420001 -0.0417671
-0.0346394 -0.0345837
-0.0481118 -0.0480251
0.0615573 0.0617458
0.203314 0.204094
-0.0364487 -0.0363644
0.00697396 0.00697887
-0.0023131 -0.00231091
0.00183124 0.00185445
-6.67703e-08 -1.06581e-07
-0.00291673 -0.00290836
-0.0556437 -0.054985
0.230467 0.231182
-0.0311844 -0.0309244
-0.0750432 -0.0748141
0.0126937 0.012745
-0.383395 -0.382741
0.0755046 0.0757337
0.0256514 0.0256923
0.0036836 0.00369389
-0.0749988 -0.0749205
0.19157 0.192376
0.00143556 0.00143771
-0.00739564 -0.0073914
0.0691724 0.0694354
-0.0764646 -0.0759471
-0.051166 -0.0510559
0.0240827 0.0242795
0.0233923 0.0234172
0.0597093 0.0598448
-0.0126682 -0.0126426
-0.0338176 -0.033521
0.319748 0.320555
0.0451803 0.0453918
-0.0352604 -0.0351245
-0.296862 -0.295885
0.0785669 0.0786178
-0.120188 -0.119637
-0.224797 -0.224056
0.00227527 0.00227747
-0.0220403 -0.0219892
-0.0301129 -0.0299811
-0.0363932 -0.0363059
0.0637369 0.0640153
-0.0323077 -0.0319684
-0.0247545 -0.0247346
0.0338128 0.0341094
-0.073906 -0.0736074
0.0488494 0.0490462
0.0120627 0.0121391
-0.0301398 -0.030008
0.00120673 0.00120888
0.0487696 0.0488563
-0.0176393 -0.0175781
0.22479 0.225532
0.152716 0.153118
0.340694 0.341786
-0.00397032 -0.00396951
0.00212569 0.00214241
0.10093 0.101444
0.0995008 0.0995961
-0.0426176 -0.0423536
0.0322613 0.0326006
-0.14734 -0.14636
0.04198 0.042213
0.000437323 0.000439094
-0.0179754 -0.0179445
-0.0113692 -0.0113103
0.290023 0.290715
0.0176153 0.0177481
-0.0316369 -0.0316275
0.341477 0.342504
0.0153854 0.0160436
-0.0178 -0.0177225
0.0269176 0.0269737
-0.0782288 -0.0781779
0.0385843 0.0389425
-0.00392351 -0.00337038
-0.0181624 -0.0181577
-0.163834 -0.163613
-0.00704629 -0.00701233
0.0516502 0.0518058
0.0419685 0.0422015
0.0568734 0.0571187
-0.0155767 -0.0155446
-0.0257275 -0.0257137
-0.153133 -0.15295
0.0379506 0.038342
-0.0641109 -0.0638326
0.0763202 0.0765791
-0.0404372 -0.040123
0.0574399 0.0577947
-0.00119937 -0.00119721
0.224554 0.225295
0.000503008 0.000503803
-0.0247592 -0.0247393
0.255522 0.256376
0.0647351 0.0647683
-0.203485 -0.202705
0.00195262 0.00197586
-0.078093 -0.07775
0.25557 0.256424
-4.57359e-06 -4.28457e-06
0.025658 0.0257792
-0.0119084 -0.011832
0.0498014 0.0499282
-0.00735254 -0.00734829
-0.328705 -0.327585
-6.70671e-05 -6.55973e-05
0.0243361 0.0244944
-0.113655 -0.11356
-0.407498 -0.4065
0.113494 0.113589
-0.100448 -0.099933
-0.00120452 -0.000584762
0.12446 0.124928
-0.0476875 -0.0475277
-0.0110342 -0.0110092
0.0099592 0.00997118
-0.0468987 -0.0464781
-0.36147 -0.360093
0.287478 0.288431
-5.20779e-07 -4.40536e-07
-0.290011 -0.289318
0.139413 0.139843
-0.031137 -0.030877
0.139262 0.139559
-0.165372 -0.165079
-0.00018146 -0.000179355
-0.00175942 -0.00173621
0.0302224 0.0303542
0.00572504 0.00572753
0.020786 0.0208063
-0.00328966 -0.00328795
-0.00588456 -0.00588199
-0.0612807 -0.0610923
0.0394271 0.0395869
0.105612 0.106219
0.0601144 0.0601614
0.0323407 0.0326801
0.113595 0.113691
0.0285792 0.028678
-0.0288305 -0.0287316
-7.28706e-06 -5.6275e-06
0.0636396 0.0636808
-0.0102824 -0.0102765
-0.0174042 -0.0173431
-0.00340193 -0.00340078
-0.011037 -0.011012
-0.0781373 -0.0777941
-0.125064 -0.12425
0.153398 0.15358
0.017685 0.018077
0.00192034 0.00192181
0.152111 0.153393
-0.0608023 -0.0603974
0.0571839 0.0575388
-0.0240467 -0.02385
0.0785162 0.0788375
-0.0689081 -0.068645
0.0643383 0.0646402
-0.0542676 -0.0542186
0.00193789 0.00193936
0.0367388 0.0368231
0.0278799 0.0279148
-0.0474336 -0.0472738
0.0143534 0.014448
-0.0347796 -0.0346117
0.00703463 0.00706855
0.0534503 0.0534988
-0.0656551 -0.065527
-0.0816466 -0.0806557
0.0752381 0.0753165
0.055868 0.0560006
0.165493 0.165785
0.0948253 0.0949655
-0.0486851 -0.0485984
0.118678 0.118818
0.00702789 0.00704403
0.0776855 0.0779671
0.0102886 0.0102945
-0.0833915 -0.0833338
0.0470932 0.0471114
-0.0737765 -0.0734779
0.066289 0.066609
0.0178006 0.0179333
0.195962 0.196471
0.00563641 0.00563988
-0.0112412 -0.0111822
-0.0780429 -0.0776999
-0.00582664 -0.00576581
0.480553 0.481997
-0.00153223 -0.000912472
0.0634978 0.0637761
0.0721432 0.0725428
0.0741328 0.0744921
0.0401577 0.0404719
-0.0201342 -0.0200207
-0.0143956 -0.014301
0.13086 0.131747
-0.0997456 -0.0996504
0.296833 0.297811
-0.0173275 -0.0173222
0.0976141 0.097697
-0.0510977 -0.0507457
0.349706 0.350966
-0.248317 -0.247727
-0.00192459 -0.00192313
0.328443 0.329563
0.0377831 0.0381744
-0.0292246 -0.0291834
-0.0636547 -0.0636136
0.0238352 0.0238667
0.0337768 0.0340733
0.0279406 0.0279754
6.31987e-07 5.82645e-07
-0.0239931 -0.0237963
0.0776917 0.077973
-0.0679135 -0.0677112
-3.06612e-09 7.81597e-08
0.0419869 0.0422199
0.00639127 0.00640061
-0.0905638 -0.0904162
-0.00755625 -0.00754981
-0.0313842 -0.0313629
0.0313678 0.031389
0.248257 0.248848
0.0256854 0.0258756
0.0508934 0.0509719
0.340928 0.34202
0.00203168 0.0020484
2.60385e-06 2.70006e-06
-0.0384839 -0.0381258
0.0177249 0.0178576
-0.00754576 -0.00753933
0.0462917 0.0465411
0.033059 0.0331286
0.103432 0.10358
-0.0558125 -0.0557747
0.116086 0.116349
0.0171866 0.017201
-0.0470655 -0.046954
-0.115835 -0.115572
0.0201549 0.0202684
-0.0404089 -0.0400947
-0.0688347 -0.0685716
0.0869984 0.0874617
-0.0313584 -0.0310984
-0.000496544 -0.000495753
0.099387 0.0994823
-0.132639 -0.132114
0.0470838 0.0471953
-0.191615 -0.190809
0.0247504 0.0247702
0.349502 0.350762
-0.14138 -0.141067
0.0969686 0.0975991
-0.00738564 -0.0073814
0.0496598 0.0497866
-0.0269002 -0.0268319
-0.0817641 -0.0807731
-0.287685 -0.286731
0.0421815 0.0424456
-0.0563334 -0.0562008
0.12525 0.125717
-0.0278989 -0.027864
-0.0559815 -0.0558489
0.0975925 0.0976754
-0.0749716 -0.0747425
-0.0995574 -0.099462
-0.29673 -0.295572
0.0143991 0.0144937
-0.0948623 -0.0947221
-0.00954005 -0.00952794
0.0295229 0.0295641
0.0150731 0.0150746
0.00742672 0.00743097
0.0680157 0.0682181
-0.0599981 -0.0595739
-0.0099432 -0.00993119
-0.0179521 -0.0178746
-0.224924 -0.224183
0.0765022 0.0770198
0.0471611 0.0471793
-0.0976262 -0.0975434
0.0469832 0.0474039
-0.0161143 -0.0160558
-0.0018712 -0.00184796
0.0976022 0.097685
0.0480212 0.0481317
-0.0489227 -0.0487259
-0.0315317 -0.0315195
-0.023877 -0.0238455
-0.118704 -0.118564
-0.0256713 -0.025481
-0.0979172 -0.0971796
-0.0254634 -0.0252287
-0.0361497 -0.0353885
0.00114598 0.00114812
-0.0289367 -0.0288378
0.00925366 0.00926866
-0.110405 -0.110319
-0.16128 -0.160912
-0.00701614 -0.007
-0.0635207 -0.0632424
-0.0364483 -0.0356869
0.0237912 0.0238227
0.0408386 0.0409074
-0.0266784 -0.02661
0.00860123 0.0086106
-0.0423134 -0.0420494
-0.00583 -0.00576912
-0.00243446 -0.00243418
-0.0425082 -0.0422443
-0.0113565 -0.0113148
0.0965899 0.0972204
-0.130918 -0.130031
0.064766 0.0650821
-0.0126369 -0.0126114
0.00323164 0.00323335
0.0201664 0.0202799
-0.0751712 -0.075093
0.0316252 0.0316346
-0.147538 -0.146558
0.00141718 0.00141932
0.127434 0.127577
0.0243075 0.0244658
0.110397 0.110482
-0.0612146 -0.0610262
0.0178999 0.0179774
-0.0670736 -0.0668206
0.0262568 0.0263129
-0.094942 -0.0948018
-0.0687764 -0.0685133
0.118746 0.118886
-0.0670764 -0.0668235
-0.0719694 -0.0715699
0.0313713 0.0313926
-0.100491 -0.0999764
-0.0534462 -0.0533977
0.00296797 0.00297633
-0.0330588 -0.0329892
-0.450848 -0.449633
0.0484122 0.0484988
0.155167 0.156275
-0.0150797 -0.0150781
-0.0126854 -0.0126341
-0.00754586 -0.00753943
0.0114151 0.0114568
-0.00539759 -0.00539512
-0.0339089 -0.0336123
0.341296 0.342323
0.0268135 0.0268818
-0.335789 -0.334866
0.0256953 0.02593
-0.103849 -0.103416
0.0587546 0.0589278
-0.0238843 -0.0238528
0.296498 0.297656
-0.0150775 -0.015076
0.00305688 0.00305849
0.0358701 0.0366314
-0.0127137 -0.0126624
0.0143617 0.0144563
-0.0482333 -0.0481466
0.00201688 0.00201818
0.0913927 0.0915404
-0.0655422 -0.0654141
0.0386519 0.0386829
0.0458182 0.0460676
0.0408337 0.0409026
-0.0609359 -0.0605311
0.0807629 0.0809824
-0.0275327 -0.0275206
0.0176177 0.0176789
-0.00866913 -0.00865977
-0.0559244 -0.0558867
-0.025592 -0.0254708
0.125766 0.12658
0.0776314 0.0779129
-0.00398966 -0.00398886
-0.0467527 -0.0466413
-0.328785 -0.327665
0.0231862 0.0232111
0.0783097 0.079069
0.113339 0.113434
-0.0247625 -0.0247426
0.0788089 0.0795683
0.0910919 0.0912394
-0.104312 -0.103879
-0.0807634 -0.0805439
0.194653 0.194951
0.0648765 0.0649096
-0.0574159 -0.0570611
-0.0595929 -0.0594574
0.287444 0.288398
-0.115655 -0.115391
-0.0384331 -0.0380749
-0.0648291 -0.064527
-0.00445835 -0.00445708
0.336208 0.337131
-0.141358 -0.141046
-0.0375397 -0.0371305
-0.34079 -0.339698
-0.0348971 -0.0347292
0.22482 0.225561
0.0560279 0.0561604
-0.203044 -0.202265
0.114374 0.1151
0.0556524 0.0556901
-0.0365216 -0.0364343
0.0644589 0.0647608
-0.0159676 -0.0159091
-0.350014 -0.348754
-0.0256315 -0.0255905
-0.0784301 -0.0776708
0.0565286 0.0566612
-0.0268015 -0.0267331
-0.0788569 -0.0788059
0.0834705 0.0835281
0.0239281 0.0241248
-0.00448729 -0.00448602
-0.0479714 -0.0478609
0.0353599 0.0354958
-0.0470801 -0.0469202
0.00995105 0.00996305
0.0472171 0.047377
0.0346934 0.0347491
0.0779127 0.0782556
-0.0749745 -0.0747454
-0.00754341 -0.00753995
0.00305476 0.00305636
0.0721402 0.0725395
-0.0904326 -0.0902851
-0.00340333 -0.00340219
-0.00326562 -0.00326391
-0.0451999 -0.0449884
0.110396 0.110482
0.0112852 0.0113441
0.0201435 0.020257
0.0386071 0.0386381
0.0976785 0.0984161
-0.0021335 -0.00211678
-0.0171303 -0.0171159
0.13974 0.140037
0.0160238 0.0160414
-0.296882 -0.295904
-0.134269 -0.134106
0.161192 0.16156
7.81802e-05 7.96376e-05
0.0647329 0.065049
0.0102884 0.0102943
-0.157076 -0.156824
0.0554779 0.0555157
-0.120429 -0.119878
0.0568719 0.0571172
0.00752134 0.00752777
0.0940452 0.095301
0.0181517 0.0181564
-0.341021 -0.339994
-0.366091 -0.364647
0.068678 0.0689409
0.296972 0.29795
0.00695772 0.00696263
-0.0112645 -0.0112055
0.059814 0.0598611
0.00589349 0.00589606
0.0268911 0.0269595
0.0321702 0.0322037
-0.0980384 -0.0973008
-0.103484 -0.103335
9.42112e-07 1.11555e-06
0.00589632 0.00589888
0.0777897 0.0781328
-0.00634616 -0.00633682
-0.0209166 -0.0208963
0.100955 0.10147
-0.132526 -0.132001
0.00243265 0.00243291
-0.00863501 -0.00862567
-0.00638239 -0.00637304
-0.110398 -0.110313
0.0615479 0.0619722
-0.0150762 -0.0150747
-0.296822 -0.295663
0.132457 0.132982
-0.154753 -0.153536
-0.115488 -0.114778
0.104127 0.104561
0.0150756 0.0150772
-0.0742306 -0.0739319
0.0421848 0.0424488
0.103053 0.103201
0.01814 0.0181447
0.031291 0.031551
0.164551 0.164843
-7.45037e-06 -5.79803e-06
-0.0470971 -0.047079
-0.0173551 -0.0173498
0.0112575 0.0113165
0.00201113 0.00202188
-0.103655 -0.103221
0.0257978 0.0258115
-0.042532 -0.0423852
0.0178725 0.01795
-0.154894 -0.153786
0.0267771 0.0268331
-0.0782576 -0.0779762
0.0386006 0.0386316
-0.00194619 -0.00194473
0.195908 0.196417
-0.0126817 -0.0126304
0.0468794 0.0469908
-0.0181203 -0.0177283
0.0153652 0.0160235
0.0576253 0.0579802
-0.0482975 -0.048187
-0.00925434 -0.00923933
-0.0741184 -0.073759
0.0247424 0.0247622
0.0725749 0.0726167
-0.0871609 -0.0866977
-0.00696503 -0.00696012
-0.0498878 -0.049761
-0.0290304 -0.0289892
-0.174977 -0.174776
1.00005e-06 1.07292e-06
-0.0647831 -0.0647499
-0.0385832 -0.0385521
0.0162208 0.0162793
-0.0469207 -0.0465001
0.139338 0.139768
0.141297 0.141609
0.340851 0.341943
0.0360265 0.0367876
-0.0741216 -0.0737622
-0.00925417 -0.00923917
-0.03305 -0.0329804
-0.0232439 -0.023219
0.00122032 0.00124859
0.0614205 0.0618449
0.00567838 0.00568086
-0.134734 -0.134402
0.407488 0.408486
0.00694451 0.00694942
0.161284 0.161651
0.0342706 0.0346429
-0.0383733 -0.0380152
-0.0821538 -0.0811629
-0.00958707 -0.00958158
0.0558984 0.0565569
-0.00958271 -0.00957721
0.0425011 0.0426479
-0.0634149 -0.0630461
0.0633238 0.063365
0.0509589 0.051311
-0.00202475 -0.00201402
0.0255822 0.0257725
-0.285678 -0.285208
0.0330216 0.0330912
-0.00574355 -0.00574106
0.0465767 0.0468261
-0.0055402 -0.00553772
-0.0425417 -0.0423949
0.0173967 0.0174579
0.00201638 0.00201766
0.0764278 0.0766866
0.0039708 0.00397161
0.0275909 0.0276031
0.0659614 0.0662814
-0.0176408 -0.0175798
-0.340803 -0.339711
-0.153441 -0.153039
0.0619336 0.0620692
0.105653 0.10626
-0.050893 -0.0508145
0.0607278 0.0611326
-0.0255297 -0.0254888
-0.414447 -0.413576
0.0419873 0.0422203
0.00587239 0.00593333
0.0446704 0.0446853
0.011095 0.0111201
-0.0321778 -0.0321443
-0.383518 -0.382864
-0.0056684 -0.00566494
-0.0288884 -0.0287894
-0.029029 -0.0287595
0.0113211 0.0113627
-0.0779934 -0.077712
-0.152279 -0.150998
0.0596291 0.0600534
0.0399855 0.0402997
-0.0633503 -0.0633093
0.248271 0.248861
0.00305457 0.00305617
-0.00452642 -0.00452513
-0.063656 -0.0636149
0.0385825 0.0389407
0.00568914 0.00569164
-0.026811 -0.026755
0.00953282 0.00953829
-0.00573549 -0.00573301
0.094968 0.0951082
0.0323236 0.0323572
0.00948227 0.00949436
0.0656451 0.0657732
-0.0555591 -0.0555214
-0.0032879 -0.00328619
0.0401319 0.0404461
0.00634247 0.00635181
0.0607414 0.0611463
0.120785 0.121655
-0.363182 -0.362251
0.00295159 0.00295995
-0.0719189 -0.0715194
-0.0160347 -0.0160171
-1.68041e-05 -1.59375e-05
0.152768 0.15295
-0.120507 -0.119956
0.0408229 0.0408918
0.00305388 0.00305548
-0.055361 -0.0547023
0.0596604 0.0597074
0.132202 0.132727
0.165237 0.165529
0.0354467 0.0362079
0.34048 0.341573
0.0586249 0.0587982
0.055976 0.0566345
-0.0323281 -0.0319888
-0.0446542 -0.0446394
-0.120589 -0.120038
-0.0267679 -0.0267119
-0.0471391 -0.047121
-0.0419888 -0.0417558
-0.0419648 -0.0417319
0.0159372 0.0159957
-9.53624e-05 -9.38911e-05
0.0161871 0.0162456
0.00366075 0.00367105
0.366654 0.368098
0.0483456 0.0484323
0.061261 0.0614495
0.127341 0.127484
0.0208873 0.0209076
-0.0616163 -0.0614279
0.0542494 0.0542983
-0.134238 -0.134023
-0.0315339 -0.0315217
0.00240841 0.00240869
0.0220283 0.0220793
0.00753379 0.00753726
0.134228 0.134443
-0.0258663 -0.0258525
0.366475 0.367919
-0.36674 -0.365296
-0.0313665 -0.0313453
-0.0160858 -0.0160273
0.0647392 0.0647723
-0.00635358 -0.00634425
0.00549745 0.00549993
0.0256167 0.0256576
0.0761596 0.0764185
0.0113316 0.0113732
0.0321783 0.0322119
0.00327114 0.00327285
-0.0301335 -0.0300017
0.0208055 0.0208258
0.0982774 0.0990149
0.0376079 0.0380172
-0.414677 -0.413806
-0.0996132 -0.099518
-0.0201468 -0.0200332
0.0725465 0.0725882
-0.100535 -0.10002
0.0322982 0.0323318
-0.0279377 -0.0279028
0.0173318 0.0173371
0.0374915 0.0379008
0.0323339 0.0326731
0.296634 0.297792
-0.117595 -0.117487
0.160775 0.161174
0.407525 0.408287
-0.00467465 -0.00466782
-0.0998919 -0.0985437
-0.00914305 -0.00913428
-0.0700998 -0.0698923
0.00384389 0.00385271
-0.079344 -0.0784832
-0.0756976 -0.075383
-0.00718338 -0.00717017
-0.0333367 -0.0329731
0.0578855 0.0580735
-0.0755374 -0.0752229
0.033549 0.0339127
-0.01627 -0.016259
-0.0766748 -0.0766367
-0.016215 -0.0162108
-0.020749 -0.0206883
-0.0466521 -0.0465318
-0.0473443 -0.047249
0.0878654 0.0889945
-0.140958 -0.140591
0.018769 0.0194277
0.00908967 0.00909845
-4.50179e-07 -4.12115e-07
0.00858663 0.00862889
0.0364182 0.0365422
0.048205 0.0485984
0.00624957 0.00627539
0.0481461 0.0485396
-0.0581771 -0.0579892
-0.0721458 -0.0717567
-0.0325263 -0.0324758
-0.0361594 -0.0360353
-0.00369269 -0.00369073
0.265663 0.266494
-0.0877978 -0.0866687
0.265631 0.266462
0.0499846 0.0504471
-0.087813 -0.086684
0.0454312 0.0455073
0.020008 0.0200158
-0.00465468 -0.00464785
-0.0466596 -0.0465392
-0.117667 -0.117559
-0.182182 -0.181777
-0.00368142 -0.00367945
-0.295255 -0.294062
0.0309884 0.0312916
-0.0199779 -0.0198161
-0.0672926 -0.0670275
0.0587544 0.0589424
0.0783605 0.0790812
-0.182014 -0.18161
0.00382924 0.00383449
0.14064 0.141006
-0.0453428 -0.0451034
-0.0584168 -0.0582288
-0.0365497 -0.0364256
-0.0306971 -0.0303939
0.0722958 0.0726847
-0.0728054 -0.0726078
0.0994466 0.100795
-0.0199585 -0.0197967
0.0363748 0.0364989
-0.0038073 -0.00380204
-0.0497491 -0.0492866
-0.0306292 -0.0304465
0.0125987 0.0126056
0.00365229 0.00365478
-0.0162164 -0.0162122
0.0307481 0.0309308
-0.0730494 -0.0729617
0.00915044 0.00915922
-0.0522334 -0.0519027
-1.92848e-06 -1.88294e-06
0.141062 0.141428
0.0325556 0.0326061
0.182288 0.182692
-0.265901 -0.265071
0.0578808 0.0580688
0.0420761 0.0421543
0.0308673 0.0311705
0.0766633 0.0767013
-0.0790055 -0.0782846
0.0519809 0.0523115
-0.00713849 -0.00712531
0.044655 0.0446816
-0.0584615 -0.0582735
0.411157 0.412118
-0.0181736 -0.0181212
-0.119188 -0.118936
0.41051 0.411471
0.0723492 0.0727382
0.0997503 0.101099
0.0047534 0.00480324
-0.00387157 -0.00386633
0.0415964 0.0416747
0.0720385 0.0722361
-0.0126143 -0.0126075
0.0720377 0.0724267
0.0323381 0.032552
-0.410732 -0.409772
-0.0496967 -0.0492342
0.0305163 0.030699
0.0988042 0.0993945
0.117433 0.117541
-0.0325282 -0.0324777
0.0182407 0.0182931
0.0571178 0.0571994
-0.0471586 -0.0470633
0.0363309 0.036455
0.00860403 0.00864629
-0.0310314 -0.0307282
0.0876996 0.0888287
0.100108 0.101456
-0.407368 -0.406606
-0.0470666 -0.0469713
-0.0200099 -0.0198481
-0.0464831 -0.0463627
0.0880868 0.0892159
0.0308795 0.0310621
0.0524507 0.0527813
0.00376531 0.00377057
-0.117485 -0.117377
0.182334 0.182738
0.0731826 0.0732703
-0.0454184 -0.0453423
-0.0162249 -0.0162139
0.0699778 0.0701852
-0.0583044 -0.0581165
-0.00628076 -0.00625496
4.61956e-07 4.76064e-07
0.00716877 0.00718195
0.0036397 0.00364167
-0.341796 -0.34124
0.00366674 0.00367561
-0.0474468 -0.0473516
-0.0200046 -0.0199968
-0.0182402 -0.0181878
-0.0125905 -0.0125837
-0.0420384 -0.0419602
0.0754063 0.0757208
0.00368074 0.00368269
0.0498163 0.0502787
-0.0334358 -0.0330722
-0.076667 -0.076629
0.0182097 0.018262
0.079453 0.0803139
-0.0573585 -0.0572769
-0.0995725 -0.0982242
-0.00909222 -0.00908344
-0.00628881 -0.00626301
-0.0570864 -0.0570047
-0.004703 -0.00469617
0.0469491 0.0470444
-0.341857 -0.341301
-0.0994186 -0.0988281
-0.0731705 -0.0730828
-0.0454356 -0.0453595
0.0460238 0.046144
-0.118886 -0.118634
0.410842 0.411803
-0.0047097 -0.00465988
0.411231 0.412192
0.0755036 0.0758181
-0.341787 -0.341232
-0.0448156 -0.0447891
0.0207437 0.0208044
-0.0207467 -0.0206859
0.0198914 0.0200532
-0.0989058 -0.0983154
0.032553 0.0326035
-0.0751589 -0.0748444
-0.0124693 -0.0124624
-0.0336304 -0.0332668
-0.118063 -0.117956
-0.0207454 -0.0206847
-0.0161778 -0.0161669
0.0127669 0.0127737
-0.00622746 -0.00620165
0.067268 0.0675331
-0.00857427 -0.00853203
-9.75215e-07 -9.73444e-07
0.07881 0.0795309
-0.032339 -0.0321251
0.119582 0.119835
-0.0480396 -0.0476462
-0.0482851 -0.0478917
0.0181965 0.0182488
0.00367318 0.00367513
0.00717085 0.00718404
0.00473003 0.00477986
-0.0063793 -0.00635347
0.0731532 0.0732409
0.119444 0.119696
-2.46996e-06 -2.47269e-06
0.0454359 0.0455119
-0.0326727 -0.0324587
-0.0701067 -0.0698993
-0.295425 -0.2946
0.0416034 0.0416816
-0.0731826 -0.0730949
0.0462996 0.04642
-0.110275 -0.109845
-0.407835 -0.407073
0.0036562 0.00365868
0.0517896 0.0521202
-0.00360983 -0.00360733
-0.410267 -0.409306
-0.0994818 -0.0981334
0.0200149 0.0201767
-0.0416266 -0.0415484
0.00623315 0.00625897
-0.0496563 -0.0491938
0.00391516 0.00392041
-0.11874 -0.118488
0.118808 0.11906
0.0484272 0.0484525
0.0162237 0.0162279
-0.0207348 -0.020674
-0.00862964 -0.00858739
0.0325763 0.0326268
-0.00382104 -0.00381216
4.51796e-06 4.86722e-06
-0.0181604 -0.018108
0.341367 0.341923
0.0307469 0.0310501
-0.00465309 -0.00464627
0.0036363 0.00363879
-0.0544482 -0.0543776
0.0766687 0.0767067
0.407265 0.408027
-0.0999064 -0.0985581
-0.0992883 -0.0986976
0.00467303 0.00467987
0.0543156 0.0543862
-0.00479841 -0.00474857
0.0480565 0.0484499
-0.0722011 -0.0718121
0.0699243 0.0701318
0.0162095 0.0162137
-0.0126484 -0.0126415
-0.160798 -0.1604
0.0784372 0.0791579
-0.003665 -0.00366304
0.00466763 0.00467447
0.0448071 0.0448336
0.00640602 0.00643182
2.82764e-06 2.8777e-06
-0.00853525 -0.00849298
0.00629544 0.00632124
0.00912353 0.00913231
-0.0361156 -0.0359915
-0.0163572 -0.0163462
-0.04187 -0.0417919
-0.0460871 -0.0459668
0.0732084 0.0732961
0.0324568 0.0326707
-0.00714211 -0.00712893
0.0460403 0.0461606
-0.0573118 -0.0572301
-0.047866 -0.0474726
-0.0477752 -0.0473817
0.0496512 0.0501136
0.0309796 0.0312829
0.266076 0.266907
0.265733 0.266564
-0.0877485 -0.0866194
0.471793 0.473141
-0.087896 -0.0867669
-0.0722273 -0.0720297
0.0199879 0.0199957
0.0453089 0.0455483
0.0333731 0.0337367
-0.119227 -0.118975
-0.048659 -0.0486336
-0.0310504 -0.0307473
-0.10978 -0.109351
-0.0757299 -0.0754155
0.295072 0.295897
0.0207308 0.0207915
-0.0324587 -0.0324081
0.0200145 0.0200222
0.11019 0.110619
4.16126e-06 4.51195e-06
-0.0721325 -0.0717434
1.87199e-06 2.05347e-06
-0.407412 -0.406651
0.049431 0.0498936
-0.341786 -0.34123
0.0485322 0.0485575
-0.0200168 -0.020009
0.0447416 0.0447681
0.118997 0.119249
0.0571309 0.0572126
0.00468792 0.00469475
0.070043 0.0702504
0.0544301 0.0545007
0.0486154 0.0486408
0.0720975 0.0722951
0.00378115 0.00379001
0.160802 0.1612
-0.0699393 -0.0697318
-0.0544224 -0.0543518
-0.0192344 -0.0185759
-0.0543585 -0.0542879
0.0124402 0.0124471
0.0573312 0.0574128
-0.0485777 -0.0485525
0.34138 0.341936
0.0207404 0.0208011
-0.00856733 -0.00852508
0.295162 0.296354
1.30803e-07 1.42109e-07
0.341999 0.342555
0.0527954 0.053126
0.0334522 0.0338158
-0.0447038 -0.0446773
0.0569657 0.0570473
0.0719577 0.0721553
0.0163629 0.0163739
0.00855354 0.00859577
0.0721262 0.0723239
0.140845 0.141212
0.0125532 0.01256
0.117616 0.117724
-0.00386273 -0.00385747
0.0998276 0.101176
-0.0454268 -0.0453508
-0.00367662 -0.00367466
-0.407156 -0.406394
-0.00912248 -0.00911369
-0.0786834 -0.0779626
0.0181932 0.0182456
-2.4317e-06 -2.38742e-06
-0.073155 -0.0730673
-0.00366631 -0.00366381
0.0162132 0.0162174
0.00363228 0.00363424
0.0877896 0.0889187
0.0454217 0.0454977
-0.410779 -0.409818
-0.0723223 -0.0721247
-0.0186664 -0.0180077
-0.0720566 -0.071859
0.0998823 0.100473
-0.0182185 -0.0181661
-0.00476314 -0.00471335
0.0544393 0.0545098
0.0481811 0.0485745
-0.0038952 -0.00388631
0.0701737 0.0703811
-0.0313477 -0.0310445
0.0543471 0.0544176
-0.0790872 -0.0782264
0.00918365 0.00919243
-0.0366745 -0.0365505
-0.0325786 -0.0323646
0.0207382 0.0207989
-3.0339e-06 -2.84928e-06
0.0453464 0.0455857
0.00373873 0.00374757
-0.140769 -0.140402
0.0190063 0.019665
0.0789346 0.0797955
0.0795241 0.0803849
0.0325741 0.032788
0.0324968 0.0327106
0.0326675 0.032718
0.00470395 0.00471077
-0.0162066 -0.0162024
0.0731305 0.0732182
-0.160775 -0.160376
0.00472069 0.00477053
0.407294 0.408056
-0.26588 -0.26505
-0.00374763 -0.00373878
-0.265935 -0.265104
-0.471598 -0.47025
-0.0792243 -0.0783635
9.48968e-06 9.84102e-06
-0.0447955 -0.044769
-0.0323734 -0.0321595
-0.0788289 -0.0779682
0.0334164 0.03378
0.0787056 0.0794264
0.140468 0.140834
-0.182317 -0.181912
-0.00911449 -0.00910572
0.045416 0.0454921
-0.0516814 -0.0513508
-0.0304489 -0.0302662
0.00386339 0.00386864
-0.0522 -0.0518694
0.110906 0.111336
-0.0483523 -0.048327
0.0162551 0.0162661
-0.0325645 -0.032514
-0.0447151 -0.0446886
0.0988237 0.0994142
0.0413764 0.0414545
-0.0333329 -0.0329694
0.0459259 0.0460463
0.295736 0.296929
0.0720963 0.0724854
0.00493431 0.00498426
0.0362969 0.0364211
0.00852947 0.0085717
0.00714648 0.00715968
-0.0996506 -0.0990604
-0.0071703 -0.0071571
0.0789634 0.0798242
0.182151 0.182555
0.295379 0.296205
-0.0413916 -0.0413133
0.0469955 0.0470907
-0.295556 -0.294364
-0.0673879 -0.0671226
-0.00476642 -0.00471657
0.0199796 0.0201414
0.0200019 0.0201637
-0.0454171 -0.0453411
-0.019892 -0.0197302
-0.0527885 -0.0524579
-0.00383619 -0.00382734
-0.00382412 -0.00381888
-0.0720133 -0.0716244
-0.056983 -0.0569014
-0.00363192 -0.00362942
0.0487627 0.048788
0.0758995 0.076214
0.0447143 0.0447409
0.117948 0.118056
0.0472482 0.0473434
-0.0199744 -0.0199666
-0.0300904 -0.0299078
-0.265836 -0.265005
-6.08168e-06 -5.8904e-06
-0.0199839 -0.0199761
-0.295375 -0.29455
0.342083 0.342639
0.0161804 0.0161914
-0.0788055 -0.0780847
-0.0500106 -0.0495482
3.02701e-06 3.20455e-06
0.0752545 0.075569
0.00711843 0.00713161
0.0581542 0.0583422
-0.0786713 -0.0779506
0.407415 0.408177
0.0199725 0.0199802
-0.0543118 -0.0542412
-0.471763 -0.470415
0.1185 0.118608
-0.0301975 -0.0300149
0.100071 0.100661
-0.0699737 -0.0697662
-0.0486467 -0.0486213
-0.410909 -0.409948
-0.140744 -0.140377
-0.182205 -0.181801
0.0162957 0.0163066
0.0194631 0.0201218
0.0469252 0.0470203
-0.0202741 -0.0196155
0.00367255 0.00367504
-0.0453423 -0.045103
0.0673536 0.0676189
0.182394 0.182798
0.0162147 0.0162189
-0.0162182 -0.016214
2.40058e-05 2.43645e-05
-0.0193704 -0.0187117
0.0304616 0.0306443
-0.0036088 -0.00360631
-0.141017 -0.14065
0.0196859 0.0203447
0.471547 0.472895
-0.296068 -0.294998
-0.00511326 -0.00508736
-0.0171132 -0.0170087
-0.0469548 -0.0468724
-0.112229 -0.112134
0.0338581 0.0340734
-0.00508333 -0.0050574
0.0170948 0.0171993
-0.0443145 -0.0435052
-1.5791e-05 -1.37135e-05
0.0152245 0.0152397
-0.415435 -0.414366
0.00488691 0.00491285
-0.0441548 -0.0433456
-0.034973 -0.0349517
-0.138188 -0.138034
0.0350139 0.0350352
0.138214 0.138369
0.118865 0.119073
-0.0462168 -0.0457868
0.415497 0.416566
-0.0152411 -0.0152259
0.111786 0.111881
0.0152504 0.0152656
0.112144 0.112239
0.0349931 0.0350144
0.00532009 0.00534597
-0.0465913 -0.0465089
0.0642031 0.064423
0.118777 0.118985
0.180363 0.180981
-0.112051 -0.111956
-0.0152216 -0.0152064
-0.136211 -0.135995
0.138203 0.138358
-0.00479677 -0.00477088
-0.0339212 -0.0337059
-0.138207 -0.138052
-0.017065 -0.0169605
-0.415481 -0.414412
-0.118589 -0.118382
0.0435252 0.0443345
-0.00508171 -0.00505579
0.0152475 0.0152628
0.044389 0.0451982
-0.0338772 -0.0336619
-0.033845 -0.0336297
0.0152228 0.0152381
-0.0470031 -0.0469206
0.0337911 0.0340064
8.25122e-06 1.03242e-05
0.046485 0.0465675
-0.296332 -0.295261
0.0462281 0.0466581
0.0642318 0.0644517
0.064341 0.0645609
2.42439e-07 2.91323e-07
0.017132 0.0172366
1.76989e-06 1.81899e-06
-0.0643649 -0.064145
0.0171084 0.017213
0.0349939 0.0350152
3.41761e-05 3.6259e-05
0.118654 0.118862
0.180728 0.181346
-0.0466409 -0.0465584
0.112085 0.11218
0.0647251 0.064945
0.0468865 0.0469688
-0.180932 -0.180313
-0.135461 -0.135245
-0.0637809 -0.0635609
-0.0350325 -0.0350112
-0.0152383 -0.0152231
-0.111558 -0.111463
-0.0171504 -0.0170459
0.13578 0.135995
0.118832 0.11904
-0.118874 -0.118666
-0.015244 -0.0152288
-0.295973 -0.294903
-0.18083 -0.180211
-2.85327e-06 -2.80664e-06
-0.180496 -0.179877
-0.295549 -0.294478
-1.57453e-06 -1.52767e-06
0.0338467 0.034062
0.135562 0.135778
0.135835 0.13605
0.0466913 0.0467738
-8.94866e-06 -6.87805e-06
0.0171302 0.0172347
0.180599 0.181218
-0.112016 -0.111921
-0.13617 -0.135954
-0.0349604 -0.0349391
-0.0349962 -0.0349749
0.0350306 0.0350519
0.180876 0.181494
-0.135986 -0.13577
-0.0640565 -0.0638367
0.111653 0.111748
0.29588 0.29695
0.00489839 0.00492429
0.29552 0.29659
-0.0461922 -0.0457622
0.415671 0.41674
0.295727 0.296797
0.295677 0.296748
-0.180951 -0.180332
-0.0637565 -0.0635366
0.00525284 0.00527875
0.0339573 0.0341727
-0.118894 -0.118686
0.0461523 0.0465824
0.0463248 0.0464072
-0.0171009 -0.0169963
0.135715 0.135931
-0.0337494 -0.0335341
-0.118727 -0.118519
-0.0147343 -0.0147283
5.34528e-06 5.68434e-06
-0.0148114 -0.0148054
-0.0148375 -0.0148315
0.483321 0.4848
-0.00218676 -0.00172263
-0.0530661 -0.0527647
-0.00138458 -0.000920501
-0.0535884 -0.053287
-0.483556 -0.482077
0.0147575 0.0147635
0.0540852 0.0543864
-1.27693e-06 -1.49214e-07
0.0540091 0.0543104
2.76042e-07 1.40687e-06
0.0147826 0.0147886
-0.0530442 -0.0527428
-0.00114689 -0.000682711
-0.0536368 -0.0533355
0.0536609 0.0539623
-0.00166544 -0.00120126
0.00164139 0.00210543
0.0535476 0.0538489
0.0148479 0.0148539
0.000885592 0.0013497
-7.81554e-06 -7.48202e-06
0.0148814 0.0148874
0.000832708 0.00129681
0.00144558 0.00190973
-0.0147837 -0.0147777
-0.0542877 -0.0531538
0.0544089 0.0555428
0.0543343 0.0554681
-0.0545096 -0.0533758
0.0446036 0.044648
0.0447181 0.0447626
-0.0444869 -0.0444425
-0.0442615 -0.0442172
2.67719e-06 2.69296e-06
2.67067e-06 2.70006e-06
-1.64346e-06 -1.62004e-06
-4.55459e-06 -4.53326e-06
