-0.0738266 -0.0795813
0.162976 0.135266
0.0258616 0.0865673
0.0406309 0.0618244
0.0395449 0.000955424
0.0123154 0.0327456
-0.0872258 -0.0831138
-0.00806558 -0.0366812
0.300688 0.301949
-0.0258298 0.00778397
0.010744 -0.00152065
0.0525596 -0.060215
0.0195635 0.0252061
-0.0165594 -0.0498188
-0.359637 -0.375709
-0.111388 -0.0763353
-2.2363e-05 0.0238691
0.0367622 0.0525071
0.0202552 -0.0606141
-0.068662 -0.099443
0.315189 0.339914
0.126661 -0.00310631
-0.0782763 -0.0669515
-0.0197377 -0.00581844
-0.0063246 0.0411121
-0.00202224 0.00557657
0.0102808 0.025767
-0.00963093 -0.0267761
-0.0103746 -0.0256259
-0.00385793 -0.00586535
0.0881232 0.10724
0.0192162 0.047768
0.00972992 0.0245415
-0.060233 -0.0781196
-0.110962 0.0283322
-0.0167055 -0.0499959
0.0692369 0.083071
0.0553202 0.0790616
-0.00468961 -0.011791
0.0173832 0.0459291
-0.0289642 -0.0469054
-0.0258528 0.0166441
0.0692837 0.0831102
-0.0941258 -0.114661
0.0743502 -0.00653472
-0.0136065 -0.0346191
-0.0599699 -0.0778658
-0.163304 -0.133856
-0.0120768 -0.0309252
-0.258578 -0.233347
-0.009632 -0.0267777
-0.426762 -0.429515
0.195483 0.162564
-0.0095689 -0.0252785
-0.00585678 -0.00705754
-0.00065466 0.0115041
0.152476 0.143015
-0.00975353 -0.0242432
-0.00235292 -0.00985145
-0.0695518 -0.00266016
0.0611038 0.0725148
0.196794 0.163083
-0.00712927 -0.0790179
-0.473828 -0.495291
0.0107635 -0.00151682
0.0380274 0.0397863
0.0170339 -0.0232827
0.0100344 0.0776063
-0.212982 -0.198752
-0.0484792 -0.0526557
-0.154067 -0.156087
-0.00669359 -0.0174967
-0.0712718 0.0405144
0.258546 0.234781
-0.000638652 -0.00302428
0.11967 0.101603
-0.0235904 -0.0594662
0.346185 0.373449
-0.00495262 -0.0112777
-0.0177363 -0.0302025
0.0813447 -0.03742
0.0713315 0.0474149
-0.000621312 -0.00301092
-0.0777883 -0.0829317
-0.0367651 -0.0521921
0.00967426 0.0258506
0.0235329 0.000337963
0.00487402 0.0112452
1.35087e-05 -1.53477e-06
-0.00605734 -0.00407422
0.0840136 0.0942449
-0.0118034 -0.028918
-0.00662284 -0.0267372
0.0649643 -0.0328531
-0.140707 -0.00217921
-0.116337 -0.00304695
0.334003 0.303212
-0.0294134 -0.0350323
-0.0445976 -0.0390427
0.0284181 -0.0629458
1.53091e-06 7.95808e-07
-0.00158846 -0.00362485
-0.000924767 0.00167108
0.00268632 0.00546046
0.196673 0.210419
-0.196593 -0.160391
0.00301006 0.00695363
0.00470215 0.0119542
0.0544942 0.0832756
-0.111079 0.0282569
-0.0380264 -0.0397662
0.0057753 0.0144074
-0.0525008 0.060619
-0.0607607 -0.0643928
0.00303536 0.00697723
-0.0195636 -0.0251638
-0.012849 -0.0714814
-0.0017264 0.00336651
0.0193228 0.057238
0.000920612 -0.00165299
-0.105826 -0.129375
0.0542475 0.0830369
0.0169438 0.0353145
0.105752 0.129626
-0.194318 -0.157795
0.0235829 0.0335517
-0.0477596 -0.0455992
0.0199218 -0.0608794
-0.014393 -0.0372535
0.0367509 0.0524959
0.0078557 7.946e-05
-0.0115012 -0.0162158
0.0815601 -0.0372221
-0.0235594 -0.0333904
-0.0134509 -0.0340351
0.148062 -0.00270492
0.00669898 0.0792214
-0.00971652 -0.0200381
-0.164161 -0.138121
-0.31478 -0.337203
-0.133002 -0.0798903
-0.116236 -0.00304497
0.134023 0.104182
0.0163405 0.0501066
0.00590019 0.00710634
0.0486011 0.0528664
0.060357 0.0798096
0.0599404 0.0794012
-0.134155 -0.104038
0.0782509 0.00120968
0.0898399 0.0936461
0.177152 0.124582
-0.0670023 -0.119655
-0.014826 -0.0683307
0.314973 0.339692
-0.0553995 -0.00194211
-0.00954392 -0.0240207
0.010204 -0.0169907
0.00961328 0.025794
0.0108054 -0.00150974
-0.35992 -0.342577
0.101236 -0.00886455
0.359617 0.377605
0.0414558 0.0490129
0.0776835 0.0741468
-0.0101651 -0.0643451
0.0191091 0.0476646
-0.047962 -0.104544
0.14054 0.00481948
-0.0286942 0.0629049
0.055426 0.0791501
0.0195731 0.0252143
0.00797256 0.0473839
-0.0170954 0.0232536
-0.00546772 0.0102138
-0.0211501 -0.0269421
0.0205071 0.0513824
0.427228 0.431774
-0.01438 0.0279239
-0.246628 -0.263048
0.0150811 0.0693515
-0.0134858 -0.0344978
0.154222 0.157005
0.0237785 0.0640638
-0.000988597 -0.00277416
-0.00590286 -0.00710241
0.119559 0.101489
0.000122246 0.00729301
0.0940487 0.114795
-5.6006e-07 -1.55609e-06
-0.246398 -0.262825
0.00963703 0.0269443
-0.00787459 -0.036466
-0.177119 -0.123571
-0.0149169 -0.0476558
0.00658499 -0.063275
-0.0602767 -0.0781567
-0.0032962 -0.0559096
-0.0695704 -0.0819612
-0.012748 0.0222342
-0.199068 -0.15826
-0.163166 -0.133721
-0.265481 -0.252433
0.00629036 -0.0409943
-0.0343406 0.0677502
-0.111103 0.0101191
0.0785333 0.0678476
-0.104978 0.00869804
0.0117468 0.0293988
0.00355008 0.00118042
-0.35094 -0.375538
0.0607196 0.0644221
0.00498699 0.0208305
-0.18366 -0.138768
0.0714092 0.047484
0.0173465 0.0459028
-0.0143998 -0.0372566
-0.0257405 0.0683868
-0.00233863 -0.00984284
-0.0259357 0.0682019
-0.0256232 0.0684977
-0.0259433 0.0682047
-0.0433357 0.0297042
0.12787 0.121543
-0.0881681 -0.106739
0.105395 0.000271157
-0.104741 -0.0996163
0.0649656 -0.0328327
-0.00781812 -6.01332e-05
-0.345891 -0.370333
0.0235851 0.0335568
-0.366751 -0.348082
-0.0125762 -0.0180479
-0.0169598 -0.0351439
0.0397437 0.0314719
-0.04336 0.0296701
0.0114988 0.0162516
0.102051 0.00317431
-0.00578165 -0.0142223
-0.00954688 -0.0252569
0.183826 0.139522
0.100806 -0.0302384
0.0169988 -0.0233129
0.152494 0.143014
-0.0189174 0.0567322
3.3412e-05 -0.0238024
-0.0023339 -0.00983885
-0.113513 -0.092981
0.0671761 0.121327
0.0813982 -0.0373583
-0.00172963 0.00337462
-0.000622822 -0.0030136
0.0257655 -0.00778989
-0.334095 -0.300939
-0.153705 -0.139974
0.00586053 0.00706351
-0.00355625 -0.00119729
-0.0478839 0.0266845
-0.00441341 -0.0176966
-0.00738023 -0.0177903
-0.0153442 -0.0170874
-0.0133728 -0.0720336
0.350724 0.378296
0.0098085 0.0246105
0.00487412 0.0112483
0.0125494 0.018045
-0.0235121 -0.000326963
-0.0215396 -0.0571998
-0.196282 -0.160078
-0.0258752 0.00776107
-0.152393 -0.142289
0.199001 0.159008
-0.148102 0.002688
0.0396871 0.0469442
0.113428 0.0947215
0.395401 0.402008
-0.0285256 -0.0428653
-0.366724 -0.348056
0.0530142 -0.0597492
-0.0784849 -0.0671579
-0.0287458 -0.0466918
0.145303 0.137528
-0.395087 -0.40034
-0.113286 -0.0927543
-0.0870885 -0.0830137
0.193512 0.16941
-0.140656 -0.00217031
0.00589553 0.00709799
-0.0721814 -0.0538536
-0.0258193 0.00780105
-0.0148551 -0.0377135
-0.0848428 -0.0932885
-0.083734 -0.0921324
0.163527 0.135827
0.309415 0.296468
0.0285197 0.0431571
0.314744 0.33947
-0.104754 -0.09963
-0.0225384 -0.0662975
-0.0662722 0.0263349
-0.140619 -0.00485707
-0.309639 -0.295265
0.0143223 -0.0279384
-0.367418 -0.347994
0.0237952 0.0314523
-0.00586814 -0.00706716
0.0870896 0.0831245
-0.0029962 -0.00687396
0.00783861 7.27454e-05
-0.000992267 -0.0027842
0.0641607 -0.0518566
0.202751 0.203924
0.00938065 0.0786
-0.0775254 -0.0826755
-0.047754 0.0267364
-0.148067 0.00275008
0.0447013 0.0522287
-0.00978761 -0.0767993
0.0171248 -0.0231863
0.0787085 0.0906895
0.0211342 0.0750883
0.0126544 -0.0761245
0.12655 0.10354
0.0786727 0.0906985
0.179965 0.157893
0.105343 0.000268386
0.0235147 0.0613905
-0.0104097 -0.0256595
-0.0776888 -0.0740636
0.0235656 0.0638771
-0.0153754 -0.0171156
-6.67343e-07 5.68434e-08
-0.00894745 -0.0236475
0.0153634 0.0171096
0.185768 0.154753
-0.0663704 0.0263175
0.144971 0.135976
0.0841532 0.0943728
0.0116974 0.0293477
0.0736702 0.0802664
-6.37229e-06 -7.8515e-06
0.0285091 0.0431498
-0.00298381 -0.00685411
0.0119534 0.0313168
0.198746 0.158726
0.110937 -0.0282067
-0.0691455 -0.081542
0.020952 0.0271831
-0.0397637 -0.0314594
-0.0125011 -0.0180232
0.074365 -0.00652447
0.0646935 0.0738606
-0.00449326 -0.017765
0.0674199 0.121604
0.00857413 0.0761518
0.0101281 0.0643994
0.341739 0.327585
0.0332562 -0.0490814
0.335064 0.361484
-0.185957 -0.152944
0.0871366 0.0831673
0.0782579 0.00121287
-0.00737741 -0.0177766
-0.140573 -0.00484118
0.00452635 0.0178638
0.197012 0.210753
-0.00662929 -0.026727
-0.0198616 -0.057299
0.0722753 0.0540487
0.0145887 0.0475965
-0.00778992 -0.0469474
-0.0235264 -0.000339483
0.047735 0.045613
0.0776556 0.0741244
0.0257225 -0.0679103
0.359653 0.377642
0.0185514 0.0690752
-0.00267616 -0.00542283
0.0143518 -0.0279411
0.246648 0.264824
-0.102039 -0.00316786
0.0312508 0.0766146
0.141278 0.126078
0.322433 0.293297
0.183728 0.139436
0.00266635 0.00692589
0.00634027 0.0127723
-0.346321 -0.37075
0.150557 0.00484496
1.13086e-06 5.96856e-07
0.0339432 -0.0677813
0.193939 0.169804
-0.017238 -0.0424967
5.6009e-05 1.49925e-05
0.00678864 0.0793281
-0.180212 -0.157791
0.126636 -0.00312626
-0.00971051 -0.020035
-0.0435839 0.0293753
0.0553839 0.00192666
0.00198215 -0.0055992
0.300269 0.301544
0.00563588 0.00934673
-0.0155597 -0.0691476
0.00354579 0.00118665
0.0761938 0.0665142
0.00602729 0.00406649
-0.085337 -0.0188654
-0.150537 -0.00486045
-1.69449e-06 0.0238633
-0.212965 -0.198751
-0.202737 -0.203339
0.0236053 0.0603222
-0.145392 -0.137168
0.00660865 0.0268279
-0.0776484 -0.0740342
-0.0200383 -0.00611152
-0.0887815 -0.0725738
0.0650513 -0.0328046
-0.0908363 0.00268456
0.0412212 0.0487835
-0.0129303 0.0763264
-0.0258771 -0.0319861
-0.00964714 -0.0241387
-0.145419 -0.13721
0.102048 0.00320261
0.0397602 0.0314756
0.426979 0.431543
0.0171813 0.0429765
-0.0198998 -0.00597919
-0.0153173 -0.0383483
-0.060734 -0.0643683
0.100356 -0.0274156
-0.0607999 -0.064398
-0.34642 -0.370854
0.0114958 0.0162428
0.0339382 -0.0678107
0.000968392 0.00277059
0.360343 0.344883
0.193713 0.169622
-0.194442 -0.157928
-0.150554 -0.0049095
-0.0639231 0.0523106
0.0125634 0.0180634
0.0396891 0.0469346
-0.177013 -0.123433
0.127875 0.121551
0.102049 0.00317642
0.104742 0.0997857
0.0435215 -0.0293719
-0.0295998 -0.0352141
0.0259402 -0.0154162
0.0101648 -0.0170388
-0.0129568 -0.0715939
-0.334221 -0.301066
-0.105729 -0.129337
0.0663731 -0.0261918
-0.00669375 0.0634214
-0.133892 -0.103704
0.1768 0.124198
-0.00562052 -0.0092971
-0.00980068 -0.0685005
-0.0479668 0.0266405
-0.0235133 -0.0593926
0.0887182 0.0740068
-0.00662996 0.0634818
0.0287471 0.0470967
-0.0134907 0.0214385
0.0234093 0.0601434
-0.153745 -0.140019
-0.145408 -0.137186
-0.0439699 -0.0508943
0.0133406 0.0346841
0.0091514 0.078358
-0.0142399 -0.0371016
-0.00492881 -0.0112549
0.36671 0.350155
-0.100686 0.0305313
0.00172058 -0.00337212
0.0533816 0.0622352
0.186248 0.155241
-0.181108 -0.135503
-0.126908 -0.102392
0.0188763 0.0474378
0.0258409 -0.00778106
-0.195826 -0.160646
-0.00264947 -0.00688065
-0.0412856 -0.0486242
0.151617 0.159141
0.154043 0.156828
0.0347431 -0.0669776
-0.0615337 -0.0741671
0.00637461 -0.0409111
-0.134164 -0.104027
0.0647469 0.0739155
-0.0697272 -0.0821009
0.0121865 0.0315592
-0.193734 -0.169153
0.0778222 0.0838955
-0.0286453 0.0629198
0.0268807 -0.014446
-0.153644 -0.139905
-0.101179 0.00892744
-0.105335 -0.000254275
0.309844 0.296879
-0.00864533 -0.0760092
-0.044517 -0.0389645
-0.183735 -0.138846
0.395119 0.401693
0.421859 0.423029
0.150568 0.00484145
0.0258812 0.0320346
-0.258491 -0.233263
0.0154212 0.0391715
-0.335147 -0.358969
0.0211709 0.0273908
0.00267289 0.00693419
0.0497962 -0.00982266
-0.0208463 -0.0510199
-0.0395623 -0.000960057
-0.0880695 -0.106617
-0.154227 -0.156242
-0.0190717 0.0566201
-0.004948 -0.0112643
-0.133301 -0.0801881
0.163723 0.138045
0.0238807 0.0641781
0.0695076 0.00267406
0.0322401 0.0776421
0.144741 0.135757
-0.0817693 0.0372556
-0.0054898 0.010192
2.69294e-06 4.48352e-06
-0.00792604 -0.0365352
-0.32225 -0.291145
0.140969 0.125759
0.0177633 0.0376447
-0.0134668 -0.034048
-0.314806 -0.337232
-0.128805 0.00226677
-0.00354955 -0.00118519
-0.0405642 -0.0614895
-0.0367592 -0.0521888
0.0479965 -0.0266073
-0.0156314 -0.0393219
0.0445732 0.0390836
0.0714004 -0.0400595
0.000165079 0.00729712
0.185889 0.154881
0.0763385 0.0666625
0.00969592 0.027012
-0.196242 -0.16004
0.346234 0.373501
0.0774552 0.0835387
-0.202651 -0.20323
0.00462164 0.0118736
-0.0220859 -0.0658265
-0.00702436 -0.078907
-0.00563532 -0.00931491
-0.213046 -0.198825
-0.0446713 -0.0516342
-0.0114813 -0.0255318
-0.0049769 -0.020733
0.0211664 -0.00692954
-0.0643042 0.0519184
-0.00632913 -0.0126621
-0.0776623 -0.07405
0.196614 0.162905
0.285532 0.307499
-0.113199 -0.0926742
-0.367052 -0.348407
-0.0314318 -0.0761338
-0.00265172 -0.00688003
-0.199071 -0.158224
-0.0201527 -0.0503143
-0.0115408 -0.0255928
-0.00361368 -0.0109279
-0.0367577 -0.0521843
-0.0176073 -0.0211381
-0.111053 0.0101486
0.00598018 0.00402335
0.0731943 0.0798447
-0.473823 -0.495288
0.0255573 0.0862772
0.113594 0.0948854
-0.0792277 -0.0602939
-0.0140644 -0.0727633
0.0115039 0.0162567
-0.0673934 -0.120045
0.196596 0.210336
0.101099 -0.0089441
-0.0671787 -0.119853
0.197947 0.208789
-0.0108071 0.00150951
5.67978e-06 2.71427e-06
-0.0293515 -0.0349714
0.150609 0.00485553
0.0290986 0.0474609
0.00265446 0.00542602
-0.0785242 -0.0671984
0.0613717 0.0752323
-0.0049016 -0.0206365
-0.0791497 -0.0602169
0.00380925 0.00585999
0.00912679 0.0681677
0.0238359 0.0314589
0.00634056 0.012775
-0.0782809 -0.00121909
0.0114499 0.025886
-0.017674 -0.0369354
0.0161088 0.0154069
-0.040171 -0.0517338
-0.012144 -0.0318966
-0.0236828 -0.0607406
-0.0485774 -0.0527498
0.0554228 0.0019601
-0.000718881 0.0114405
0.0153848 0.017137
0.0238675 0.0314853
0.00910634 0.0241991
-0.0234173 -0.0629672
-0.258632 -0.233403
-0.00471484 -0.0118176
-0.0797477 -0.0901461
0.010258 0.0257388
-0.0553338 -0.0789429
0.19349 0.16936
0.00795073 0.036735
-0.341855 -0.326059
0.0147041 0.0477232
0.15369 0.14083
-0.0147764 -0.0376321
0.44523 0.468012
0.0199667 0.0508365
0.0696137 0.00269958
0.0839216 0.0941266
0.0102637 -0.0169289
0.334729 0.361152
-0.0614861 -0.0718421
0.0477473 0.0456258
-0.0234419 -0.0593228
0.0210635 -0.00695589
2.99912e-05 3.19744e-06
0.0285018 -0.0628311
-0.0148469 -0.0376993
0.0498597 -0.00967719
0.0441182 0.051627
0.0144552 0.0381341
-0.322352 -0.291261
-0.0743603 0.00653414
0.013572 0.0348966
-0.00378157 -0.0564242
0.0172578 0.0356326
-0.309385 -0.29501
-0.300479 -0.300764
-0.246873 -0.263292
-0.0238676 -0.063436
0.258314 0.234534
-0.0476017 -0.104168
0.265667 0.253847
-0.186036 -0.153023
0.140665 0.00217018
-0.194402 -0.157881
-0.126603 0.00320895
0.395674 0.402281
-0.105753 -0.1293
-1.15444e-05 -2.97007e-06
0.181495 0.137004
0.0395348 0.000949427
0.309709 0.296757
0.0264486 0.0872159
0.111454 0.0768616
-0.0518242 -0.0928707
-0.0692196 -0.0999892
-0.0554214 -0.00194153
-0.0187537 -0.0464644
0.1326 0.0808146
-0.163882 -0.137883
-0.0673532 -0.120007
0.0187603 0.0692622
0.0257903 -0.00779065
0.126659 -0.00306756
0.0030077 0.00695142
-0.0121488 -0.0318983
0.300336 0.301573
0.105366 0.000261878
-0.0313899 -0.0761252
-0.176681 -0.123087
-0.0115831 -0.0287001
-0.300213 -0.300508
0.0199145 -0.0608704
-0.094162 -0.114617
0.427255 0.431838
0.0789807 0.0613977
-0.0150303 -0.0334821
0.163118 0.135409
0.116253 0.00304661
-0.0135482 0.0213794
0.0135956 0.0349433
0.0542326 0.0830159
0.0887751 0.074065
-0.00577123 -0.0142061
0.0144724 0.0381074
-0.111128 -0.0760643
-0.0210363 0.00696562
0.0015724 0.00362822
-0.0743661 0.00652801
-0.0640253 0.0522326
0.0777225 0.0837943
0.00014726 -0.0236774
-0.0781891 -0.0668674
0.00267284 0.00544954
-0.0197868 -0.00586459
-0.0396441 -0.0468642
0.300346 0.301639
9.75269e-06 9.83391e-06
0.0210262 0.0749846
-0.110987 0.0101952
-0.202689 -0.203278
-0.0553578 -0.00192398
0.013524 0.0348744
-0.153622 -0.13989
0.0077544 4.90061e-05
0.0142758 -0.0279612
-0.181258 -0.135641
-0.0818426 0.0371187
0.00359403 0.00123548
0.0738978 0.0805556
-0.154402 -0.156448
0.16406 0.138391
0.013612 0.0349599
-0.0485623 -0.0527372
-0.00442206 -0.0176954
0.0177082 0.0212772
-0.0235592 -0.0333895
0.0176828 0.0304156
0.00442487 0.0177698
-0.0236068 -0.0631571
0.126489 0.103477
-0.0380266 -0.0397679
0.163783 0.138093
-0.0897784 -0.0932973
0.145382 0.137598
-0.0533456 -0.0618186
0.0203651 0.0512297
-0.101167 0.00893772
-0.0646321 -0.0731974
-0.0397062 -0.046922
7.83973e-06 6.57963e-06
0.0517733 0.093193
-0.0235254 -0.000329351
0.00262456 0.00689424
-0.285668 -0.305623
0.00642177 -0.0408493
-0.049744 0.00983898
0.0490436 0.106959
0.00383959 0.0058677
0.111352 0.0767161
-0.395457 -0.400707
-0.0161409 -0.0398219
0.198727 0.158684
-0.198832 -0.157981
-0.10097 0.0302312
0.00990593 0.0689913
-0.300139 -0.300464
0.064028 -0.052038
-0.0238695 -0.0314736
0.00363475 0.0109903
0.017331 0.0458773
-0.00949851 -0.026634
-0.0782422 -0.00121915
0.000134193 0.00729067
0.0285612 0.0431987
-0.0340044 0.068187
0.0405724 0.0617972
-0.000650451 0.0114878
0.00160088 0.0036553
-0.0963963 0.0165259
0.0380257 0.0397835
0.196343 0.16263
0.00560658 0.00931311
0.0530739 0.0619322
0.0177268 0.0304558
0.0397135 0.031429
0.346013 0.373275
0.00065257 -0.0114591
0.140643 0.0021756
0.0293903 0.0351241
-0.039528 -0.000947068
0.0295588 0.0352846
-0.0405302 -0.0614966
0.0743761 -0.00652457
0.0260688 -0.0152662
-0.16328 -0.133832
0.0231039 0.0609563
0.00959772 0.0269129
-0.246251 -0.26268
-0.0896153 -0.0931571
4.23157e-05 0.0792789
-0.127877 -0.121264
-0.151628 -0.158643
0.102039 0.00320873
-0.104756 -0.0996213
0.00550013 -0.0101696
0.128896 -0.00211578
0.0149995 0.0340482
-0.140722 -0.00218552
-0.258557 -0.233336
0.20271 0.203905
0.00873853 0.0762643
-0.0236049 -0.060661
0.0290651 -0.0622273
0.0142997 0.0379834
-0.101286 0.00887216
-0.00657223 -0.0784655
0.0116841 0.0293401
0.0964072 -0.0164417
-0.322615 -0.291535
-0.265293 -0.252255
0.0784654 0.0677727
-0.0715538 -0.0474248
0.0553938 0.00194436
0.00266786 0.00544552
0.0128539 -0.0213051
-0.0608728 -0.073518
-0.126182 0.0174509
-0.193748 -0.169198
-0.0076344 -0.0467529
-0.0488392 -0.105466
-0.026648 -0.0863647
-0.0115105 -0.0162226
0.0880317 0.107114
-0.0714047 -0.0472421
-0.074333 0.00654423
0.0161032 0.0154053
0.258657 0.234906
0.0478766 -0.0266391
0.00677237 -0.0630549
0.111039 -0.0101331
0.0167203 0.0424996
-0.0497817 0.00980141
-0.012577 -0.0180596
-0.0545705 -0.0813121
-0.0161002 -0.0153958
-0.0258536 0.0166578
-0.19569 -0.160514
0.111144 0.0765414
0.0132665 -0.0208805
0.116317 0.00304145
0.0642482 -0.0517497
0.0692513 0.0831166
0.00791588 0.0366803
0.0072142 0.0177755
0.141232 0.126035
-0.0274908 0.028008
-0.011733 -0.0288422
0.0261803 -0.0674922
-0.00778965 -6.22435e-05
0.0235503 0.0638375
-0.00478401 -0.0110381
0.0624194 0.0953419
0.00962104 0.0257922
0.113174 0.0944738
0.0871936 0.0832081
-0.0100312 -0.025252
-0.0258883 -0.0319987
0.0622369 0.095145
0.0149105 0.0386558
0.0177172 0.0376009
-0.36003 -0.342672
-0.421655 -0.420799
-0.163764 -0.137788
-0.334587 -0.358417
0.00799301 0.0473717
-0.0714956 0.0402534
-0.00157608 -0.003613
-0.0397153 -0.0313992
1.03696e-06 9.52127e-07
0.00656338 -0.0632646
0.00969957 0.0688363
0.0851119 0.0188054
0.00780758 0.0365508
-0.179947 -0.157535
-0.0152858 -0.06885
0.0196694 0.0575741
-0.128866 0.00227941
0.194616 0.160721
0.00696194 -0.0628328
0.350818 0.378391
-0.128774 0.00236693
-0.0200606 0.0608184
0.00559989 0.00930589
-0.078239 -0.0012035
-0.0319335 -0.076716
-0.00844836 -0.0758522
0.000132755 -0.0785813
0.34173 0.327558
0.00649009 0.0266928
0.0485715 0.0528448
0.145402 0.137632
-0.0395999 -0.000993126
0.00362987 0.0109929
0.019066 -0.0565273
0.00355862 0.00120136
-0.00566212 -0.0141028
-0.0066215 -0.0174296
-0.00259916 -0.00684884
-0.0189371 -0.0466504
-0.0274899 0.0279674
-0.0840909 -0.0925169
0.0129476 0.0724801
0.0723231 0.0541081
0.0200076 -0.0608151
0.00488964 0.0112927
-0.0964001 0.0165392
0.00226891 0.0097957
0.00971493 0.0202682
-0.0341152 0.0680335
0.0258902 0.0320418
-0.0230417 -0.0587778
-0.00642431 0.0637197
0.334292 0.303514
-0.000560756 0.0116066
-0.00971613 -0.0254202
-0.0101713 0.0170457
-0.367296 -0.347879
0.00852964 0.0760915
-0.0497369 0.00985233
-0.162911 -0.133466
-0.0620581 -0.092401
0.0153517 0.0171059
-1.1119e-06 -1.03739e-06
-0.0625794 -0.0929173
0.012016 0.0313924
0.0145605 0.0475684
-0.0621508 -0.0924987
-0.177283 -0.123758
-0.0266097 0.0158882
0.128873 -0.00213379
-0.100426 0.0274227
-0.0625909 -0.0929233
-0.00956244 -0.0240508
-0.360272 -0.342933
-0.0722392 -0.0539198
-0.0175749 -0.0211082
-0.0481475 -0.104755
0.0408099 0.0620505
-0.0125972 0.0766373
-0.105677 -0.129238
0.00630705 0.012743
-0.427131 -0.42991
0.194198 0.160296
-0.265632 -0.252599
0.00444652 0.0177738
0.00603976 0.00407551
0.00443622 0.017779
0.426925 0.431447
0.322508 0.293376
0.0842262 0.110855
0.0713377 -0.0401119
-0.0234936 -0.000324675
-0.0144265 0.0278999
-0.334626 -0.358454
-0.0238046 -0.0314529
-0.0285174 0.0630828
-0.096502 0.0164408
0.00360925 0.0109732
-0.100965 0.0302589
0.0761338 0.066458
-0.309717 -0.295358
0.0113633 0.0257993
0.0721884 0.0539589
0.0102057 0.0644527
0.0908613 -0.00268476
-0.00942709 -0.0779335
-0.0792288 -0.0895731
0.0211738 -0.00690524
0.0234997 0.000332562
-0.047759 -0.045601
-0.0176028 -0.0368636
0.164066 0.138374
0.0198333 0.00717822
-0.0220878 -0.0658366
0.00643694 0.078946
0.0908077 -0.00273418
-0.011316 -0.0253741
0.0274363 -0.0279958
-0.00660122 -0.0174073
-0.0518867 -0.092983
-0.0711409 -0.0469425
0.0554553 0.0791531
0.113465 0.0947624
0.00509635 0.0209424
0.00229145 0.00981896
-0.0193377 -0.0567506
0.0498319 -0.0097166
0.0160759 0.0403853
-0.0101625 0.0170805
-0.100609 0.0271623
0.0285977 0.0469808
0.163166 0.135463
0.360069 0.34462
0.0401815 0.0519051
-0.193747 -0.169106
-0.0941732 -0.114637
-0.00382025 -0.00586304
0.133151 0.0814121
-0.0335174 0.0489867
-0.00100099 -0.00279232
0.00891399 0.0240121
-0.0127119 0.0765084
-0.144944 -0.135236
-0.0167132 -0.0500456
0.0212548 0.0752011
-0.180225 -0.157778
-0.0477482 -0.0455939
0.18043 0.135877
-0.44529 -0.465577
0.0367427 0.0524881
0.0526336 -0.060123
-0.0645796 0.0516238
-0.00267231 -0.00542028
-0.00462676 -0.0117238
-0.144776 -0.135078
-1.29173e-06 -1.10845e-06
-0.0528125 0.0602634
-0.0782747 -0.00122891
-0.197004 -0.209132
0.0095571 0.0268795
-0.00172071 0.00337135
0.0341572 -0.0675667
-0.196461 -0.208598
-0.00160538 -0.00364265
0.28553 0.307494
0.0787245 0.0907379
0.0907048 -0.00274929
-2.33502e-05 -1.10703e-05
0.000978941 0.0027855
-0.0015621 -0.00359866
-0.0612391 -0.0739052
-0.0554118 -0.079002
0.148193 -0.00259796
-0.0207749 -0.074007
-0.0258411 -0.0855062
-0.126357 -0.101844
0.116278 0.00306206
0.0966394 -0.0161638
-0.0166853 -0.0448008
-0.0142897 -0.0371431
0.202751 0.203976
0.213043 0.199876
-0.341799 -0.325985
-0.105328 -0.000258893
0.196168 0.162449
0.11107 -0.0101315
-0.0225493 -0.0663056
-0.0407752 -0.0617148
0.0235523 0.000347057
0.0141202 0.0737029
-0.0820853 0.0369589
-0.000106837 -0.00724884
-0.144587 -0.134902
-0.00930847 -0.0763337
0.00169031 -0.00338187
-0.105382 -0.000265999
-0.0103201 0.0168947
-0.202813 -0.203438
0.0477546 0.0456271
-0.127832 -0.121228
-0.00384821 -0.00586002
-0.0093943 -0.0764131
0.180134 0.158092
0.0841886 0.110813
-0.0715904 0.0401371
0.133921 0.104086
-0.0908981 0.00263528
-0.00663621 -0.0174449
0.185713 0.154699
-0.0019466 0.00567147
-0.00505531 -0.0208274
0.0546644 0.0834485
0.0147498 0.0383849
0.0625391 0.0954553
0.0677808 0.12195
-0.0176859 -0.036943
-0.0176758 -0.0212053
0.0397535 0.0314895
4.52337e-06 3.54561e-06
0.128816 -0.00226461
0.0117229 0.0293819
0.00621281 -0.0410846
-0.00360307 -0.010914
0.0175874 0.0303235
0.00463731 0.0118839
0.246341 0.264525
0.366728 0.35018
-0.0175465 -0.0368045
0.00353014 0.0563999
0.265741 0.253909
0.0293885 0.0351185
-0.0787748 -0.0891223
-0.0339275 0.0681463
-0.00302674 -0.00690343
-0.0721492 -0.053824
0.0107324 -0.00151923
0.105802 0.129627
-0.127879 -0.121285
0.064437 0.0736097
-0.0171427 0.023243
0.0484286 0.05271
0.144824 0.13583
0.0218755 0.0662535
0.00501385 0.0208776
0.079177 0.0615912
-0.0237875 -0.0314383
0.0895963 0.0934311
-0.0615682 -0.0742551
0.0644266 0.0735994
-0.202967 -0.17049
-0.00660459 -0.0784984
-0.0762474 -0.0663158
-0.0869382 -0.0828913
0.0714735 -0.039974
0.203219 0.17134
0.346079 0.373347
-0.0267236 0.0157488
0.000438612 -0.0782541
-0.341556 -0.325744
0.0171682 0.0355341
0.0695357 0.0833607
0.00665641 0.0177269
-0.00264854 -0.0053989
-0.0254621 -0.0850896
0.0232109 0.0599335
-0.0092739 -0.0762945
0.00546398 -0.0101844
-0.0114954 -0.0162088
-0.0289624 -0.0469686
0.0176366 0.0375208
0.140925 0.125717
0.152425 0.142953
-0.00356984 -0.00119556
-0.0181499 -0.068091
-0.195449 -0.160264
-0.202886 -0.170376
0.100878 -0.0268741
0.445319 0.46811
0.021613 0.0659677
0.000901851 -0.00168451
-0.183355 -0.138405
-0.285694 -0.30565
-0.100622 0.0272641
-0.01434 0.0279623
-0.000877293 0.00170562
0.0274807 -0.0279086
0.0176073 0.0374929
0.0849745 0.0186876
2.99611e-06 4.0572e-06
-0.341578 -0.325752
-0.197964 -0.207135
-5.57102e-06 -4.90985e-06
0.0150492 0.0341
-0.09089 0.0026612
-0.1196 -0.101319
0.0612384 0.0751761
0.0663275 -0.0262705
-0.0171576 -0.0452838
0.0414947 0.0490531
-0.0776682 -0.0740498
0.195597 0.162682
-0.152244 -0.142135
-0.0761494 -0.0662148
0.0616907 0.0730654
-0.0414422 -0.0487789
-0.183598 -0.138678
0.0436185 -0.0292889
0.00586504 0.00707124
0.126563 -0.0169003
-0.0367594 -0.0521888
0.212752 0.199574
0.151621 0.159146
0.0877474 0.106857
0.144738 0.135736
0.0223486 0.0596103
-0.0107692 0.00151515
-0.126706 0.00306567
0.010192 0.0256707
0.0689992 0.102607
0.0287115 -0.062624
-0.00172407 0.00335255
4.11214e-06 2.43716e-06
-0.0966656 0.0162446
-0.0445625 -0.039007
0.100561 -0.0270975
-0.00963452 -0.0267745
0.0964979 -0.0163803
0.0486436 0.106589
0.395043 0.401658
0.19591 0.163004
-0.00898682 -0.0676614
-0.00266315 -0.0054112
-0.0285469 -0.0428877
0.0198071 0.00714991
0.341933 0.327766
-0.0198717 -0.0572971
0.0525543 -0.0602024
-0.0205304 -0.0507029
-0.0170901 -0.0452073
-0.00698312 0.0630684
0.0714546 -0.0400026
0.0689725 0.102581
-0.00898637 -0.0676328
0.128994 -0.00205858
-0.0174569 -0.0356446
0.0127186 -0.0214457
0.473842 0.498279
-0.212991 -0.19877
-0.0058978 -0.00709699
-0.0194285 -0.0568489
-0.0774427 -0.0825936
-0.350473 -0.37508
0.194089 0.160186
0.00553199 -0.0101486
-0.020904 -0.0741318
0.000663363 -0.0114479
-0.0149844 -0.03344
-0.00901104 -0.0237114
-0.000625843 -0.00300247
0.359957 0.344502
0.153377 0.140519
-0.016665 -0.0499893
-0.111211 -0.0761227
0.0173234 0.0357021
-0.20288 -0.170418
0.00732387 0.0178801
0.0518769 0.0932241
-0.0245723 -0.0420476
0.100749 -0.0269381
-0.0245655 -0.0420388
-0.029522 -0.0351407
0.0338557 -0.0484146
0.0534426 0.0622934
0.196819 0.210552
-0.00763021 -0.0361985
-0.0210652 0.00692998
-0.0553987 -0.00195279
-0.148149 0.00264961
-3.1385e-06 -3.19034e-06
-0.00095576 -0.00274562
-0.0791013 -0.0601646
0.258551 0.234788
-0.0118786 -0.0307199
0.0131848 -0.0755788
0.00627412 0.0127104
-0.395317 -0.400549
-0.0127323 0.0764713
-0.0664707 0.0261529
0.0015665 0.00362489
-0.0086483 -0.0759831
0.197919 0.208754
-0.010801 0.00151351
-0.000127243 -0.00726597
0.0190067 0.0695192
-0.0263926 -0.0860867
0.0641942 -0.0518237
0.00895893 0.0240598
-0.01712 0.0232606
0.0407639 0.062018
0.000446548 -0.0116542
-0.0150202 -0.0334793
0.341697 0.327551
0.0167325 0.0452462
0.0821926 -0.0365449
-0.285267 -0.305234
0.0552502 0.079026
-0.140774 -0.124447
0.0884315 0.0737185
0.0553692 0.00193563
-0.00498854 -0.0207424
-0.017605 -0.0300748
-0.0172927 -0.0354959
0.0443153 0.0518207
-0.0120438 -0.031795
-0.019552 -0.0251542
0.015037 0.0340874
-0.064508 -0.0730791
0.0286723 0.0470693
0.0046525 0.0119104
-0.0176314 -0.0301012
0.0396117 0.000992117
-0.0334209 0.0491138
-0.0853096 -0.0188818
-0.0884279 -0.0722211
0.198439 0.158428
0.367392 0.350221
-0.116285 -0.00305442
-0.12671 0.00305225
0.0618341 0.0732444
0.119463 0.101379
-0.0169413 -0.0421856
0.011994 0.0324213
-0.185632 -0.152612
0.0245515 0.0424969
0.0235085 0.000346276
-0.00445735 -0.0177294
-0.00483405 -0.011089
0.309575 0.29661
0.0065064 0.0175808
-0.0238125 -0.0314433
0.367078 0.350508
-0.0842556 -0.109573
-0.00717629 -0.0175758
0.00655937 0.0267728
-0.0550918 -0.0787855
0.0149862 0.038729
0.0256534 -0.0157339
-0.012565 -0.0180461
-0.193731 -0.169094
-0.00292159 -0.00680188
0.0367623 0.0525051
0.0245476 0.0424936
0.0191722 0.0570529
0.0965726 -0.016269
0.0479576 -0.0266208
-0.180214 -0.157752
0.014505 0.0381415
-0.0447702 -0.0517375
0.0093914 0.0769183
-0.0162043 -0.0399049
0.0156783 0.0700193
-0.0396034 -0.000986532
-0.0886508 -0.0724368
-0.105373 -0.000263597
-0.0195569 -0.0251597
0.246559 0.264747
0.0607461 0.0644051
-0.196962 -0.209092
-0.148111 0.00267804
-0.00918797 -0.0777299
0.246687 0.264866
-2.83173e-06 -4.14246e-06
0.0101344 0.0256123
-0.00454426 -0.0116411
0.0711636 0.0472155
-0.000112073 -0.00722464
-0.315214 -0.337634
-0.00778438 -5.21752e-05
0.0095002 0.0243069
-0.094085 -0.114616
-0.421622 -0.420783
0.0940942 0.114787
-0.0613216 -0.0716672
0.0201685 0.00750869
0.176387 0.123775
-0.014726 -0.0474174
-0.0035054 -0.010814
0.0022608 0.00978324
-0.0185584 -0.0462755
-0.345996 -0.370434
0.322242 0.293093
-4.17767e-07 -3.41061e-07
-0.309584 -0.29521
0.153498 0.140649
-0.011836 -0.0306815
0.183424 0.139072
-0.203262 -0.170758
-0.00359044 -0.00123156
0.148224 -0.00253395
0.0177209 0.0304546
0.140621 0.00491597
0.0175836 0.0211575
-0.0695597 -0.00269636
-0.00384699 -0.00585784
-0.0531605 -0.0616384
-0.0717089 0.0400716
0.0615064 0.0754087
-0.0200773 0.0608607
0.0120693 0.0324958
0.0941097 0.114824
-0.101111 0.0300874
0.100995 -0.0299877
-2.57292e-06 -7.92966e-06
0.010201 0.0644672
0.00553983 -0.0101337
-0.0851558 -0.0187551
0.00173995 -0.003349
-0.00350612 -0.0108168
-0.00928763 -0.0777977
-0.07861 -0.0889805
0.180234 0.158125
-0.0127607 0.022177
-0.000907907 0.00166773
0.194304 0.160406
-0.0231948 -0.0602417
0.0154475 0.0697448
-0.00892919 -0.0236328
0.00656209 0.0790661
-0.0187591 -0.0687318
0.0313368 0.0766935
-0.0721593 -0.0538194
-0.000895221 0.00169057
0.0079141 0.0366572
-0.0275189 0.0279403
-0.014462 -0.0471608
0.00563125 0.0142625
-0.0134661 -0.0344675
0.00291359 0.00686252
0.0485004 0.0527821
-0.0762288 -0.0662983
-0.0541512 -0.0809021
0.00867028 0.0762028
0.00320758 0.05605
0.203317 0.171425
0.0895527 0.0933769
0.033508 -0.0488592
0.127811 0.121499
0.00260871 0.00688448
-0.000696845 0.0785047
-0.00551569 0.0101564
-0.086988 -0.0828909
0.0395313 0.04683
-0.064362 -0.0729347
0.0222393 0.0666057
0.00669397 0.0177668
0.212993 0.199809
-0.0744096 0.00650726
-0.00472051 -0.0109756
-0.00914582 -0.0776859
0.105312 -0.00824654
0.473791 0.498226
0.0198508 0.00719244
0.0441228 0.0516252
0.0225647 0.0723967
0.0205587 0.0745141
0.0159505 0.0402509
-0.00960331 -0.0199336
-0.00566019 -0.0141076
0.0841066 0.0943465
-0.119517 -0.101244
0.285292 0.307262
-0.0153394 -0.0170862
0.104778 0.0998047
-0.0204086 -0.0505713
0.334992 0.361413
-0.26561 -0.25259
0.0008943 -0.00167427
0.314951 0.339679
0.0143497 0.0379897
0.0435758 -0.0293488
-0.0102461 -0.064407
-0.000223877 0.0236512
0.0149813 0.0340341
-0.0274561 0.0279966
-3.86896e-06 -1.69109e-06
-0.00889283 -0.0235862
-0.000829318 0.0784344
-0.00921562 -0.0678947
-1.60767e-06 4.26326e-07
0.0245614 0.0425054
-0.00189413 0.00570092
-0.051596 -0.0926657
-0.00597767 -0.00400969
-0.0258893 -0.031999
0.0258733 0.0320253
0.265527 0.253692
0.0113321 0.0257733
0.0401721 0.0518955
0.36765 0.350457
-0.12674 0.00299963
4.04608e-06 3.10507e-06
-0.0148981 -0.0379177
0.00661326 0.0176895
-0.00597787 -0.00400753
0.0168393 0.0506905
0.0235442 0.0335155
0.133844 0.103937
0.0189749 -0.0566092
0.0879652 0.107062
-0.0102204 0.0170146
-0.0077237 -0.0468516
-0.087948 -0.106484
0.0096276 0.0201764
-0.0161789 -0.0398731
-0.0187002 -0.0686567
0.0775357 0.0836128
-0.0120512 -0.0308905
0.105327 0.000260115
0.119379 0.101275
-0.180609 -0.13497
0.00772696 0.0470911
-0.197935 -0.207104
0.0195521 0.0251942
0.334893 0.361307
-0.152311 -0.142203
0.0489505 0.106894
-0.0001333 -0.00725635
0.0710608 0.0471106
0.111389 -0.0277878
-0.0542552 -0.0810092
-0.322411 -0.291322
0.0164932 0.0422631
-0.00361986 -0.0562339
0.176994 0.124384
0.0275425 -0.0278458
-0.00326852 -0.0558761
0.104727 0.0997739
0.0132342 -0.0755139
-0.119533 -0.101228
-0.334078 -0.30092
0.00567422 0.0143103
-0.0896123 -0.0931658
0.0498426 -0.00968706
-0.0433223 0.0296886
0.0160945 0.0153968
0.000174055 0.00730419
0.00933479 0.0684029
-0.0234955 -0.0593784
-0.00223806 -0.0097452
-0.0073324 -0.0177361
0.0883252 0.0736211
0.0266385 0.0873997
0.0396095 0.0468924
-0.104776 -0.0996389
0.0186451 0.0471938
0.126382 -0.0170772
0.148152 -0.00259247
0.104747 0.0997827
0.0412627 0.048825
-0.028769 -0.0467493
-0.0396878 -0.0313788
0.000206146 -0.0236192
-0.127839 -0.121229
-0.0113368 -0.0253888
-0.126484 -0.101966
-0.0093059 -0.025013
-0.0223921 -0.0581013
0.0395419 0.00095109
0.101016 -0.0300288
0.0055975 0.00930695
-0.106922 -0.111771
-0.154325 -0.156357
-0.00260456 -0.00683477
-0.0440481 -0.0510049
-0.0227772 -0.058477
-0.000260289 0.0236085
-0.0066206 0.0408112
0.111488 -0.0276683
-0.101131 0.00894022
-0.0166409 -0.0418829
0.105306 -0.00825121
-0.140687 -0.0021836
-0.0168349 -0.0420793
-0.00479933 -0.0111278
0.0485745 0.106491
-0.0841568 -0.0925835
0.0782589 0.0675724
0.000525148 -0.0116001
0.0695609 0.00268282
0.00966971 0.0202162
-0.00861413 -0.0759909
0.0238134 0.0314568
-0.185795 -0.152777
-0.0108238 0.00150725
0.105745 0.129562
0.00948147 0.0242882
0.106917 0.111936
-0.0530775 -0.0615537
0.00727719 0.017836
0.0265202 -0.0671135
-0.100762 0.0271342
-0.0897048 -0.0932197
-0.0186066 -0.0685935
0.127883 0.121558
0.026517 -0.0671169
-0.0223801 -0.071425
0.025881 0.0320308
-0.0612936 -0.0716241
-0.0484816 -0.0526697
0.000998444 0.0028072
-0.0235555 -0.033383
-0.445265 -0.465548
-0.0336773 0.048817
0.195807 0.162899
-0.0161059 -0.0153995
-0.0062635 -0.0125967
-0.0059756 -0.00400023
0.00486382 0.0112689
-0.150615 -0.00486077
-0.0151082 -0.0335641
0.366939 0.350373
-0.111347 0.0279093
-0.35982 -0.342456
0.00952667 0.025705
-0.0734213 -0.0791794
-0.0532036 0.0599159
0.000158923 -0.023638
0.333866 0.303064
-0.0161002 -0.0153982
0.000592064 0.00298027
0.0220951 0.0593508
-0.00628667 -0.0126221
0.00563507 0.0142698
0.0338073 -0.0484809
0.0782614 0.0012283
0.0519082 0.0932564
-0.0761086 -0.0661748
0.0445597 0.0390702
0.0163211 0.050139
-0.00657372 0.040814
-0.0233194 -0.0603757
0.111463 0.0768239
0.0143427 -0.0279152
0.0851952 0.0189428
0.101042 -0.00895845
0.0188699 -0.0566844
-0.0100755 -0.0253034
0.0793566 0.091387
-0.000821692 0.0784022
-0.116255 -0.00305171
-0.00742535 -0.0465645
-0.315254 -0.337675
-0.0172639 0.0230766
0.05993 0.0793826
0.0940693 0.114724
-0.0195662 -0.0251676
0.0604123 0.0798588
0.0517276 0.0931128
-0.073931 -0.0796721
-0.111427 -0.0763584
0.202721 0.203934
0.0607972 0.064446
-0.0154165 -0.0689867
-0.0407001 -0.0616472
0.322232 0.293084
-0.0879082 -0.106432
-0.01484 -0.0378635
-0.0319653 -0.0767262
-0.102033 -0.00315808
0.360231 0.344761
-0.152268 -0.142177
-0.0141216 -0.0369888
-0.367535 -0.348126
-0.0135868 -0.0345886
-0.0883168 -0.0721076
0.00333404 0.0562174
-0.196547 -0.20868
0.0681065 0.12232
-0.0189755 0.0566693
-0.0173571 -0.035543
0.031745 0.0771521
0.126614 -0.0169
-0.335261 -0.359087
0.0664807 -0.0260297
-0.0599308 -0.077833
0.00376064 0.0566557
0.111422 -0.0277226
-0.0554629 -0.0790761
0.0870008 0.0830343
0.00882727 0.023923
-0.102046 -0.00321717
-0.0412121 -0.048554
-0.0821515 0.0368746
-0.0141554 -0.0468115
0.00225127 0.0097761
0.0142929 0.0472733
0.0295781 0.0353071
0.00900018 0.0782339
0.0131958 -0.0755384
0.0258145 -0.00778394
0.000592982 0.00297815
0.0225368 0.072391
-0.0514903 -0.0926138
0.0017485 -0.00335288
-0.0695432 -0.00268774
-0.0167372 -0.0448397
0.106917 0.111938
0.0047603 0.011137
0.00964375 0.0201928
0.044511 0.0390194
0.126307 0.103294
0.126713 -0.00301254
0.0102497 -0.0169473
0.18369 0.139403
0.0114768 0.0162284
-0.285302 -0.305262
-0.16357 -0.137518
0.154101 0.156914
0.0077943 6.10214e-05
0.0782436 0.0675582
-0.00550432 0.010156
-0.15161 -0.158624
-0.0191641 0.056536
-0.14101 -0.12469
0.0191684 0.057055
0.00595588 0.00400362
0.062339 0.0952628
0.0125409 0.0180436
-0.366725 -0.348065
-0.350372 -0.374975
0.0185323 0.0690299
0.285392 0.307365
-0.0211394 0.00691249
-0.00473228 -0.0109921
-0.0201207 0.0607906
0.00385399 0.00585673
-0.111308 0.0279624
-0.0650474 0.032855
-0.126641 -0.102123
-0.133928 -0.103748
9.88191e-06 1.0516e-06
0.0038551 0.0058584
0.0089015 0.0781035
0.00194995 -0.00563779
-0.0177217 -0.0212498
0.061821 0.0732265
-0.180494 -0.134858
0.140643 0.00218812
0.101094 -0.00893283
0.00190405 -0.00566485
-0.106916 -0.111763
0.0137919 0.0733703
-0.0160989 -0.0153958
-0.334185 -0.301039
0.180583 0.136053
-0.196451 -0.160256
-0.0694809 -0.0818989
0.0737265 0.0803819
0.0161018 0.0153993
-0.0648272 -0.0733935
0.0165063 0.042272
0.133632 0.103726
0.0125319 0.0180282
0.0119909 0.0313554
0.202748 0.170867
-1.70197e-08 -4.68958e-07
-0.0395363 -0.0467915
-0.015367 -0.0171059
0.00473832 0.0111154
-0.0908127 0.0026797
-0.0731565 -0.0788821
-0.0478874 0.0266711
-0.0284576 -0.0428012
0.00724079 0.0178001
-0.195549 -0.160372
0.00641919 0.0266356
0.000280708 -0.0784169
0.0445073 0.039014
0.000870176 -0.00171246
0.212921 0.19974
-0.00627017 -0.0126022
0.00755607 0.0469067
0.0120957 -0.0220797
-0.0841953 -0.109512
0.0159038 0.0702436
-0.0415513 -0.0488862
-0.00559934 -0.00927817
-0.0205448 -0.073789
0.0195461 0.0251868
0.0776859 0.0741505
-0.0777242 -0.0828692
0.0211091 -0.00690838
-0.0711946 -0.0470233
0.0436919 -0.029208
-0.020596 -0.0264178
1.67312e-06 1.02318e-06
-0.0607721 -0.0643584
-0.044489 -0.0389344
-0.126469 0.0171833
-0.018583 -0.0462962
0.153453 0.140598
0.152213 0.142749
0.367575 0.350388
0.0222609 0.0595579
-0.0205621 -0.0737929
-0.00560234 -0.00928043
-0.023546 -0.0333765
0.0172548 -0.0230792
-0.128931 0.00217075
0.0135596 0.0731188
0.140605 0.00488343
-0.144452 -0.134787
0.421567 0.422777
-0.0211597 0.0068997
0.154275 0.157031
0.0132273 0.0345574
-0.0147817 -0.0378061
-0.054675 -0.0814184
0.111005 -0.0101744
0.0792669 0.0616855
0.11105 -0.0101387
0.0284297 0.0430716
-0.0233987 -0.0629454
0.0101054 0.0643577
0.0202583 0.0511316
0.0909187 -0.00262983
0.0112425 0.0256826
-0.300344 -0.300686
0.023514 0.0334863
-0.140673 -0.00491491
0.0170375 0.0508765
-0.150543 -0.00492996
-0.0284699 -0.0428139
0.0850728 0.0188337
0.0783106 0.00124331
0.00948793 0.0770257
0.116346 0.00305791
-0.0142184 0.0280244
0.0219091 0.0662804
-0.0851908 -0.0187282
-0.367541 -0.348129
-0.198602 -0.157734
-0.0290363 0.0625784
0.0615504 0.0754492
-0.0401723 -0.0517361
0.0231101 0.0609733
0.0665589 -0.0259552
-0.42692 -0.429708
0.0245561 0.0425001
-0.10513 0.00852515
0.0477659 0.0456337
0.00356386 0.010926
0.0650623 -0.032793
-0.395369 -0.400647
0.0743421 -0.00652463
0.101048 -0.0299526
-0.0115021 -0.0286099
0.0047782 0.0111825
0.000555469 -0.0781408
-0.194376 -0.157858
0.023136 0.0598691
0.0157665 0.0400768
-0.0100233 -0.0642426
0.265554 0.253744
0.000586885 0.00297818
-0.102083 -0.00320655
-0.0102171 -0.0643796
0.0149833 0.0387269
0.140582 0.00487063
-0.00645245 -0.0265537
-0.111024 0.0101451
-0.140585 -0.00489634
0.0897001 0.0935139
-0.0649645 0.0329174
-0.0499462 0.00964785
0.0762136 0.0665405
0.0191409 -0.0564854
-0.0696007 -0.00270815
0.0159229 0.040224
-0.00194189 0.00566671
0.0231419 0.0609974
-0.113462 -0.0929322
-0.359666 -0.375736
0.000985787 0.00279665
-0.0223283 -0.0713698
-0.0114818 -0.0162006
-1.81962e-05 -1.01466e-05
0.179911 0.157814
-0.141076 -0.124763
-0.00662518 0.0407888
0.000591283 0.0029777
-0.0787744 -0.059843
-0.0202364 0.0606902
0.180432 0.135871
0.203131 0.171227
0.0216684 0.0589393
0.367227 0.35005
-0.0531713 0.0599018
0.0793213 0.0617397
-0.012039 -0.0317926
-0.047741 -0.0455862
-0.141144 -0.124827
-0.0064112 -0.0265164
-0.0395884 -0.0468072
-0.0245592 -0.0420324
-0.0245415 -0.0420185
-0.126623 0.0169892
-0.00781801 -6.59099e-05
-0.126457 0.0171745
0.00154973 0.00360616
0.350784 0.378362
-0.0337922 0.0487166
0.0531372 0.0619956
0.105604 0.129469
0.0176904 0.0212604
-0.0534974 -0.0619649
0.072103 0.0538592
-0.145249 -0.137041
-0.0396551 -0.031358
0.14065 0.00216926
0.00505714 0.0209431
-0.0258259 0.00778826
0.14526 0.137466
0.0477999 -0.0266859
0.350687 0.378261
-0.350988 -0.375585
-0.0258745 -0.0319817
0.126519 -0.0169887
0.060675 0.0643749
0.00193949 -0.00564999
0.150654 0.00492798
-0.0664859 0.0261047
0.00921078 0.076737
0.00479047 0.011191
-0.0649907 0.0328923
0.0695702 0.00268896
-0.017623 -0.0300887
0.0176058 0.0211768
0.126841 0.103835
0.0141833 0.0378655
-0.42713 -0.429921
-0.119465 -0.101161
-0.00964072 -0.0199604
0.0776518 0.0741206
-0.0614352 -0.0717919
-0.0650088 0.0328843
0.0275202 -0.0278725
0.0153483 0.0171028
0.0140711 0.0377519
0.0120454 0.0324813
0.333994 0.303203
-0.0900256 -0.119019
0.153738 0.163148
0.418883 0.425395
-0.000885557 -0.00447103
-0.067564 -0.0982825
0.0341661 -0.00914281
-0.0823132 -0.0711686
0.143794 0.00349
-0.0560151 -0.0789329
-0.0167666 -0.0755602
0.0691652 -0.00754413
-0.0125282 -0.0328832
0.0138277 0.0580719
-0.0166009 -0.0753977
0.012721 0.0338057
0.102946 -0.0166211
-0.0742942 -0.0776785
-0.0201107 -0.0160941
-0.0127121 -0.0207965
0.0792021 -0.0473751
0.011648 -0.0510314
0.0574952 0.0889858
-0.189656 -0.13966
-0.00326263 0.0374959
-0.0341745 0.0091232
-2.86343e-06 -4.74643e-06
0.00350368 0.00849523
0.0121151 0.0363952
0.0190829 0.0484089
0.00357509 0.00602944
0.0190345 0.0483579
-0.0140949 -0.0579783
-0.0215911 -0.0716604
0.00206963 -0.0323144
-0.0118698 -0.0358793
0.010076 -0.00364359
0.297654 0.270673
-0.0574136 -0.0865857
0.297612 0.270622
0.0638602 0.0523567
-0.0576399 -0.0867936
0.0349955 0.0462562
0.0230411 0.0202158
-0.000877842 -0.00445091
0.0791699 -0.0473929
-0.0901047 -0.119064
-0.193185 -0.187264
0.0100744 -0.00363904
-0.332928 -0.299617
0.0113525 0.0310701
-0.00745619 -0.0196274
0.0240957 -0.0669848
0.0146342 0.0589143
0.0608874 0.0752261
-0.193043 -0.187111
0.110283 0.00296204
0.189517 0.14026
-0.0274718 -0.0454862
-0.0143336 -0.0582126
-0.0122412 -0.0362754
-0.0110798 -0.0301908
0.0217203 0.0725858
0.00507227 -0.0729838
0.0671747 0.100659
-0.00745973 -0.01963
0.0120849 0.0363495
-0.110347 -0.00295542
-0.063672 -0.0512339
-0.00332485 -0.0356969
-0.0911857 0.0134171
-0.0199939 0.00378185
-0.0200995 -0.0161039
0.0033084 0.0360669
-0.067509 -0.071894
-0.0341249 0.00917855
-0.0276418 -0.0513564
-7.25193e-06 -3.73745e-06
0.189628 0.140372
-0.00208565 0.0324241
0.19331 0.188205
-0.297813 -0.269146
0.0137997 0.0580601
-0.062166 0.0427016
0.0112312 0.0309524
0.0742832 0.0777449
-0.0615019 -0.0743496
0.0273276 0.0517267
0.0692917 -0.00747451
0.0574086 0.044409
-0.0143635 -0.0582508
0.424976 0.42718
-0.00637599 -0.017945
-0.158121 -0.117737
0.424295 0.426474
0.0217692 0.0726343
0.067412 0.100898
-0.111864 0.00677396
-0.110365 -0.00302444
-0.06246 0.0423485
-0.00569185 0.0727258
0.0910942 -0.0134421
0.0214782 0.0723299
0.0125788 0.0323704
-0.424467 -0.424695
-0.0635819 -0.0511407
0.0031993 0.0359669
0.148498 0.0961643
0.0899395 0.119198
0.00211746 -0.0322982
0.0064499 0.0181161
0.0798171 0.0563877
0.0118568 -0.0508578
0.0120306 0.0363023
0.00351008 0.00850719
-0.0113857 -0.0304974
0.0574661 0.0889413
0.0676259 0.101122
-0.418669 -0.423616
0.01183 -0.0508745
-0.00749978 -0.0196777
0.0792389 -0.0472703
0.0577756 0.0892532
0.00341049 0.0362003
0.027834 0.0522917
0.110356 0.0029556
-0.0900598 -0.119024
0.19339 0.188256
0.0676431 0.0722021
-0.0349821 -0.0460887
0.102987 -0.0165929
0.0821777 0.0714537
-0.0142015 -0.058099
-0.00359253 -0.00600552
-1.97881e-07 2.41585e-07
-0.0692839 0.00751727
-0.0101821 0.00361261
-0.356295 -0.359422
0.143737 0.00339475
0.0117447 -0.0509628
-0.0230361 -0.0201981
-0.00644334 -0.0180124
0.0911776 -0.0133999
0.0622245 -0.0424893
0.0164822 0.0759094
-0.0101017 0.00363816
0.0637526 0.0522464
-0.0126216 -0.0329749
-0.0742866 -0.0776723
0.00641831 0.0180859
0.0560492 0.0807422
-0.079892 -0.0563071
-0.0671607 -0.09789
0.0341349 -0.00911051
-0.0036045 -0.00601341
-0.0797876 -0.0561771
-0.000935251 -0.00449675
-0.0117772 0.0511343
-0.356486 -0.359568
-0.148892 -0.0953482
-0.0675886 -0.0719933
-0.0350012 -0.0461052
-0.0796051 0.047154
-0.157888 -0.117499
0.424583 0.426809
0.111855 -0.00668415
0.424924 0.427169
0.0165535 0.0759889
-0.356329 -0.359448
-0.0574876 -0.0444308
0.0126972 0.0209031
-0.0126983 -0.0207859
0.00738039 0.0198818
-0.148777 -0.0952366
-0.00206005 0.0324341
-0.0162541 -0.0750407
0.0912921 -0.0133459
-0.0127948 -0.0331501
-0.0902693 -0.119242
-0.0127022 -0.020785
0.103065 -0.01655
-0.0910368 0.0135036
-0.00355482 -0.00595999
-0.0241141 0.0674933
-0.00349671 -0.00840467
7.57493e-07 -1.03739e-06
0.0613471 0.0756815
-0.0125811 -0.0319404
0.158278 0.118444
-0.0189185 -0.0474637
-0.0191761 -0.0477066
0.0064039 0.0180723
-0.0101348 0.0036335
-0.0692043 0.00753664
-0.111912 0.00675006
-0.00369054 -0.00610123
0.067605 0.0721777
0.158317 0.118456
3.46098e-07 -1.93268e-06
0.0350029 0.046261
-0.0129089 -0.032286
-0.0822996 -0.0711541
-0.293379 -0.306093
-0.0624108 0.0423669
-0.0676551 -0.0720346
-0.0794089 0.0473494
-0.138433 -0.11526
-0.419096 -0.42407
-0.0199795 0.00378826
0.0270728 0.051481
0.0200594 -0.00376379
-0.42401 -0.424255
-0.067118 -0.09784
0.00752158 0.02002
0.0625344 -0.0421705
0.00355504 0.0060117
-0.0635709 -0.051127
0.110315 0.0030375
-0.157843 -0.117459
0.1579 0.118023
0.0116885 0.0489459
0.0201088 0.0161223
-0.012697 -0.0207845
-0.00352658 -0.0084374
-0.00207045 0.0324427
-0.143662 -0.00341417
-1.04692e-05 4.94538e-06
-0.00636599 -0.0179311
0.3559 0.360156
0.0111241 0.0308446
-0.000874744 -0.00444834
-0.0200238 0.00378014
-0.062894 -0.0549099
0.074288 0.0777483
0.418544 0.425022
-0.0675973 -0.0983118
-0.148833 -0.0952893
0.000883394 0.00448149
0.0627621 0.0549219
0.111876 -0.00669448
0.018948 0.0482705
-0.0216211 -0.0717104
0.0821208 0.0713917
0.0201219 0.0161021
0.0910574 -0.0134654
-0.153749 -0.162362
0.0609226 0.0752647
0.0101759 -0.00363245
0.000883151 0.00447623
0.0574782 0.0444758
0.00370093 0.00616771
6.59557e-06 7.10543e-06
-0.00348477 -0.00838806
0.00360244 0.00606528
-0.0341241 0.00915864
-0.0118079 -0.0358327
0.102917 -0.0166267
0.062411 -0.0423532
0.0795829 -0.046953
0.067653 0.0722062
0.0126977 0.0324907
0.0692383 -0.00747865
-0.0796168 0.0471599
-0.0798727 -0.0562694
-0.0187423 -0.0472846
-0.018666 -0.0471918
0.0635892 0.0520791
0.0113463 0.0310669
0.297994 0.271028
0.297706 0.270725
-0.0573915 -0.0865624
0.465352 0.489273
-0.0576758 -0.0868322
0.00553285 -0.0725134
0.0230222 0.0201952
0.0274358 0.0459351
0.0125588 0.0336382
-0.158075 -0.117659
-0.0118779 -0.0490374
-0.0114036 -0.0305207
-0.138269 -0.115169
-0.0167972 -0.075598
0.293173 0.30758
0.0126766 0.0208901
0.00211554 -0.0322549
0.0230462 0.0202221
0.13839 0.116151
-4.75665e-06 3.60956e-06
-0.0215726 -0.0716431
1.60769e-06 1.97531e-06
-0.418722 -0.423681
0.0633848 0.0518805
-0.356336 -0.359433
0.0117867 0.0490107
-0.0230467 -0.0202087
0.057429 0.0444229
0.158021 0.118133
0.0798095 0.0563881
0.000895812 0.0044963
0.0822532 0.0715287
0.0628768 0.0550358
0.0118925 0.0490799
-0.00563862 0.0727819
0.14366 0.00339544
0.153751 0.163162
-0.0821377 -0.0709929
-0.0628721 -0.054891
0.00296062 -0.0364421
-0.0628053 -0.0548191
-0.0913002 0.0133555
0.0798746 0.0564533
-0.0116789 -0.0489109
0.355946 0.360155
0.0127101 0.0209194
-0.00349867 -0.00841065
0.332827 0.301943
7.68891e-08 3.83693e-07
0.356516 0.360771
0.0282232 0.0526625
0.012645 0.0337288
-0.0574252 -0.0443661
0.0797052 0.0562699
-0.00578283 0.0726441
-0.102923 0.0166564
0.00348388 0.008474
-0.00563894 0.0727859
0.189715 0.140464
-0.0911955 0.0133965
0.0901491 0.119305
-0.110273 -0.00298559
0.0674463 0.100934
-0.0349868 -0.0460957
0.0101297 -0.00363382
-0.418378 -0.423317
0.0341781 -0.00912726
-0.0610994 -0.073964
0.00640521 0.0180686
-1.559e-06 -1.02318e-06
-0.0676334 -0.0720043
0.0199739 -0.00379215
0.0201297 0.0161032
-0.010207 0.00361135
0.0575256 0.0890049
0.0349802 0.0462433
-0.424473 -0.424703
0.00544752 -0.0725964
0.00339462 -0.0359847
0.00562352 -0.0723838
0.149112 0.0967972
-0.00642319 -0.0179878
0.111905 -0.00666064
0.062893 0.0550572
0.0190683 0.0483978
-0.143721 -0.00346367
0.0823595 0.0716337
-0.0116808 -0.0308044
0.0628046 0.054967
-0.055642 -0.0785765
-0.0341475 0.00918705
-0.0123638 -0.0364053
-0.0128206 -0.0321842
0.012681 0.0208908
-3.64082e-06 -3.39639e-06
0.0274711 0.0459698
0.143765 0.00342891
-0.189569 -0.139557
-0.00304923 0.0376856
0.055581 0.0802743
0.0561038 0.0807988
0.0128202 0.0326072
0.0127484 0.0325391
-0.00201043 0.0325153
0.000917437 0.00451324
-0.0201231 -0.0161076
0.067553 0.0721327
-0.153742 -0.162354
-0.111849 0.00678556
0.418463 0.424972
-0.297804 -0.269127
-0.143689 -0.00338463
-0.297891 -0.269218
-0.465266 -0.486404
-0.0558818 -0.078805
6.40234e-06 8.54072e-06
-0.0574676 -0.0443992
-0.0126143 -0.0319737
-0.0554803 -0.0784089
0.0126008 0.03368
0.0612483 0.075582
0.189426 0.140174
-0.193373 -0.187419
0.0340998 -0.00913658
0.0349745 0.0462381
-0.0269616 -0.0506817
-0.00308264 -0.0354502
0.110276 0.00300929
-0.0275594 -0.0513204
0.138561 0.116275
-0.0116305 -0.0488798
-0.102971 0.0166239
0.00206394 -0.0323402
-0.0574342 -0.0443792
0.148649 0.0962945
-0.0626712 0.0421775
-0.0125274 -0.0328789
-0.0795808 0.0471229
0.333329 0.302471
0.0215541 0.0723901
-0.111735 0.00692394
0.0120097 0.0362702
0.00348429 0.00847044
-0.0692728 0.00750724
-0.149148 -0.0956235
0.0691649 -0.00753811
0.0555865 0.0802827
0.193176 0.188067
0.293354 0.307768
0.0625289 -0.0420795
-0.0118836 0.0510457
-0.333219 -0.299914
0.02399 -0.0670645
0.111899 -0.00666363
0.00746981 0.0199732
0.00748123 0.0199817
-0.0349819 -0.0460879
-0.00739298 -0.019566
-0.0281856 -0.0519623
-0.143687 -0.00341643
-0.110382 -0.00298489
-0.0214513 -0.0715244
-0.0797277 -0.0561162
0.020048 -0.00378034
0.0119104 0.0491119
0.0169139 0.0763788
0.05743 0.0444083
0.0902346 0.119404
-0.0118125 0.0511112
-0.0230079 -0.0201663
-0.00293243 -0.0352749
-0.297801 -0.269121
-3.05141e-06 -5.28644e-06
-0.0230156 -0.0201746
-0.293351 -0.306063
0.356683 0.360926
-0.103027 0.0165935
-0.061298 -0.0741483
-0.0638914 -0.0514509
1.92369e-06 2.94165e-06
0.0163409 0.0757546
-0.06923 0.00750477
0.0140533 0.0583207
-0.0610781 -0.0739411
0.418666 0.425197
0.0230032 0.0201815
-0.0627679 -0.0547848
-0.46535 -0.486492
0.090465 0.11964
-0.00294652 -0.0352952
0.149213 0.0968982
-0.0821502 -0.0710017
-0.0119395 -0.0490564
-0.424681 -0.424926
-0.189524 -0.139508
-0.193232 -0.187276
-0.103024 0.0165959
-0.00255119 0.0382414
-0.0118884 0.0510584
0.00179337 -0.0376677
-0.0199628 0.00379868
-0.0274662 -0.0454822
-0.0239751 0.0675965
0.193443 0.188313
0.0201008 0.016104
-0.0201117 -0.0161101
3.77986e-05 2.07194e-05
0.00271076 -0.0366994
0.00316978 0.035892
0.0200558 -0.00376708
-0.189651 -0.139613
-0.00228428 0.0384738
0.465245 0.489157
-0.332521 -0.299992
0.13901 -0.00600518
-0.00664967 -0.0168292
0.0162247 -0.0468986
-0.109591 -0.112129
0.0176769 0.0341278
0.139082 -0.00592028
0.00665029 0.0170357
-0.0345109 -0.0683418
-3.2755e-05 -6.1533e-06
0.000116989 0.0150404
-0.410614 -0.429257
-0.139064 0.0059107
-0.0342405 -0.0680877
-0.031217 -0.0344411
-0.133708 -0.139764
0.0312709 0.0345224
0.133728 0.140095
0.115206 0.114941
-0.0181264 -0.045602
0.410653 0.431496
-9.75353e-05 -0.0150258
0.109414 0.112146
0.000149739 0.0150685
0.109637 0.112322
0.0312548 0.0345159
-0.138974 0.00614279
0.0164181 -0.0466147
-0.036343 0.065289
0.115147 0.114896
0.204157 0.184299
-0.109588 -0.112089
-0.000118943 -0.0150068
-0.131033 -0.138109
0.133718 0.140085
0.139115 -0.00582131
-0.0177358 -0.033751
-0.133724 -0.139781
-0.00661013 -0.0167844
-0.410631 -0.429274
-0.114913 -0.114231
0.03381 0.0692931
0.139006 -0.00597654
0.000114193 0.0150648
0.0345744 0.0700841
-0.0176972 -0.0337107
-0.0176645 -0.0336805
8.05212e-05 0.0150362
0.0162199 -0.0469273
0.0176153 0.0340692
3.65393e-05 1.41398e-06
-0.0164863 0.0467074
-0.332723 -0.300206
0.0181516 0.0464877
-0.0363538 0.0652648
-0.036268 0.0653579
1.49092e-07 3.19744e-07
0.00667689 0.0170625
-1.26241e-06 2.20268e-06
0.0363039 -0.0649183
0.00664705 0.017038
0.0312629 0.0345305
6.30485e-05 1.74154e-05
0.114975 0.114718
0.204493 0.184651
0.016347 -0.0466813
0.10954 0.112265
-0.0359691 0.065686
-0.016285 0.0470072
-0.204674 -0.183572
-0.130628 -0.137794
0.0366002 -0.0645303
-0.031312 -0.0345185
-9.484e-05 -0.0150199
-0.109395 -0.111886
-0.0067152 -0.0168885
0.130733 0.138357
0.115215 0.114961
-0.115251 -0.114575
-0.000112847 -0.0150277
-0.332387 -0.299859
-0.20462 -0.183513
7.24701e-07 -2.92033e-06
-0.204307 -0.183188
-0.332077 -0.299544
-2.91942e-07 -1.55609e-06
0.0176665 0.0341155
0.13069 0.138268
0.13078 0.138385
-0.0163605 0.0468702
-1.5004e-06 -6.89226e-06
0.00669332 0.01708
0.204389 0.184537
-0.109494 -0.112033
-0.13104 -0.138103
-0.0312115 -0.034428
-0.0312562 -0.0344645
0.0312819 0.0345455
0.204644 0.184799
-0.130866 -0.137993
0.0364317 -0.0647486
0.109487 0.112138
0.332331 0.301994
-0.139152 0.00588997
0.332034 0.301679
-0.0181079 -0.0455835
0.410732 0.431583
0.332196 0.301853
0.332152 0.301799
-0.204704 -0.183596
0.0366582 -0.0644879
-0.13905 0.00606927
0.0177633 0.0342089
-0.115256 -0.114581
0.0180763 0.0464071
-0.0166717 0.0465489
-0.00663612 -0.0168129
0.130748 0.13833
-0.0175889 -0.0336084
-0.115054 -0.114381
0.0252841 -0.0150727
4.9345e-06 6.16751e-06
0.0252042 -0.0151123
0.0251544 -0.0151191
0.476171 0.500762
0.0297051 -0.0100098
-0.0196667 -0.0526326
0.0306264 -0.00908076
-0.020211 -0.0531678
-0.476283 -0.497838
-0.0252258 0.0151142
0.0206803 0.0542823
-2.27852e-06 -1.22213e-06
0.020609 0.0542085
4.78695e-07 5.18696e-07
-0.0252453 0.0150769
-0.0196573 -0.052612
0.0306897 -0.00896372
-0.0202307 -0.0532184
0.0202626 0.0538496
0.0300825 -0.00961881
-0.0303303 0.010342
0.0201697 0.0537304
-0.0251794 0.0151254
-0.0310598 0.00955641
-7.29138e-06 -8.46967e-06
-0.0251057 0.0151529
-0.0310479 0.00957127
-0.0304062 0.01022
0.0252219 -0.0151033
-1.23264 -1.23579
1.23271 1.23845
1.23264 1.23838
-1.23279 -1.23594
-0.0808953 -0.124566
-0.0810276 -0.12477
0.0809902 0.124844
0.0809273 0.124762
1.57583e-06 5.30775e-06
-6.36637e-07 8.02913e-06
-1.36817e-05 -1.23137e-05
5.66195e-06 -7.3257e-06
