-0.069526 -0.103646
0.0780722 0.129633
0.00926255 0.0766697
0.0326639 0.0597624
0.00137093 0.00114538
0.0338458 0.0329374
-0.110108 -0.0836169
-0.0352901 -0.0368561
0.256066 0.286378
0.0136446 0.00754326
-0.00314325 -0.00145497
-0.0517997 -0.0592015
0.0245395 0.0247851
-0.00638027 -0.0460761
-0.448629 -0.362219
-0.123075 -0.0803777
0.0221652 0.024102
0.0514268 0.0518009
-0.0890195 -0.0596638
-0.185189 -0.0997413
0.424156 0.329816
0.00130589 -0.00223028
-0.0424745 -0.0643961
0.0314784 0.00235038
0.0375668 0.0412172
-0.00322784 0.00631011
0.0259428 0.0259358
-0.0265668 -0.0269396
-0.0260372 -0.0257904
-0.00796293 -0.00589836
0.147622 0.116126
0.0487168 0.0479897
0.0251162 0.0247244
-0.131352 -0.0778642
0.0192679 0.0273601
-0.006557 -0.0462502
0.0680236 0.115864
0.106917 0.0786568
-0.0125173 -0.0119925
0.0456011 0.046069
-0.0205625 -0.0489788
-0.0554525 0.00458582
0.0680895 0.115911
-0.154124 -0.113471
-0.0153522 -0.00570271
-0.0349788 -0.0347796
-0.131129 -0.0776697
-0.0784304 -0.128265
-0.0323171 -0.0311302
-0.194761 -0.229811
-0.0265635 -0.0269434
-0.369975 -0.413547
0.0957739 0.155895
-0.0266615 -0.0255069
-0.0104835 -0.00693958
-0.00275822 0.0125866
0.123888 0.141759
-0.0251289 -0.0244179
-0.00952751 -0.0100391
-0.00131312 -0.00320527
0.0584511 0.10063
0.0944013 0.156265
-0.0754007 -0.0788113
-0.594577 -0.479142
-0.00314009 -0.00144923
0.0479036 0.0392455
-0.0201909 -0.0234386
0.0734086 0.0773016
-0.172521 -0.195329
-0.0404276 -0.0533663
-0.134192 -0.1607
-0.0184408 -0.0176623
0.0333211 0.0399303
0.194754 0.231211
-0.00298189 -0.00310453
0.134061 0.0998799
-0.0604529 -0.0596675
0.466 0.362983
-0.0114973 -0.0114651
-0.0304228 -0.0301093
-0.0292295 -0.0360321
0.079016 0.0500518
-0.00296891 -0.00309058
-0.11728 -0.0867721
-0.0514265 -0.0514897
0.0267634 0.0260782
0.000741918 0.000418943
0.0116798 0.0114515
-2.76129e-07 -1.74083e-06
-0.00770968 -0.00761698
0.0873714 0.131633
-0.0302689 -0.0290812
-0.0258244 -0.0269398
-0.0514696 -0.0323123
0.00242067 -0.00241263
0.00107746 -0.00394893
0.251645 0.297851
-0.0514133 -0.03448
-0.0301528 -0.0386595
-0.0560308 -0.0624332
1.04255e-06 7.88702e-07
-0.00387274 -0.00370679
-0.00132695 0.00191828
0.00563653 0.00548138
0.257655 0.204044
-0.0941897 -0.153637
0.00736873 0.00718783
0.0125264 0.0121545
0.15481 0.0829817
0.0191583 0.0272482
-0.0479025 -0.0392239
0.0150106 0.0145976
0.0518241 0.0595689
-0.0853797 -0.0647967
0.00740183 0.0072206
-0.024537 -0.0247415
0.00589724 -0.060413
0.00297232 0.00341746
0.0561792 0.0573043
0.00132688 -0.00190813
-0.173697 -0.127223
0.154587 0.082787
0.0121213 0.0363026
0.173662 0.127492
-0.0909198 -0.150874
0.032936 0.0331551
-0.0400829 -0.044652
-0.0896192 -0.0602486
-0.0393016 -0.0374088
0.0514174 0.0517916
0.000226421 0.000117417
-0.0159914 -0.0160283
-0.0290453 -0.0358427
-0.0329197 -0.0330003
-0.035827 -0.0341238
0.00236548 -0.0020146
0.0749277 0.0789699
-0.0206551 -0.0201325
-0.182861 -0.134897
-0.423694 -0.327129
-0.133879 -0.080548
0.00108985 -0.00393996
0.142481 0.103757
0.00613114 0.0463094
0.010531 0.00698777
0.0405378 0.0535701
0.131534 0.0795642
0.131093 0.0791573
-0.142559 -0.103573
-0.00280988 0.00195256
0.0766582 0.0951639
0.185621 0.125684
-0.0561917 -0.113059
0.00406084 -0.0564394
0.423831 0.32948
-0.00187434 -0.00228543
-0.0249244 -0.0242139
-0.0148414 -0.0171664
0.0267043 0.0260217
-0.00313496 -0.0014217
-0.297973 -0.334824
-0.0179871 -0.00850368
0.448586 0.36404
0.0706285 0.0483244
0.0650639 0.0726117
-0.0914293 -0.0634758
0.0486116 0.0478842
-0.0338418 -0.0956657
0.00338181 0.00560157
0.0556712 0.0623367
0.106912 0.0786968
0.0245445 0.0247899
0.045025 0.0474962
0.0200618 0.0233882
0.00894092 0.0103634
-0.204234 -0.174703
0.0517678 0.0515664
0.370368 0.41569
0.0415312 0.0275487
-0.327312 -0.254599
-0.00384197 0.0573919
-0.0348586 -0.0346546
0.134337 0.161589
0.0635416 0.0641757
-0.00292382 -0.00295199
-0.0105328 -0.00698223
0.13398 0.0998127
0.00681725 0.00741918
0.153951 0.113509
-1.81027e-06 -1.54898e-06
-0.327096 -0.254407
0.0265647 0.0271049
-0.035089 -0.0366423
-0.185481 -0.124607
-0.0467311 -0.0477707
-0.0583391 -0.0630149
-0.131371 -0.0778753
-0.0525876 -0.0558479
-0.0683673 -0.114818
-0.0318922 0.018117
-0.210729 -0.153336
-0.0782996 -0.128165
-0.219168 -0.247459
-0.0376041 -0.0410979
0.0596393 0.0668756
0.0226337 0.009475
0.0428038 0.0653316
0.00217315 0.00607402
0.0301997 0.0295495
0.000332682 0.000138847
-0.472076 -0.365249
0.0852643 0.0647263
0.00179489 0.0220842
-0.19823 -0.139149
0.0790577 0.0500825
0.0455748 0.0460457
-0.0393074 -0.0374157
0.0619288 0.0679646
-0.00952438 -0.01003
0.0618143 0.0678605
0.0620972 0.0681363
0.0617748 0.0678158
0.0243004 0.029556
0.106044 0.118852
-0.14773 -0.115697
-0.00288061 -0.000501487
-0.0873837 -0.0975066
-0.051371 -0.0322105
-0.00022567 -8.57767e-05
-0.465713 -0.359978
0.0329403 0.0331604
-0.302843 -0.339976
-0.0244433 -0.0181714
-0.0121254 -0.0361338
0.0430159 0.0316145
0.024255 0.0295115
0.0159948 0.0160665
0.00389038 0.00442153
-0.0150158 -0.0144124
-0.026622 -0.02547
0.198475 0.139976
-0.0215405 -0.0289504
-0.0202054 -0.0234691
0.123859 0.141742
0.0837288 0.055988
-0.022156 -0.0240332
-0.00951913 -0.0100271
0.1516 0.121634
0.0562502 0.114576
-0.029177 -0.0359799
0.00297589 0.00342806
-0.00297338 -0.00309343
-0.013653 -0.00757007
-0.251714 -0.29562
-0.119371 -0.139075
0.010486 0.00694582
-0.000341565 -0.000154309
0.0429435 0.0258288
-0.0170925 -0.0179122
-0.0181201 -0.0179421
-0.0126428 -0.0173163
0.00521902 -0.0611069
0.471871 0.367946
0.0251855 0.0247904
0.0116773 0.0114524
0.0244177 0.0181567
-0.000739339 -0.000400782
0.0183397 -0.0349815
-0.0938199 -0.153252
0.0136124 0.0075087
-0.123795 -0.141041
0.210368 0.153785
-0.00244943 0.00196454
0.0625912 0.0472473
-0.151706 -0.11998
0.341563 0.384295
-0.0425302 -0.0424514
-0.302797 -0.339938
-0.0512119 -0.0586069
-0.0427039 -0.0646011
-0.0204151 -0.0488314
0.119418 0.134489
-0.341219 -0.382634
0.151895 0.121916
-0.10987 -0.0833714
0.221898 0.163575
0.00243576 -0.00241018
0.010522 0.00698017
-0.0760477 -0.0541464
0.0136669 0.00753118
-0.0397028 -0.0379245
-0.0880279 -0.130525
-0.0870949 -0.129564
0.0787236 0.130259
0.256645 0.290409
0.0425237 0.0427385
0.423621 0.329291
-0.0874023 -0.0975264
-0.0656598 -0.066302
0.0200771 0.0259731
-0.00341682 -0.00562926
-0.256828 -0.289231
-0.0416004 -0.0275918
-0.302628 -0.339509
0.0422736 0.0316335
-0.0104946 -0.00694855
0.110051 0.0836569
-0.00735331 -0.00710531
0.000227244 0.000103206
-0.00292713 -0.00295758
-0.0430473 -0.0509572
0.17364 0.194921
0.0749498 0.0786154
-0.117009 -0.0865177
0.0431036 0.0259591
-0.00236912 0.00205286
0.0373458 0.064222
-0.0730748 -0.0764504
-0.0200569 -0.0233267
0.0797197 0.125991
0.0729984 0.0750651
-0.0699111 -0.0754168
0.053792 0.0986514
0.079582 0.125862
0.206919 0.152826
-0.00291302 -0.000510241
0.0613062 0.0615502
-0.0260636 -0.0258132
-0.0650676 -0.0725335
0.0633449 0.0639828
-0.0126719 -0.0173441
-3.40114e-07 -2.20268e-07
-0.0248707 -0.0238607
0.0126637 0.0173443
0.0917526 0.148477
0.0199751 0.0258911
0.180351 0.135499
0.0874312 0.131674
0.0301514 0.0294994
0.069462 0.104439
-7.96285e-06 -7.41096e-06
0.0425166 0.042731
-0.00733144 -0.0070802
0.0321852 0.0315162
0.210078 0.153439
-0.0192504 -0.0272035
-0.0680534 -0.114489
0.203809 0.174687
-0.0430142 -0.0315897
-0.0244018 -0.018133
-0.015329 -0.00566715
0.103116 0.0744062
-0.0171551 -0.0179792
0.0563586 0.114661
0.107323 0.0751015
0.0913123 0.0634489
0.283485 0.32046
-0.0428301 -0.0488033
0.451257 0.351033
-0.0920138 -0.14679
0.109916 0.083545
-0.0028038 0.00196747
-0.0181045 -0.0179177
-0.00342642 -0.00565686
0.0171831 0.0180796
0.258008 0.204377
-0.0258212 -0.0269324
-0.0567197 -0.0573592
0.0762104 0.0544116
0.046353 0.0477075
-0.0447899 -0.0470426
-0.00073983 -0.000420791
0.0400668 0.0446658
0.0650508 0.072594
-0.0619814 -0.0675136
0.448659 0.364109
0.0667614 0.0689867
-0.00561816 -0.00543727
-0.0415372 -0.0274575
0.32733 0.256329
-0.00388395 -0.00441966
0.0139524 0.0645686
0.0946996 0.121141
0.244842 0.288689
0.19838 0.139896
0.00663451 0.00708533
0.0130622 0.0128188
-0.466104 -0.360321
0.00333705 0.00539259
1.08681e-07 3.55271e-07
-0.0600088 -0.0669038
0.22253 0.164235
-0.0433584 -0.0426692
4.05319e-07 2.52456e-05
0.0750559 0.0791091
-0.207417 -0.152995
0.00129725 -0.00224212
-0.020641 -0.0201172
0.0239059 0.0291429
0.00187612 0.00227087
0.00315468 -0.0063539
0.255733 0.286036
0.00939542 0.00931536
0.00311262 -0.0574153
0.000325968 0.000137248
0.0494228 0.0657504
0.00768965 0.00761198
-0.00489873 -0.0175902
-0.00336707 -0.00543296
0.0221405 0.0240869
-0.172549 -0.195351
-0.173657 -0.19435
0.0604636 0.0605282
-0.11946 -0.134114
0.0258096 0.0270298
-0.0650339 -0.0724964
0.0311543 0.00205331
0.24608 0.225299
-0.0514481 -0.0323054
-0.00049821 0.00204491
0.0703839 0.048098
0.0695925 0.0755521
-0.0310333 -0.0313517
-0.0250226 -0.0243112
-0.119516 -0.134164
0.00392553 0.00447475
0.0430268 0.0316252
0.370251 0.415563
0.0433046 0.0431418
0.0312353 0.0021324
-0.0401348 -0.0385757
-0.0852909 -0.064697
-0.0192084 -0.0265874
-0.085431 -0.0648185
-0.466279 -0.360507
0.0159786 0.0160506
-0.0600362 -0.0669439
0.00289987 0.00294366
0.298427 0.33716
0.222467 0.164148
-0.0911046 -0.151074
-0.00338871 -0.00549745
0.0433985 0.0515363
0.0244342 0.0181647
0.0626223 0.0472254
-0.185476 -0.124595
0.106067 0.118867
0.00386953 0.00439525
0.0873846 0.0976761
-0.0240505 -0.029215
-0.0516069 -0.0346608
0.0554309 -0.00349858
-0.0149169 -0.0172294
0.00581328 -0.0605017
-0.251897 -0.2958
-0.173708 -0.127252
-0.0199054 -0.0257485
0.0581866 0.0631505
-0.142216 -0.103158
0.185418 0.125469
-0.00937059 -0.0092612
-0.0652461 -0.0683365
0.0428662 0.0257573
-0.0603799 -0.0595935
-0.246177 -0.223911
0.0582522 0.0632095
0.0203831 0.0491992
-0.0324636 0.0175425
0.0602811 0.0603455
-0.119496 -0.139209
-0.119479 -0.13413
-0.0367344 -0.0630482
0.0347151 0.0348402
0.0747034 0.0783671
-0.0391406 -0.0372467
-0.0114716 -0.0114375
0.302764 0.341934
0.02171 0.0293212
-0.00297096 -0.00342533
0.0880996 0.0616807
0.0923347 0.14903
-0.185559 -0.132685
-0.0542073 -0.0975551
0.0483781 0.0476507
-0.0136444 -0.00751868
-0.096175 -0.154059
-0.00662718 -0.007049
-0.0704498 -0.0479358
0.188879 0.157352
0.134219 0.161459
-0.0592182 -0.0661086
-0.0593325 -0.104874
-0.0374888 -0.0410004
-0.142544 -0.10354
0.103154 0.0744454
-0.0684826 -0.114916
0.0324317 0.0317667
-0.222255 -0.163524
0.117287 0.0877107
0.0556803 0.0623325
0.0563574 -0.00258898
-0.119304 -0.139032
0.0180604 0.00859742
0.00293292 0.000523158
0.257054 0.29085
-0.107308 -0.0749292
-0.0300653 -0.0385776
-0.198388 -0.139303
0.341189 0.383929
0.36582 0.408805
0.00332576 0.00537247
0.0310392 0.0314004
-0.194677 -0.22971
0.0402395 0.0393982
-0.451307 -0.348551
0.203998 0.174885
0.00664614 0.00709585
-0.00641796 -0.00971224
-0.0520985 -0.0511937
-0.00137821 -0.00116363
-0.147638 -0.115583
-0.134346 -0.160852
0.0833762 0.0556537
-0.0114817 -0.0114432
-0.134595 -0.0812325
0.182144 0.134488
0.063651 0.0642867
0.00133053 0.00323859
0.0147344 0.0653757
0.180054 0.135188
0.0287976 0.0358658
0.0089398 0.0103395
4.09726e-06 4.7109e-06
-0.0351474 -0.0367067
-0.244607 -0.286565
0.0943438 0.120818
0.0380908 0.0375342
-0.0358332 -0.0341308
-0.423737 -0.327176
-0.00252909 0.00127119
-0.000336251 -0.000143537
-0.0325852 -0.0594088
-0.0514233 -0.051486
-0.0428976 -0.0257983
-0.0407585 -0.0395489
0.0301324 0.0386974
-0.0331476 -0.0394282
0.00680915 0.00742428
0.0919339 0.148624
0.0495755 0.065886
0.0266308 0.0271749
-0.0937963 -0.153244
0.466088 0.363095
0.116917 0.0873564
-0.173586 -0.194273
0.0124445 0.0120735
-0.0651983 -0.0658342
-0.0752794 -0.0786882
-0.00938425 -0.00927348
-0.172621 -0.195416
-0.0373615 -0.0636869
-0.0264234 -0.0256257
-0.00186563 -0.0220426
-0.00507679 -0.00698471
0.0428883 0.0510011
-0.0130675 -0.0127227
-0.065056 -0.0725178
0.0942342 0.156096
0.382685 0.298042
0.151887 0.12191
-0.303104 -0.340258
-0.0142046 -0.0641986
-0.00662535 -0.00704672
-0.210414 -0.153025
-0.0514066 -0.0504937
-0.0265089 -0.0257098
-0.0107459 -0.0111205
-0.0514256 -0.0514885
-0.0312719 -0.0207865
0.022748 0.00958799
0.00763927 0.0075636
0.0690359 0.104009
-0.594579 -0.479144
0.00901794 0.0764347
-0.15155 -0.119848
-0.0195217 -0.0551181
0.00491164 -0.0614295
0.0159948 0.0160668
-0.0564402 -0.113316
0.257518 0.203905
-0.0181941 -0.00867827
-0.0559831 -0.112876
0.237382 0.192431
0.00312801 0.00142653
3.27131e-06 5.68434e-08
-0.0513447 -0.0344208
0.00332187 0.00538939
0.0206304 0.0494502
0.00559122 0.00543535
-0.042807 -0.0647112
0.0592164 0.105967
-0.00173832 -0.0219225
-0.0194085 -0.0550456
0.00795778 0.0058936
0.0645072 0.0679792
0.0423243 0.0316547
0.0130711 0.0128283
0.00278184 -0.00195544
0.0264099 0.0259891
-0.0380103 -0.0368291
0.0135359 0.0150846
-0.0504261 -0.0508132
-0.0336666 -0.03208
-0.0614637 -0.0609
-0.0405365 -0.0534675
0.00189187 0.00233879
-0.00279126 0.0125456
0.0126772 0.0173626
0.0423258 0.0316608
0.025023 0.0244073
-0.0631818 -0.063075
-0.194842 -0.229896
-0.0125663 -0.0120435
-0.0805601 -0.125235
0.0259125 0.0259026
-0.106929 -0.0785229
0.221923 0.163586
0.0351807 0.0369089
-0.283578 -0.318932
0.0464907 0.0478366
0.119347 0.139918
-0.0396202 -0.0378424
0.558144 0.451978
0.0512223 0.0510167
0.00132219 0.00326527
0.087287 0.131541
-0.0147891 -0.0170969
0.450876 0.350659
-0.0587974 -0.0999619
0.0400778 0.0446792
-0.0603023 -0.0595176
-0.00507605 -0.00700982
1.19122e-06 6.88516e-06
-0.0558759 -0.0622636
-0.0396899 -0.0379106
-0.00621169 -0.00950426
0.0368355 0.0637063
0.0393606 0.0382865
-0.24471 -0.286659
0.0153512 0.00563691
0.0359343 0.034978
-0.0531281 -0.0563974
0.0123338 0.0365339
-0.256621 -0.289005
-0.255921 -0.285276
-0.327589 -0.254886
-0.0636398 -0.0635421
0.194463 0.230948
-0.0335411 -0.0953557
0.219388 0.248856
-0.09207 -0.146815
-0.00246039 0.00241268
-0.0910283 -0.151
-0.00116065 0.00240316
0.341731 0.384472
-0.173607 -0.127132
-7.56178e-06 1.88294e-06
0.185566 0.133794
0.00137386 0.00113531
0.256937 0.290715
0.00977456 0.0772341
0.123267 0.0810012
-0.125388 -0.0907454
-0.185763 -0.10026
-0.00186959 -0.0022893
-0.0482426 -0.046672
0.133669 0.0816312
-0.182301 -0.134355
-0.0559429 -0.112759
0.0669489 0.0691728
-0.0136637 -0.00754866
0.00136773 -0.00215628
0.00737015 0.00718946
-0.0336687 -0.032082
0.255793 0.286092
-0.00289071 -0.000498794
-0.0140811 -0.0640828
-0.184898 -0.12402
-0.0300312 -0.0288402
-0.255704 -0.285068
-0.0895814 -0.0601931
-0.15412 -0.113417
0.370525 0.415839
0.0192763 0.0562285
-0.0346827 -0.0334967
0.0782378 0.129763
-0.00108824 0.00394255
-0.0325152 0.0174853
0.034971 0.0351019
0.154472 0.082668
-0.24614 -0.223876
-0.0149903 -0.014386
0.0393097 0.0383116
-0.122816 -0.0800932
0.00505369 0.0070244
0.00384813 0.00370343
0.0153285 0.00566951
0.0433185 0.0514581
0.117185 0.0876047
-0.0220285 -0.0238999
-0.0424237 -0.0643436
0.00563046 0.00547599
0.0314041 0.00227175
-0.0625907 -0.047174
0.255842 0.286153
3.22949e-07 8.66862e-06
0.072882 0.0749538
0.0228426 0.00964308
-0.173614 -0.1943
-0.00190664 -0.00227718
0.0348924 0.0350214
-0.119314 -0.139043
0.000228114 5.89395e-05
-0.0416206 -0.0275247
-0.185866 -0.133027
0.0285482 0.0356044
0.000379628 0.000191307
0.0696475 0.104646
-0.134529 -0.161063
0.18256 0.134935
0.0349826 0.0351077
-0.0405249 -0.0534637
-0.0170742 -0.0179121
0.0313774 0.020925
-0.0329233 -0.0330022
0.0303691 0.0303191
0.0170954 0.017987
-0.063378 -0.0632722
0.0537643 0.098584
-0.0479035 -0.0392248
0.182302 0.134623
-0.0766471 -0.0948771
0.119479 0.134561
-0.088069 -0.0612807
0.0516206 0.0514157
0.0181055 0.00862813
-0.103058 -0.0737531
-0.0626286 -0.0472248
8.1427e-07 6.83542e-06
0.125524 0.0911617
-0.000738031 -0.000418424
0.00660015 0.00705559
-0.382848 -0.29626
-0.0374132 -0.0409262
0.00636971 0.00969434
0.0345093 0.097588
0.00795946 0.00590538
0.123115 0.0808193
-0.341545 -0.38297
-0.0412559 -0.0400467
0.210165 0.15354
-0.210504 -0.153104
0.0213684 0.0289796
0.0653135 0.0688061
-0.255653 -0.285019
-0.0433837 -0.0513104
-0.0423345 -0.0316514
0.0107546 0.0111833
0.045547 0.0460166
-0.0264338 -0.0267948
0.00279148 -0.00198082
0.00680909 0.00741649
0.0425646 0.0427801
0.0602118 0.0674717
0.0326113 0.0597106
-0.00275528 0.0125788
0.0038862 0.00374211
0.0100765 0.0158036
0.0479014 0.0392424
0.0939176 0.155829
0.00935004 0.00926948
0.0877844 0.0613842
0.030417 0.0303662
0.0429914 0.0315797
0.465743 0.36272
0.00273731 -0.0125556
-0.00242724 0.002424
0.0513901 0.0345721
-0.00137387 -0.00113926
0.0515602 0.0347304
-0.032622 -0.059457
-0.0153156 -0.00564499
0.0556817 -0.00325163
-0.0784226 -0.128257
0.0608799 0.0611219
0.0265353 0.0270721
-0.32693 -0.25424
-0.0764754 -0.0947093
0.0739695 0.0788046
-0.106066 -0.118591
-0.188884 -0.156851
0.00389939 0.00444383
-0.0873854 -0.0975097
-0.00892025 -0.0103087
0.0026553 -0.0010835
0.0346626 0.034069
0.00242674 -0.00243198
-0.194773 -0.229805
0.173638 0.194918
0.107733 0.0755017
-0.061379 -0.0608193
-0.0552187 -0.0616008
0.0392061 0.0381308
0.0179837 0.00851722
-0.0748127 -0.07822
0.0301323 0.0294821
-0.0101001 -0.015729
-0.245088 -0.287031
-0.219043 -0.24732
0.0426936 0.065231
-0.079324 -0.0501157
0.0018927 0.00231022
0.00562752 0.00547392
0.0319483 -0.0172789
-0.0587907 -0.104323
0.00934225 0.0164477
-0.222387 -0.163663
-0.0446244 -0.0468387
-0.0345986 -0.0964335
-0.00988906 -0.0763286
-0.0159949 -0.0160319
0.147814 0.116281
-0.079051 -0.0498296
0.0153632 0.0056846
0.0135328 0.0150823
0.194902 0.231365
-0.0429085 -0.0257295
-0.058116 -0.0627772
-0.0226754 -0.00945608
0.0428493 0.0426853
0.00632028 0.00966082
-0.0244477 -0.0181687
-0.154817 -0.0810032
-0.0135305 -0.0150746
-0.0554799 0.00455876
-0.0960616 -0.153969
0.122869 0.0806002
0.032303 -0.0169189
-0.00109018 0.00394235
-0.0429854 -0.0508908
0.0680144 0.115849
0.0351075 0.0368431
0.0179507 0.0179263
0.0947106 0.121157
0.0237752 0.0280453
-0.0301887 -0.0289991
-0.061624 -0.0671718
-0.000233735 -8.06963e-05
0.0633101 0.0639424
-0.0115869 -0.0112389
0.176377 0.0953756
0.0267117 0.0260269
-0.151894 -0.120173
0.110063 0.0836869
-0.0256771 -0.0254187
-0.031045 -0.0313643
0.176044 0.0950505
0.0397112 0.0388648
0.0380467 0.0374897
-0.298096 -0.334948
-0.365677 -0.406662
-0.182247 -0.13428
-0.45067 -0.347931
0.0450318 0.0474921
0.0330709 0.0396807
-0.00385155 -0.0036869
-0.0429975 -0.0315506
7.84071e-07 8.88178e-07
-0.0583365 -0.0630184
0.0651896 0.068685
0.00510925 0.0179538
0.0349822 0.0367145
-0.206883 -0.152436
0.00357168 -0.0569458
0.0565202 0.0576314
-0.00246176 0.00134562
0.0912613 0.153767
-0.0578727 -0.0625286
0.471978 0.368061
-0.00236939 0.00144824
0.0892839 0.0599756
0.00933994 0.00925935
0.00281 -0.00194444
-0.0144102 -0.0644481
-0.107135 -0.0747715
-0.0738568 -0.0781405
0.283464 0.320429
0.0256596 0.0268872
0.040514 0.0535456
0.119518 0.1346
-0.00139722 -0.00121199
0.0107578 0.0111852
-0.0834865 -0.0556512
0.00033789 0.000150635
-0.0148942 -0.0142908
-0.0183785 -0.0176012
-0.00658276 -0.00701316
-0.0484385 -0.0468697
0.0236455 0.0279462
-0.0874 -0.129878
-0.00586295 0.0612992
0.0762799 0.0544752
-0.0895531 -0.0601616
0.0114287 0.011478
0.0101687 0.0158746
0.00944681 0.00998275
0.0206377 0.0203415
0.0600298 0.0672806
0.0310434 0.0314051
0.01723 -0.0361095
0.0585514 0.0635125
0.251991 0.298194
-0.00267311 0.0126747
-0.0268062 -0.0256535
0.0148845 0.017225
-0.302453 -0.339333
0.107238 0.075028
0.00640123 0.00972808
-0.0780579 -0.127917
-0.175948 -0.0924639
0.0126604 0.0173392
-1.06393e-06 -1.11555e-06
-0.176512 -0.0929768
0.0322585 0.0315916
0.0463382 0.0476829
-0.176103 -0.0926175
-0.186026 -0.125149
-0.0561499 0.00390392
0.00264206 -0.00110482
0.018982 0.0264752
-0.176468 -0.0929362
-0.0249498 -0.0242418
-0.298341 -0.335222
-0.0761448 -0.0542451
-0.0312377 -0.0207573
-0.0335086 -0.0953383
0.0328412 0.0599404
0.0699801 0.0759409
-0.173658 -0.127172
0.0130187 0.0127754
-0.370349 -0.413922
0.0907752 0.153327
-0.219322 -0.247617
0.0170924 0.0179888
0.00769162 0.00761255
0.0171078 0.0179955
0.370139 0.415451
0.244954 0.288801
-0.036768 -0.0147061
-0.0331989 -0.039482
-0.000742535 -0.000403034
0.0414669 0.0274289
-0.450727 -0.347997
-0.0422775 -0.0316249
0.0558599 0.062518
0.0100633 0.0157841
0.0107336 0.0111663
0.02141 0.0290228
0.0493423 0.0656762
-0.256933 -0.289334
0.0263105 0.0258917
0.076096 0.0542887
0.091562 0.0636324
0.000467195 -0.00206073
-0.0749484 -0.0779209
-0.0801237 -0.124781
-0.00505068 -0.00695334
0.000749591 0.000418567
-0.040081 -0.0446522
-0.0379353 -0.0367534
0.182855 0.13521
-0.0312515 -0.000908891
-0.0652107 -0.0658451
0.0746737 0.0787265
0.000422961 -0.00213029
-0.0262776 -0.0254774
-0.023832 -0.0280336
-0.0183477 -0.0175697
-0.125721 -0.0911209
-0.0789329 -0.0496813
0.107005 0.0787523
-0.151555 -0.119842
0.00185928 0.0221504
0.00946398 0.0100052
-0.0561898 -0.0568142
-0.00626637 -0.00956324
0.041187 0.0406046
0.0149117 0.0172652
0.0187612 0.0262277
0.0201774 0.0489956
0.0783101 0.129885
0.298105 0.33681
0.0504376 0.0509818
-0.222362 -0.163597
-0.153994 -0.113317
-0.00796197 -0.00589656
0.134634 0.0825915
0.0424735 0.0486203
-0.00293655 -0.00296676
0.0248473 0.024232
0.0698094 0.0757692
-0.180476 -0.134932
-0.00636009 -0.0460678
0.0731061 0.0751777
-0.207337 -0.152894
-0.0400768 -0.0446451
0.184892 0.133052
-0.558285 -0.449685
0.0514077 0.0517813
-0.0516194 -0.0590189
0.0425092 0.0506174
-0.00561606 -0.00543649
-0.0124492 -0.0119242
-0.180223 -0.134676
-2.11593e-06 -8.66862e-07
0.0514226 0.0591651
0.00279416 -0.00199111
-0.257922 -0.20273
0.0264993 0.0270415
0.0029524 0.00342924
-0.0597513 -0.0666514
-0.257381 -0.202204
-0.00389327 -0.00372888
0.382633 0.297997
0.0796374 0.125909
0.000454221 -0.00212417
-2.40941e-07 -1.55893e-05
0.00290684 0.00295434
-0.00383098 -0.00366753
-0.0591023 -0.104631
-0.106955 -0.0785652
0.00253153 -0.00183657
-0.0726235 -0.0739746
-0.00918613 -0.0755865
-0.0536502 -0.0970237
-0.00106435 0.00399343
-0.00973789 -0.0153793
-0.0449122 -0.0449547
-0.0391133 -0.0373289
0.17369 0.19498
0.172637 0.196459
-0.283526 -0.318883
0.00291227 0.00049836
0.093686 0.155591
-0.022722 -0.00952046
-0.0656626 -0.0663054
-0.0327693 -0.0596007
0.000751665 0.000445333
-0.00473355 0.0624811
0.0285171 0.0355965
-0.0067769 -0.00737421
-0.180283 -0.134729
-0.0726541 -0.0760227
-0.00296412 -0.00344151
0.00292453 0.000520188
0.0147356 0.0170555
-0.173755 -0.194453
0.0400769 0.0446759
-0.106034 -0.118553
-0.00795675 -0.00589081
-0.0727318 -0.0760997
0.207371 0.1533
-0.0367691 -0.0147103
0.0329776 0.0395901
0.142278 0.103559
-0.00056914 0.00200141
-0.0184019 -0.0176279
0.0917008 0.14843
-0.00316022 0.00638076
-0.00179505 -0.0219963
0.154995 0.0831643
0.0395865 0.0385895
0.176465 0.0954562
0.0566936 0.115019
-0.0380222 -0.0368419
-0.0313443 -0.0208547
0.0430168 0.0316171
3.43675e-07 2.77112e-07
0.00238898 -0.00137226
0.0301836 0.029534
-0.0377059 -0.0411976
-0.0107253 -0.0111081
0.0302839 0.0302321
0.0124423 0.0120692
0.327016 0.256032
0.302785 0.341971
-0.037875 -0.0366924
0.0528251 0.0563485
0.219433 0.248907
0.0513836 0.0345683
-0.0796526 -0.124272
0.0600451 0.0672845
-0.00738997 -0.00714273
-0.0761071 -0.0542054
-0.00314357 -0.0014512
0.173858 0.127651
-0.106098 -0.118619
0.102828 0.0741353
0.0201085 0.0233947
0.0403927 0.0534264
0.180426 0.13555
0.0649842 0.0662542
0.00181388 0.0221053
0.0194549 0.0564021
-0.0422548 -0.0315948
0.0764506 0.0949612
-0.0593334 -0.104864
0.102821 0.074131
-0.22471 -0.164673
-0.0748643 -0.0782808
-0.0494879 -0.0655422
-0.109762 -0.0832334
-0.0330764 -0.0393634
0.224924 0.165476
0.46591 0.362911
-0.0562155 0.0038319
-0.0735342 -0.0778169
-0.283282 -0.318636
0.0122603 0.0364413
0.0683968 0.116268
0.0184049 0.0178948
-0.00559354 -0.00541438
-0.00880512 -0.0751938
0.0600553 0.0601198
-0.0726105 -0.0759777
-0.00893519 -0.0103294
-0.0159818 -0.0160186
-0.0204635 -0.0488985
0.0379644 0.0374054
0.0943243 0.120789
0.123854 0.141735
-0.000347848 -0.000145427
-0.0662977 -0.0679826
-0.0957266 -0.15361
-0.224408 -0.164348
-0.0186482 -0.0259968
0.558356 0.452188
0.0647078 0.0659746
0.00131029 -0.0019367
-0.198172 -0.139056
-0.382872 -0.296276
0.0189853 0.0264583
0.0415493 0.0275069
-0.00130168 0.00195007
-0.0236916 -0.0279056
0.0379409 0.0373826
0.00493385 0.0177666
3.77558e-06 4.19931e-06
-0.283288 -0.318643
-0.237405 -0.190836
-5.30003e-06 -4.59011e-06
0.0347179 0.0341261
-0.000517922 0.00204118
-0.134154 -0.0997794
0.0590568 0.105817
-0.0200412 -0.0258893
-0.0453789 -0.0454215
0.0706632 0.0483584
-0.0650528 -0.0725188
0.0959155 0.156053
-0.123713 -0.140972
-0.0493611 -0.0654369
0.0590178 0.101212
-0.0706065 -0.0480839
-0.198278 -0.139185
-0.0239049 -0.0290645
0.0104936 0.00695341
-0.0088834 -0.0158587
-0.0514273 -0.0514904
0.172371 0.196179
0.188867 0.157342
0.14699 0.115415
0.180805 0.135901
-0.017765 0.0370904
0.00313753 0.00143593
-0.001403 0.0021633
0.0258448 0.0258343
0.18553 0.102816
-0.0557384 -0.0621208
0.00293952 0.00340496
1.15278e-06 1.88294e-06
0.00986267 0.0155359
-0.0301173 -0.0386245
-0.0188391 -0.0261905
-0.0265725 -0.0269338
-0.0100562 -0.0157179
0.0346513 0.0977938
0.341151 0.383893
0.0963209 0.156413
-0.064393 -0.0674686
-0.00561577 -0.00543594
-0.0425544 -0.0424763
-0.031314 -0.000934222
0.283671 0.320663
-0.0567271 -0.0573623
-0.0517694 -0.0591753
-0.0517836 -0.0508717
-0.0453084 -0.0453475
0.0578278 0.0627566
-0.0331783 -0.0394733
0.185479 0.102769
-0.0643444 -0.0674174
0.00265944 -0.00107973
-0.0124293 -0.0364487
0.031811 -0.0174068
0.59461 0.482063
-0.172588 -0.195401
-0.0105259 -0.00697769
-0.0562816 -0.0569088
-0.116881 -0.0863975
-0.471591 -0.364811
0.0906662 0.153221
-0.00890177 -0.0102853
-0.072745 -0.0740963
0.0027746 -0.0125155
-0.0346645 -0.033479
-0.0249219 -0.0239145
-0.00296466 -0.00308203
0.298002 0.336688
0.119149 0.139737
-0.00630627 -0.0460182
-0.122978 -0.0802363
0.0123514 0.0365455
-0.224533 -0.16447
0.0180554 0.018028
0.125658 0.0912705
-0.0423075 -0.0417565
-0.0186057 -0.0259435
-0.0423175 -0.0417672
-0.051524 -0.0345832
-0.0420719 -0.0480249
0.0881634 0.0617452
0.257726 0.204088
-0.0348187 -0.0363648
0.00503159 0.00697895
-0.00190151 -0.00231051
-0.00255902 0.00185418
-5.40524e-07 -1.13687e-07
-0.0028751 -0.00290823
-0.019382 -0.0549751
0.194747 0.231228
-0.0321123 -0.0309242
-0.069318 -0.0748141
0.0129889 0.0127452
-0.341405 -0.382821
0.069781 0.0757337
0.0198038 0.0256918
0.00383831 0.00369394
-0.107332 -0.0749197
0.237274 0.192321
0.00314548 0.00143795
-0.00679164 -0.00739159
0.0672103 0.0694356
-0.00963053 -0.0760469
-0.0431486 -0.0510552
0.0248916 0.0242794
0.0201314 0.0234173
0.032772 0.0598782
0.00263479 -0.0126548
-0.0347072 -0.0335208
0.28343 0.320403
0.0449381 0.045392
-0.0283261 -0.0351231
-0.382442 -0.295878
0.10688 0.0786183
-0.0942626 -0.119631
-0.24645 -0.224171
0.00189219 0.00227708
-0.00182941 -0.0220051
-0.0302957 -0.0299812
-0.0123058 -0.0363271
0.0370679 0.0639548
-0.0335552 -0.0319681
-0.0245302 -0.0247352
0.0347014 0.0341091
-0.102899 -0.0736042
0.0202077 0.0490359
0.0125079 0.012139
-0.0303247 -0.0300081
0.00139839 0.00120853
0.0427238 0.0488561
-0.0048658 -0.0175765
0.246439 0.225647
0.209735 0.15308
0.302587 0.341648
0.001104 -0.00396916
-0.00139917 0.0021421
0.0591487 0.101359
0.133743 0.099567
-0.0430499 -0.0423536
0.033509 0.0326004
-0.0915974 -0.146353
0.0422981 0.042213
0.000761761 0.000438952
-0.0171227 -0.0179447
-0.0116495 -0.0113103
0.256784 0.290574
0.0182601 0.0177479
-0.0423026 -0.0316289
0.303151 0.342361
0.0367911 0.0160449
-0.0179053 -0.0177225
0.0257516 0.0269738
-0.106552 -0.078178
0.0397881 0.0389423
0.0554504 -0.00350057
-0.0244445 -0.0181578
-0.222321 -0.163566
-0.00725882 -0.00701225
0.051432 0.0518061
0.0422875 0.0422015
0.0560083 0.0571189
-0.00992768 -0.0155441
-0.0428666 -0.0257161
-0.207347 -0.152905
0.03934 0.0383418
-0.0374443 -0.0637722
0.0726909 0.0765792
-0.0413277 -0.0401229
-0.00335233 0.0578988
-0.00139212 -0.00119688
0.246193 0.225411
0.00289072 0.000499426
-0.0245347 -0.0247399
0.327334 0.25637
0.0853472 0.0647717
-0.257887 -0.2027
-0.00244604 0.0019756
-0.0747689 -0.077751
0.327422 0.256418
-4.35804e-06 -4.29878e-06
0.0257903 0.0257793
-0.0123563 -0.0118319
0.0789956 0.0499839
-0.00674191 -0.00734848
-0.424177 -0.327577
-0.000231862 -6.54694e-05
0.0248885 0.0244943
-0.15425 -0.113565
-0.365598 -0.406591
0.154116 0.113594
-0.0586982 -0.0998454
-0.0308978 -0.000554756
0.185038 0.125088
-0.0464963 -0.047528
-0.0106292 -0.0110093
0.00943325 0.00997137
-0.0480484 -0.046478
-0.465815 -0.360085
0.24461 0.288482
-6.132e-07 -4.33431e-07
-0.256774 -0.289176
0.119303 0.139868
-0.0320721 -0.0308769
0.198284 0.139742
-0.225032 -0.165035
-0.000368885 -0.000179568
0.00262278 -0.0017362
0.0304042 0.0303542
0.00347421 0.00572763
0.0312479 0.020806
-0.00133228 -0.00328764
-0.00795378 -0.00588259
-0.0878764 -0.0610917
0.032965 0.039588
0.0593511 0.106124
0.0894476 0.0601607
0.0335874 0.0326799
0.154195 0.113696
0.021082 0.0286773
-0.0213307 -0.0287307
2.79061e-06 -5.76961e-06
0.0915808 0.0636804
-0.00887869 -0.0102768
-0.00462717 -0.0173417
-0.00294412 -0.00340076
-0.0106311 -0.011012
-0.0748195 -0.0777951
-0.0795396 -0.124181
0.207646 0.153535
-0.0318184 0.0181805
-0.00132331 0.00192453
0.0908958 0.153383
-0.0609635 -0.0603976
-0.00357549 0.0576426
-0.0248567 -0.0238499
0.0747851 0.0788377
-0.066952 -0.0686451
0.0141079 0.0647366
-0.0761436 -0.054223
-0.00130763 0.00194233
0.0350959 0.0368234
0.0236284 0.0279148
-0.046254 -0.0472739
0.0148616 0.0144479
-0.0348313 -0.0346118
0.00724743 0.00706846
0.0404587 0.0534911
-0.0494712 -0.0655274
-0.154427 -0.0806504
0.107541 0.0753156
0.0525046 0.056001
0.225178 0.165741
0.0764379 0.0949561
-0.0426492 -0.0485983
0.106017 0.118817
0.0065851 0.00704399
0.0731339 0.0779672
0.00888584 0.0102947
-0.109902 -0.083338
0.062489 0.0471125
-0.102756 -0.0734747
0.0653348 0.0666093
0.0184445 0.0179332
0.172576 0.196419
0.0153095 0.00564008
-0.0115251 -0.0111822
-0.074714 -0.0777008
-0.0019704 -0.00576976
0.594532 0.481985
-0.0312548 -0.000882387
0.0368448 0.0637163
0.071016 0.0725434
0.0724182 0.0744923
0.041058 0.040472
-0.020544 -0.0200206
-0.0149021 -0.014301
0.0874347 0.13169
-0.13404 -0.0996213
0.382412 0.297804
-0.0126446 -0.0173199
0.087402 0.0976958
-0.0516591 -0.0507457
0.451171 0.350958
-0.219322 -0.247611
0.00131706 -0.00192588
0.423885 0.329555
0.0391749 0.0381741
-0.0240265 -0.0291836
-0.0915756 -0.0636138
0.0219316 0.023867
0.034667 0.0340731
0.0236871 0.0279754
-4.46813e-08 5.82645e-07
-0.0248069 -0.0237961
0.0731346 0.0779732
-0.0646304 -0.0677115
9.73964e-07 9.9476e-08
0.0423036 0.0422199
-0.00312257 0.00640713
-0.125084 -0.0904153
-0.00763666 -0.00755043
-0.0310445 -0.0313636
0.0310298 0.0313897
0.219256 0.248731
0.0262958 0.0258755
0.0504284 0.050973
0.302812 0.341882
-0.00148616 0.00204827
3.28744e-06 2.74269e-06
-0.0396949 -0.0381256
0.0183696 0.0178575
-0.00762818 -0.00753995
0.00642064 0.0466338
0.0329107 0.0331291
0.142387 0.103613
-0.0836144 -0.0557744
0.147877 0.116345
0.0148746 0.017201
-0.0447215 -0.046954
-0.147608 -0.115567
0.0205649 0.0202683
-0.0412996 -0.0400947
-0.0668817 -0.0685716
0.116971 0.0874091
-0.0322886 -0.0310983
-0.00291279 -0.000491518
0.133652 0.0994534
-0.184953 -0.13208
0.044738 0.0471953
-0.237317 -0.190753
0.0245279 0.0247708
0.450983 0.350754
-0.123781 -0.141037
0.0345839 0.0976869
-0.00676918 -0.00738159
0.0788423 0.0498423
-0.0188991 -0.0268312
-0.154543 -0.0807676
-0.244832 -0.286782
0.0426106 0.0424456
-0.0529564 -0.0562011
0.185851 0.125877
-0.0236734 -0.0278638
-0.052604 -0.0558492
0.0873835 0.0976741
-0.069245 -0.0747425
-0.133809 -0.0994324
-0.251703 -0.295608
0.0149066 0.0144936
-0.0764786 -0.0947128
-0.00624629 -0.00952789
0.0243054 0.029564
0.013526 0.0150742
0.00681364 0.00743114
0.0647341 0.0682183
-0.0603581 -0.0595741
-0.0094254 -0.00993141
-0.0180611 -0.0178747
-0.246581 -0.224298
0.00968175 0.0771192
0.0625552 0.0471802
-0.087413 -0.0975423
0.0481326 0.0474039
-0.00907267 -0.0160556
0.00252033 -0.00184797
0.0873893 0.0976838
0.0704187 0.0481311
-0.020289 -0.0487163
-0.042966 -0.0315215
-0.0219823 -0.0238457
-0.106033 -0.118563
-0.0262823 -0.0254808
-0.0537946 -0.0971761
-0.0263829 -0.0252285
0.0178687 -0.0354734
0.00137574 0.00114784
-0.0214233 -0.028837
0.00934927 0.00926889
-0.134266 -0.11032
-0.134416 -0.160935
-0.00658148 -0.00699994
-0.0368592 -0.0631822
0.0175477 -0.035773
0.0218865 0.0238229
0.0372804 0.0409077
-0.0186797 -0.0266094
0.0180828 0.00860881
-0.0427524 -0.0420494
-0.00197286 -0.00577323
0.00245118 -0.00243431
-0.0429414 -0.0422442
-0.0113454 -0.0113149
0.0342231 0.0973081
-0.0874787 -0.129975
0.0425173 0.0650838
0.00267831 -0.0126233
0.00133226 0.00323308
0.0205774 0.0202798
-0.107483 -0.075092
0.0422897 0.0316362
-0.0918144 -0.146551
0.00314074 0.00141956
0.173805 0.127583
0.0248604 0.0244657
0.134257 0.110483
-0.0877911 -0.0610257
0.018007 0.0179774
-0.0612696 -0.066821
0.0188289 0.0263125
-0.0765604 -0.0947928
-0.0668103 -0.0685134
0.106074 0.118884
-0.061272 -0.066824
-0.0708393 -0.0715705
0.0310328 0.0313933
-0.0587336 -0.0998905
-0.04045 -0.05339
0.00292734 0.0029762
-0.0329093 -0.0329897
-0.558219 -0.449622
0.0423823 0.0484986
0.0961769 0.156267
-0.0135326 -0.0150778
-0.0129806 -0.0126342
-0.00762837 -0.00754005
0.011405 0.0114568
-0.00334998 -0.00539492
-0.0347963 -0.0336121
0.302983 0.342178
0.0188041 0.0268811
-0.297856 -0.334714
0.0266154 0.0259299
-0.0692409 -0.103348
0.0511665 0.058927
-0.0219797 -0.0238529
0.251458 0.297692
-0.0135296 -0.0150756
0.00294032 0.00305862
-0.0181403 0.0367165
-0.0130081 -0.0126625
0.014869 0.0144563
-0.0422084 -0.0481463
-0.00278899 0.00201751
0.125911 0.0915399
-0.0493406 -0.0654144
0.0301139 0.0386831
0.00596001 0.0461601
0.0372904 0.0409027
-0.0610957 -0.0605313
0.123376 0.0810726
-0.0415938 -0.0275212
0.00483704 0.0176773
-0.0181945 -0.0086583
-0.0837492 -0.0558867
-0.0257268 -0.0254708
0.0802143 0.126512
0.0730755 0.077913
0.00109535 -0.00398834
-0.0444105 -0.0466415
-0.424237 -0.327658
0.0199184 0.0232112
0.131001 0.0790637
0.153957 0.11344
-0.0245387 -0.0247432
0.131537 0.0795632
0.125595 0.0912385
-0.0696806 -0.103811
-0.123387 -0.080634
0.173687 0.194969
0.0854737 0.0649126
0.00338396 -0.0571664
-0.0326549 -0.059491
0.244577 0.288448
-0.147433 -0.115387
-0.0396393 -0.0380747
-0.0145924 -0.0646229
-0.00390887 -0.00445042
0.298266 0.336979
-0.123766 -0.141016
-0.0390245 -0.0371302
-0.302671 -0.339561
-0.0349445 -0.0347292
0.246471 0.225676
0.0526349 0.0561608
-0.257444 -0.202259
0.05685 0.115179
0.0835033 0.0556897
-0.0124339 -0.0364554
0.0142176 0.0648569
-0.00892578 -0.0159091
-0.451495 -0.348746
-0.0197964 -0.0255901
-0.131118 -0.0776662
0.0531487 0.0566613
-0.01879 -0.0267325
-0.107142 -0.0788063
0.109953 0.0835323
0.0247416 0.0241246
-0.00391676 -0.00447906
-0.0703625 -0.0478604
0.0284179 0.0354942
-0.0459025 -0.0469204
0.00942683 0.00996326
0.0460401 0.0473771
0.0515815 0.0347485
0.0745881 0.0782564
-0.0692537 -0.0747454
-0.0136514 -0.00754073
0.00294489 0.00305651
0.0710123 0.0725401
-0.124918 -0.0902843
-0.00295526 -0.00340218
-0.00134732 -0.00326358
-0.0449501 -0.0449886
0.134255 0.110482
0.011567 0.0113442
0.0205542 0.020257
0.0300617 0.0386382
0.0535646 0.0984121
0.00138466 -0.00211659
-0.0148038 -0.017116
0.198729 0.14022
0.01597 0.0160417
-0.382463 -0.295898
-0.182072 -0.134067
0.134319 0.161582
0.000233704 7.95097e-05
0.0425033 0.0650506
0.0088922 0.0102945
-0.188866 -0.156831
0.0832781 0.0555157
-0.0945032 -0.119872
0.0560104 0.0571173
0.00760185 0.00752838
0.176282 0.0952956
0.0244346 0.0181566
-0.302722 -0.339849
-0.471435 -0.364639
0.0667197 0.0689411
0.382555 0.297943
0.00503109 0.00696267
-0.0115462 -0.0112056
0.0891907 0.0598602
0.00795772 0.0058966
0.0188888 0.0269588
0.0513031 0.0322041
-0.0539464 -0.0972971
-0.142423 -0.103369
-1.20154e-06 1.11555e-06
0.00795926 0.00589952
0.0744613 0.0781337
0.00317417 -0.00634361
-0.0313905 -0.020896
0.0591732 0.101384
-0.18487 -0.131967
-0.00244567 0.0024328
-0.0181517 -0.00862416
0.00312699 -0.00637971
-0.13426 -0.110314
-0.00510837 0.0620788
-0.0135299 -0.0150743
-0.251804 -0.295699
0.184791 0.132948
-0.0940678 -0.153528
-0.068252 -0.114691
0.0695111 0.104493
0.0135301 0.0150768
-0.103242 -0.0739288
0.0426179 0.0424487
0.142011 0.103233
0.0244207 0.0181448
0.0322232 0.0315509
0.224269 0.164799
3.61338e-06 -5.8975e-06
-0.0625036 -0.0470801
-0.0126775 -0.0173473
0.0115411 0.0113165
-0.000562598 0.00202173
-0.0690503 -0.103153
0.042967 0.0258141
-0.0424652 -0.0423854
0.0179737 0.0179501
-0.0959003 -0.153777
0.0256 0.0268331
-0.0736941 -0.0779766
0.0300501 0.0386318
0.00129878 -0.00194768
0.172532 0.196364
-0.0129772 -0.0126305
0.0445423 0.0469909
0.031401 -0.0178328
0.0367707 0.0160248
-0.00316773 0.0580844
-0.070716 -0.0481865
-0.00934954 -0.00923956
-0.072407 -0.0737595
0.0245202 0.0247628
0.0650652 0.0726154
-0.117154 -0.0866451
-0.00502578 -0.00696026
-0.0790584 -0.0498168
-0.0238424 -0.028989
-0.20439 -0.17478
3.65607e-08 1.03739e-06
-0.0854065 -0.0647534
-0.0300366 -0.0385522
0.00916408 0.0162795
-0.0480698 -0.0465001
0.11921 0.139793
0.123703 0.141579
0.30273 0.341805
-0.0180002 0.0368723
-0.0724102 -0.0737625
-0.00934944 -0.00923939
-0.0329004 -0.0329809
-0.0199881 -0.0232193
-0.00255869 0.00124914
-0.0052304 0.0619512
0.00341889 0.00568109
-0.179942 -0.134407
0.365595 0.408576
0.00502431 0.00694949
0.134421 0.161674
0.0356007 0.0346427
-0.0395798 -0.0380149
-0.154979 -0.0811576
-0.0228172 -0.00958336
0.01962 0.0565471
-0.0227638 -0.00957866
0.0424353 0.0426481
-0.0631494 -0.0630462
0.0912753 0.0633647
0.0515164 0.051311
0.000504057 -0.00201388
0.0261922 0.0257723
-0.255876 -0.285246
0.032874 0.0330917
-0.00344367 -0.00574112
0.00671036 0.0469193
-0.00342621 -0.00553753
-0.0424751 -0.042395
0.00461915 0.0174564
-0.00276119 0.00201707
0.0727992 0.0766868
-0.00109409 0.00397124
0.041688 0.0276035
0.0650078 0.0662815
-0.00487195 -0.0175783
-0.302695 -0.339574
-0.210447 -0.153002
0.055412 0.0620691
0.0593944 0.106164
-0.0504287 -0.0508156
0.0608872 0.0611328
-0.0196698 -0.0254883
-0.370085 -0.413667
0.0423056 0.0422204
0.00202398 0.00593725
0.0400854 0.0446846
0.0106888 0.0111201
-0.0513141 -0.0321446
-0.341518 -0.382944
-0.0153692 -0.00566497
-0.0213718 -0.0287884
-0.0299526 -0.0287593
0.0113153 0.0113628
-0.0734316 -0.0777124
-0.0910285 -0.150989
0.0599868 0.0600535
0.0408818 0.0402996
-0.0913018 -0.0633091
0.219281 0.248744
0.00294418 0.00305632
-0.00394809 -0.00451829
-0.0916187 -0.0636149
0.0397859 0.0389405
0.00344429 0.00569165
-0.0256371 -0.0267551
0.0227494 0.00954002
-0.00347141 -0.00573298
0.0765839 0.095099
0.0514724 0.0323577
0.00621068 0.00949442
0.0494574 0.0657735
-0.0833756 -0.055521
-0.00133641 -0.00328583
0.0410341 0.0404461
-0.00318084 0.00635865
0.060902 0.0611464
0.151626 0.121661
-0.448656 -0.362243
0.00291049 0.00295982
-0.0707903 -0.0715199
-0.015981 -0.0160174
1.11681e-06 -1.5973e-05
0.207029 0.152904
-0.0946039 -0.11995
0.0372796 0.040892
0.0029463 0.00305564
-0.0190649 -0.0546923
0.0889892 0.0597068
0.18452 0.132692
0.224942 0.165485
-0.0185743 0.036293
0.302383 0.341435
0.0510526 0.0587976
0.019709 0.0566249
-0.033578 -0.0319886
-0.0400701 -0.0446387
-0.0946887 -0.120032
-0.0255891 -0.026712
-0.0625664 -0.0471222
-0.0423066 -0.0417559
-0.0422826 -0.0417319
0.00889786 0.0159958
-0.000231805 -9.37561e-05
0.00913366 0.0162456
0.00381561 0.00367108
0.471998 0.368089
0.0423062 0.048432
0.087849 0.061449
0.173706 0.12749
0.0313576 0.0209073
-0.0882269 -0.0614274
0.0761297 0.0543027
-0.119381 -0.13402
-0.0429705 -0.0315237
-0.00246045 0.00240865
0.00179379 0.022095
0.0136538 0.00753806
0.11936 0.13444
-0.0430676 -0.0258547
0.471832 0.36791
-0.472115 -0.365287
-0.0310278 -0.031346
-0.0090433 -0.0160273
0.0853464 0.0647756
0.0031622 -0.00635086
0.00339495 0.00549949
0.0197797 0.0256571
0.0725306 0.0764186
0.0113262 0.0113733
0.0513278 0.0322121
0.00133233 0.00327253
-0.0303184 -0.0300019
0.0312686 0.0208254
0.0541877 0.0990114
0.0390909 0.0380169
-0.370318 -0.413896
-0.133894 -0.0994889
-0.0205573 -0.0200332
0.0650411 0.0725871
-0.0587746 -0.0999338
0.0514413 0.0323325
-0.0237123 -0.0279026
0.0126522 0.0173349
0.038975 0.0379005
0.033584 0.0326729
0.251595 0.297828
-0.161248 -0.117493
0.190582 0.161219
0.362993 0.408375
-0.00455983 -0.00466814
-0.183637 -0.0985391
-0.00642227 -0.00913432
-0.0506758 -0.0698932
0.00495003 0.00385169
-0.143387 -0.0784777
-0.0732026 -0.0753829
-0.00377776 -0.00717015
-0.0346517 -0.0329729
0.0558872 0.0580737
-0.0730426 -0.0752227
0.0348588 0.0339125
-0.0315137 -0.0162604
-0.0934849 -0.0766371
-0.0219991 -0.0162119
-0.0208643 -0.0206886
-0.0382501 -0.0465312
-0.0701058 -0.047254
0.166656 0.0889892
-0.20309 -0.140773
-0.0389217 0.0195354
0.00634399 0.00909851
7.06725e-07 -4.90274e-07
0.00891415 0.00862893
0.0357219 0.0365422
0.0491428 0.0485982
0.0064173 0.00627569
0.0490842 0.0485394
-0.0561734 -0.0579892
-0.070874 -0.071757
-0.0298844 -0.0324758
-0.0354573 -0.0360354
-0.00268006 -0.00369075
0.225797 0.266545
-0.166565 -0.086664
0.22574 0.266514
0.0263714 0.050429
-0.166651 -0.0866785
0.0450541 0.0455081
0.0156814 0.0200158
-0.00454247 -0.00464816
-0.038256 -0.0465386
-0.161326 -0.117565
-0.162674 -0.181741
-0.00268542 -0.00367951
-0.250166 -0.294095
0.0321258 0.0312914
-0.0206733 -0.019816
-0.0617507 -0.0670289
0.0567489 0.0589422
0.117796 0.0791247
-0.162523 -0.181573
0.00393878 0.00383407
0.202805 0.141188
-0.0456159 -0.0451037
-0.0564117 -0.0582288
-0.0358445 -0.0364256
-0.0318373 -0.0303937
0.0710224 0.072685
-0.0677342 -0.0726075
0.183157 0.10079
-0.0206551 -0.0197966
0.0356814 0.0364989
-0.00392888 -0.00380169
-0.0261486 -0.0492684
0.00600066 -0.0304972
0.0267698 0.0126076
0.00727579 0.0036555
-0.0219819 -0.0162133
-0.00588903 0.0309815
-0.0568931 -0.0729516
0.00639682 0.00915924
-0.0133087 -0.0519269
-1.0758e-06 -1.97531e-06
0.203231 0.14161
0.0299042 0.0326061
0.162784 0.182656
-0.226023 -0.265123
0.05587 0.0580688
0.0348502 0.0421538
0.0320056 0.0311703
0.0934732 0.0767017
-0.118468 -0.0783285
0.013051 0.0523358
-0.00374633 -0.00712539
0.0614705 0.0446847
-0.0564683 -0.0582734
0.368386 0.41221
-0.0178069 -0.0181213
-0.17104 -0.119094
0.367761 0.411561
0.071071 0.0727383
0.183465 0.101094
0.000962185 0.00479962
-0.00398347 -0.003866
0.0343756 0.0416742
0.0669803 0.0722362
-0.0268313 -0.0126095
0.0707692 0.072427
0.0329134 0.0325518
-0.367968 -0.409863
-0.0260685 -0.0492161
-0.00613072 0.0307498
0.154449 0.0995273
0.161035 0.117547
-0.0298814 -0.0324777
0.0178712 0.0182931
0.0834596 0.0572079
-0.0698888 -0.0470686
0.0356238 0.036455
0.0089306 0.00864631
-0.0321694 -0.030728
0.166491 0.0888233
0.18381 0.101452
-0.362844 -0.406694
-0.0697986 -0.0469762
-0.0207052 -0.019848
-0.0380965 -0.046362
0.166897 0.0892108
-0.00576757 0.0311133
0.0134986 0.0528063
0.00389622 0.00377029
-0.161128 -0.117383
0.162836 0.182702
0.0570303 0.0732601
-0.0450436 -0.0453433
-0.0314413 -0.0162154
0.0505361 0.0701861
-0.0562998 -0.0581164
-0.00644447 -0.00625526
-3.93521e-07 4.61853e-07
0.0038213 0.0071819
0.00267721 0.00364174
-0.30525 -0.341303
0.00481647 0.00367461
-0.0701836 -0.0473569
-0.0156808 -0.0199969
-0.017874 -0.0181878
-0.0267772 -0.0125855
-0.0348186 -0.0419598
0.0729177 0.0757209
0.00267263 0.00368281
0.026223 0.0502606
-0.0347496 -0.033072
-0.0934762 -0.0766294
0.0178433 0.0182621
0.143483 0.0803084
-0.0837255 -0.0572853
-0.18325 -0.0982197
-0.00636649 -0.00908341
-0.00645405 -0.00626331
-0.0834514 -0.0570132
-0.00459265 -0.00469648
0.0697196 0.0470493
-0.305298 -0.341365
-0.155036 -0.0989612
-0.0570144 -0.0730725
-0.0450581 -0.0453603
0.0376602 0.0461436
-0.170716 -0.118791
0.368067 0.411895
-0.000916654 -0.0046563
0.368449 0.412284
0.0730078 0.0758181
-0.305238 -0.341295
-0.0616377 -0.0447922
0.0208592 0.0208047
-0.0208628 -0.0206863
0.0205873 0.020053
-0.154495 -0.0984486
0.0299245 0.0326036
-0.0726702 -0.0748446
-0.026666 -0.0124643
-0.0349389 -0.0332667
-0.161684 -0.117963
-0.0208617 -0.0206851
-0.0313867 -0.0161682
0.0269647 0.0127756
-0.00639733 -0.00620197
0.0617275 0.0675344
-0.0089027 -0.00853206
-1.54712e-07 -9.66338e-07
0.118274 0.0795744
-0.0329175 -0.032125
0.17141 0.119992
-0.0489762 -0.047646
-0.0492239 -0.0478916
0.0178283 0.0182489
0.00267855 0.00367529
0.00380892 0.00718394
0.000946291 0.00477618
-0.00654246 -0.00635379
0.0569961 0.0732308
0.171268 0.119853
-1.59363e-06 -2.46558e-06
0.0450606 0.0455128
-0.0332455 -0.0324586
-0.05068 -0.0699001
-0.363347 -0.294593
0.0343848 0.0416811
-0.0570301 -0.0730846
0.0379058 0.0464194
-0.154381 -0.109852
-0.363294 -0.407161
0.00728455 0.00365946
0.0128498 0.0521449
-0.00726303 -0.00360814
-0.367528 -0.409396
-0.183156 -0.0981289
0.0207111 0.0201765
-0.0343998 -0.0415481
0.00640098 0.00625928
-0.0260303 -0.0491757
0.00403172 0.00392019
-0.170571 -0.118645
0.170644 0.119217
0.0689002 0.0484515
0.0219857 0.0162293
-0.0208503 -0.0206742
-0.00895578 -0.00858744
0.0299292 0.0326268
-0.00494623 -0.00381106
-9.28859e-07 4.90985e-06
-0.0177905 -0.0181081
0.304828 0.341985
0.0318847 0.0310498
-0.00454378 -0.00464659
0.00727554 0.00363941
-0.0419217 -0.0543778
0.0934788 0.0767071
0.36275 0.408115
-0.183646 -0.0985535
-0.154872 -0.0988315
0.00455989 0.00468018
0.0417726 0.0543863
-0.00100674 -0.00474481
0.0489958 0.0484497
-0.0709261 -0.0718124
0.0504725 0.0701327
0.0219985 0.0162145
-0.0268978 -0.0126432
-0.190607 -0.160446
0.117874 0.0792015
-0.0026956 -0.00366315
0.00456264 0.00467478
0.0616329 0.044837
0.00656541 0.00643213
1.31743e-06 2.97007e-06
-0.00886609 -0.00849301
0.00645831 0.00632156
0.00636697 0.00913247
-0.0354064 -0.0359917
-0.0315741 -0.0163479
-0.0346442 -0.0417915
-0.0377075 -0.0459667
0.057057 0.0732858
0.033035 0.0326705
-0.00378069 -0.00712895
0.0376544 0.0461602
-0.0836964 -0.0572387
-0.0488036 -0.0474724
-0.0487152 -0.0473816
0.026031 0.0500955
0.0321148 0.0312827
0.226197 0.266958
0.225837 0.266615
-0.166526 -0.0866145
0.583843 0.47313
-0.166725 -0.0867616
-0.0671588 -0.0720299
0.0156587 0.0199958
0.0455844 0.0455485
0.0346854 0.0337365
-0.171068 -0.119132
-0.0691069 -0.0486327
-0.0321867 -0.030747
-0.153916 -0.109358
-0.0732311 -0.0754153
0.363014 0.29589
0.0208463 0.0207918
-0.0298023 -0.0324082
0.0156895 0.0200223
0.154274 0.110626
-3.22801e-06 4.54037e-06
-0.0708596 -0.0717438
1.7542e-06 2.03926e-06
-0.36287 -0.40674
0.0258068 0.0498753
-0.305234 -0.341293
0.0690275 0.0485559
-0.0156927 -0.0200091
0.0615741 0.0447713
0.170841 0.119406
0.0834844 0.0572208
0.00457286 0.00469507
0.050615 0.0702512
0.0418996 0.0545009
0.0691037 0.0486395
0.0670336 0.072295
0.00492508 0.00378885
0.190608 0.161245
-0.0504935 -0.0697327
-0.0418971 -0.0543521
0.0384768 -0.0186852
-0.041819 -0.0542881
0.0266484 0.0124489
0.083703 0.0574209
-0.0689829 -0.0485514
0.304848 0.341998
0.0208567 0.0208014
-0.00889555 -0.0085251
0.250054 0.296387
5.79147e-07 1.42109e-07
0.305451 0.342619
0.0138482 0.0531506
0.0347649 0.0338156
-0.0615271 -0.0446806
0.0833285 0.0570559
0.0668897 0.0721556
0.0315681 0.0163755
0.00888191 0.0085958
0.06705 0.0723237
0.202993 0.141393
0.0267496 0.0125618
0.161313 0.11773
-0.00400573 -0.00385706
0.183528 0.101171
-0.0450507 -0.0453516
-0.00268456 -0.00367469
-0.362646 -0.406483
-0.00640143 -0.00911375
-0.118118 -0.0780066
0.0178264 0.0182457
-7.22893e-07 -2.38742e-06
-0.0570052 -0.0730571
-0.00729375 -0.00366453
0.0220023 0.0162185
0.00269033 0.00363433
0.166601 0.0889132
0.0450464 0.0454986
-0.368014 -0.40991
-0.067246 -0.0721248
0.03901 -0.0181152
-0.0669952 -0.0718592
0.155463 0.100607
-0.0178418 -0.0181661
-0.000974789 -0.00470961
0.0419197 0.05451
0.0491204 0.0485743
-0.00501729 -0.00388526
0.0507498 0.070382
-0.0324801 -0.0310444
0.0418147 0.0544178
-0.143082 -0.0782213
0.0064593 0.00919243
-0.0359793 -0.0365505
-0.0331503 -0.0323645
0.0208526 0.0207992
-3.57914e-06 -2.8777e-06
0.0456196 0.045586
0.00486973 0.00374646
-0.202901 -0.140584
-0.0386883 0.0197735
0.142936 0.0797899
0.143563 0.0803794
0.0331539 0.0327878
0.033079 0.0327104
0.0300364 0.032718
0.00459208 0.0047111
-0.0219872 -0.0162034
0.0569799 0.0732078
-0.190581 -0.160422
0.000934891 0.00476707
0.362773 0.408145
-0.22598 -0.265102
-0.00488455 -0.00373785
-0.226046 -0.265156
-0.583657 -0.470239
-0.143268 -0.0783579
-1.07701e-06 9.86944e-06
-0.0616369 -0.044772
-0.032952 -0.0321594
-0.142842 -0.0779625
0.0347267 0.0337799
0.118174 0.07947
0.202622 0.141016
-0.162814 -0.181876
-0.0063459 -0.00910578
0.0450415 0.045493
-0.0127505 -0.0513756
0.00617005 -0.0303168
0.00399321 0.00386835
-0.0132592 -0.051894
0.15501 0.111343
-0.0687975 -0.0483261
0.03146 0.0162677
-0.0299438 -0.0325141
-0.0615433 -0.0446916
0.154442 0.0995468
0.0341616 0.0414545
-0.0346474 -0.0329691
0.0375623 0.0460458
0.250648 0.296962
0.0708266 0.0724858
0.00112724 0.00498051
0.0355976 0.0364211
0.00886011 0.00857174
0.00381207 0.00715968
-0.155253 -0.0991938
-0.00379502 -0.00715713
0.142971 0.0798186
0.162656 0.182519
0.363299 0.296198
-0.0341863 -0.041313
0.0697146 0.0470959
-0.250457 -0.294397
-0.0618376 -0.0671239
-0.0009699 -0.00471267
0.0206746 0.0201412
0.0206948 0.0201636
-0.045042 -0.045342
-0.0205868 -0.0197301
-0.0138334 -0.0524828
-0.00496115 -0.00382621
-0.00393608 -0.00381863
-0.0707438 -0.0716248
-0.0833467 -0.0569096
-0.00726665 -0.00363014
0.0692182 0.048787
0.0733912 0.0762138
0.0615423 0.044744
0.161644 0.118062
0.070004 0.0473483
-0.0156445 -0.0199667
0.0065443 -0.0299583
-0.225943 -0.265057
-5.1865e-06 -5.86198e-06
-0.0156538 -0.0199761
-0.363298 -0.294543
0.305531 0.342702
0.0314141 0.0161929
-0.118263 -0.0781286
-0.026405 -0.0495302
2.51678e-06 3.19034e-06
0.0727622 0.075569
0.00372664 0.00713168
0.0561499 0.0583422
-0.118095 -0.0779946
0.362879 0.408265
0.0156441 0.0199803
-0.0417738 -0.0542415
-0.583809 -0.470404
0.162138 0.118615
0.006429 -0.0300658
0.155679 0.100794
-0.0505218 -0.0697671
-0.0691603 -0.0486202
-0.368138 -0.410039
-0.202906 -0.140558
-0.162696 -0.181765
0.031464 0.0163085
-0.0382451 0.0202294
0.0696659 0.0470255
0.037456 -0.0197247
0.00729453 0.00367576
-0.0456158 -0.0451032
0.0618171 0.0676202
0.162884 0.182762
0.0219834 0.0162203
-0.0219871 -0.0162152
8.42488e-07 2.43503e-05
0.0383329 -0.0188206
-0.00616188 0.030695
-0.00727165 -0.00360694
-0.203164 -0.140832
-0.0379985 0.0204525
0.58361 0.472884
-0.251611 -0.295042
-3.88851e-05 -0.00508741
-0.0175493 -0.0170086
-0.0422511 -0.0468724
-0.149512 -0.112144
0.0343074 0.0340734
-3.13259e-05 -0.00505737
0.0175357 0.0171992
0.00769755 -0.0435805
8.31578e-07 -1.37135e-05
0.0139829 0.0152398
-0.514088 -0.414357
-0.000153315 0.00491291
0.00785407 -0.04342
-0.0258848 -0.034947
-0.167347 -0.138035
0.0259249 0.0350304
0.16737 0.138371
0.0998632 0.119092
-0.0474341 -0.0457867
0.514131 0.416557
-0.0139971 -0.0152261
0.149063 0.111891
0.0139949 0.0152657
0.149424 0.112249
0.0259034 0.0350095
0.000256092 0.0053458
-0.0418699 -0.0465087
0.057652 0.0644225
0.0997735 0.119004
0.149723 0.181016
-0.149314 -0.111965
-0.0139685 -0.0152065
-0.183892 -0.136
0.16736 0.138359
0.000232097 -0.00477101
-0.034369 -0.0337059
-0.167364 -0.138054
-0.017505 -0.0169604
-0.514123 -0.414403
-0.0995863 -0.1184
-0.00845675 0.0444083
-3.65829e-05 -0.00505571
0.0140042 0.0152629
-0.00762368 0.0452723
-0.0343257 -0.0336618
-0.034295 -0.0336297
0.0139901 0.0152382
-0.0422794 -0.0469206
0.0342408 0.0340064
1.98846e-06 1.02958e-05
0.0417463 0.0465675
-0.251881 -0.295306
0.047448 0.046658
0.0576767 0.0644509
0.0577837 0.0645605
3.38949e-07 2.91323e-07
0.0175698 0.0172365
1.41677e-06 1.81188e-06
-0.0578079 -0.0641445
0.0175448 0.0172129
0.0259009 0.0350104
-4.43298e-07 3.62306e-05
0.0996511 0.118881
0.150121 0.181381
-0.0419222 -0.0465584
0.149347 0.112189
0.0581522 0.0649442
0.0421696 0.0469688
-0.15031 -0.180348
-0.183117 -0.13525
-0.0572426 -0.0635603
-0.0259399 -0.0350066
-0.0139794 -0.0152233
-0.148869 -0.111472
-0.0175944 -0.0170458
0.183403 0.136
0.0998278 0.119059
-0.0998708 -0.118685
-0.0139842 -0.0152289
-0.251524 -0.294947
-0.150211 -0.180246
-2.63663e-06 -2.79954e-06
-0.149866 -0.179912
-0.251112 -0.294522
-1.3413e-06 -1.53477e-06
0.0342959 0.034062
0.18324 0.135782
0.183461 0.136056
0.0419612 0.0467737
-2.0185e-06 -6.85674e-06
0.0175729 0.0172347
0.149962 0.181253
-0.149281 -0.11193
-0.183854 -0.135959
-0.0258676 -0.0349342
-0.025906 -0.0349701
0.0259427 0.0350472
0.150255 0.181529
-0.183676 -0.135775
-0.0575093 -0.0638361
0.148971 0.111757
0.251454 0.296994
-0.000130272 0.00492432
0.251072 0.296634
-0.0474113 -0.0457621
0.514302 0.416731
0.251298 0.296841
0.251217 0.296791
-0.150307 -0.180368
-0.0572145 -0.0635361
0.000199044 0.00527875
0.0344063 0.0341727
-0.0998855 -0.118705
0.0473723 0.0465824
0.0416084 0.0464073
-0.0175366 -0.0169963
0.183376 0.135936
-0.0341976 -0.033534
-0.0997242 -0.118538
-0.0241984 -0.0147294
5.73767e-06 5.69855e-06
-0.0242655 -0.0148066
-0.024282 -0.0148328
0.597705 0.484788
0.0544824 -0.0018548
-0.0530442 -0.0527649
0.0552758 -0.00105182
-0.0535686 -0.0532869
-0.597918 -0.482066
0.0242318 0.014765
0.0540511 0.0543862
-2.11471e-06 -1.27898e-07
0.0539779 0.0543102
5.20903e-07 1.39266e-06
0.0242057 0.01479
-0.0530234 -0.0527429
0.0554844 -0.000813451
-0.0536063 -0.0533353
0.0536297 0.0539621
0.0549776 -0.00133195
-0.055037 0.00223746
0.0535286 0.0538489
0.024281 0.0148551
-0.0557545 0.0014803
-8.4818e-06 -7.53886e-06
0.0243154 0.0148887
-0.0557992 0.001427
-0.0551966 0.0020402
-0.0242333 -0.0147788
-0.0651842 -0.0529133
0.0653061 0.055302
0.0652324 0.0552272
-0.0654044 -0.0531352
0.0450774 0.0446614
0.0451826 0.044776
-0.0449439 -0.0444561
-0.0447141 -0.0442308
2.22282e-07 2.69296e-06
6.95957e-07 2.69296e-06
-1.24385e-06 -1.62714e-06
-4.94737e-07 -4.53326e-06
