1.0000000000000000E-9 0.1035999999999999     1.4901161193847656E-8 1.898990000000000     1.898990000000000     1.898990000000000     3.606163020100000     -61.79107005415879     -123.5821401083176     -1.8989899999999998E-9 0.0000000000000000     0.9999999999999999     
7.8933679046571580E-3 0.1036591543569704     7.6000662640493210E-2 1.897546932548758     1.898508891103509     1.898027911826133     3.602509722730007     -61.67046380033885     -123.3409258443105     -1.4985629147742685E-2 0.0000000000000000     0.9998877091549060     
1.5786243003463350E-2 0.1038365525895125     0.1508744196433498     1.893225852822999     1.897067238111321     1.895146545467160     3.591576739735877     -61.31044794276643     -122.6208679202938     -2.9947564414734390E-2 0.0000000000000000     0.9995514711037272     
2.3678134521272473E-2 0.1041320003515026     0.2235840839286858     1.886051001661354     1.894670042953245     1.890360522307299     3.573444332329728     -60.71638038738465     -121.4326203439073     -4.4862252150472020E-2 0.0000000000000000     0.9989931823250784     
3.1568550744221630E-2 0.1045451739960627     0.2932547771590652     1.876062367638117     1.891325581130865     1.883693974384491     3.548244747710907     -59.89702452133215     -119.7936102066051     -5.9706407581774170E-2 0.0000000000000000     0.9982159810850951     
3.9457000050367960E-2 0.1050756209701513     0.3592181658056053     1.863315079376351     1.887045311481927     1.875180195429139     3.516159984350720     -58.86430737141991     -117.7275587840254     -7.4457146950189020E-2 0.0000000000000000     0.9972242141404498     
4.7342990940319730E-2 0.1057227603662185     0.4210255686077942     1.847878577380476     1.881843752475279     1.864861164927877     3.477418756176355     -57.63299618779853     -115.2638410099945     -8.9092111724534420E-2 0.0000000000000000     0.9960233911050800     
5.5226032067859820E-2 0.1064858836301545     0.4784347975174927     1.829835586850985     1.875738327553258     1.852786957202121     3.432292743377300     -56.22030744212879     -112.4367109479997     -0.1035895850283699     0.0000000000000000     0.9946201274223492     
6.3105632270559610E-2 0.1073641554245441     0.5313797184923437     1.809280917535685     1.868749182609422     1.839015050072554     3.381092235755637     -54.64546466630590     -109.2844257026885     -0.1179285987236591     0.0000000000000000     0.9930220770975207     
7.0981300600381490E-2 0.1083566146460209     0.5799319744267769     1.786320120234697     1.860898979159818     1.823609549697258     3.324161288197391     -52.92922301118421     -105.8483030947492     -0.1320890298266861     0.0000000000000000     0.9912378565205451     
7.8852546354267960E-2 0.1094621755953024     0.6242623508589505     1.761068032009860     1.852212667123759     1.806640349566810     3.261872516555373     -51.09337883788437     -102.1717492919791     -0.1460516851923385     0.0000000000000000     0.9892769608418455     
8.6718879104715440E-2 0.1106796292982702     0.6646064579322587     1.733647243412803     1.842717241368675     1.788182242390738     3.194621665888046     -49.16028210707266     -98.29929152529772     -0.1597983736784248     0.0000000000000000     0.9871496744515141     
9.4579808730331020E-2 0.1120076449762583     0.7012368619970891     1.704186521159096     1.832441486291592     1.768314003725344     3.122822081750871     -47.15236791180908     -94.27564823227391     -0.1733119652829822     0.0000000000000000     0.9848669771546563     
0.1024348454463700     0.1134447716634885     0.7344420077679176     1.672819218711636     1.821415712710801     1.747117465711219     3.046899209485980     -45.09172136790890     -90.14486477827066     -0.1865764370251208     0.0000000000000000     0.9824404476338560     
0.1102834998352526     0.1149894399694119     0.7645112527203135     1.639681705313317     1.809671491233077     1.724676598273197     2.967285236801944     -42.99968742772246     -85.94953769100984     -0.1995769056052643     0.0000000000000000     0.9798821657469979     
0.1181252828770575     0.1166399639834840     0.7917249050912739     1.604911841280825     1.797241386056352     1.701076613668588     2.884413982121802     -40.89653422945480     -81.73014452281707     -0.2122996471262614     0.0000000000000000     0.9772046151293315     
0.1259597059799913     0.1183945433197330     0.8163480935738957     1.568647524014435     1.784158692879026     1.676403108446731     2.798716116033515     -38.80117554183100     -77.52449043415900     -0.2247321043766877     0.0000000000000000     0.9744205874582216     
0.1337862810108301     0.1202512652982672     0.8386274215542321     1.531025325380583     1.770457184231865     1.650741254806224     2.710614786560982     -36.73095490100298     -73.36727674283136     -0.2368628823672874     0.0000000000000000     0.9715430896036781     
0.1416045203253341     0.1222081072606838     0.8587895540526080     1.492179237071849     1.756170865143461     1.624175051107655     2.620521701717579     -34.70149131980573     -69.28979131460359     -0.2486817329679667     0.0000000000000000     0.9685852547339593     
0.1494139367986300     0.1242629390161644     0.8770410859593095     1.452239536419533     1.741333741613092     1.596786639016312     2.528833705671887     -32.72658409694824     -65.31971601685477     -0.2601795296147005     0.0000000000000000     0.9655602582798617     
0.1572140438555626     0.1264135254148475     0.8935692155155857     1.411331781085957     1.725979603911766     1.568655692498861     2.435929868506828     -30.81817234214898     -61.48104266883065     -0.2713482331431909     0.0000000000000000     0.9624812394899281     
0.1650043555010109     0.1286575290449075     0.9085428876668649     1.369575937231583     1.710141826278442     1.539858881755013     2.342169094524229     -28.98634339896445     -57.79408607338145     -0.2821808498603962     0.0000000000000000     0.9593612291374217     
0.1727843863501692     0.1309925130495931     0.9221141786733879     1.327085642243328     1.693853184137259     1.510469413190293     2.247888240736700     -27.23938339047588     -54.27558080724823     -0.2926713829884364     0.0000000000000000     0.9562130837735049     
0.1805536516587889     0.1334159440603135     0.9344197712586462     1.283967600003858     1.677145689543983     1.480556644773920     2.153400725860604     -25.58386260491012     -50.93884742371593     -0.3028147786109637     0.0000000000000000     0.9530494267637923     
0.1883116673533818     0.1359251952417062     0.9455824247140694     1.240321104027683     1.660050445184786     1.450185774606234     2.058995600913240     -24.02474832754510     -47.79401348292169     -0.3126068672234708     0.0000000000000000     0.9498825962005659     
0.1960579500613803     0.1385175494444670     0.9557123824226343     1.196237681613343     1.642597516904209     1.419417599258776     1.964937045445325     -22.56553794661155     -44.84827524342285     -0.3220443019401527     0.0000000000000000     0.9467245996528663     
0.2037920171412549     0.1411902024615734     0.9649086848947264     1.151800850463639     1.624815824436089     1.388308337449864     1.871464248432267     -21.20840564220556     -42.10618678215822     -0.3311244943448617     0.0000000000000000     0.9435870756029140     
0.2115133867125854     0.1439402663834005     0.9732603732512289     1.107085977990696     1.606733049753408     1.356909513872052     1.778791629756226     -19.95435663567811     -39.56996461555670     -0.3398455488963844     0.0000000000000000     0.9404812613206682     
0.2192215776860855     0.1467647730470870     0.9808475788343727     1.062160232717614     1.588375562240956     1.325267897479285     1.687109356832825     -18.80338376404368     -37.23979743732743     -0.3482061967124855     0.0000000000000000     0.9374179668488468     
0.2269161097935772     0.1496606775753908     0.9877425012200828     1.017082616771135     1.569768359727196     1.293425488249166     1.596584111035870     -17.75462198883249     -35.11415224847950     -0.3562057294663400     0.0000000000000000     0.9344075547079831     
0.2345965036179148     0.1526248620001509     0.9940102807202326     0.9719040683805067     1.550935024286472     1.261419546333489     1.507360059897842     -16.80649730050387     -33.19006983163692     -0.3638439340361722     0.0000000000000000     0.9314599248840939     
0.2422622806228556     0.1556541389653630     0.9997097734538513     0.9266676235040409     1.531897691636498     1.229282657570270     1.419559993360120     -15.95686729775806     -31.46344413500539     -0.3711210284567460     0.0000000000000000     0.9285845046290656     
0.2499129631828752     0.1587452555047688     1.004894237886929     0.8814086261434528     1.512677032905076     1.197042829524265     1.333286585371618     -15.20315147618487     -29.92928162256653     -0.3780375996319872     0.0000000000000000     0.9257902425844016     
0.2575480746129272     0.1618948968887673     1.009611941833065     0.8361549775256152     1.493292247519922     1.164723612522769     1.248623745664196     -14.54244993289908     -28.58193797680217     -0.3845945431831667     0.0000000000000000     0.9230856067308879     
0.2651671391981430     0.1650996905353645     1.013906698566751     0.7909274150844091     1.473761065982039     1.132344240533224     1.165638030369217     -13.97164977197802     -27.41533068603562     -0.3907930057280629     0.0000000000000000     0.9204785856683609     
0.2727696822234726     0.1683562099797965     1.017818340121168     0.7457398130188896     1.454099761311891     1.099919787165390     1.084380084111541     -13.48751897561635     -26.42312700195261     -0.3966343298142718     0.0000000000000000     0.9179766927394090     
0.2803552300032611     0.1716609788973922     1.021383135148075     0.7005994971009104     1.434323168004489     1.067461332552700     1.004886090184129     -13.08678788949938     -25.59890751668724     -0.4021200016649046     0.0000000000000000     0.9155869725269233     
0.2879233099107638     0.1750104751741703     1.024634157987080     0.6555075673241968     1.414444707390562     1.034976137357379     0.9271792092561725     -12.76621876358365     -24.93630619374327     -0.4072516018376522     0.0000000000000000     0.9133160092764532     
0.2954734504075922     0.1784011350196159     1.027601614873191     0.6104592229021042     1.394476418372642     1.002467820637373     0.8512709907150726     -12.52266399960165     -24.42912810910878     -0.4120307588485856     0.0000000000000000     0.9111699368189550     
0.3030051810730949     0.1818293571160259     1.030313132532352     0.5654440850129000     1.374428992584081     0.9699365387984902     0.7771627441269077     -12.35311389406290     -24.07144643746913     -0.4164591057700508     0.0000000000000000     0.9091544495965519     
0.3105180326336675     0.1852915067987799     1.032794013788946     0.5204465135445514     1.354311813102808     0.9373791633236800     0.7048468613815569     -12.25473474084128     -23.85768037401595     -0.4205382397772193     0.0000000000000000     0.9072748144223326     
0.3180115369919906     0.1887839202618547     1.035067464242853     0.4754459148953590     1.334132995937984     0.9047894554166720     0.6343080828458212     -12.22489818104435     -23.78265573541903     -0.4242696845899677     0.0000000000000000     0.9055358826341060     
0.3254852272561961     0.1923029087828798     1.037154793567337     0.4304170386360334     1.313899433594387     0.8721582361152102     0.5655247032732575     -12.26120266960649     -23.84164995341530     -0.4276548557352565     0.0000000000000000     0.9039421023307063     
0.3329386377689569     0.1958447629620182     1.039075594530361     0.3853302615299867     1.293616840105069     0.8394735508175281     0.4984697153172810     -12.36148787683938     -24.03042307869049     -0.4306950285395643     0.0000000000000000     0.9024975304073158     
0.3403713041365004     0.1994057569689444     1.040847902447068     0.3401518580414538     1.273289797006215     0.8067208275238341     0.4331118902768896     -12.52384276680480     -24.34523626664160     -0.4333913087507051     0.0000000000000000     0.9012058441329323     
0.3477827632575430     0.2029821527921996     1.042488337425120     0.2948442570374373     1.252921799808321     0.7738830284228791     0.3694167971904936     -12.74660799944905     -24.78285903323749     -0.4357446056829520     0.0000000000000000     0.9000703520382219     
0.3551725533521445     0.2065702044852108     1.044012231462499     0.2493662849130077     1.232515304594292     0.7409407947536500     0.3073477626051028     -13.02837319538344     -25.34056635927091     -0.4377556077783510     0.0000000000000000     0.8990940039053795     
0.3625402139904795     0.2101661624032773     1.045433742194192     0.2036733958448082     1.212071774447238     0.7078725851460231     0.2468667743093116     -13.36796948534834     -26.01612649339659     -0.4394247604799218     0.0000000000000000     0.8982793996731547     
0.3698852861215252     0.2137662774258590     1.046765954855370     0.1577178903102668     1.191591725478633     0.6746548078944501     0.1879353330536607     -13.76445764412987     -26.80778006515648     -0.4407522463187061     0.0000000000000000     0.8976287970898743     
0.3772073121016631     0.2173668051585335     1.048020973829810     0.1114491234058000     1.171074772290862     0.6412619478483308     0.1305152568144634     -14.21711198356371     -27.71421087376468     -0.4417379671259032     0.0000000000000000     0.8971441179651543     
0.3845058357231930     0.2209640101090333     1.049210004979759     6.4813704862363800E-2 1.150519672767231     0.6076666888147975     7.4569442509078620E-2 -14.72540005316532     -28.73450847053645     -0.4423815282933387     0.0000000000000000     0.8968269528871498     
0.3917804022427579     0.2245541698318252     1.050343429803531     1.7755692996679612E-2 1.129924372137349     0.5738400325670142     2.0062590261136465E-2 -15.28895807132331     -29.86812240535668     -0.4426822250198661     0.0000000000000000     0.8966785642868131     
0.3990305584096768     0.2281335790357539     1.051430872337118     -2.9783214842920800E-2 1.109286046316644     0.5397514157368611     -3.3038104639702870E-2 -15.90756188603669     -31.11480776275224     -0.4426390304977929     0.0000000000000000     0.8966998877439283     
0.4062558524941853     0.2316985536493381     1.052481259603061     -7.7863492471144720E-2 1.088601144565973     0.5053688260474142     -8.4762287023992030E-2 -16.58109314294846     -32.47456137303983     -0.4422505860117953     0.0000000000000000     0.8968915314419150     
0.4134558343155814     0.2352454348383897     1.053502876311706     -0.1265475925404444     1.067865431561046     0.4706589195103005     -0.1351357995212132     -17.30950022109278     -33.94754785089750     -0.4415151929428407     0.0000000000000000     0.8972537736898332     
0.4206300552702739     0.2387705929706966     1.054503414434595     -0.1758997482469686     1.047074029002072     0.4355871403775516     -0.1841800580974033     -18.09275338480458     -35.53401439034880     -0.4404308066912098     0.0000000000000000     0.8977865584409974     
0.4277780683597341     0.2422704315226147     1.055490018195465     -0.2259857653357203     1.026221456931863     0.4001178457980716     -0.2319114413486852     -18.93079349561285     -37.23419303531279     -0.4389950325556246     0.0000000000000000     0.8984894887484696     
0.4348994282183459     0.2457413909225032     1.056469324959624     -0.2768728003938276     1.005301674965877     0.3642144372860247     -0.2783406899884074     -19.82347353334234     -39.04818895368645     -0.4372051236296053     0.0000000000000000     0.8993618181088308     
0.4419936911411548     0.2491799523260484     1.057447502446079     -0.3286291211467632     0.9843081236704727     0.3278395012618547     -0.3234723136194470     -20.77049209472512     -40.97585307735490     -0.4350579808013366     0.0000000000000000     0.9004024396574366     
0.4490604151115141     0.2525826413186305     1.058430282637512     -0.3813238442054658     0.9632337663562213     0.2909549610753778     -0.3673040026554636     -21.77131797538467     -43.01663733979848     -0.4325501549693518     0.0000000000000000     0.9016098731912765     
0.4560991598286246     0.2559460315400083     1.059422992720225     -0.4350266454570491     0.9420711315813186     0.2535222430621348     -0.4098260441537473     -22.82510490334882     -45.16943065910536     -0.4296778516130411     0.0000000000000000     0.9029822500100440     
0.4631094867349687     0.2592667482267281     1.060430583348475     -0.4898074380545502     0.9208123566861278     0.2155024593157889     -0.4510207413574048     -23.93059548716691     -47.43237379242350     -0.4264369378841296     0.0000000000000000     0.9045172955825703     
0.4700909590436345     0.2625414716677845     1.061457654494716     -0.5457360127509624     0.8994492327033226     0.1768566099761799     -0.4908618379274239     -25.08601347905027     -49.80265124714399     -0.4228229524125661     0.0000000000000000     0.9062123100648769     
0.4770431417655311     0.2657669405692166     1.062508479118294     -0.6028816351514176     0.8779732510087834     0.1375458079286830     -0.5293139491873813     -26.28894354509239     -52.27625859739267     -0.4188311180473273     0.0000000000000000     0.9080641467182953     
0.4839656017364907     0.2689399553234515     1.063587024859808     -0.6613125943395433     0.8563756520959126     9.7531528878184630E-2 -0.5663320042167662     -27.53619789463831     -54.84774384906102     -0.4144563577790780     0.0000000000000000     0.9100691883019120     
0.4908579076442575     0.2720573811793724     1.064696973945998     -0.7210956972880039     0.8346474768697432     5.6775889790869630E-2 -0.6018607043230607     -28.82366936558498     -57.50992195439726     -0.4096933141168410     0.0000000000000000     0.9122233215435570     
0.4977196300553612     0.2751161513092365     1.065841741470405     -0.7822957035106892     0.8127796208664624     1.5241958677886389E-2 -0.6358340053048804     -30.14617091023672     -60.25356223405102     -0.4045363722141924     0.0000000000000000     0.9145219098281792     
0.5045503414418732     0.2781132697687372     1.067024492197734     -0.8449746945805082     0.7907628918077885     -2.7105901386359776E-2 -0.6681746329908855     -31.49726189750306     -63.06704935991277     -0.3989796870611826     0.0000000000000000     0.9169597642822507     
0.5113496162080443     0.2810458143466656     1.068248156024570     -0.9091913734515613     0.7685880708969977     -7.0301651277281770E-2 -0.6987936437973273     -32.86906226302563     -65.93601972793478     -0.3930172150752609     0.0000000000000000     0.9195311134782151     
0.5181170307168224     0.2839109393008074     1.069515442215617     -0.9750002890206954     0.7462459782529801     -0.1143771553838577     -0.7275900444771870     -34.25205632064645     -68.84297654852837     -0.3866427504368044     0.0000000000000000     0.9222295720343513     
0.5248521633162470     0.2867058779768797     1.070828852522688     -1.042450982077542     0.7237275428591298     -0.1593617196092064     -0.7544504878100666     -35.63488901642360     -71.76688884267223     -0.3798499665211661     0.0000000000000000     0.9250481084429442     
0.5315545943657208     0.2894279453075024     1.072190693283101     -1.111587049763304     0.7010238773734889     -0.2052815861949072     -0.7792490636632281     -37.00415857651280     -74.68278178740707     -0.3726324627779498     0.0000000000000000     0.9279790125234729     
0.5382239062621571     0.2920745401883790     1.073603086584773     -1.182445126927964     0.6781263581036304     -0.2521593844121669     -0.8018472075810453     -38.34421088263407     -77.56132852570171     -0.3649838173978663     0.0000000000000000     0.9310138629675074     
0.5448596834659972     0.2946431477290502     1.075067980576966     -1.255053784384561     0.6550267103924733     -0.3000135369960439     -0.8220937517510433     -39.63694250346688     -80.36845664436991     -0.3568976460862164     0.0000000000000000     0.9341434955177483     
0.5514615125271026     0.2971313413757847     1.076587158998255     -1.329432346047628     0.6317170995875680     -0.3488576232300297     -0.8398251457431034     -40.86162110277014     -83.06498600391980     -0.3483676672277946     0.0000000000000000     0.9373579724044943     
0.5580289821105149     0.2995367849043572     1.078162249986702     -1.405589629346399     0.6081902276745786     -0.3986997008359102     -0.8548658766892129     -41.99473390139785     -85.60631841250385     -0.3393877736788075     0.0000000000000000     0.9406465537476565     
0.5645616830220842     0.3018572342806711     1.079794734231328     -1.483522616149929     0.5844394355438725     -0.4495415903030284     -0.8670291203992332     -43.00987693165782     -87.94220366061295     -0.3299521113551255     0.0000000000000000     0.9439976717197426     
0.5710592082339655     0.3040905393873819     1.081485952518791     -1.563215064747460     0.5604588107257744     -0.5013781270108430     -0.8761176560969761     -43.87769989862911     -90.01661050198477     -0.3200551647008106     0.0000000000000000     0.9473989083529370     
0.5775211529099777     0.3062346456148778     1.083237112724432     -1.644636077193194     0.5362433002739951     -0.5541963884595994     -0.8819250777837551     -44.56592342758013     -91.76773503671790     -0.3096918490144890     0.0000000000000000     0.9508369779588858     
0.5839471144308288     0.3082875953151902     1.085049296292733     -1.727738640528625     0.5117888282973169     -0.6079749061156541     -0.8842373344401441     -45.03944716210113     -93.12818230268935     -0.2988576094821531     0.0000000000000000     0.9542977152097835     
0.5903366924192002     0.3102475291176012     1.086923464248427     -1.812458164988541     0.4870924174370057     -0.6626828737757676     -0.8828346290877074     -45.26056837347697     -94.02535930495698     -0.2875485266122343     0.0000000000000000     0.9577660699999417     
0.5966894887646937     0.3121126871049352     1.088860462776194     -1.898711047196008     0.4621523133626195     -0.7182793669166943     -0.8774937028687969     -45.18933119594853     -94.38211872211180     -0.2757614275917620     0.0000000000000000     0.9612261102636328     
0.6030051076486360     0.3138814098497245     1.090861028403795     -1.986393291435072     0.4369681111141780     -0.7747125901604466     -0.8679905244882579     -44.78402602723915     -94.11769156602992     -0.2634940028814260     0.0000000000000000     0.9646610339624605     
0.6092831555687402     0.3155521393096542     1.092925792820835     -2.075379227191164     0.4115408818577402     -0.8319191726667121     -0.8541033973474870     -44.00185671911848     -93.14894353479400     -0.2507449271438261     0.0000000000000000     0.9680531914681328     
0.6155232413636246     0.3171234195818995     1.095055287362880     -2.165520366054372     0.3858732983495464     -0.8898235338524126     -0.8356164862925177     -42.79978961767233     -91.39198308098763     -0.2375139833557858     0.0000000000000000     0.9713841195482185     
0.6217249762371829     0.3185938975161802     1.097249947188426     -2.256644445527066     0.3599697571281648     -0.9483373441994506     -0.8123237529810000     -41.13559301514326     -88.76413876614711     -0.2238021886966128     0.0000000000000000     0.9746345881070535     
0.6278879737828097     0.3199623231865696     1.099510115174245     -2.348554710956493     0.3338364951834547     -1.007359107886519     -0.7840332734523072     -38.96906793096961     -85.18630886397031     -0.2096119205354940     0.0000000000000000     0.9777846607353898     
0.6340118500074758     0.3212275502223025     1.101836045552838     -2.441029489376100     0.3074816985966046     -1.066773895389747     -0.7505718937177658     -36.26346125125114     -80.58566720902470     -0.1949470405706744     0.0000000000000000     0.9808137699750834     
0.6400962233556534     0.3223885359980393     1.104227907314035     -2.533822110111488     0.2809156004196805     -1.126453254845904     -0.7117901594186302     -32.98704019445336     -74.89868608785352     -0.1798130149103233     0.0000000000000000     0.9837008080045780     
0.6461407147330892     0.3234443416842468     1.106685787391340     -2.626661226202507     0.2541505648803405     -1.186255330661083     -0.6675674343886552     -29.11479312963379     -68.07441008668740     -0.1642170276416016     0.0000000000000000     0.9864242331940944     
0.6521449475304242     0.3243941321585675     1.109209693652237     -2.719251587641782     0.2272011548729716     -1.246025216384405     -0.6178171011023744     -24.63020651249773     -60.07788531293430     -0.1481680852234859     0.0000000000000000     0.9889621926652232     
0.6581085476466590     0.3252371757792499     1.111799557710419     -2.811275311805416     0.2000841796474205     -1.305595566078998     -0.5624917145256328     -19.52705198193227     -50.89361794011874     -0.1316771088748371     0.0000000000000000     0.9912926606196397     
0.6640311435124634     0.3259728440219167     1.114455237576777     -2.902393688006698     0.1728187196461645     -1.364787484180267     -0.5015879610704272     -13.81110263285994     -40.52890681392999     -0.1147570120270025     0.0000000000000000     0.9933935917805361     
0.6699123661133258     0.3266006109811456     1.117176520164926     -2.992249541707250     0.1454261255843762     -1.423411708061437     -0.4351512576321105     -7.501684572618508     -29.01686964264087     -9.7422759884923120E-2 0.0000000000000000     0.9952430888262448     
0.6757518490125461     0.3271200527385375     1.119963123666071     -3.080470169594545     0.1179299891264684     -1.481270090234039     -0.3632798136046951     -0.6329606842592809     -16.41896418278586     -7.9691408206240490E-2 0.0000000000000000     0.9968195822003632     
0.6815492283740675     0.3275308465991366     1.122814699807131     -3.166670839688814     9.0356082895257630E-2 -1.538157378396778     -0.2861279728929176     6.745160277969954     -2.826798037289633     -6.1582118576166120E-2 0.0000000000000000     0.9981020201721220     
0.6873041429851444     0.3278327701982604     1.125730836005177     -3.250458831295861     6.2732268058604600E-2 -1.593863281618628     -0.2039086547183106     14.56659300955994     11.63697380317507     -4.3116147735533583E-2 0.0000000000000000     0.9990700665140797     
0.6930162342788495     0.3280257004809836     1.128711057430472     -3.331437968617892     3.5088368370046310E-2 -1.648174800123923     -0.1168947226448234     22.74921588580096     26.81884337053137     -2.4316808914798588E-2 0.0000000000000000     0.9997043026836492     
0.6986851463564138     0.3281096125567011     1.131754828989672     -3.409213580030460     7.4560102842249290E-3 -1.700878784873118     -2.5419131513826390E-2 31.19565455884349     42.53587765532338     -5.2094036366686190E-3 0.0000000000000000     0.9999864309648158     
0.7043105260094017     0.3280845784313770     1.134861557240020     -3.483397793479419     -2.0131570392966410E-2 -1.751764681936193     7.0126267886134830E-2 39.79475267813314     58.57846675441624     1.4178876932865470E-2 0.0000000000000000     0.9998994746717904     
0.7098920227417184     0.3279507656202555     1.138030592244743     -3.553615058336119     -4.7639753950954920E-2 -1.800627406143537     0.1692933470155410     48.42373714654581     74.71440919990789     3.3819081295161150E-2 0.0000000000000000     0.9994279712617370     
0.7154292887914473     0.3277084356439858     1.141261229379197     -3.619507766631087     -7.5032792003206620E-2 -1.847270279317147     0.2715817734076213     56.95104333330097     90.69427070956284     5.3680657018890710E-2 0.0000000000000000     0.9985581540711689     
0.7209219791525182     0.3273579424112687     1.144552711096730     -3.680741833106403     -0.1022740892381821     -1.891507961172292     0.3764445187018339     65.23972093133028     106.2578664348431     7.3731638829611480E-2 0.0000000000000000     0.9972781183980224     
0.7263697515962031     0.3268997304912988     1.147904228662640     -3.737012085105436     -0.1293265075296739     -1.933169296317555     0.4832947215628706     73.15129728807223     121.1416321445502     9.3938863149133740E-2 0.0000000000000000     0.9955779678107830     
0.7317722666924394     0.3263343332794267     1.151314923864015     -3.788047310855312     -0.1561526874265689     -1.972099999140940     0.5915137676890443     80.54993605470139     135.0865743830569     0.1142682060282563     0.0000000000000000     0.9934499368821178     
0.7371291878309782     0.3256623710596116     1.154783890702769     -3.833614818775764     -0.1827153813529148     -2.008165100064340     0.7004603935727993     87.30669884243237     147.8464311171282     0.1346848406609015     0.0000000000000000     0.9908884870136232     
0.7424401812423577     0.3248845489673775     1.158310177078554     -3.873524371261435     -0.2089777923260425     -2.041251081793738     0.8094805716273366     93.30369967155957     159.1956393652393     0.1551535100101748     0.0000000000000000     0.9878903726282197     
0.7477049160186984     0.3240016548571259     1.161892786467795     -3.907631373691204     -0.2349039116744759     -2.071267642682840     0.9179178950619692     98.43793878683839     168.9366995228316     0.1756388095510277     0.0000000000000000     0.9844546757365205     
0.7529230641343211     0.3230145570777767     1.165530679604523     -3.935839222533184     -0.2604588491302064     -2.098149035831695     1.025124154262520     102.6246149717800     176.9065496792850     0.1961054747680139     0.0000000000000000     0.9805828077046894     
0.7580943004661854     0.3219242021608443     1.169222776168202     -3.958100744242425     -0.2856091487920700     -2.121854946517248     1.130469784396338     105.7997433353812     182.9816162667171     0.2165186678602670     0.0000000000000000     0.9762784779293333     
0.7632183028141458     0.3207316124251596     1.172967956483242     -3.974418687757246     -0.3103230848065389     -2.142370886281892     1.233353867497585     107.9219465980718     187.0812859359838     0.2368442581100969     0.0000000000000000     0.9715476300214404     
0.7682947519210283     0.3194378835025676     1.176765063234386     -3.984845266123706     -0.3345709311751317     -2.159708098649419     1.333213391275824     108.9733387200004     189.1696410043107     0.2570490905671851     0.0000000000000000     0.9663983469763300     
0.7733233314925201     0.3180441817890238     1.180612903201679     -3.989480775345389     -0.3583252008478761     -2.173902988096633     1.429531500104377     108.9594758538893     189.2554086252479     0.2771012380774060     0.0000000000000000     0.9608407276213727     
0.7783037282168784     0.3165517418256124     1.184510249018245     -3.988471349229909     -0.3815608501644155     -2.185016099697162     1.521844518868577     107.9084061558825     187.3901825419034     0.2969702322245662     0.0000000000000000     0.9548867373529109     
0.7832356317844513     0.3149618636140958     1.188455840953609     -3.982005936211825     -0.4042554457154234     -2.193130690963624     1.609747584584773     105.8689021434187     183.6650766345441     0.3166272694272246     0.0000000000000000     0.9485500367693102     
0.7881187349070111     0.3132759098716812     1.192448388724834     -3.970312606580543     -0.4263892917698885     -2.198350949175215     1.692898780424938     102.9080028855878     178.2060534329040     0.3360453892075810     0.0000000000000000     0.9418457922570582     
0.7929527333369016     0.3114953032297658     1.196486573337263     -3.953654315301582     -0.4479455175001253     -2.200799916400853     1.771021728284370     99.10802526020561     171.1682323675427     0.3551996224877372     0.0000000000000000     0.9347904728785852     
0.7977373258859937     0.3096215233814868     1.200569048956206     -3.932324256171163     -0.4689101242897581     -2.200617190230460     1.843906655708851     94.56322206578362     162.7295184005869     0.3740671086317804     0.0000000000000000     0.9274016380403150     
0.8024722144444515     0.3076561041829542     1.204694444810448     -3.906640947288654     -0.4892719943887353     -2.197956470838695     1.911410007640617     89.37626960625060     153.0839011525013     0.3926271808027817     0.0000000000000000     0.9196977203923362     
0.8071571039993066     0.3056006307131000     1.208861367127990     -3.876943186062260     -0.5090228630489372     -2.192983024555599     1.973452720447480     83.65475945425825     142.4347596054188     0.4108614200080158     0.0000000000000000     0.9116978082396584     
0.8117917026528388     0.3034567362971121     1.213068401104026     -3.843585004807829     -0.5281572570078645     -2.185871130907847     2.030017313215863     77.50785048667173     130.9884718344569     0.4287536789348674     0.0000000000000000     0.9034214314481458     
0.8163757216407640     0.3012260994984586     1.217314112900699     -3.806930746340648     -0.5466724027691083     -2.176801574554878     2.081143978277637     71.04321072624624     118.9485782887099     0.4462900773117213     0.0000000000000000     0.8948883544292539     
0.8209088753502252     0.2989104410845297     1.221597051677760     -3.767350363841386     -0.5645681085488437     -2.165959236195115     2.126925869154730     64.36434709870983     106.5106868423020     0.4634589710474352     0.0000000000000000     0.8861183793126362     
0.8253908813375876     0.2965115209709452     1.225915751652876     -3.725215031816342     -0.5818466240181915     -2.153530827917267     2.167503790004158     57.56838797452764     93.85824403197748     0.4802508978016752     0.0000000000000000     0.8771311618912448     
0.8298214603460382     0.2940311351495787     1.230268734189899     -3.680893136272437     -0.5985124820800203     -2.139702809176229     2.203060487261727     50.74435102999925     81.15923482665943     0.4966585019149746     0.0000000000000000     0.8679460423756613     
0.8342003363229836     0.2914711126053562     1.234654509913060     -3.634746693307379     -0.6145723268897479     -2.124659510098564     2.233814732960734     43.97189971639845     68.56381713792109     0.5126764417862263     0.0000000000000000     0.8585818924467333     
0.8385272364372505     0.2888333122268767     1.239071580844678     -3.587128227055362     -0.6300347321814934     -2.108581479618427     2.260015371833500     37.32056700526694     56.20285003493930     0.5283012828356309     0.0000000000000000     0.8490569795686429     
0.8428018910960848     0.2861196197158872     1.243518442563628     -3.538378121037980     -0.6449100137146643     -2.091644067376322     2.281935482566271     30.84940595484114     44.18723795023475     0.5435313791455210     0.0000000000000000     0.8393888490349201     
0.8470240339619490     0.2833319445006204     1.247993586381517     -3.488822441970185     -0.6592100393341263     -2.074016240652156     2.299866779200948     24.60701327998831     32.60798755770303     0.5583667467450067     0.0000000000000000     0.8295942237801549     
0.8511934019691161     0.2804722166579757     1.252495501533164     -3.438771222298591     -0.6729480397616387     -2.055859631030115     2.314114353234572     18.63186426615527     21.53685900851803     0.5728089313131575     0.0000000000000000     0.8196889216086055     
0.8553097353400605     0.2775423838494813     1.257022677377760     -3.388517177369036     -0.6861384228280577     -2.037327800098547     2.324991831805773     12.95289443664486     11.02748764752453     0.5868608728357126     0.0000000000000000     0.8096877891721632     
0.8593727776016444     0.2745444082759295     1.261573605606791     -3.338334825148022     -0.6987965934336792     -2.018565709290850     2.332817003554455     7.590264519220616     1.116854579379954     0.6005267694776680     0.0000000000000000     0.7996046517753107     
0.8633822756010971     0.2714802636555249     1.266146782454597     -3.288479970755141     -0.7109387811040294     -1.999709375929585     2.337907942093675     2.556249513385342     -8.173007317387782     0.6138119426426673     0.0000000000000000     0.7894522778922326     
0.8673379795217875     0.2683519322303205     1.270740710907214     -3.239189514507190     -0.7225818766036256     -1.980885695555408     2.340579638067393     -2.143800917558324     -16.83317294942627     0.6267227048924503     0.0000000000000000     0.7792423571471785     
0.8712396428987901     0.2651614018056471     1.275353902905022     -3.190681540476144     -0.7337432786908583     -1.962212409583501     2.341141134767364     -6.510475791389497     -24.86593631372485     0.6392662321060107     0.0000000000000000     0.7689854904281250     
0.8750870226342409     0.2619106628271684     1.279984881534498     -3.143155642435418     -0.7444407517505209     -1.943798197092970     2.339893149323514     -10.54932669549450     -32.28294384922392     0.6514504409769595     0.0000000000000000     0.7586911907692913     
0.8788798790124840     0.2586017055001031     1.284632183204325     -3.096793445213870     -0.7546922947314143     -1.925742869972642     2.337126151477658     -14.26993083008862     -39.10340439045562     0.6632838726851992     0.0000000000000000     0.7483678936430427     
0.8826179757150074     0.2552365169550725     1.289294359800973     -3.051759281604206     -0.7645160215472511     -1.908137651575728     2.333118864691945     -17.68501412520507     -45.35241551424350     0.6747755833397258     0.0000000000000000     0.7380229753392050     
0.8863010798351668     0.2518170784649270     1.293969980818823     -3.008200987810914     -0.7739300528704390     -1.891065520340677     2.328137149541408     -20.80964846028762     -51.05943285679932     0.6859350415759577     0.0000000000000000     0.7276627781728217     
0.8899289618926977     0.2483453627168014     1.298657635459870     -2.966250783731281     -0.7829524190592163     -1.874601601395248     2.322433226658703     -23.66053109732357     -56.25689764117707     0.6967720335047447     0.0000000000000000     0.7172926413435893     
0.8935013958480127     0.2448233311435432     1.303355934698015     -2.926026207933877     -0.7916009738069791     -1.858813590870429     2.316245195585200     -26.25534955951021     -60.97902831956323     0.7072965750511820     0.0000000000000000     0.7069169363658419     
0.8970181591162857     0.2412529313185309     1.308063513303026     -2.887631080860560     -0.7998933179856147     -1.843762199423087     2.309796806387940     -28.61223133516359     -65.26077487537722     0.7175188315888739     0.0000000000000000     0.6965391060919245     
0.9004790325813208     0.2376360944177819     1.312779031819243     -2.851156473394547     -0.8078467330687666     -1.829501603231657     2.303297442499651     -30.74927489296000     -69.13692881393428     0.7274490446677434     0.0000000000000000     0.6861617064599186     
0.9038838006092034     0.2339747327531186     1.317501178494207     -2.816681661405343     -0.8154781234626108     -1.816079892433977     2.296942275634378     -32.68415645687472     -72.64137799831389     0.7370974655490459     0.0000000000000000     0.6757864502053685     
0.9072322510617359     0.2302707373800233     1.322228671152502     -2.784275050127849     -0.8228039670371480     -1.803539508582498     2.290912556567748     -34.43380568631758     -75.80649302519930     0.7464742951976382     0.0000000000000000     0.6654142518831329     
0.9105241753096562     0.2265259757836714     1.326960259010203     -2.753995055210637     -0.8298402731365713     -1.791917664173604     2.285376008832762     -36.01414271300879     -78.66263054086843     0.7555896303364164     0.0000000000000000     0.6550452736476139     
0.9137593682456355     0.2227422896464898     1.331694724425483     -2.725890929950740     -0.8366025473495534     -1.781246738650146     2.280487295793832     -37.43986877927201     -81.23773853557270     0.7644534151388173     0.0000000000000000     0.6446789713358106     
0.9169376282970580     0.2189214927004286     1.336430884581112     -2.700003530611125     -0.8431057623361110     -1.771554646473618     2.276388534986084     -38.72430289122351     -83.55704901088875     0.7730753981200567     0.0000000000000000     0.6343141404868063     
0.9200587574385806     0.2150653686669846     1.341167593094750     -2.676366013797289     -0.8493643340342373     -1.762865173915763     2.273209836940800     -39.87925734723681     -85.64284430179146     0.7814650937841879     0.0000000000000000     0.6239489620128160     
0.9231225612044702     0.2111756692878502     1.345903741553168     -2.655004461666304     -0.8553921026042466     -1.755198282135275     2.271069848888396     -40.91494564476990     -87.51428459525373     0.7896317485901090     0.0000000000000000     0.6135810473103995     
0.9261288487007214     0.2072541124488945     1.350638260966738     -2.635938432277991     -0.8612023175095982     -1.748570374893794     2.270076286690422     -41.83991704013698     -89.18728569169697     0.7975843108135572     0.0000000000000000     0.6032074826658427     
0.9290774326169491     0.2033023804000199     1.355370123140795     -2.619181433700724     -0.8668076261780453     -1.742994529939385     2.270326441075734     -42.66101288330923     -90.67443770361109     0.8053314039022904     0.0000000000000000     0.5928248728661492     
0.9319681292380598     0.1993221180732568     1.360098341960695     -2.604741321584149     -0.8722200657347938     -1.738480693659471     2.271907646734260     -43.38334073314135     -91.98495710036820     0.8128813029467535     0.0000000000000000     0.5824293839767947     
0.9348007584556985     0.1953149315012878     1.364821974587699     -2.592620620838864     -0.8774510573487114     -1.735035839093787     2.274897705059133     -44.01026314783583     -93.12466623304783     0.8202419139173300     0.0000000000000000     0.5720167852897634     
0.9375751437794694     0.1912823863384123     1.369540122563045     -2.582816772850438     -0.8825114027825578     -1.732664087816498     2.279365253338558     -44.54339891988126     -94.09599616787501     0.8274207553508778     0.0000000000000000     0.5615824904807688     
0.9402911123479335     0.1872260064857751     1.374251932817881     -2.575322310332060     -0.8874112827879268     -1.731366796559993     2.285370075004140     -44.98263536926014     -94.89801029340828     0.8344249422027663     0.0000000000000000     0.5511215980433993     
0.9429484949393786     0.1831472728225050     1.378956598587008     -2.570124962515484     -0.8921602570345332     -1.731142609775009     2.292963347168685     -45.32615111307661     -95.52644772528889     0.8412611716154422     0.0000000000000000     0.5406289310906450     
0.9455471259823623     0.1790476220442136     1.383653360224657     -2.567207693919960     -0.8967672653112291     -1.731987479615594     2.302187823162550     -45.57044948618960     -95.97378699847768     0.8479357103900955     0.0000000000000000     0.5300990766311937     
0.9480868435660295     0.1749284456101225     1.388341505920841     -2.566548680447520     -0.9012406297823558     -1.733894655114938     2.313077949133597     -45.71040348923289     -96.22933189752818     0.8544543839838145     0.0000000000000000     0.5195264244394507     
0.9505674894501985     0.1707910887998900     1.393020372317093     -2.568121227051163     -0.9055880581275415     -1.736854642589353     2.325659915041381     -45.73931378063774     -96.27932251709717     0.8608225668903775     0.0000000000000000     0.5089052056446874     
0.9529889090752222     0.1666368498810190     1.397689345020686     -2.571893631727976     -0.9098166474356514     -1.740855139581813     2.339951641579848     -45.64898179948107     -96.10707575095567     0.8670451742981773     0.0000000000000000     0.4982295311663521     
0.9553509515716169     0.1624669793875326     1.402347859016748     -2.577829001116457     -0.9139328887641895     -1.745880944940323     2.355962705730468     -45.42980059541859     -95.69316035705518     0.8731266549534652     0.0000000000000000     0.4874934301195993     
0.9576534697694630     0.1582826795104115     1.406995398977909     -2.585885023537088     -0.9179426723139132     -1.751913847925500     2.373694208802161     -45.07086633681404     -95.01561251145773     0.8790709851908725     0.0000000000000000     0.4766908883076634     
0.9598963202075745     0.1540851036000906     1.411631499471459     -2.596013705914516     -0.9218512932046791     -1.758932499559598     2.393138591974368     -44.56011375128337     -94.05019831128237     0.8848816641257649     0.0000000000000000     0.4658158869059927     
0.9620793631424375     0.1498753557811166     1.416255745064192     -2.608161081661178     -0.9256634578724385     -1.766912269766808     2.414279405538806     -43.88447890354375     -92.77072997541130     0.8905617100341422     0.0000000000000000     0.4548624414271465     
0.9642024625569167     0.1456544906788785     1.420867770325424     -2.622266897284491     -0.9293832911387231     -1.775825094211607     2.437091039242390     -43.03009270986735     -91.14944247455112     0.8961136579752086     0.0000000000000000     0.4438246410355004     
0.9662654861687308     0.1414235132581207     1.425467259728892     -2.638264286196211     -0.9330143440326819     -1.785639315114446     2.461538422370210     -41.98250840019529     -89.15743694731009     0.9015395587391387     0.0000000000000000     0.4326966882568425     
0.9682683054386942     0.1371833787727637     1.430053947454477     -2.656079438941996     -0.9365596024715732     -1.796319520706785     2.487576703468435     -40.72696574035872     -86.76519647163315     0.9068409792274873     0.0000000000000000     0.4214729391001653     
0.9702107955787256     0.1329349928263593     1.434627617090943     -2.675631279815064     -0.9400214969282210     -1.807826388371643     2.515150920879728     -39.24869419045770     -83.94317850719610     0.9120190043958337     0.0000000000000000     0.4101479435774759     
0.9720928355596233     0.1286792115423180     1.439188101241070     -2.696831160547983     -0.9434019132330338     -1.820116536890508     2.544195676527431     -37.53325627633793     -80.66248655510968     0.9170742409070735     0.0000000000000000     0.3987164865724955     
0.9739143081186059     0.1244168418428598     1.443735281030776     -2.719582582463870     -0.9467022046733718     -1.833142393568620     2.574634826609847     -35.56693126960720     -76.89562125776698     0.9220068226588255     0.0000000000000000     0.3871736289710042     
0.9756750997666188     0.1201486418354479     1.448269085524013     -2.743780959079813     -0.9499232055638583     -1.846852082321836     2.606381204014174     -33.33713779657177     -72.61730826185605     0.9268164183591441     0.0000000000000000     0.3755147489246304     
0.9773751007954050     0.1158753213052841     1.452789491045404     -2.769313431654007     -0.9530652464673008     -1.861189339060654     2.639336388284534     -30.83289222880923     -67.80539669329022     0.9315022413305757     0.0000000000000000     0.3637355830766548     
0.9790142052843406     0.1115975423122649     1.457296520412730     -2.796058750511720     -0.9561281712466578     -1.876093460879189     2.673390539824986     -28.04529766481231     -62.44181807740286     0.9360630617230166     0.0000000000000000     0.3518322675334542     
0.9805923111070345     0.1073159198906094     1.461790242081550     -2.823887235129779     -0.9591113561236025     -1.891499295626691     2.708422315625452     -24.96805603004688     -56.51359105349704     0.9404972213102456     0.0000000000000000     0.3398013783193164     
0.9821093199376913     0.1030310228492047     1.466270769204381     -2.852660825857364     -0.9620137309081748     -1.907337278382769     2.744298884098638     -21.59799336204059     -50.01385239790192     0.9448026510329490     0.0000000000000000     0.3276399710064570     
0.9835651372572379     9.8743374670538630E-2 1.470738258606953     -2.882233239756634     -0.9648338025464961     -1.923533521151565     2.780876056540301     -17.93558579380034     -42.94288985304164     0.9489768914320673     0.0000000000000000     0.3153456191671769     
0.9849596723592122     9.4453454505916330E-2 1.475192909684226     -2.912450242315361     -0.9675696811092469     -1.940009961712304     2.817998552203623     -13.98547121630812     -35.30914728426807     0.9530171160900714     0.0000000000000000     0.3029164512524262     
0.9862928383554153     9.0161698264502820E-2 1.479634963218903     -2.943150045675776     -0.9702191083124201     -1.956684576994098     2.855500412945209     -9.756929229081177     -27.13016802625383     0.9569201581641167     0.0000000000000000     0.2903511854619538     
0.9875645521813241     8.5868499793565520E-2 1.484064700125317     -2.974163842507528     -0.9727794886238289     -1.973471665565678     2.893205581797954     -5.264309940614804     -18.43343825818220     0.9606825400539692     0.0000000000000000     0.2776491621371366     
0.9887747346012682     8.1574212147137950E-2 1.488482440121594     -3.005316482706319     -0.9752479229641460     -1.990282202835233     2.930928657609250     -0.5273906397150623     -9.257089218581829     0.9643005061993120     0.0000000000000000     0.2648103731800384     
0.9899233102133657     7.7279148940178680E-2 1.492888540333135     -3.036427297716574     -0.9776212449603402     -2.007024271338457     2.968475835025238     4.428361484832194     0.3495845888986846     0.9677700589460515     0.0000000000000000     0.2518354879828412     
0.9910102074542211     7.2983585785148570E-2 1.497283393830447     -3.067311074465537     -0.9798960596529822     -2.023603567059260     3.005646035598734     9.571642357206608     10.32583396945104     0.9710869973602757     0.0000000000000000     0.2387258753419996     
0.9920353586033852     6.8687761807792990E-2 1.501667428104479     -3.097779177686680     -0.9820687844979354     -2.039923981092307     3.042232231673771     14.86530044416459     20.59943101207232     0.9742469588025999     0.0000000000000000     0.2254836208328333     
0.9929986997875735     6.4391881238783030E-2 1.506041103482594     -3.127640815852837     -0.9841356924387176     -2.055888254145778     3.078022960008927     20.26648099786211     31.08694860061950     0.9772454630061900     0.0000000000000000     0.2121115391340547     
0.9939001709846464     6.0096115077733760E-2 1.510404911488416     -3.156704442107397     -0.9860929567598198     -2.071398699433608     3.112804016934540     25.72693994786679     41.69437261144597     0.9800779583303404     0.0000000000000000     0.1986131808189766     
0.9947397160273487     5.5800602826004030E-2 1.514759373148758     -3.184779277571246     -0.9879366973652643     -2.086357987468256     3.146360321321068     31.19353743238247     52.31806644112136     0.9827398697901196     0.0000000000000000     0.1849928331717166     
0.9955172826068092     5.1505454284558790E-2 1.519105037250910     -3.211676940331673     -0.9896630280626538     -2.100669984197163     3.178477925927643     36.60891490031187     62.84609562167834     0.9852266483933597     0.0000000000000000     0.1712555146428495     
0.9962328222758002     4.7210751413066887E-2 1.523442478553552     -3.237213159423260     -0.9912681043730587     -2.114240631898159     3.208946151993015     41.91235261334140     73.15990634630910     0.9875338212515546     0.0000000000000000     0.1574069626296834     
0.9968862904517556     4.2916550246307295E-2 1.527772295954601     -3.261209549340242     -0.9927481713334988     -2.126978860336871     3.237559816442870     47.04079649847190     83.13633627089410     0.9896570418734156     0.0000000000000000     0.1434536143509830     
0.9974776464195490     3.8622882863851630E-2 1.532095110619288     -3.283495417233965     -0.9940996107137725     -2.138797513973869     3.264121516052741     51.93003500881625     92.64991968744220     0.9915921400013636     0.0000000000000000     0.1294025806833707     
0.9980068533340303     3.4329759408908400E-2 1.536411564071776     -3.303909572107266     -0.9953189870350123     -2.149614279571139     3.288443928565085     56.51599838710949     101.5754329537571     0.9933351703144271     0.0000000000000000     0.1152616129351308     
0.9984738782223215     3.0037170152128656E-2 1.540722316253643     -3.322302103172735     -0.9964030917556203     -2.159352597464177     3.310352087347512     60.73614499229297     109.7906108904135     0.9948824592979460     0.0000000000000000     0.1010390626503977     
0.9988786919858710     2.5745087596093796E-2 1.545028043552551     -3.338536093229930     -0.9973489849826691     -2.167942539106300     3.329685583910877     64.53089266895405     117.1789517497076     0.9962306495729246     0.0000000000000000     8.6743834659926900E-2 
0.9992212694022670     2.1453468616142668E-2 1.549329436804404     -3.352489232549300     -0.9981540340747342     -2.175321633312017     3.346300651661195     67.84504802143637     123.6325183202060     0.9973767409871496     0.0000000000000000     7.2385333720667140E-2 
0.9995015891268083     1.7162256633130227E-2 1.553627199272339     -3.364055299405666     -0.9988159485260990     -2.181435623965883     3.360072084770120     70.62918334977577     129.0546366387510     0.9983181277970364     0.0000000000000000     5.7973405211531170E-2 
0.9997196336938350     1.2871383813655457E-2 1.557922044605850     -3.373145475119871     -0.9993328105625152     -2.186239142841193     3.370894948087771     72.84091026303062     133.3623923251851     0.9990526313137883     0.0000000000000000     4.3518270473398500E-2 
0.9998753895178160     8.5807732932545850E-3 1.562214694783363     -3.379689464236036     -0.9997031009347468     -2.189696282585392     3.378686037593258     74.44600081789899     136.4888281470016     0.9995785274492985     0.0000000000000000     2.9030457493675593E-2 
0.9999688468941960     4.2903414180098937E-3 1.566505878041579     -3.383636394229016     -0.9999257194668618     -2.191781056847939     3.383385055913708     75.41931148054350     138.3847551473466     0.9998945686751273     0.0000000000000000     1.4520727735940260E-2 
1.000000000000000     0.0000000000000000     1.570796326794897     -3.384955473799802     -0.9999999999999999     -2.192477736899901     3.384955473799802     75.74547213880797     139.0201032585833     1.000000000000000     0.0000000000000000     0.0000000000000000     
0.9999688468941960     -4.2903414180097055E-3 1.575086775548214     -3.383636394229016     -0.9999257194668618     -2.191781056847939     3.383385055913708     75.41931148054351     138.3847551473466     0.9998945686751273     0.0000000000000000     -1.4520727735939623E-2 
