A/A0 V/V0 Vr eb eb_bend eb_ad ea ega ev ek ee
1 1.00092 0.642589 0.109093 0.0496849 0.0594082 0.000367957 0 1.12357e-05 7.05323e-10 0
1.00346 0.9989 0.63798 0.102471 0.0510499 0.0514209 0.00396713 0.000149699 1.61327e-05 0.0148225 0
1.0048 0.997552 0.635847 0.097525 0.0539953 0.0435297 0.0180376 0.000287866 7.99305e-05 0.0606698 0
0.997555 1.00162 0.645408 0.0967375 0.0581549 0.0385825 0.0558043 7.47569e-05 3.51832e-05 0.138982 0
0.996715 1.00153 0.646162 0.0992457 0.0681201 0.0311257 0.106911 0.000134892 3.11247e-05 0.265213 0
0.998174 1.00406 0.646379 0.108893 0.0846256 0.0242679 0.170325 4.16972e-05 0.000220417 0.592119 0
0.994923 1.00207 0.64826 0.156245 0.137316 0.0189284 0.300563 0.000322302 5.71694e-05 0.94436 0
0.997586 0.995956 0.641726 0.252719 0.236492 0.0162266 0.428748 7.28719e-05 0.000218197 1.37818 0
1.00426 0.999314 0.637479 0.364288 0.355539 0.00874823 0.489155 0.000227165 6.28485e-06 1.82971 0
0.995125 1.00091 0.647311 0.502024 0.486866 0.0151578 0.554751 0.000297118 1.10192e-05 2.17294 0
1.01226 1.00064 0.630779 0.573895 0.563853 0.0100415 0.618227 0.00187859 5.52662e-06 2.59144 0
1.01559 0.987601 0.619496 0.65813 0.651505 0.00662492 0.652272 0.00303892 0.00205119 2.75483 0
1.01414 0.98138 0.616919 0.795808 0.773448 0.0223592 0.680359 0.00249834 0.0046258 3.1655 0
1.02872 0.983212 0.604975 0.714437 0.707715 0.00672137 0.648664 0.0103112 0.00376038 3.19997 0
1.02326 0.992006 0.615274 0.712573 0.707757 0.00481639 0.719155 0.00676597 0.000852558 3.38522 0
1.02555 0.98203 0.607046 0.747158 0.738797 0.00836087 0.739935 0.00816401 0.00430865 3.43242 0
1.01982 0.973295 0.60673 0.814801 0.808534 0.00626668 0.762498 0.00491011 0.00951573 3.48905 0
1.02125 0.984518 0.612433 0.751509 0.725837 0.0256724 0.794817 0.00564698 0.00319816 3.70501 0
1.02639 0.99604 0.614959 0.7664 0.753323 0.0130775 0.780555 0.0087036 0.000209271 3.70169 0
1.03069 0.969726 0.594963 0.808384 0.802765 0.00561838 0.742967 0.0117773 0.0122289 3.62784 0
1.03334 0.979884 0.598885 0.781535 0.777656 0.00387886 0.702879 0.0138983 0.00539893 3.49863 0
1.02675 0.976146 0.60236 0.728177 0.722839 0.00533762 0.769001 0.0089427 0.00759217 3.50234 0
1.01464 0.969881 0.609237 0.817318 0.811325 0.00599284 0.738941 0.00267903 0.012104 3.616 0
1.01635 0.987278 0.618597 0.734689 0.730918 0.00377046 0.817377 0.00334306 0.00215949 3.67059 0
1.02584 0.988787 0.610971 0.808446 0.806347 0.00209948 0.806007 0.00834567 0.00167748 3.55075 0
1.02497 0.979648 0.606092 0.771818 0.766591 0.00522684 0.743186 0.00779518 0.00552644 3.62997 0
1.02431 0.975979 0.604409 0.850816 0.843617 0.00719848 0.752114 0.00738591 0.0076988 3.61313 0
1.03531 0.988756 0.602583 0.835596 0.823804 0.0117922 0.781739 0.0155899 0.0016869 3.53227 0
1.01975 0.979417 0.61061 0.767266 0.759465 0.00780114 0.794632 0.00487544 0.00565256 3.731 0
1.0346 0.98041 0.598115 0.765356 0.754152 0.0112042 0.815901 0.0149654 0.00512064 3.79608 0
1.02165 0.98765 0.614028 0.793633 0.78789 0.00574305 0.787297 0.00585733 0.00203505 3.679 0
1.02592 0.984839 0.608461 0.807937 0.802885 0.00505232 0.768672 0.00839652 0.00306694 3.59679 0
1.02114 0.982111 0.611039 0.69745 0.693232 0.00421809 0.769781 0.00558593 0.00426984 3.51354 0
1.0208 0.989287 0.615809 0.714313 0.706743 0.0075704 0.753588 0.00540883 0.00153134 3.49734 0
1.02554 0.982217 0.607174 0.78075 0.768535 0.0122144 0.770748 0.00815545 0.00421935 3.52171 0
1.02063 0.980789 0.610669 0.757342 0.753722 0.0036206 0.765279 0.00532273 0.00492428 3.34118 0
1.02693 0.961164 0.59295 0.868802 0.858558 0.0102441 0.699606 0.00906984 0.0201241 3.45245 0
1.01969 0.979555 0.610747 0.785995 0.777229 0.0087661 0.771496 0.00484738 0.00557729 3.25891 0
1.02718 0.9888 0.609783 0.791527 0.78071 0.0108169 0.746942 0.00923447 0.00167365 3.43075 0
1.04923 0.975659 0.58281 0.919578 0.897363 0.0222157 0.822991 0.0303 0.00790519 3.67633 0
1.02434 0.965831 0.598093 0.848326 0.843318 0.00500824 0.80769 0.0074077 0.0155782 3.76024 0
1.05036 0.971283 0.579256 0.876603 0.86493 0.0116728 0.855023 0.0317128 0.0110034 4.41542 0
1.0413 0.96707 0.584291 0.989031 0.984846 0.00418533 0.836062 0.0213243 0.014469 4.17905 0
1.03913 0.97073 0.588337 0.95579 0.921102 0.0346877 0.830623 0.0191466 0.0114312 4.46323 0
1.03913 0.95756 0.580361 0.936551 0.906603 0.0299485 0.837885 0.01914 0.024032 4.15401 0
1.03451 0.963522 0.58789 0.994035 0.978077 0.0159584 0.841123 0.0148865 0.0177547 4.37955 0
1.05835 0.972377 0.573361 1.04968 1.04431 0.00536762 0.869831 0.0425595 0.0101813 4.363 0
1.06381 0.959183 0.56123 1.03616 1.01172 0.0244395 0.955626 0.0509022 0.0222298 4.66815 0
1.04513 0.958985 0.576222 1.06964 1.05631 0.0133344 0.949966 0.0254658 0.0224454 4.71091 0
1.04232 0.965476 0.58247 0.983441 0.981179 0.00226123 0.948613 0.0223927 0.0159031 4.92696 0
1.03695 0.965245 0.586862 1.06545 1.05724 0.00821213 0.936735 0.0170681 0.0161171 4.61383 0
1.05166 0.972927 0.579167 1.08598 1.017 0.0689818 0.947322 0.0333618 0.00977937 4.87065 0
1.07994 0.955963 0.546864 1.0146 0.999691 0.0149093 0.961847 0.0798849 0.0258749 4.80204 0
1.06215 0.961973 0.564185 1.10397 1.09697 0.00699895 0.953155 0.0482839 0.0192945 4.90252 0
1.04967 0.952901 0.568855 1.02637 1.00793 0.0184377 0.977597 0.0308488 0.0295981 4.70445 0
1.0534 0.956796 0.568152 1.16958 1.16659 0.00299191 0.920505 0.0356498 0.0249056 5.27145 0
1.05243 0.971618 0.577749 1.09984 1.09523 0.00461014 1.07583 0.0343709 0.0107478 5.07648 0
1.06021 0.955579 0.56197 1.16971 1.16958 0.0001363 1.09202 0.0453244 0.0263282 5.04227 0
1.06217 0.948433 0.556228 1.07775 1.0777 5.19802e-05 1.09726 0.0483157 0.0354806 5.36452 0
1.04831 0.942041 0.563468 1.09791 1.08336 0.0145499 1.00967 0.0291789 0.0448222 4.82983 0
1.05903 0.943845 0.556001 1.09497 1.08241 0.0125646 0.960945 0.043558 0.0420746 4.6481 0
1.04763 0.977511 0.585257 0.980454 0.968814 0.0116406 0.89063 0.0283583 0.00674823 5.01378 0
1.03985 0.934921 0.566051 1.09223 1.07598 0.0162498 0.864902 0.0198503 0.0565105 4.85198 0
1.06754 0.960473 0.559043 0.983336 0.977226 0.00611029 0.938131 0.0570263 0.0208464 4.81334 0
1.04025 0.98396 0.595395 1.01088 1.01077 0.000114558 0.906985 0.0202548 0.00343304 4.46744 0
1.02407 0.962698 0.596389 0.894666 0.887087 0.007579 0.872675 0.00724449 0.0185654 4.46883 0
1.02682 0.967277 0.596819 0.901055 0.888012 0.0130432 0.872081 0.00899503 0.0142871 4.12564 0
1.03801 0.970037 0.58887 1.00091 0.94657 0.054337 0.89453 0.0180647 0.0119789 4.01269 0
1.04724 0.978961 0.58645 0.955475 0.94098 0.0144953 0.861564 0.0279001 0.00590614 4.07449 0
1.03787 0.990667 0.601521 0.910851 0.907189 0.00366123 0.830223 0.0179254 0.00116225 3.93909 0
1.0315 0.964384 0.590995 0.986973 0.939646 0.0473267 0.823692 0.0124013 0.0169257 4.16335 0
1.02602 0.970956 0.59979 0.929785 0.893438 0.0363462 0.921459 0.00846613 0.011255 3.97128 0
1.01525 0.976803 0.613036 0.890599 0.86737 0.0232283 0.855107 0.0029056 0.00717973 4.35217 0
1.0283 0.961568 0.592019 0.954158 0.935471 0.0186867 0.850513 0.0100122 0.0197071 4.29335 0
1.03143 0.972723 0.596162 0.910193 0.898233 0.0119597 0.962518 0.0123502 0.00992771 4.15299 0
1.05154 0.967479 0.576021 0.939346 0.933227 0.00611947 0.849554 0.0332088 0.0141111 4.37941 0
1.02005 0.956363 0.595969 0.98402 0.968961 0.015059 0.816814 0.00502742 0.0254068 4.45359 0
1.03341 0.970714 0.593222 1.00053 0.989949 0.0105843 0.823002 0.013955 0.0114436 4.16676 0
1.05209 0.990586 0.589318 0.946877 0.942858 0.0040185 0.901989 0.0339189 0.00118256 3.87476 0
1.02611 0.972404 0.600606 0.897144 0.874306 0.0228376 0.804923 0.008524 0.0101609 4.06132 0
1.03941 0.974446 0.59035 0.888831 0.87919 0.00964134 0.816149 0.0194222 0.008713 4.1853 0
1.04009 0.974903 0.590053 0.898074 0.887161 0.0109129 0.842714 0.020091 0.00840435 3.99118 0
1.02782 0.969385 0.597253 0.887642 0.875061 0.0125814 0.832007 0.00967325 0.0125061 3.87313 0
1.03761 0.968118 0.588045 0.88491 0.884171 0.000739673 0.881593 0.017687 0.0135622 3.88792 0
1.05036 0.969793 0.578375 0.932926 0.92341 0.00951534 0.88439 0.0317007 0.0121746 4.20459 0
1.03779 0.964624 0.585776 0.99791 0.99434 0.00357038 0.851878 0.0178498 0.0166981 4.32872 0
1.03165 0.964655 0.591031 0.908357 0.901795 0.00656178 0.846513 0.0125209 0.0166691 4.38168 0
1.04231 0.979931 0.591204 0.932301 0.929414 0.0028869 0.862417 0.0223759 0.00537408 4.34123 0
1.03363 0.97559 0.596015 0.859384 0.848262 0.0111215 0.806406 0.0141357 0.00795054 4.38022 0
1.04716 0.962789 0.576831 0.84495 0.821379 0.0235708 0.841134 0.0278014 0.0184748 4.45949 0
1.0523 0.965252 0.574072 0.921823 0.917679 0.00414482 0.847095 0.0341959 0.0161102 4.3884 0
1.04713 0.967429 0.579633 0.946141 0.944343 0.00179828 0.86239 0.0277705 0.0141552 4.23624 0
1.04768 0.97198 0.581902 0.974862 0.952239 0.022623 0.932279 0.028421 0.010476 4.49036 0
1.05167 0.965539 0.57476 0.98283 0.950701 0.0321293 0.980793 0.0333757 0.0158454 4.55289 0
1.0513 0.958084 0.570626 0.997936 0.968521 0.0294147 0.983525 0.0328956 0.0234429 4.50106 0
1.04895 0.949987 0.567703 0.998273 0.966812 0.0314601 0.952176 0.0299536 0.0333747 4.57022 0
1.0326 0.959261 0.586915 1.03485 1.02471 0.0101458 0.851753 0.0132845 0.0221446 4.61864 0
1.05597 0.969364 0.573516 1.03084 1.01338 0.0174595 0.949478 0.0391616 0.0125232 4.75813 0
1.05189 0.974733 0.58005 1.02871 1.00237 0.0263428 0.900841 0.0336613 0.00851828 4.85886 0
1.05859 0.960119 0.565935 1.10877 1.10812 0.0006473 1.0585 0.0429212 0.0212216 4.74317 0
1.05744 0.969775 0.572565 1.0589 1.04667 0.0122354 0.932902 0.0412434 0.0121891 4.99037 0
1.0501 0.964483 0.575417 1.06387 1.05819 0.00567621 1.02832 0.0313826 0.0168309 4.72769 0
1.06354 0.94057 0.550545 1.06632 1.0453 0.0210132 0.979098 0.0504808 0.0471259 4.69026 0
1.05068 0.957762 0.570935 1.05614 1.04656 0.0095748 0.94186 0.0321123 0.0238036 4.63771 0
1.03322 0.970109 0.593019 0.945272 0.934158 0.0111143 0.926739 0.0137938 0.011921 4.79574 0
1.04557 0.95678 0.574536 1.00074 0.9956 0.00514138 0.868776 0.025962 0.0249244 4.79823 0
1.06103 0.968649 0.568997 1.03864 1.03464 0.0040022 0.964452 0.0465654 0.0131146 4.73891 0
1.03762 0.957406 0.581529 0.967438 0.965181 0.00225714 0.962347 0.0176973 0.0242072 4.59403 0
1.0559 0.971804 0.575012 0.989013 0.957904 0.0311093 0.932189 0.0390712 0.010608 4.66851 0
1.04236 0.988409 0.59627 0.912302 0.91106 0.00124198 0.895417 0.0224373 0.00179265 4.76248 0
1.03714 0.97393 0.591976 0.915179 0.90644 0.0087392 0.892347 0.0172487 0.00906837 4.67751 0
1.05058 0.97055 0.578642 0.88221 0.871452 0.0107582 0.961101 0.0319823 0.0115726 4.58209 0
1.04948 0.960515 0.573559 1.09121 1.07045 0.0207579 0.85938 0.030607 0.0208024 4.57736 0
1.05267 0.9677 0.575222 0.891936 0.873128 0.0188081 0.875211 0.0346864 0.0139202 4.34144 0
1.04676 0.993059 0.595302 0.899328 0.884902 0.0144259 0.834592 0.0273392 0.000642812 4.45367 0
1.02731 0.97694 0.602355 0.95729 0.956472 0.000818205 0.799267 0.00932192 0.00709541 4.48608 0
1.04146 0.974653 0.588734 0.968243 0.967491 0.000751622 0.862287 0.0214937 0.0085725 4.0025 0
1.03521 0.986042 0.601022 0.87913 0.86998 0.00915049 0.868389 0.0154952 0.00259953 4.22459 0
1.02602 0.959853 0.592933 1.01762 1.01592 0.00169919 0.806003 0.00846454 0.0215053 4.30703 0
1.05228 0.971206 0.577628 0.97993 0.97891 0.00101939 0.885979 0.0341723 0.0110624 4.43353 0
1.05313 0.973018 0.578009 1.0123 0.974683 0.0376214 0.900019 0.0352876 0.00971359 4.21458 0
1.04595 0.984838 0.591065 0.824616 0.818276 0.00634007 0.939253 0.0263935 0.00306719 4.30345 0
1.04795 0.957833 0.573209 1.03145 0.994024 0.0374266 0.944422 0.0287469 0.0237241 4.5049 0
1.04729 0.961285 0.575818 1.05702 1.01459 0.0424205 0.892973 0.0279611 0.0199985 4.5739 0
1.03807 0.983647 0.597082 0.95752 0.943 0.0145199 0.948711 0.0181203 0.00356813 4.51751 0
1.05204 0.955858 0.568697 0.989841 0.986297 0.00354413 0.922708 0.0338553 0.0259987 4.69721 0
1.05024 0.989594 0.590282 1.01893 1.01762 0.00130363 0.865491 0.0315545 0.00144479 4.66831 0
1.04652 0.970616 0.582051 0.991754 0.978172 0.0135813 0.881465 0.0270566 0.0115204 4.58281 0
1.03075 0.951726 0.583871 0.997982 0.992422 0.00556011 0.893025 0.0118214 0.031094 4.45233 0
1.05109 0.957366 0.570362 1.07918 1.07726 0.0019172 0.916523 0.0326371 0.0242526 4.4481 0
1.03463 0.957213 0.583934 0.995784 0.975753 0.0200309 0.901271 0.0149959 0.0244275 4.89457 0
1.05177 0.969458 0.577013 1.07822 1.06931 0.00891597 0.920747 0.0335015 0.0124463 4.69754 0
1.05513 0.973973 0.576931 1.03647 1.0266 0.00986876 0.966303 0.037995 0.00903836 4.63623 0
1.05104 0.964199 0.574478 1.02877 1.01971 0.00906363 0.971176 0.0325682 0.0171016 4.63324 0
1.03658 0.950115 0.577974 1.05457 1.05224 0.00232724 0.85973 0.0167273 0.0332035 4.56565 0
1.05391 0.975506 0.578844 0.932664 0.928542 0.0041223 0.883807 0.0363307 0.00800477 4.51213 0
1.03418 0.958684 0.585214 1.00491 0.993101 0.0118119 0.895052 0.0146075 0.0227761 4.20541 0
1.04444 0.98496 0.592422 0.871873 0.861041 0.010832 0.842769 0.0246849 0.00301821 4.09433 0
1.02621 0.974078 0.601551 0.947086 0.937361 0.00972467 0.847726 0.00859027 0.00896575 4.33013 0
1.03221 0.9749 0.596818 0.878233 0.875595 0.00263862 0.834522 0.0129724 0.00840605 4.28225 0
1.05019 0.975268 0.581774 0.854238 0.847746 0.00649198 0.891942 0.0314992 0.00816154 4.18164 0
1.03146 0.967539 0.592956 0.936321 0.922848 0.0134734 0.842053 0.0123765 0.0140596 4.20157 0
1.04648 0.976939 0.585875 0.883064 0.876395 0.0066689 0.841018 0.0270114 0.00709582 4.27486 0
1.04687 0.970331 0.581585 0.991469 0.966629 0.0248397 0.89423 0.027469 0.0117447 4.34087 0
1.0453 0.959724 0.576532 1.03812 1.01039 0.0277328 0.90916 0.0256496 0.0216437 4.41358 0
1.04415 0.97651 0.587584 1.01989 1.01755 0.00234282 0.971742 0.0243639 0.00736232 5.09668 0
1.06142 0.981118 0.576002 0.949497 0.90142 0.0480774 1.03231 0.0471661 0.00475695 4.82537 0
1.05833 0.965326 0.56922 1.02573 0.982122 0.0436085 0.98019 0.0425306 0.0160418 4.69481 0
1.04208 0.971237 0.586151 0.956918 0.948026 0.00889232 0.857862 0.0221364 0.0110383 4.65774 0
1.05552 0.975253 0.57737 1.04768 1.04524 0.00243293 0.926031 0.0385322 0.00817157 4.6299 0
1.04863 0.972198 0.581243 1.01972 0.99967 0.0200553 1.01126 0.0295624 0.0103133 4.94192 0
1.05679 0.964335 0.569874 1.04604 1.0366 0.00943306 0.952423 0.0403223 0.0169716 4.88401 0
1.03994 0.969747 0.587057 1.04166 1.04157 9.46786e-05 0.912808 0.0199445 0.0122122 4.60616 0
1.05262 0.963496 0.572765 0.993891 0.986513 0.00737778 0.99497 0.0346183 0.0177801 4.86251 0
1.03821 0.960584 0.582966 1.0439 1.03195 0.0119571 1.02643 0.0182524 0.0207291 5.11782 0
1.0689 0.966764 0.561626 1.11416 1.09438 0.0197825 0.988837 0.0593576 0.0147391 5.79304 0
1.04571 0.956169 0.574058 1.08367 1.07691 0.00676511 0.973761 0.0261168 0.0256333 5.23705 0
1.0508 0.946326 0.564019 1.10676 1.09121 0.0155485 1.00215 0.032267 0.0384385 5.32635 0
1.05238 0.976522 0.580712 0.962133 0.951324 0.0108086 1.05569 0.0342951 0.00735488 5.49874 0
1.05093 0.97705 0.582225 1.03148 1.03008 0.00139513 0.967099 0.0324286 0.00702794 5.68004 0
1.04718 0.970215 0.581258 1.01028 1.00423 0.00604882 0.972021 0.0278331 0.0118368 5.01451 0
1.0407 0.976698 0.590617 1.06445 1.04927 0.015178 0.87769 0.0207106 0.00724509 5.53204 0
1.05581 0.963922 0.570427 1.14421 1.12332 0.0208863 0.992456 0.0389366 0.017367 4.96708 0
1.0357 0.962818 0.586446 0.884153 0.882284 0.00186907 0.88593 0.0159342 0.0184463 5.32786 0
1.0509 0.968705 0.577278 1.0994 1.09845 0.000941869 1.09825 0.0323886 0.0130679 5.14983 0
1.0355 0.964489 0.587638 1.15928 1.15854 0.000744795 1.03134 0.0157514 0.0168257 5.33838 0
1.06407 0.959713 0.561336 1.16336 1.15749 0.00586106 1.08814 0.0513156 0.0216559 5.67065 0
1.05768 0.9454 0.557977 1.14968 1.13172 0.0179569 1.0091 0.0416009 0.0397766 5.63423 0
1.06809 0.962962 0.560055 1.1826 1.15779 0.024815 1.07754 0.0579683 0.0183036 5.83617 0
1.05256 0.937426 0.557315 1.24613 1.22041 0.0257159 1.0037 0.0345389 0.0522435 6.09486 0
1.07811 0.956022 0.548286 1.17565 1.16486 0.0107866 1.08203 0.0762808 0.0258055 5.58352 0
1.04914 0.955631 0.570922 1.14417 1.12681 0.0173609 0.949882 0.0301859 0.0262672 5.87594 0
1.06158 0.957112 0.561787 1.19349 1.13443 0.0590594 1.05204 0.0474019 0.024542 5.7883 0
1.05294 0.965149 0.573489 1.13802 1.08395 0.0540708 0.982404 0.0350356 0.0162063 5.55692 0
1.05811 0.96848 0.571256 1.17365 1.16433 0.00932074 1.04734 0.0422128 0.0132563 5.82606 0
1.06203 0.958312 0.562129 1.16838 1.16028 0.00810076 1.07939 0.0481066 0.0231879 5.39851 0
1.0686 0.950779 0.552576 1.19414 1.15415 0.0399946 1.05576 0.0588334 0.0323256 5.82496 0
1.05787 0.971057 0.572971 1.23497 1.23318 0.00178498 1.10939 0.0418662 0.0111769 6.03696 0
1.08945 0.938064 0.529612 1.25203 1.24 0.012033 1.16055 0.100027 0.0511843 5.70925 0
1.07108 0.924548 0.535462 1.2123 1.20122 0.0110774 1.10308 0.0631719 0.0759609 6.04209 0
1.08034 0.948425 0.542246 1.22562 1.20235 0.0232732 1.11505 0.0806987 0.0354914 5.71507 0
1.08492 0.935242 0.531324 1.23209 1.23157 0.000524617 1.21431 0.0901665 0.0559537 6.00939 0
1.0732 0.937901 0.541594 1.12226 1.12133 0.000925823 1.11664 0.0669794 0.0514538 5.90066 0
1.063 0.953686 0.558649 1.16984 1.15074 0.0191057 1.035 0.0496237 0.0286203 5.83462 0
1.10256 0.969087 0.537399 1.27487 1.27036 0.00450993 1.13683 0.131492 0.0127502 5.75854 0
1.07806 0.954057 0.547199 1.23636 1.2321 0.00426604 1.14158 0.0761789 0.0281635 5.97396 0
1.07524 0.950662 0.547394 1.25741 1.24327 0.0141343 1.03849 0.0707831 0.0324793 6.01819 0
1.05018 0.924108 0.551265 1.16529 1.11809 0.0472027 0.976056 0.0314829 0.0768495 5.46665 0
1.07204 0.950907 0.54999 1.17388 1.14974 0.0241467 0.964228 0.0648866 0.0321575 5.17329 0
1.0643 0.947255 0.55387 1.16358 1.09867 0.0649097 1.04457 0.0516849 0.0371201 4.92764 0
1.05332 0.97141 0.576895 0.999599 0.998853 0.00074685 0.910182 0.0355447 0.0109062 4.9974 0
1.04627 0.966106 0.579555 1.03647 1.01871 0.0177657 1.02083 0.026764 0.0153284 4.80366 0
1.05282 0.964891 0.57343 1.11115 1.11045 0.000701321 0.94728 0.034884 0.0164468 4.72623 0
1.05503 0.949584 0.562565 1.11803 1.10245 0.0155816 0.967755 0.0378557 0.0339143 4.70459 0
1.04089 0.952131 0.575601 0.918123 0.895392 0.0227301 0.904315 0.0209082 0.0305741 4.70179 0
1.04551 0.97491 0.58547 0.95578 0.941776 0.0140044 0.897055 0.0258983 0.00839916 4.31018 0
1.04451 0.983493 0.591478 0.929495 0.925381 0.00411437 0.899285 0.0247669 0.00363549 4.60085 0
1.03311 0.969775 0.592907 0.993881 0.974947 0.0189347 0.897916 0.0137048 0.0121892 4.31625 0
1.024 0.96682 0.599007 0.960496 0.950007 0.0104899 0.823242 0.00719998 0.0146889 4.24946 0
1.03467 0.979814 0.597688 0.846718 0.835135 0.011583 0.891944 0.0150288 0.00543709 4.02245 0
1.03026 0.969919 0.595454 0.890867 0.884266 0.0066005 0.874849 0.0114503 0.0120737 3.96386 0
1.05664 0.97174 0.574375 0.922393 0.916817 0.0055762 0.848384 0.0401044 0.0106562 3.97431 0
1.03686 0.977182 0.594198 0.969116 0.94962 0.0194963 0.857977 0.0169839 0.00694724 3.88954 0
1.03414 0.969943 0.592125 0.928906 0.920288 0.00861837 0.835095 0.0145697 0.0120544 4.15002 0
1.03586 0.96237 0.586038 0.964068 0.958431 0.00563629 0.825629 0.0160759 0.018894 4.23331 0
1.05043 0.963497 0.574558 0.904558 0.904396 0.000161883 0.861635 0.0317967 0.0177785 4.32448 0
1.03373 0.971786 0.593603 0.980358 0.971776 0.00858138 0.89933 0.0142227 0.0106209 4.00676 0
1.03308 0.960643 0.587346 0.966999 0.964574 0.00242433 0.82912 0.0136838 0.0206677 4.22873 0
1.05193 0.970919 0.577749 1.02514 0.971559 0.0535768 0.849187 0.0337113 0.0112841 4.06817 0
1.05642 0.968459 0.572611 0.931373 0.916824 0.014549 0.934184 0.039799 0.0132742 4.28913 0
1.0386 0.974924 0.591331 0.938527 0.921562 0.0169646 0.905478 0.0186315 0.00838983 4.59506 0
1.05413 0.986999 0.585479 0.96681 0.963042 0.00376793 0.883474 0.03663 0.00225517 4.3984 0
1.02982 0.961475 0.59065 0.873725 0.861158 0.012567 0.797062 0.0111179 0.0198028 4.31331 0
1.02768 0.959341 0.591182 0.871608 0.86643 0.00517779 0.89017 0.00957866 0.0220573 4.12419 0
1.0413 0.980242 0.592248 0.936387 0.936273 0.000114443 0.854598 0.0213262 0.00520865 4.06413 0
1.03484 0.955619 0.582787 1.00122 0.997238 0.00398734 0.819441 0.0151746 0.0262814 4.39389 0
1.06133 0.947398 0.556279 1.08039 1.05365 0.0267417 0.998362 0.047023 0.0369195 4.1479 0
1.04997 0.976358 0.582608 1.03505 1.00969 0.0253666 0.869619 0.0312223 0.00745779 4.65549 0
1.04739 0.961307 0.575748 1.12042 1.08148 0.0389419 0.999522 0.028082 0.0199757 4.88381 0
1.06127 0.961593 0.564658 1.08545 1.05169 0.0337615 0.994637 0.0469379 0.0196816 5.12347 0
1.0446 0.959051 0.576706 1.05712 1.05386 0.00325827 0.991502 0.0248641 0.0223731 5.37801 0
1.05338 0.971169 0.576703 1.07053 1.07052 1.14226e-05 0.986812 0.0356239 0.011091 5.2733 0
1.05608 0.966634 0.571811 1.09484 1.07679 0.0180528 1.06248 0.0393165 0.0148539 5.04697 0
1.04847 0.97061 0.580426 1.05139 1.00721 0.0441761 0.971811 0.0293686 0.0115254 5.25707 0
1.05953 0.963446 0.567139 1.09873 1.09582 0.00290779 0.99172 0.0443115 0.0178285 4.96935 0
1.05351 0.970563 0.576235 1.05852 1.04472 0.0137993 0.950968 0.0357989 0.0115624 5.05438 0
1.04789 0.956959 0.57274 1.0854 1.08537 2.42692e-05 0.934179 0.0286679 0.0247178 4.61485 0
1.04115 0.94585 0.571595 0.981691 0.979627 0.00206379 0.94795 0.0211679 0.0391244 4.27114 0
1.03144 0.972448 0.595985 0.944883 0.937083 0.00779938 0.862971 0.0123581 0.0101287 4.20065 0
1.0273 0.955942 0.589414 0.941425 0.941215 0.000210443 0.822261 0.0093174 0.0259003 4.28187 0
1.02108 0.970597 0.603927 0.881035 0.878484 0.00255142 0.841966 0.00555491 0.0115357 3.99246 0
1.04035 0.969506 0.586562 0.845821 0.844738 0.00108332 0.799482 0.0203592 0.0124069 3.83538 0
1.04685 0.986166 0.591094 0.846981 0.839338 0.00764292 0.806031 0.0274444 0.00255356 3.79589 0
1.029 0.974668 0.599469 0.816229 0.807868 0.00836092 0.80787 0.0105163 0.00856191 3.83273 0
1.04464 0.979941 0.589232 0.830907 0.826383 0.00452399 0.830176 0.0249113 0.00536852 4.04106 0
1.04502 0.973843 0.585243 0.835311 0.820709 0.0146028 0.819066 0.0253411 0.00912886 4.0967 0
1.03889 0.973935 0.590485 0.81804 0.808801 0.00923895 0.869072 0.0189117 0.00906467 3.71785 0
1.03653 0.969993 0.590107 0.895473 0.895304 0.000168626 0.827115 0.0166836 0.012014 3.91755 0
1.02466 0.984164 0.609164 0.863711 0.859192 0.00451896 0.81869 0.00760147 0.00334602 3.89437 0
1.04537 0.974661 0.585443 0.857789 0.851977 0.00581178 0.87076 0.0257329 0.00856669 3.86165 0
1.0286 0.977536 0.601588 0.837936 0.835929 0.00200664 0.82391 0.0102244 0.00673344 3.89585 0
1.01916 0.98535 0.614839 0.839467 0.832613 0.0068541 0.812885 0.00458975 0.00286369 3.95377 0
1.0293 0.989089 0.608079 0.924794 0.924184 0.000610159 0.84868 0.0107295 0.00158857 3.80256 0
1.03757 0.982468 0.5968 0.884589 0.883922 0.000666394 0.907399 0.0176438 0.00410135 3.89624 0
1.03625 0.979378 0.596059 0.909893 0.902852 0.00704043 0.823391 0.0164274 0.00567436 4.01227 0
1.03097 0.968993 0.594273 0.938054 0.922571 0.0154835 0.793165 0.0119925 0.012828 4.16482 0
1.03957 0.979094 0.593035 0.89936 0.88954 0.00982002 0.829151 0.0195726 0.00583173 3.88625 0
1.03017 0.974938 0.598617 0.950559 0.94773 0.00282914 0.858837 0.0113792 0.00838078 4.06163 0
1.02592 0.973016 0.60115 0.89795 0.897932 1.81054e-05 0.930473 0.00840135 0.00971526 4.37803 0
1.04654 0.965244 0.578809 0.895137 0.876353 0.0187838 0.88687 0.0270843 0.0161178 4.11351 0
1.03657 0.953434 0.580004 0.984992 0.970668 0.014324 0.954663 0.0167154 0.0289323 3.89763 0
1.0325 0.979465 0.599361 0.906343 0.896617 0.00972607 0.884184 0.0132061 0.00562641 4.21951 0
1.03147 0.97279 0.596166 0.831566 0.829387 0.00217928 0.818579 0.012384 0.00987848 4.02002 0
1.03343 0.987741 0.603606 0.867878 0.861403 0.00647502 0.791769 0.0139756 0.00200519 4.05506 0
1.03493 0.968183 0.590372 0.92575 0.895909 0.0298413 0.787512 0.0152544 0.0135071 3.94684 0
1.03392 0.987555 0.603064 0.848576 0.830397 0.0181791 0.767794 0.014388 0.00206643 3.80042 0
1.02907 0.966386 0.59432 0.90204 0.886825 0.015215 0.804616 0.0105627 0.0150759 3.66448 0
1.03623 0.953948 0.580594 0.89368 0.875238 0.018442 0.791651 0.0164145 0.028297 3.68488 0
1.02602 0.972511 0.60075 0.893024 0.888136 0.00488794 0.816446 0.00846629 0.0100827 4.13864 0
1.03313 0.974192 0.595591 0.870828 0.851077 0.0197512 0.925686 0.013721 0.00888719 3.95333 0
1.02688 0.987069 0.608978 0.917688 0.908949 0.00873911 0.841533 0.00903473 0.00223096 3.92693 0
1.03541 0.967005 0.589241 0.86379 0.860171 0.00361956 0.898683 0.0156793 0.0145259 3.89247 0
1.03315 0.972408 0.594481 0.976174 0.959952 0.0162224 0.869526 0.0137393 0.0101583 4.16424 0
1.05607 0.98014 0.579804 0.981607 0.971981 0.00962656 0.989785 0.0393108 0.0052627 4.19976 0
1.04069 0.963386 0.582577 0.915613 0.90814 0.00747305 0.864108 0.0206998 0.0178869 4.35937 0
1.04298 0.972424 0.586106 0.901948 0.895848 0.00609956 0.833208 0.0230955 0.0101464 4.10108 0
1.04635 0.980588 0.588178 0.946585 0.941408 0.00517668 0.841778 0.0268532 0.00502772 4.26465 0
1.03463 0.983425 0.599931 0.884802 0.870641 0.0141618 0.821933 0.0149893 0.00366547 4.33858 0
1.03589 0.97712 0.594994 0.859377 0.839149 0.0202284 0.886193 0.016103 0.00698496 4.02871 0
1.0482 0.964538 0.577018 0.90156 0.891204 0.0103564 0.807317 0.0290433 0.0167789 4.14717 0
1.04661 0.974496 0.584304 0.943355 0.939135 0.00421984 0.904113 0.0271585 0.00867889 4.34374 0
1.04821 0.954606 0.571064 0.937953 0.923616 0.0143365 0.838247 0.0290601 0.0274945 4.56572 0
1.03534 0.968501 0.590219 0.950126 0.933521 0.0166055 0.897639 0.0156108 0.0132383 4.43941 0
1.04519 0.981634 0.589785 0.924397 0.915611 0.00878665 0.899216 0.0255273 0.00450083 4.58866 0
1.05598 0.94443 0.558752 1.07209 1.0676 0.00448386 0.953356 0.0391837 0.0412024 4.55573 0
1.05946 0.959691 0.564985 0.988008 0.972193 0.0158142 0.948363 0.0442075 0.0216794 4.82549 0
1.04575 0.946373 0.568143 1.01569 1.01409 0.00160106 0.907193 0.0261627 0.0383722 5.00606 0
1.04567 0.950596 0.570741 0.998572 0.982591 0.0159818 0.823236 0.0260754 0.0325669 4.75717 0
1.05134 0.97493 0.580624 0.9903 0.945584 0.0447164 0.88722 0.032949 0.00838632 4.63199 0
1.03436 0.964479 0.588598 0.906029 0.888039 0.0179899 0.931819 0.0147619 0.0168356 4.45714 0
1.04051 0.96329 0.582672 0.98602 0.947902 0.0381176 0.917925 0.0205139 0.0179813 4.30052 0
1.03566 0.970261 0.591015 1.00425 0.987417 0.0168327 0.944623 0.0158966 0.0118007 4.6233 0
1.04091 0.955428 0.577581 1.08668 1.04928 0.0373923 0.896413 0.0209232 0.0265082 4.76409 0
1.03643 0.960107 0.584181 1.03592 1.03101 0.00491063 0.886154 0.0165876 0.0212344 4.83416 0
1.02823 0.973944 0.599702 1.02883 0.996166 0.0326612 0.882557 0.00996153 0.00905836 4.51463 0
1.04587 0.97703 0.58644 1.073 1.03702 0.0359811 0.962758 0.02631 0.00704002 4.5724 0
1.04318 0.962315 0.579847 1.04619 1.02731 0.0188859 0.993549 0.02331 0.0189488 4.7335 0
1.05696 0.973095 0.574917 1.0281 0.978551 0.0495464 1.02585 0.040555 0.00965886 5.22156 0
1.05594 0.943458 0.558213 1.09201 1.08188 0.0101319 0.985767 0.0391188 0.0426572 4.93088 0
1.0505 0.961386 0.573239 0.943398 0.918806 0.0245923 0.934064 0.0318886 0.0198946 5.08416 0
1.06136 0.960379 0.563873 1.04531 1.04056 0.00474745 0.93399 0.0470755 0.0209461 5.10711 0
1.05535 0.951049 0.563173 1.04336 1.03635 0.00701582 0.989331 0.0383045 0.0319715 4.89421 0
1.05245 0.965012 0.573811 1.01599 1.01591 8.22064e-05 0.990459 0.0343869 0.0163334 4.62619 0
1.05619 0.956067 0.565473 1.06883 1.04772 0.0211093 0.859944 0.0394697 0.0257524 5.05487 0
1.04461 0.955743 0.574702 1.14181 1.1264 0.0154149 0.96536 0.0248838 0.026134 4.96791 0
1.04888 0.965726 0.577167 1.14043 1.12091 0.0195201 0.949521 0.0298684 0.0156738 5.21723 0
1.05623 0.960229 0.567898 1.1335 1.12161 0.0118973 0.977226 0.0395327 0.0211049 4.86679 0
1.06303 0.973946 0.570495 1.14819 1.14766 0.000533825 0.955814 0.0496681 0.009057 4.79834 0
1.03501 0.950186 0.57933 0.98907 0.974918 0.0141529 0.951642 0.0153252 0.0331094 4.80778 0
1.05426 0.961383 0.57018 1.06025 1.056 0.00425089 0.904367 0.0368026 0.0198975 4.70305 0
1.04607 0.965912 0.579607 1.01958 0.998312 0.0212672 0.960908 0.0265306 0.0155041 4.60962 0
1.05145 0.961201 0.572354 1.07053 1.06307 0.00745618 0.943289 0.0330965 0.0200861 4.69809 0
1.03752 0.958703 0.582407 1.06867 1.06635 0.00231752 0.873512 0.017597 0.022755 4.41551 0
1.04859 0.9886 0.591082 0.991024 0.976769 0.0142553 0.873126 0.0295158 0.00173412 4.4837 0
1.0369 0.985381 0.599147 0.980283 0.97985 0.000432896 0.91287 0.017024 0.00285158 4.60178 0
1.02864 0.976437 0.600876 0.895532 0.895472 5.94425e-05 0.854063 0.0102544 0.00740801 4.53715 0
1.02519 0.981587 0.607099 0.827345 0.821088 0.00625684 0.793008 0.00793058 0.00452357 4.51206 0
1.03502 0.966369 0.589186 1.01677 1.00854 0.00823019 0.84916 0.0153357 0.0150915 4.04628 0
1.03255 0.968345 0.592518 0.919438 0.904126 0.0153121 0.836539 0.0132419 0.01337 4.28161 0
1.03056 0.973095 0.597144 0.874902 0.854121 0.0207805 0.864677 0.0116769 0.00965875 4.4124 0
1.04078 0.975977 0.590116 0.97948 0.963962 0.0155185 0.857548 0.0207888 0.00770015 4.21095 0
1.02854 0.960922 0.591417 0.944938 0.93437 0.0105675 0.894152 0.0101806 0.0203753 4.34128 0
1.04484 0.974204 0.585613 0.959534 0.949609 0.00992457 0.846801 0.0251359 0.0088787 4.36403 0
1.04279 0.973897 0.587154 0.956307 0.952479 0.00382801 0.843203 0.0228926 0.00909125 4.47086 0
1.04257 0.962625 0.580543 0.917209 0.893361 0.0238481 0.819848 0.0226556 0.0186384 4.44906 0
1.04829 0.970059 0.580247 0.902572 0.892949 0.00962352 0.866325 0.02915 0.0119617 4.27162 0
1.03337 0.98238 0.600383 0.842483 0.829706 0.0127772 0.869338 0.0139246 0.00414255 4.03982 0
1.02383 0.96468 0.597827 0.945181 0.937288 0.00789358 0.773946 0.00710001 0.0166454 4.17954 0
1.04076 0.976992 0.590742 0.864698 0.854686 0.0100116 0.76068 0.0207749 0.0070631 3.85821 0
1.03723 0.996806 0.605806 0.801984 0.801968 1.65825e-05 0.79199 0.0173277 0.000136112 3.99829 0
1.03924 0.970648 0.588199 0.938282 0.928815 0.00946717 0.833346 0.0192481 0.0114953 4.10249 0
1.04371 0.966565 0.581962 0.905609 0.89709 0.00851884 0.862956 0.0238883 0.0149158 4.14491 0
1.02901 0.965665 0.593927 0.954842 0.95217 0.00267166 0.823668 0.0105207 0.0157296 4.23568 0
1.03316 0.966529 0.590877 1.01169 1.00022 0.011473 0.834352 0.0137483 0.0149484 4.28018 0
1.05258 0.971542 0.577579 1.04991 1.04553 0.00438309 0.957822 0.034569 0.0108058 4.42685 0
1.04702 0.953661 0.571477 1.0514 1.00108 0.0503182 0.901459 0.0276368 0.0286507 4.52455 0
1.02774 0.979559 0.603586 0.918377 0.916072 0.00230446 0.871598 0.00962226 0.00557506 4.37474 0
1.05162 0.980294 0.583585 0.915478 0.898217 0.0172612 0.930808 0.0333112 0.00518124 4.16812 0
1.04934 0.970441 0.579604 0.941109 0.936762 0.0043469 0.860126 0.0304323 0.011658 4.11709 0
1.02553 0.952373 0.588735 0.996729 0.988794 0.00793539 0.862907 0.00814822 0.0302664 4.27142 0
1.03798 0.969361 0.588485 0.960608 0.953409 0.00719856 0.872249 0.0180364 0.0125254 4.52675 0
1.0443 0.960996 0.578117 1.04079 1.01149 0.0293048 0.897485 0.0245397 0.020299 4.34882 0
1.04872 0.973282 0.581817 1.03242 1.01962 0.0128006 0.966147 0.0296714 0.00952451 4.54729 0
1.03255 0.973969 0.595958 0.924959 0.922542 0.0024164 0.937816 0.0132426 0.00904152 4.36281 0
1.04865 0.94865 0.567145 1.08394 1.07187 0.012066 0.88377 0.0295913 0.035183 4.31894 0
1.04283 0.971524 0.585691 0.854141 0.848833 0.0053076 0.934925 0.022933 0.0108193 4.2868 0
1.04811 0.97545 0.583623 0.904563 0.899138 0.00542491 0.867283 0.028932 0.00804143 4.44035 0
1.05981 0.974847 0.573627 0.944243 0.944243 4.85125e-08 0.876517 0.044722 0.00844146 4.31609 0
1.0583 0.972415 0.573418 1.00287 0.979974 0.0228974 0.965467 0.0424983 0.0101528 4.44199 0
