A/A0 V/V0 Vr eb eb_bend eb_ad ea ega ev ek ee  h0 h1 h2
1 1.00032 0.642203 0.111098 0.0495561 0.0615419 0.000329511 0 1.33674e-06 4.72937e-09 0 12.54967498779297 7.076537132263184 24.77803230285645
1.00112 1.00085 0.641466 0.10933 0.0498052 0.0595246 0.000370974 1.58253e-05 9.7424e-06 0.000360927 0 12.56376838684082 7.298502922058105 24.9025764465332
1.0019 1.00026 0.640341 0.107588 0.0498362 0.0577521 0.000618131 4.52732e-05 8.96861e-07 0.000561588 0 12.57351779937744 7.498409748077393 24.91806602478027
1.0023 0.99983 0.639679 0.106076 0.0498081 0.0562678 0.00100002 6.66432e-05 3.87332e-07 0.000339731 0 12.57858467102051 7.669977188110352 24.90406799316406
1.0024 0.9997 0.6395 0.104908 0.0499162 0.0549919 0.00103323 7.25051e-05 1.20838e-06 0.000327485 0 12.5798454284668 7.82101583480835 24.95811653137207
1.00225 0.999794 0.639708 0.10379 0.049926 0.0538639 0.00132581 6.35126e-05 5.67857e-07 0.000459831 0 12.57790756225586 7.957594871520996 24.96301078796387
1.00201 0.999989 0.640063 0.102808 0.0499596 0.0528485 0.000989548 5.06391e-05 1.72419e-09 0.000297298 0 12.57489013671875 8.082396507263184 24.97978019714355
1.00179 1.00016 0.640377 0.102099 0.0502019 0.0518971 0.00118609 4.03694e-05 3.28592e-07 0.000361253 0 12.57217979431152 8.20030403137207 25.10097885131836
1.00175 1.00014 0.640401 0.101253 0.0502138 0.0510396 0.00107844 3.86001e-05 2.44973e-07 0.000436211 0 12.57168769836426 8.306510925292969 25.10688209533691
1.00179 1.00005 0.640309 0.10039 0.0501771 0.050213 0.00127677 4.03767e-05 3.50947e-08 0.000545711 0 12.57217884063721 8.409248352050781 25.08855438232422
1.00183 0.999993 0.640233 0.0997448 0.0502795 0.0494653 0.00143102 4.22202e-05 5.84357e-10 0.000629596 0 12.57269096374512 8.502876281738281 25.13976287841797
1.00182 0.999941 0.640217 0.0990406 0.0502849 0.0487557 0.00180996 4.14135e-05 4.61541e-08 0.000841383 0 12.57246685028076 8.592748641967773 25.14243698120117
1.00177 0.999958 0.640269 0.0984017 0.0503178 0.0480839 0.00195196 3.9457e-05 2.36665e-08 0.000517859 0 12.57193851470947 8.678598403930664 25.15894317626953
1.00173 0.999991 0.640331 0.0977796 0.0503132 0.0474664 0.00163386 3.76143e-05 1.10196e-09 0.000593471 0 12.57141494750977 8.758038520812988 25.15663909912109
1.00167 1.00001 0.640401 0.0971504 0.0503057 0.0468447 0.00153552 3.51542e-05 2.88777e-09 0.000409504 0 12.57065963745117 8.83863353729248 25.15284538269043
1.00162 1.00004 0.640464 0.0964322 0.0501868 0.0462454 0.0014755 3.30504e-05 1.87426e-08 0.000389832 0 12.57003688812256 8.916814804077148 25.09341049194336
1.00162 1.00001 0.640447 0.0958372 0.0501752 0.0456621 0.00157138 3.30683e-05 1.49818e-09 0.000477504 0 12.57005023956299 8.993090629577637 25.08761787414551
1.00161 1.00003 0.640468 0.0952848 0.0501952 0.0450896 0.0020059 3.25624e-05 8.89993e-09 0.000549203 0 12.56987762451172 9.068467140197754 25.09760856628418
1.00155 1.00004 0.640537 0.0948582 0.0503157 0.0445425 0.00168328 3.02054e-05 2.56933e-08 0.000509535 0 12.56913089752197 9.141273498535156 25.15790939331055
1.00152 1.00007 0.640585 0.0942513 0.0502323 0.0440191 0.00169529 2.88382e-05 5.76396e-08 0.000473825 0 12.56869983673096 9.211198806762695 25.11616706848145
1.00148 1.00009 0.640636 0.093709 0.0502028 0.0435063 0.00149923 2.74709e-05 1.12202e-07 0.000583605 0 12.56824207305908 9.280109405517578 25.10138320922852
1.00141 1.0001 0.64071 0.0932327 0.0502405 0.0429923 0.00174106 2.4998e-05 1.45196e-07 0.000715365 0 12.56738185882568 9.349776268005371 25.1202564239502
1.0014 1.00011 0.640731 0.0926416 0.0501377 0.0425039 0.00176614 2.44896e-05 1.76632e-07 0.00040885 0 12.5672025680542 9.41606330871582 25.06882858276367
1.00135 1.00011 0.64077 0.0921238 0.0500855 0.0420382 0.00184951 2.29407e-05 1.6095e-07 0.000356499 0 12.56664085388184 9.479792594909668 25.04276466369629
1.00137 1.00011 0.640759 0.0916711 0.0500995 0.0415716 0.0017771 2.34156e-05 1.69288e-07 0.000320732 0 12.56679916381836 9.543669700622559 25.04976272583008
1.00135 1.00013 0.640791 0.0911945 0.0500738 0.0411207 0.00151948 2.2715e-05 2.33006e-07 0.000294911 0 12.56656360626221 9.605938911437988 25.03690338134766
1.00129 1.00016 0.640863 0.0908023 0.0501396 0.0406627 0.0016704 2.08401e-05 3.38377e-07 0.000588061 0 12.56585311889648 9.669731140136719 25.0698070526123
1.00127 1.00017 0.64089 0.0903405 0.050111 0.0402294 0.00146651 2.02598e-05 4.09901e-07 0.000472933 0 12.56562519073486 9.73021125793457 25.05550575256348
1.00122 1.00021 0.640965 0.0898678 0.0500753 0.0397925 0.00182437 1.86694e-05 6.19504e-07 0.00034593 0 12.56499671936035 9.791722297668457 25.03766822814941
1.00118 1.00019 0.640987 0.0894016 0.0500227 0.0393789 0.00227682 1.74164e-05 4.67213e-07 0.000412168 0 12.56446170806885 9.850208282470703 25.01134872436523
1.00113 1.00023 0.641063 0.0890209 0.0500635 0.0389573 0.00201688 1.58963e-05 6.86422e-07 0.000581481 0 12.563796043396 9.910183906555176 25.03177833557129
1.00107 1.00023 0.641117 0.0885246 0.0499772 0.0385473 0.00201157 1.43664e-05 6.99581e-07 0.000527135 0 12.5630989074707 9.968836784362793 24.98861694335938
1.00107 1.00019 0.64109 0.0881908 0.0500438 0.0381469 0.00232053 1.44355e-05 4.85375e-07 0.000321668 0 12.56314659118652 10.02612972259521 25.02190780639648
1.00103 1.00025 0.641168 0.0878013 0.0500473 0.037754 0.00221729 1.33203e-05 8.28901e-07 0.000523924 0 12.56261730194092 10.0828742980957 25.0236873626709
1.00103 1.00024 0.641166 0.0873263 0.0499398 0.0373865 0.00201364 1.33218e-05 7.99255e-07 0.000238252 0 12.56262111663818 10.1359977722168 24.96997261047363
1.001 1.00025 0.641201 0.0868899 0.049876 0.037014 0.00234648 1.25003e-05 8.4445e-07 0.000362722 0 12.56220149993896 10.19028949737549 24.93794822692871
1.00098 1.00028 0.641237 0.086595 0.0499444 0.0366506 0.002123 1.2076e-05 1.06073e-06 0.000348546 0 12.56197738647461 10.24344253540039 24.97221374511719
1.00094 1.00031 0.641299 0.0862042 0.0499072 0.036297 0.00189906 1.10674e-05 1.32937e-06 0.00038088 0 12.56145858764648 10.29554271697998 24.9535961151123
1.00092 1.00034 0.641333 0.0859311 0.0499829 0.0359483 0.00189327 1.06665e-05 1.58033e-06 0.000497441 0 12.56124019622803 10.34704399108887 24.99141311645508
1.00091 1.00034 0.641341 0.0855972 0.0499921 0.0356051 0.00174139 1.04372e-05 1.54877e-06 0.000347267 0 12.56112861633301 10.39793968200684 24.99603080749512
1.00088 1.00035 0.641373 0.0850478 0.0497825 0.0352653 0.00168336 9.75429e-06 1.60122e-06 0.000372492 0 12.56071949005127 10.44867420196533 24.89123725891113
1.00084 1.00037 0.641433 0.0847138 0.0497855 0.0349283 0.00165952 8.80577e-06 1.85655e-06 0.000499549 0 12.56018352508545 10.49928855895996 24.89274597167969
1.00073 1.00039 0.641544 0.0844463 0.049859 0.0345873 0.00179918 6.73314e-06 2.01584e-06 0.000470122 0 12.55886936187744 10.55109214782715 24.92947006225586
1.0008 1.0004 0.641486 0.0839949 0.0497339 0.034261 0.00156318 7.99887e-06 2.09854e-06 0.000399992 0 12.5596752166748 10.60003566741943 24.86697006225586
1.00074 1.00042 0.641556 0.0836361 0.0497049 0.0339312 0.00170272 6.85301e-06 2.32004e-06 0.000472826 0 12.55895519256592 10.65039348602295 24.85247802734375
1.00073 1.00043 0.641573 0.0833631 0.0497536 0.0336095 0.00157359 6.72576e-06 2.51074e-06 0.000674399 0 12.55887794494629 10.69945812225342 24.87683868408203
1.00069 1.00045 0.641619 0.0829499 0.0496671 0.0332828 0.0017446 6.0249e-06 2.6585e-06 0.000479935 0 12.55838394165039 10.74970722198486 24.83354759216309
1.00069 1.00046 0.641628 0.082706 0.0497418 0.0329642 0.00150815 5.97987e-06 2.78392e-06 0.000462336 0 12.55834007263184 10.79876518249512 24.87091064453125
1.00066 1.00046 0.641656 0.0823862 0.0497455 0.0326408 0.00168516 5.52842e-06 2.84006e-06 0.000687055 0 12.55799865722656 10.84893035888672 24.87272453308105
1.00062 1.00049 0.641712 0.0819804 0.0496503 0.0323301 0.00170157 4.86406e-06 3.15679e-06 0.000517892 0 12.55749893188477 10.89743232727051 24.82513999938965
1.00057 1.00052 0.641782 0.0816655 0.0496442 0.0320213 0.00173332 4.1228e-06 3.63461e-06 0.000330271 0 12.55685806274414 10.94589424133301 24.8221263885498
1.00057 1.00051 0.641783 0.0814727 0.0497525 0.0317202 0.0015429 4.04483e-06 3.54031e-06 0.000622462 0 12.55681705474854 10.99315929412842 24.87625312805176
1.00054 1.00053 0.641816 0.0810557 0.049636 0.0314198 0.00167773 3.69801e-06 3.74298e-06 0.000993242 0 12.55647850036621 11.04067039489746 24.8179988861084
1.00051 1.00058 0.641876 0.08078 0.0496603 0.0311197 0.00187534 3.31986e-06 4.48903e-06 0.000551704 0 12.55612850189209 11.08833885192871 24.83014297485352
1.00047 1.00056 0.641908 0.0803995 0.0495646 0.0308349 0.00175545 2.76217e-06 4.20777e-06 0.00076678 0 12.55556392669678 11.13389682769775 24.78234672546387
1.00039 1.00059 0.642 0.080141 0.0495833 0.0305577 0.0020399 1.92628e-06 4.62837e-06 0.000699401 0 12.55457973480225 11.1786060333252 24.79163360595703
1.00041 1.00056 0.641964 0.0797922 0.0495027 0.0302895 0.00192816 2.15078e-06 4.2796e-06 0.000682441 0 12.55486965179443 11.22157573699951 24.75135803222656
1.00038 1.00061 0.642028 0.0794161 0.0493967 0.0300194 0.00177673 1.81773e-06 5.07123e-06 0.000727261 0 12.55445003509521 11.26529502868652 24.69830513000488
1.00039 1.00062 0.642024 0.0792677 0.0495179 0.0297498 0.00163853 1.92797e-06 5.2361e-06 0.000495999 0 12.55458450317383 11.30892467498779 24.75893783569336
1.00034 1.00065 0.642091 0.0787666 0.0492844 0.0294821 0.00172235 1.43407e-06 5.64841e-06 0.000561811 0 12.55391407012939 11.35274410247803 24.64218711853027
1.0003 1.00065 0.642127 0.0784407 0.0492318 0.029209 0.00195137 1.1118e-06 5.58527e-06 0.000524546 0 12.55341339111328 11.39761543273926 24.61588287353516
1.0003 1.00065 0.642127 0.0782257 0.0492812 0.0289445 0.00173608 1.15861e-06 5.72301e-06 0.000412962 0 12.55348205566406 11.44102096557617 24.64060211181641
1.00025 1.00068 0.642199 0.0779058 0.049221 0.0286848 0.00177784 7.58321e-07 6.19607e-06 0.000718403 0 12.55276870727539 11.48416328430176 24.61052703857422
1.00026 1.00068 0.64219 0.0776621 0.049227 0.0284351 0.00164223 8.26388e-07 6.21373e-06 0.000736202 0 12.55289554595947 11.52548789978027 24.61347007751465
1.00023 1.00069 0.642225 0.0773835 0.0491962 0.0281873 0.00171381 6.56384e-07 6.45812e-06 0.000699189 0 12.55254173278809 11.56687831878662 24.59812355041504
1.0002 1.00072 0.642271 0.0771162 0.0491757 0.0279405 0.00172741 4.83088e-07 6.89396e-06 0.000831997 0 12.55212497711182 11.60830020904541 24.58785629272461
1.00009 1.00074 0.642385 0.0767765 0.0490786 0.0276979 0.00223002 1.12589e-07 7.39298e-06 0.00073157 0 12.5508394241333 11.64951705932617 24.5393123626709
1.00017 1.00073 0.6423 0.0765278 0.0490651 0.0274627 0.00203576 3.7574e-07 7.09402e-06 0.000530668 0 12.55183410644531 11.68879699707031 24.53255271911621
1.00013 1.00074 0.642345 0.0762775 0.0490455 0.027232 0.00198511 2.20468e-07 7.28704e-06 0.000768466 0 12.55133247375488 11.72806644439697 24.52275466918945
1.00009 1.00077 0.642407 0.076092 0.0490892 0.0270027 0.00201333 1.07056e-07 8.00444e-06 0.000759805 0 12.55083274841309 11.76723861694336 24.54463386535645
1.00004 1.00077 0.64246 0.0756519 0.0488815 0.0267705 0.00233402 1.71805e-08 7.9997e-06 0.000886408 0 12.55013465881348 11.80717182159424 24.44074821472168
0.999996 1.0008 0.642515 0.0755436 0.0489881 0.0265555 0.00224854 1.623e-10 8.52464e-06 0.000801672 0 12.54963970184326 11.84423923492432 24.49406051635742
0.999999 1.00078 0.642499 0.0752403 0.0488993 0.026341 0.00226329 1.96982e-11 8.07285e-06 0.000924412 0 12.54965496063232 11.88115501403809 24.44968605041504
0.999998 1.0008 0.642518 0.0749253 0.0487986 0.0261267 0.00199499 3.94742e-11 8.66501e-06 0.000849112 0 12.54966735839844 11.918212890625 24.39924621582031
0.999956 1.00085 0.642587 0.0747646 0.0488516 0.025913 0.00196481 2.40489e-08 9.6641e-06 0.000909335 0 12.54912376403809 11.95550346374512 24.42581367492676
0.99995 1.00086 0.642598 0.0746155 0.0489124 0.0257031 0.00193031 3.17558e-08 9.84101e-06 0.000739141 0 12.54905986785889 11.99214649200439 24.45619010925293
0.999918 1.00086 0.642628 0.0744275 0.0489322 0.0254953 0.00190311 8.40295e-08 9.82138e-06 0.000620575 0 12.54865169525146 12.02864742279053 24.46610260009766
0.999911 1.00086 0.642639 0.0740355 0.0487431 0.0252924 0.00188574 1.00259e-07 9.9643e-06 0.000950029 0 12.54855060577393 12.06433391571045 24.37154388427734
0.999902 1.00088 0.642657 0.0738781 0.0487883 0.0250898 0.00196813 1.20485e-07 1.02874e-05 0.000968484 0 12.54842662811279 12.10009860992432 24.39411544799805
0.999829 1.00093 0.642759 0.0739456 0.0490568 0.0248888 0.00202644 3.67846e-07 1.1503e-05 0.00109419 0 12.54751968383789 12.13603401184082 24.52841567993164
0.999856 1.00094 0.642741 0.0734642 0.048765 0.0246992 0.00182555 2.59884e-07 1.18212e-05 0.00122036 0 12.54787921905518 12.16965484619141 24.38249397277832
0.999833 1.00094 0.642764 0.0731297 0.0486207 0.024509 0.00183696 3.49366e-07 1.18263e-05 0.00137859 0 12.54758930206299 12.2037181854248 24.31036758422852
0.999844 1.00094 0.642756 0.0730748 0.0487555 0.0243193 0.001635 3.06322e-07 1.1926e-05 0.00139334 0 12.54770565032959 12.23764705657959 24.37776184082031
0.999793 1.00098 0.642827 0.072912 0.04878 0.024132 0.00164608 5.3821e-07 1.28118e-05 0.00164361 0 12.54707908630371 12.27158641815186 24.39000701904297
0.999749 1.001 0.642883 0.0726729 0.0487279 0.023945 0.00194187 7.90306e-07 1.3399e-05 0.001505 0 12.54652690887451 12.30555629730225 24.36393928527832
0.999772 1.00096 0.642839 0.0724075 0.0486389 0.0237686 0.00193136 6.53769e-07 1.24821e-05 0.00126492 0 12.54680919647217 12.33742523193359 24.31948471069336
0.99971 1.00101 0.642927 0.0719141 0.0483202 0.0235938 0.00183667 1.05504e-06 1.36551e-05 0.00192925 0 12.54600620269775 12.36950397491455 24.16008949279785
0.999717 1.00102 0.642929 0.0720728 0.0486517 0.0234211 0.00170283 1.00631e-06 1.40247e-05 0.00194003 0 12.54610919952393 12.40101909637451 24.32585906982422
0.999681 1.00101 0.642958 0.0718709 0.0486161 0.0232549 0.00206222 1.27736e-06 1.37729e-05 0.00178499 0 12.54567909240723 12.43164253234863 24.30805206298828
0.999635 1.00106 0.643033 0.0712807 0.0481867 0.023094 0.00194621 1.6728e-06 1.50976e-05 0.00182154 0 12.54509544372559 12.46144962310791 24.09333992004395
0.99957 1.0011 0.643119 0.0710828 0.0481502 0.0229326 0.00214428 2.32034e-06 1.61383e-05 0.00172849 0 12.54427909851074 12.49150848388672 24.07512283325195
0.999615 1.00107 0.64306 0.0710474 0.0482742 0.0227732 0.00238268 1.86231e-06 1.54183e-05 0.00199339 0 12.54485034942627 12.52084159851074 24.13713264465332
0.999568 1.00111 0.643129 0.0708438 0.0482259 0.0226179 0.00211958 2.3422e-06 1.65251e-05 0.00161639 0 12.54424858093262 12.54989719390869 24.11294937133789
0.999566 1.00109 0.64312 0.0704654 0.0480003 0.0224652 0.00232909 2.36233e-06 1.60253e-05 0.0017749 0 12.54423141479492 12.57838249206543 24.00013542175293
0.999562 1.00113 0.643147 0.0704055 0.0480916 0.0223139 0.00193404 2.40399e-06 1.71025e-05 0.00153331 0 12.54417419433594 12.60670566558838 24.0457878112793
0.999527 1.00117 0.643206 0.0702712 0.0481083 0.0221629 0.00211843 2.80556e-06 1.82854e-05 0.00174035 0 12.54374694824219 12.63521289825439 24.05413055419922
0.99954 1.00115 0.643182 0.0701901 0.048179 0.0220111 0.00205927 2.65019e-06 1.77738e-05 0.00146581 0 12.54391288757324 12.66376495361328 24.08950042724609
0.999487 1.00121 0.643269 0.0699433 0.048071 0.0218723 0.00209159 3.29763e-06 1.95459e-05 0.00198458 0 12.54324340820312 12.69020843505859 24.03553199768066
0.999475 1.00121 0.643287 0.069757 0.0480243 0.0217327 0.00196536 3.46444e-06 1.97937e-05 0.00199405 0 12.54306697845459 12.71673774719238 24.01217079162598
0.999514 1.00119 0.643232 0.0696113 0.0480187 0.0215927 0.00199656 2.96851e-06 1.89215e-05 0.00175721 0 12.5435733795166 12.74320507049561 24.00933837890625
0.999469 1.00122 0.643295 0.0692727 0.0478128 0.0214599 0.00187044 3.53311e-06 1.99451e-05 0.00189889 0 12.54301452636719 12.76872062683105 23.90645980834961
0.999357 1.0013 0.643452 0.0691773 0.0478455 0.0213318 0.00233573 5.18623e-06 2.25108e-05 0.00200959 0 12.5416088104248 12.79370975494385 23.92276954650879
0.999469 1.00124 0.643311 0.0689776 0.0477655 0.0212121 0.00198184 3.53352e-06 2.07986e-05 0.00197933 0 12.5430212020874 12.81623649597168 23.88276290893555
0.999421 1.00125 0.64336 0.0688776 0.0477802 0.0210974 0.00189305 4.20796e-06 2.08955e-05 0.00192501 0 12.54240894317627 12.8385066986084 23.89011192321777
0.999402 1.0013 0.643409 0.0688701 0.0478825 0.0209876 0.00197014 4.49062e-06 2.25355e-05 0.00221326 0 12.54216289520264 12.85977554321289 23.94121932983398
0.999389 1.00132 0.643434 0.0687775 0.0479057 0.0208719 0.00178968 4.6803e-06 2.321e-05 0.00216156 0 12.54199981689453 12.88224220275879 23.95279121398926
0.99935 1.00133 0.643478 0.0685284 0.0477588 0.0207696 0.0020254 5.30168e-06 2.35719e-05 0.00210055 0 12.54151153564453 12.90223503112793 23.87937355041504
0.999389 1.00131 0.643433 0.0685599 0.047897 0.0206629 0.00181399 4.69208e-06 2.31147e-05 0.00162177 0 12.5419921875 12.92283630371094 23.94847297668457
0.999352 1.00133 0.64348 0.0681395 0.0475774 0.0205622 0.00175264 5.26305e-06 2.37757e-05 0.00193957 0 12.54153442382812 12.942626953125 23.78864860534668
0.999371 1.00135 0.643474 0.0679941 0.0475282 0.0204659 0.0017467 4.96524e-06 2.4449e-05 0.00199822 0 12.54178524017334 12.96137619018555 23.76411819458008
0.999371 1.00137 0.643488 0.0678931 0.0475172 0.0203759 0.0015466 4.96018e-06 2.52902e-05 0.00223807 0 12.54178619384766 12.97897624969482 23.75860786437988
0.999344 1.0014 0.643531 0.0675824 0.0472885 0.0202939 0.00147054 5.4071e-06 2.62265e-05 0.0024162 0 12.54143142700195 12.9951810836792 23.64422416687012
0.999344 1.00142 0.643543 0.0677059 0.0474913 0.0202146 0.00166659 5.39282e-06 2.70072e-05 0.00183591 0 12.54144763946533 13.01078701019287 23.74566841125488
0.999378 1.00142 0.643509 0.0674515 0.0473124 0.0201391 0.00151252 4.85811e-06 2.68732e-05 0.00224721 0 12.54186725616455 13.02552318572998 23.65623092651367
0.999359 1.00144 0.643543 0.0674316 0.0473593 0.0200722 0.00153961 5.16276e-06 2.7805e-05 0.00219362 0 12.5416374206543 13.0388240814209 23.67960929870605
0.999347 1.00143 0.643546 0.067221 0.0472095 0.0200115 0.00153353 5.34746e-06 2.73131e-05 0.00256666 0 12.54146289825439 13.05086994171143 23.60473251342773
0.999357 1.00146 0.64356 0.067433 0.0474756 0.0199574 0.00154716 5.18415e-06 2.8743e-05 0.0024509 0 12.54161167144775 13.06156635284424 23.73780822753906
0.999418 1.00147 0.643503 0.0675731 0.0476641 0.019909 0.00143237 4.25808e-06 2.88364e-05 0.00224875 0 12.54236793518066 13.07089138031006 23.8320198059082
0.999436 1.00147 0.643489 0.0675677 0.047703 0.0198646 0.00141141 3.99146e-06 2.90435e-05 0.00289211 0 12.54258441925049 13.07966041564941 23.85148620605469
