A/A0 V/V0 Vr eb eb_bend eb_ad ea ega ev ek ee  h0 h1 h2
1 1.00092 0.642589 0.109093 0.0496849 0.0594082 0.000367957 0 1.12357e-05 4.40827e-09 0 12.5019588470459 7.345518589019775 24.84242057800293
1.00168 1.00052 0.64072 0.106962 0.0497087 0.0572534 0.000670383 3.53121e-05 3.66052e-06 0.000128159 0 12.52296829223633 7.583693027496338 24.85433769226074
1.0022 1.00005 0.639917 0.10541 0.0497558 0.055654 0.000760613 6.04636e-05 2.73608e-08 9.01913e-05 0 12.52945518493652 7.768608093261719 24.87791442871094
1.00175 1.00043 0.640595 0.104265 0.0497825 0.0544821 0.00089253 3.83699e-05 2.5201e-06 9.30436e-05 0 12.52386474609375 7.911271572113037 24.89127349853516
1.00166 1.00039 0.640655 0.10311 0.0498742 0.0532359 0.00129919 3.44676e-05 2.04625e-06 7.55141e-05 0 12.52272796630859 8.062091827392578 24.93711280822754
1.00186 1.00015 0.640306 0.102117 0.0499096 0.0522074 0.00124814 4.33363e-05 2.92633e-07 3.80269e-05 0 12.52523612976074 8.186119079589844 24.95482063293457
1.00192 1.00008 0.6402 0.101259 0.0499486 0.0513103 0.00135419 4.62985e-05 7.66523e-08 4.64626e-05 0 12.52602481842041 8.296056747436523 24.97430610656738
1.00179 1.00016 0.640388 0.100554 0.0500031 0.050551 0.0015013 3.98825e-05 3.54098e-07 0.000104252 0 12.52429389953613 8.391060829162598 25.00154304504395
1.00181 1.00011 0.640337 0.0998949 0.0500629 0.049832 0.00154365 4.08295e-05 1.73434e-07 6.11822e-05 0 12.52455425262451 8.480732917785645 25.03145980834961
1.00188 1.00002 0.640207 0.0991747 0.0500497 0.049125 0.00178845 4.40921e-05 3.79175e-09 8.34222e-05 0 12.52543640136719 8.569207191467285 25.02486801147461
1.00181 1.00005 0.640297 0.0985937 0.0501145 0.0484792 0.00185041 4.07709e-05 3.2661e-08 4.20246e-05 0 12.52454471588135 8.651442527770996 25.05724906921387
1.0017 1.0001 0.640435 0.0979431 0.050175 0.0477681 0.0023176 3.60322e-05 1.45327e-07 7.32032e-05 0 12.52318000793457 8.742803573608398 25.08749580383301
1.00171 1.00007 0.640403 0.0972784 0.0501579 0.0471206 0.00224331 3.6412e-05 6.01935e-08 6.31315e-05 0 12.52328872680664 8.825923919677734 25.07894325256348
1.00171 1.00005 0.640383 0.0966854 0.0501903 0.0464951 0.0019614 3.67325e-05 2.94844e-08 6.45657e-05 0 12.52338314056396 8.906752586364746 25.09514617919922
1.00169 1.00005 0.640412 0.0960649 0.0501669 0.045898 0.00186075 3.55771e-05 3.54071e-08 5.43199e-05 0 12.52304172515869 8.984642028808594 25.08341026306152
1.00159 0.999939 0.640436 0.0955601 0.0502841 0.045276 0.00413633 3.14646e-05 4.99674e-08 0.000447804 0 12.52180099487305 9.066741943359375 25.14205169677734
1.00142 1.00007 0.640675 0.0950924 0.0503664 0.0447261 0.00379158 2.53726e-05 6.49888e-08 0.000123831 0 12.51977062225342 9.140224456787109 25.18319129943848
1.00128 1.00002 0.64078 0.0944424 0.0502591 0.0441833 0.00359694 2.0587e-05 6.33043e-09 0.000307777 0 12.51800155639648 9.213055610656738 25.12951278686523
1.00152 1.00003 0.640564 0.0938775 0.0501766 0.0437009 0.00231967 2.87498e-05 1.47759e-08 5.90145e-05 0 12.52091598510742 9.276066780090332 25.08831977844238
1.00139 1.00016 0.64076 0.0933153 0.0501765 0.0431388 0.00231922 2.42798e-05 3.25688e-07 6.41474e-05 0 12.51938629150391 9.35224723815918 25.08826637268066
1.00144 1.00009 0.640679 0.0928142 0.0502287 0.0425855 0.00219242 2.57879e-05 1.15768e-07 7.8855e-05 0 12.51990985870361 9.426756858825684 25.11436080932617
1.00141 1.00011 0.640711 0.092191 0.0501486 0.0420424 0.00218313 2.49395e-05 1.52607e-07 0.00013603 0 12.51961708068848 9.500750541687012 25.07433128356934
1.00133 1.00022 0.640861 0.0917422 0.0502174 0.0415248 0.00224546 2.21229e-05 6.35999e-07 0.000142472 0 12.51858520507812 9.572047233581543 25.10869026184082
1.00127 1.00011 0.640854 0.0911588 0.050158 0.0410007 0.00270196 2.00909e-05 1.70467e-07 7.27238e-05 0 12.51781558990479 9.644561767578125 25.07900047302246
1.0012 1.00022 0.640989 0.0905771 0.0501035 0.0404736 0.00246993 1.80171e-05 6.66796e-07 0.000116531 0 12.51696395874023 9.718001365661621 25.05176162719727
1.00112 1.00019 0.641047 0.0900433 0.0501328 0.0399105 0.00263074 1.56683e-05 4.98196e-07 0.000169067 0 12.51595687866211 9.79700756072998 25.06636810302734
1.00109 1.00027 0.641128 0.089505 0.0500855 0.0394195 0.00208807 1.47947e-05 9.83127e-07 6.76149e-05 0 12.51556301116943 9.866129875183105 25.04272842407227
1.00105 1.00031 0.641195 0.0889979 0.0500616 0.0389362 0.00181567 1.36902e-05 1.31258e-06 9.71711e-05 0 12.51504611968994 9.934650421142578 25.03082847595215
1.00108 1.00028 0.64114 0.0885285 0.0500794 0.0384491 0.00264865 1.45321e-05 1.01773e-06 0.000177783 0 12.51543712615967 10.00373077392578 25.03971862792969
1.00099 1.00034 0.641263 0.0879708 0.0500015 0.0379693 0.00214999 1.22672e-05 1.51178e-06 0.000101777 0 12.51434135437012 10.07286071777344 25.00074577331543
1.00101 1.00032 0.641234 0.0874436 0.0499359 0.0375078 0.00188244 1.27465e-05 1.36725e-06 4.73264e-05 0 12.51458549499512 10.1392068862915 24.96793556213379
1.0009 1.00026 0.641301 0.0870087 0.049954 0.0370547 0.00276504 1.0133e-05 9.05966e-07 0.000317402 0 12.51321220397949 10.20541954040527 24.97701072692871
1.00092 1.00029 0.641297 0.0865878 0.0499962 0.0365916 0.00326398 1.06933e-05 1.13061e-06 0.000177293 0 12.51352500915527 10.27277946472168 24.99811363220215
1.00087 1.00039 0.641418 0.0860475 0.0498607 0.0361868 0.0021492 9.40531e-06 2.07216e-06 8.34003e-05 0 12.51280307769775 10.33242988586426 24.93033599853516
1.00079 1.00042 0.641504 0.0856038 0.0498613 0.0357425 0.00255271 7.86543e-06 2.3109e-06 9.68584e-05 0 12.51187419891357 10.39834213256836 24.93062019348145
1.00078 1.00034 0.641471 0.085182 0.0498355 0.0353465 0.00446576 7.52544e-06 1.53855e-06 0.000182299 0 12.5116662979126 10.45716571807861 24.91773223876953
1.00078 1.00042 0.641515 0.0847063 0.0497561 0.0349502 0.00253755 7.68089e-06 2.3498e-06 7.07239e-05 0 12.51176071166992 10.51622772216797 24.8780460357666
1.00068 1.00043 0.641623 0.0843114 0.0497657 0.0345457 0.00260007 5.79846e-06 2.51581e-06 8.59259e-05 0 12.51047992706299 10.57745552062988 24.88285446166992
1.00067 1.00045 0.641646 0.0838683 0.0497081 0.0341602 0.00243943 5.58065e-06 2.70125e-06 4.02214e-05 0 12.51031017303467 10.63567733764648 24.8540153503418
1.00064 1.00041 0.641644 0.0834877 0.0497133 0.0337744 0.00292217 5.14408e-06 2.21315e-06 7.42888e-05 0 12.50997543334961 10.69434642791748 24.85666275024414
1.00061 1.00047 0.641714 0.0830237 0.0496324 0.0333912 0.00295398 4.63038e-06 2.91407e-06 3.87689e-05 0 12.5095682144165 10.75297260284424 24.81619453430176
1.0006 1.00048 0.641729 0.0826268 0.0496082 0.0330186 0.00252228 4.49173e-06 3.03017e-06 0.000107529 0 12.5094518661499 10.81020545959473 24.80410003662109
1.0006 1.00049 0.641734 0.0822197 0.0495617 0.032658 0.00249551 4.50411e-06 3.15285e-06 4.45483e-05 0 12.50946712493896 10.86583995819092 24.78083229064941
1.00051 1.00051 0.641839 0.0818283 0.0495096 0.0323187 0.00256184 3.23518e-06 3.49585e-06 3.58272e-05 0 12.50831699371338 10.91893100738525 24.75479507446289
1.00056 1.00053 0.641803 0.0814194 0.0494385 0.0319809 0.00220801 3.86983e-06 3.71958e-06 7.96622e-05 0 12.50891971588135 10.97137260437012 24.71923446655273
1.00051 1.00052 0.641836 0.0810464 0.0493916 0.0316548 0.00231629 3.31103e-06 3.56564e-06 2.92894e-05 0 12.50838947296143 11.02269458770752 24.69580268859863
1.00048 1.00056 0.641894 0.0806673 0.0493428 0.0313244 0.00203024 2.89566e-06 4.13458e-06 2.03328e-05 0 12.50797557830811 11.07491493225098 24.67140769958496
1.00036 1.00046 0.641946 0.0803708 0.0493816 0.0309892 0.00264373 1.65244e-06 2.84396e-06 9.90463e-05 0 12.50649261474609 11.12859725952148 24.6908073425293
1.0004 1.0006 0.641996 0.0798942 0.0492415 0.0306527 0.00232302 2.01282e-06 4.74319e-06 3.31296e-05 0 12.50698280334473 11.18199825286865 24.62074279785156
1.00042 1.00059 0.641973 0.079615 0.0492948 0.0303202 0.00257121 2.23509e-06 4.67715e-06 0.00012212 0 12.50724124908447 11.23515319824219 24.64742279052734
1.00037 1.0006 0.642026 0.0791751 0.0491728 0.0300023 0.00203657 1.7413e-06 4.80552e-06 7.55609e-05 0 12.50661659240723 11.2865514755249 24.58636093139648
1.00032 1.00064 0.6421 0.0788028 0.0491125 0.0296903 0.00198971 1.31208e-06 5.50846e-06 2.90139e-05 0 12.50600814819336 11.3372917175293 24.55621528625488
1.0003 1.00064 0.642118 0.0784671 0.0490858 0.0293813 0.00238034 1.1578e-06 5.48356e-06 5.01521e-05 0 12.50576400756836 11.38765048980713 24.54290390014648
1.00025 1.00068 0.642197 0.0781414 0.0490527 0.0290888 0.00233108 7.81865e-07 6.21557e-06 8.87666e-05 0 12.50508403778076 11.4357385635376 24.52634811401367
1.00022 1.00067 0.642214 0.0777784 0.0489804 0.0287981 0.00207311 6.2374e-07 5.96107e-06 7.95887e-05 0 12.50474834442139 11.48363494873047 24.49018669128418
1.00022 1.0007 0.642233 0.0774117 0.0489043 0.0285074 0.00190121 6.29626e-07 6.53723e-06 0.00012389 0 12.50477695465088 11.53164291381836 24.45215034484863
1.00019 1.00075 0.642299 0.0770892 0.0488746 0.0282147 0.00206484 4.34517e-07 7.4311e-06 8.74924e-05 0 12.50428676605225 11.58041095733643 24.43727684020996
1.00017 1.00076 0.642319 0.0767331 0.0488006 0.0279325 0.00187046 3.70552e-07 7.62094e-06 2.22975e-05 0 12.50410461425781 11.6275577545166 24.4002799987793
1.00016 1.00075 0.642326 0.0764202 0.0487627 0.0276574 0.00182331 3.25502e-07 7.50489e-06 4.08835e-05 0 12.50398063659668 11.67373085021973 24.38137054443359
1.00011 1.00077 0.642384 0.0760335 0.0486763 0.0273572 0.00234883 1.61741e-07 7.88496e-06 7.18054e-05 0 12.50337600708008 11.72456169128418 24.33815574645996
1.00009 1.00081 0.642435 0.0757374 0.0486517 0.0270857 0.00226791 9.88432e-08 8.78155e-06 0.000198777 0 12.50307464599609 11.77067565917969 24.32586669921875
1.00006 1.00083 0.642477 0.0754035 0.0485844 0.0268191 0.00203015 3.98687e-08 9.14916e-06 0.000146868 0 12.50266933441162 11.81621170043945 24.29220390319824
1.00002 1.00082 0.642502 0.0750615 0.0485089 0.0265526 0.00191051 6.84302e-09 8.91585e-06 0.000172556 0 12.50225353240967 11.86197090148926 24.25442314147949
1.00001 1.00085 0.642535 0.074749 0.0484552 0.0262938 0.0017804 1.53608e-09 9.63253e-06 6.83349e-05 0 12.50209140777588 11.90653324127197 24.22762107849121
1.00001 1.00086 0.642536 0.0744503 0.0484083 0.026042 0.00178451 2.40394e-09 9.77511e-06 5.52221e-05 0 12.5021276473999 11.95002365112305 24.20418167114258
0.999976 1.00087 0.642584 0.0741215 0.0483243 0.0257972 0.00193495 7.11099e-09 1.01888e-05 5.03473e-05 0 12.5016622543335 11.99271678924561 24.16217803955078
0.999943 1.00088 0.64262 0.0737958 0.0482371 0.0255586 0.00164279 4.07356e-08 1.0344e-05 4.41884e-05 0 12.50124931335449 12.03447532653809 24.11855316162109
0.999889 1.00089 0.64268 0.0735077 0.0481903 0.0253174 0.00166787 1.52701e-07 1.06635e-05 2.61015e-05 0 12.50058555603027 12.07698059082031 24.09513282775879
0.999848 1.00094 0.642749 0.0732234 0.0481429 0.0250805 0.00180632 2.89181e-07 1.17283e-05 5.13804e-05 0 12.50006198883057 12.11889266967773 24.07144927978516
0.999805 1.00092 0.642778 0.0730036 0.0481593 0.0248444 0.00174474 4.75949e-07 1.12682e-05 0.000125602 0 12.49952507019043 12.16084861755371 24.07964706420898
0.999726 1.001 0.642904 0.0728754 0.04826 0.0246154 0.00230206 9.41473e-07 1.32441e-05 0.000226937 0 12.49852848052979 12.20188617706299 24.1300220489502
0.999793 1.00101 0.642847 0.072362 0.0479803 0.0243817 0.00222285 5.36751e-07 1.3541e-05 8.83851e-05 0 12.49936485290527 12.24333095550537 23.99015426635742
0.999728 1.00102 0.642919 0.0721911 0.0480433 0.0241478 0.00215324 9.28161e-07 1.39299e-05 0.000116198 0 12.49855804443359 12.28557205200195 24.02164840698242
0.999718 1.001 0.642917 0.0717688 0.0478365 0.0239323 0.0017593 9.94893e-07 1.34556e-05 0.000116131 0 12.49843311309814 12.3244686126709 23.91827964782715
0.999669 1.00103 0.642982 0.0714471 0.0477322 0.0237149 0.00172673 1.37075e-06 1.41971e-05 0.000108919 0 12.49782180786133 12.36404895782471 23.86611366271973
0.999684 1.00105 0.642977 0.0711773 0.0476603 0.0235171 0.00151726 1.25119e-06 1.46275e-05 5.34117e-05 0 12.49800109863281 12.39995193481445 23.83011245727539
0.999662 1.00107 0.643014 0.0709746 0.0476555 0.0233191 0.00168751 1.4276e-06 1.53281e-05 3.14197e-05 0 12.4977388381958 12.4362096786499 23.82773208618164
0.99967 1.00105 0.642992 0.0706776 0.0475466 0.0231309 0.00198355 1.36039e-06 1.4688e-05 7.36456e-05 0 12.49783611297607 12.47068881988525 23.77333641052246
0.999619 1.00111 0.643079 0.0704024 0.0474556 0.0229468 0.00192545 1.8163e-06 1.63666e-05 3.98151e-05 0 12.49718856811523 12.50480937957764 23.72780990600586
0.999512 1.00103 0.64313 0.0701734 0.0474146 0.0227588 0.00252418 2.98234e-06 1.4069e-05 0.00015463 0 12.49585723876953 12.54001426696777 23.70731544494629
0.999534 1.00116 0.643195 0.0699017 0.0473151 0.0225867 0.00205296 2.71671e-06 1.79623e-05 5.30194e-05 0 12.49613285064697 12.57187080383301 23.65752792358398
0.999556 1.00115 0.643164 0.0696323 0.0472309 0.0224014 0.00181707 2.45915e-06 1.75401e-05 6.55572e-05 0 12.49641990661621 12.6063060760498 23.615478515625
0.999528 1.00117 0.643203 0.0693846 0.0471558 0.0222288 0.00162513 2.78135e-06 1.81337e-05 2.17646e-05 0 12.49606895446777 12.63869762420654 23.57788848876953
0.999391 1.00115 0.643327 0.0692464 0.047189 0.0220573 0.00472585 4.63328e-06 1.77333e-05 0.00023307 0 12.49434566497803 12.67147445678711 23.59451484680176
0.999385 1.00115 0.643331 0.0690504 0.0471269 0.0219235 0.00324893 4.73524e-06 1.76151e-05 8.81914e-05 0 12.4942626953125 12.69673252105713 23.56347846984863
0.999421 1.00121 0.643336 0.0688034 0.0470222 0.0217812 0.00264795 4.18489e-06 1.95738e-05 3.30619e-05 0 12.49473190307617 12.72346591949463 23.51109886169434
0.999443 1.0012 0.643311 0.0685944 0.046953 0.0216414 0.00246848 3.88528e-06 1.93641e-05 2.58678e-05 0 12.49499130249023 12.74989128112793 23.47647857666016
0.999415 1.00126 0.643375 0.0684127 0.0469039 0.0215088 0.00257096 4.28551e-06 2.12671e-05 3.7655e-05 0 12.4946346282959 12.77524757385254 23.45195007324219
0.999388 1.00124 0.643388 0.0682171 0.0468456 0.0213715 0.00225405 4.68322e-06 2.05832e-05 6.17216e-05 0 12.49431133270264 12.80154991149902 23.4228343963623
0.99938 1.00128 0.643419 0.0680233 0.0467822 0.0212411 0.00221666 4.81013e-06 2.17863e-05 3.64019e-05 0 12.49420642852783 12.82654666900635 23.39108848571777
0.999358 1.00129 0.643449 0.0678392 0.0467247 0.0211145 0.00224333 5.15397e-06 2.22497e-05 2.50231e-05 0 12.49393081665039 12.85093402862549 23.36233711242676
0.999384 1.00127 0.643409 0.0676715 0.0466837 0.0209878 0.00248183 4.73827e-06 2.15124e-05 4.09663e-05 0 12.4942626953125 12.87524032592773 23.34187507629395
0.99936 1.00136 0.643491 0.067538 0.0466622 0.0208759 0.00212554 5.11985e-06 2.46902e-05 3.79763e-05 0 12.49396228790283 12.8969669342041 23.33109283447266
0.999368 1.00131 0.643452 0.0673461 0.0465776 0.0207685 0.00191358 4.99049e-06 2.29477e-05 4.54188e-05 0 12.49405765533447 12.91772270202637 23.28879928588867
0.999372 1.00136 0.643477 0.0672378 0.0465774 0.0206604 0.00180845 4.9369e-06 2.45176e-05 6.83973e-05 0 12.49410629272461 12.93869113922119 23.28872489929199
0.999307 1.00138 0.643552 0.067073 0.0465055 0.0205675 0.0019599 6.00244e-06 2.5273e-05 3.25901e-05 0 12.49329948425293 12.9570369720459 23.25275230407715
0.999364 1.00138 0.643498 0.0669266 0.04645 0.0204766 0.00172046 5.05474e-06 2.53064e-05 1.79539e-05 0 12.49401092529297 12.97454452514648 23.22501182556152
0.99937 1.00139 0.643499 0.0668088 0.0464173 0.0203915 0.00158235 4.95775e-06 2.57068e-05 2.31883e-05 0 12.49408626556396 12.99114894866943 23.20864868164062
0.999368 1.00142 0.643521 0.0666961 0.046384 0.020312 0.00154813 4.98707e-06 2.68871e-05 2.31258e-05 0 12.49406623840332 13.0067138671875 23.19201469421387
0.999409 1.00142 0.643483 0.0665932 0.0463564 0.0202367 0.00156021 4.36581e-06 2.69575e-05 1.86837e-05 0 12.49457550048828 13.02133655548096 23.17823219299316
0.99935 1.00145 0.64356 0.06651 0.0463457 0.0201643 0.00251632 5.27547e-06 2.81883e-05 6.0892e-05 0 12.49384307861328 13.03580760955811 23.17285346984863
0.999351 1.00147 0.643568 0.0664296 0.0463339 0.0200956 0.00207077 5.25935e-06 2.87299e-05 2.39692e-05 0 12.49385166168213 13.04933547973633 23.16696357727051
0.999417 1.00145 0.643497 0.0663844 0.0463477 0.0200367 0.00206621 4.2544e-06 2.82428e-05 6.16672e-05 0 12.49466228485107 13.06068992614746 23.173828125
0.99941 1.00149 0.643529 0.0663318 0.0463433 0.0199885 0.00182061 4.35603e-06 2.97633e-05 2.26901e-05 0 12.49457836151123 13.07024383544922 23.17165565490723
0.999388 1.00151 0.643558 0.0662636 0.0463119 0.0199518 0.00188899 4.6878e-06 3.02623e-05 3.03809e-05 0 12.49430370330811 13.07761096954346 23.15594863891602
0.999449 1.0015 0.643497 0.0662386 0.0463219 0.0199167 0.00182643 3.7985e-06 3.01552e-05 6.21709e-05 0 12.49507522583008 13.08429145812988 23.16092681884766
0.999479 1.00152 0.643477 0.0662981 0.0464104 0.0198877 0.00171132 3.38832e-06 3.07167e-05 7.12879e-05 0 12.49545860290527 13.08992671966553 23.20522880554199
0.999498 1.00151 0.643453 0.06632 0.0464566 0.0198635 0.00161105 3.15652e-06 3.03227e-05 3.76287e-05 0 12.49568176269531 13.094651222229 23.22828483581543
0.999517 1.00153 0.643446 0.0662171 0.0463714 0.0198458 0.00167557 2.92109e-06 3.10612e-05 6.77369e-05 0 12.49591445922852 13.09809875488281 23.1856861114502
0.99956 1.00151 0.643394 0.0661698 0.0463366 0.0198333 0.00162705 2.42078e-06 3.03919e-05 4.27848e-05 0 12.49646949768066 13.10040283203125 23.16828346252441
0.999559 1.0015 0.643387 0.0662393 0.0464152 0.0198241 0.00147965 2.43297e-06 2.99296e-05 1.82039e-05 0 12.49643707275391 13.1022253036499 23.20760345458984
0.999577 1.00155 0.643401 0.0661762 0.0463612 0.0198151 0.00147459 2.23892e-06 3.19026e-05 0.000158916 0 12.49667358398438 13.10394191741943 23.18058586120605
0.999579 1.00153 0.643389 0.066241 0.0464318 0.0198092 0.00148969 2.2143e-06 3.12592e-05 0.000129529 0 12.4966983795166 13.10509490966797 23.21589660644531
0.999616 1.00157 0.64338 0.0661811 0.0463782 0.0198029 0.0013812 1.8397e-06 3.30018e-05 7.18825e-05 0 12.4971752166748 13.1062068939209 23.18911170959473
0.999613 1.00154 0.643359 0.0661756 0.046378 0.0197975 0.00129301 1.87062e-06 3.14598e-05 5.45697e-05 0 12.49712371826172 13.10728454589844 23.18902397155762
0.999571 1.0015 0.643377 0.0662051 0.0464085 0.0197966 0.0017869 2.30047e-06 3.00263e-05 0.000114173 0 12.49660110473633 13.10763168334961 23.2042407989502
0.999554 1.0015 0.643392 0.0662317 0.0464343 0.0197974 0.0013778 2.49162e-06 2.9906e-05 7.49093e-05 0 12.49638557434082 13.10754871368408 23.2171573638916
0.999602 1.00153 0.643368 0.0661778 0.0463854 0.0197925 0.00145558 1.98412e-06 3.13391e-05 0.000148485 0 12.49698066711426 13.10833740234375 23.19269752502441
0.999621 1.00155 0.643358 0.0661543 0.0463685 0.0197858 0.00124165 1.7932e-06 3.19041e-05 6.73576e-05 0 12.49722957611084 13.10959053039551 23.18424987792969
0.999644 1.00153 0.643326 0.0661319 0.0463493 0.0197826 0.00121832 1.58491e-06 3.12748e-05 1.8808e-05 0 12.49750804901123 13.11012935638428 23.17462730407715
0.999644 1.00154 0.643332 0.0661362 0.046356 0.0197802 0.00114565 1.58664e-06 3.16234e-05 5.67685e-06 0 12.4975118637085 13.11059951782227 23.17800140380859
0.999647 1.00153 0.643326 0.0661382 0.0463598 0.0197784 0.00109324 1.55859e-06 3.14e-05 3.29216e-06 0 12.49755001068115 13.11095428466797 23.1799259185791
0.999657 1.00154 0.643319 0.0661459 0.04637 0.0197759 0.00109897 1.47161e-06 3.15675e-05 9.57498e-06 0 12.4976634979248 13.11140823364258 23.18499183654785
0.999685 1.00157 0.643311 0.0662272 0.0464562 0.0197709 0.00116743 1.23885e-06 3.28645e-05 5.49462e-05 0 12.49802207946777 13.11229228973389 23.22812080383301
0.999665 1.00154 0.643315 0.0661595 0.0463875 0.0197721 0.00107544 1.3998e-06 3.18485e-05 0.000180182 0 12.49777603149414 13.11214637756348 23.1937370300293
0.999649 1.00151 0.643309 0.0661581 0.0463843 0.0197738 0.00102504 1.53673e-06 3.04842e-05 0.000231199 0 12.49758529663086 13.11186408996582 23.19215965270996
0.999654 1.00149 0.643289 0.0662403 0.0464689 0.0197714 0.000987802 1.49655e-06 2.95625e-05 9.79044e-05 0 12.49763679504395 13.11232662200928 23.23446083068848
0.999663 1.00149 0.643283 0.0662698 0.0465005 0.0197694 0.000957242 1.42015e-06 2.97239e-05 3.58999e-05 0 12.49773597717285 13.11268997192383 23.25023460388184
0.999655 1.00156 0.643334 0.0661461 0.0463751 0.019771 0.000949099 1.48417e-06 3.24611e-05 0.000184114 0 12.49766063690186 13.11238765716553 23.18755340576172
0.999673 1.00156 0.64332 0.0661266 0.0463575 0.0197691 0.000915832 1.33511e-06 3.26702e-05 0.000230912 0 12.49787616729736 13.11269187927246 23.17877388000488
0.999693 1.00157 0.643301 0.066217 0.046451 0.0197659 0.000888304 1.18001e-06 3.26816e-05 8.57928e-05 0 12.49811744689941 13.11324787139893 23.22551918029785
0.999691 1.00155 0.643295 0.0662324 0.0464672 0.0197651 0.00111762 1.19381e-06 3.21412e-05 0.000179023 0 12.49810218811035 13.11342525482178 23.23362922668457
0.999682 1.00154 0.643297 0.0661384 0.046371 0.0197674 0.00090369 1.26389e-06 3.17212e-05 4.46105e-05 0 12.49798774719238 13.11301040649414 23.18548965454102
0.999676 1.00155 0.643305 0.0661115 0.046347 0.0197645 0.000926597 1.31572e-06 3.18543e-05 2.08375e-05 0 12.49790382385254 13.11360454559326 23.17349624633789
0.999633 1.00156 0.643356 0.0661276 0.0463663 0.0197614 0.00126236 1.68192e-06 3.25251e-05 2.54979e-05 0 12.49736785888672 13.11440277099609 23.18312835693359
0.999649 1.00155 0.643334 0.0661239 0.0463659 0.019758 0.00120762 1.53888e-06 3.20862e-05 2.53954e-05 0 12.49757766723633 13.114990234375 23.18293571472168
0.999593 1.00157 0.643401 0.0661338 0.0463722 0.0197615 0.00152582 2.07559e-06 3.28991e-05 3.2244e-05 0 12.49687004089355 13.11452198028564 23.18612289428711
0.999657 1.00152 0.64331 0.0661046 0.0463457 0.0197589 0.00117186 1.47416e-06 3.09791e-05 1.81854e-05 0 12.4976692199707 13.11479091644287 23.1728687286377
0.999641 1.00152 0.643323 0.0661784 0.0464231 0.0197552 0.00105738 1.61456e-06 3.08322e-05 3.90615e-05 0 12.49746990203857 13.11558246612549 23.21158409118652
0.999617 1.00155 0.643363 0.0661232 0.0463681 0.0197552 0.00167493 1.8325e-06 3.19633e-05 0.000190058 0 12.4971809387207 13.11569023132324 23.18403816223145
0.999656 1.00156 0.643336 0.0661886 0.0464333 0.0197553 0.00123548 1.47838e-06 3.26264e-05 3.40526e-05 0 12.49767303466797 13.11550807952881 23.21661567687988
0.999658 1.00155 0.643323 0.0661564 0.0464031 0.0197533 0.00121908 1.46293e-06 3.19432e-05 5.63195e-05 0 12.49767971038818 13.11589336395264 23.2015323638916
0.999669 1.00154 0.643308 0.0661 0.04635 0.01975 0.00108511 1.36569e-06 3.16953e-05 5.37039e-06 0 12.49782848358154 13.11651515960693 23.17500305175781
0.999669 1.00154 0.643305 0.0660883 0.0463383 0.01975 0.00100563 1.36725e-06 3.14593e-05 1.68238e-06 0 12.49783229827881 13.11650848388672 23.16913032531738
0.999669 1.00154 0.643305 0.0660833 0.0463334 0.0197499 0.000952114 1.37039e-06 3.14478e-05 3.04145e-06 0 12.49782085418701 13.11653518676758 23.16670227050781
0.999665 1.00154 0.643312 0.0660831 0.0463325 0.0197506 0.000911874 1.39889e-06 3.1699e-05 5.20879e-06 0 12.49778079986572 13.11641025543213 23.16622352600098
0.999668 1.00155 0.643318 0.066092 0.0463417 0.0197503 0.0008723 1.37738e-06 3.22025e-05 0.000143623 0 12.49781799316406 13.11645984649658 23.17086601257324
0.99967 1.00154 0.643306 0.0661066 0.0463574 0.0197491 0.000882006 1.35838e-06 3.15798e-05 4.69123e-05 0 12.49783706665039 13.11668109893799 23.17868995666504
0.9996 1.00144 0.643309 0.0661783 0.0464283 0.01975 0.00147639 1.99614e-06 2.76283e-05 0.000159272 0 12.4969596862793 13.11677551269531 23.2141284942627
0.999614 1.00153 0.643357 0.0661254 0.0463694 0.019756 0.00101368 1.86282e-06 3.13731e-05 1.25006e-05 0 12.49713516235352 13.11554336547852 23.18472480773926
0.999646 1.00153 0.643322 0.0661078 0.0463545 0.0197533 0.000903813 1.56323e-06 3.11284e-05 2.20577e-05 0 12.49754238128662 13.11594390869141 23.17723083496094
0.999664 1.00154 0.643316 0.0660948 0.0463437 0.0197511 0.000841717 1.41083e-06 3.1847e-05 7.9987e-06 0 12.49776268005371 13.11631298065186 23.17185020446777
0.999671 1.00154 0.643305 0.0660773 0.046328 0.0197493 0.000801294 1.35518e-06 3.15326e-05 2.21148e-05 0 12.49784469604492 13.11664199829102 23.16399192810059
0.999672 1.00153 0.6433 0.0660755 0.0463279 0.0197476 0.000811952 1.34408e-06 3.13091e-05 3.89171e-05 0 12.49786376953125 13.11697769165039 23.16395378112793
0.999681 1.00155 0.643304 0.0661413 0.0463967 0.0197446 0.000760466 1.27185e-06 3.21169e-05 6.30474e-05 0 12.49796962738037 13.11754131317139 23.19832611083984
0.999682 1.00154 0.643297 0.0661503 0.0464074 0.0197429 0.000757279 1.26159e-06 3.17387e-05 4.05637e-05 0 12.49798393249512 13.11788463592529 23.20368194580078
0.999673 1.00155 0.643312 0.0660873 0.046346 0.0197413 0.000752185 1.33638e-06 3.2119e-05 0.00010516 0 12.49786758422852 13.1182222366333 23.17297744750977
0.999672 1.00152 0.643291 0.066102 0.0463605 0.0197415 0.000738743 1.34608e-06 3.07048e-05 2.12441e-05 0 12.49785327911377 13.11819744110107 23.18023300170898
0.999677 1.00153 0.643291 0.066073 0.0463303 0.0197427 0.000727345 1.30707e-06 3.10462e-05 1.25407e-05 0 12.49791812896729 13.11792182922363 23.16513824462891
0.999685 1.00155 0.643296 0.0660686 0.0463282 0.0197404 0.000684108 1.24011e-06 3.18862e-05 1.42138e-06 0 12.49802875518799 13.11835479736328 23.16412353515625
0.999687 1.00154 0.643291 0.0660654 0.0463276 0.0197378 0.00065251 1.22859e-06 3.16289e-05 2.63931e-06 0 12.49803924560547 13.11887454986572 23.16380500793457
0.999686 1.00155 0.643296 0.066066 0.04633 0.019736 0.00062717 1.23148e-06 3.19387e-05 9.98735e-06 0 12.49803733825684 13.11922931671143 23.16497421264648
0.999686 1.00153 0.643283 0.0661032 0.0463692 0.019734 0.000606281 1.22956e-06 3.11121e-05 6.39256e-05 0 12.4980354309082 13.11962795257568 23.18457794189453
0.99967 1.00155 0.643311 0.0661153 0.0463816 0.0197337 0.000626947 1.36065e-06 3.19171e-05 3.26113e-05 0 12.49782943725586 13.11974334716797 23.19079780578613
0.999682 1.00154 0.643296 0.0660607 0.0463273 0.0197334 0.000589756 1.26397e-06 3.16546e-05 0.000109361 0 12.49797534942627 13.11977577209473 23.16364097595215
0.999685 1.00153 0.643288 0.0660911 0.0463602 0.0197309 0.000567147 1.24364e-06 3.13391e-05 2.38043e-05 0 12.49802017211914 13.12024974822998 23.18011283874512
0.999659 1.00156 0.64333 0.0661368 0.0464095 0.0197273 0.00108481 1.45646e-06 3.24276e-05 3.6635e-05 0 12.49768924713135 13.1210823059082 23.20475578308105
0.999695 1.00154 0.643281 0.0660721 0.0463506 0.0197215 0.000845479 1.16112e-06 3.15357e-05 8.41684e-05 0 12.49814319610596 13.12206745147705 23.1752815246582
0.999627 1.00158 0.643376 0.0661411 0.0464198 0.0197213 0.000943767 1.73488e-06 3.34299e-05 8.09435e-05 0 12.49730682373047 13.12238693237305 23.20989418029785
0.999676 1.00155 0.643307 0.0661574 0.0464395 0.0197179 0.000840743 1.30858e-06 3.2057e-05 7.06852e-05 0 12.49791431427002 13.1228609085083 23.21972274780273
0.999633 1.00155 0.643347 0.0661084 0.0463917 0.0197167 0.000940433 1.67978e-06 3.1955e-05 0.000325179 0 12.4973840713501 13.12328910827637 23.19586181640625
0.999668 1.00155 0.643318 0.0661091 0.046395 0.0197141 0.000822904 1.38007e-06 3.22055e-05 0.000106183 0 12.49780082702637 13.12365818023682 23.19746017456055
0.999678 1.00155 0.643307 0.0661084 0.0463969 0.0197115 0.000815163 1.29775e-06 3.20946e-05 3.1238e-05 0 12.49791812896729 13.12414741516113 23.19846153259277
0.999668 1.00153 0.643305 0.0660846 0.0463762 0.0197084 0.000830674 1.38044e-06 3.13389e-05 5.42557e-05 0 12.4978084564209 13.12478923797607 23.18812370300293
0.999657 1.0015 0.643296 0.0660983 0.0463924 0.0197059 0.000822687 1.47019e-06 3.01431e-05 9.25687e-05 0 12.49767112731934 13.12533378601074 23.1961727142334
0.999669 1.00153 0.643302 0.06606 0.0463575 0.0197025 0.000763884 1.36961e-06 3.12333e-05 2.58148e-05 0 12.49782276153564 13.12597846984863 23.17875480651855
0.999679 1.00154 0.643298 0.0660552 0.0463568 0.0196984 0.000740562 1.28513e-06 3.16261e-05 9.84307e-06 0 12.49795532226562 13.12674427032471 23.17841529846191
0.999677 1.00153 0.643296 0.0660529 0.0463571 0.0196959 0.000696207 1.30218e-06 3.13614e-05 3.94636e-06 0 12.49792098999023 13.12725353240967 23.17854309082031
0.99968 1.00153 0.64329 0.0660567 0.0463654 0.0196913 0.000670207 1.27704e-06 3.1179e-05 7.89616e-06 0 12.49796581268311 13.1281566619873 23.18272018432617
0.999685 1.00154 0.643293 0.0660645 0.0463765 0.019688 0.000649677 1.24023e-06 3.16632e-05 2.63746e-06 0 12.49802589416504 13.1288013458252 23.18824195861816
0.999686 1.00154 0.643293 0.0660513 0.0463668 0.0196845 0.000641313 1.2349e-06 3.16861e-05 1.04604e-05 0 12.49803066253662 13.12948226928711 23.18342018127441
0.99969 1.00154 0.643287 0.0660417 0.0463633 0.0196783 0.000674955 1.20472e-06 3.15774e-05 2.73148e-06 0 12.49807357788086 13.13070583343506 23.18165969848633
0.999692 1.00154 0.643284 0.0660524 0.0463776 0.0196748 0.000624611 1.18958e-06 3.1517e-05 1.57738e-06 0 12.49811458587646 13.1314001083374 23.18877029418945
0.999695 1.00154 0.64328 0.0660359 0.0463634 0.0196724 0.000630956 1.16144e-06 3.14835e-05 1.83166e-05 0 12.49814510345459 13.13184833526611 23.18170738220215
0.999693 1.00158 0.643308 0.0661026 0.0464346 0.019668 0.000676159 1.17783e-06 3.31481e-05 3.55785e-05 0 12.498122215271 13.13275051116943 23.21729850769043
0.999686 1.00155 0.643296 0.0660329 0.0463662 0.0196667 0.00062568 1.22894e-06 3.19702e-05 1.1844e-05 0 12.49804401397705 13.13303089141846 23.1831111907959
0.999693 1.00154 0.643287 0.0660257 0.0463619 0.0196637 0.000628877 1.17542e-06 3.18203e-05 4.69291e-06 0 12.49812984466553 13.13358879089355 23.18097305297852
0.999685 1.00154 0.643291 0.0660218 0.0463622 0.0196596 0.000596957 1.23792e-06 3.15445e-05 3.01961e-06 0 12.49802684783936 13.13444709777832 23.18110847473145
0.9997 1.00159 0.643307 0.0660236 0.0463683 0.0196553 0.00058387 1.12286e-06 3.35466e-05 5.97286e-05 0 12.49821376800537 13.13524532318115 23.18412208557129
0.999675 1.00151 0.64328 0.0660694 0.0464176 0.0196517 0.000565368 1.32224e-06 3.02419e-05 7.1484e-05 0 12.49789237976074 13.13605308532715 23.20882415771484
0.999677 1.00152 0.643284 0.0660677 0.0464186 0.0196491 0.000605125 1.30061e-06 3.06555e-05 0.000102482 0 12.49792957305908 13.13657474517822 23.20928382873535
0.999698 1.00156 0.643292 0.0660703 0.0464272 0.019643 0.000550375 1.14176e-06 3.23735e-05 7.58964e-05 0 12.49818897247314 13.13769721984863 23.21361351013184
0.999701 1.00154 0.643279 0.0660574 0.0464186 0.0196388 0.000530882 1.12101e-06 3.17341e-05 0.000135558 0 12.49821949005127 13.13852977752686 23.20928955078125
0.999647 1.00152 0.643317 0.0661168 0.0464816 0.0196352 0.000943883 1.55398e-06 3.09015e-05 8.27539e-05 0 12.49754333496094 13.13945960998535 23.24080467224121
0.999683 1.00149 0.643264 0.0660551 0.0464234 0.0196316 0.000762429 1.25739e-06 2.97206e-05 0.000109004 0 12.49798679351807 13.14002513885498 23.21170806884766
0.999671 1.00155 0.643312 0.0660887 0.0464595 0.0196292 0.000692702 1.35486e-06 3.2025e-05 7.66444e-05 0 12.49784374237061 13.14055824279785 23.22972297668457
0.999688 1.00155 0.643293 0.0660301 0.046404 0.0196261 0.00066343 1.21967e-06 3.18635e-05 0.000112569 0 12.49804782867432 13.14110660552979 23.20199584960938
0.999674 1.00152 0.643288 0.0660596 0.0464381 0.0196215 0.000628268 1.32665e-06 3.0715e-05 2.7138e-05 0 12.49788379669189 13.14209079742432 23.21904373168945
0.999668 1.00152 0.643296 0.0660254 0.0464074 0.019618 0.000614705 1.37767e-06 3.08199e-05 9.69737e-05 0 12.49780941009521 13.14280986785889 23.20372009277344
0.999673 1.00155 0.643314 0.0660662 0.0464536 0.0196126 0.000628235 1.33886e-06 3.22466e-05 1.50957e-05 0 12.49787044525146 13.14386463165283 23.22680854797363
0.999686 1.00158 0.643319 0.0659946 0.0463843 0.0196103 0.000582315 1.23473e-06 3.33762e-05 0.000114359 0 12.49803256988525 13.14427947998047 23.19215774536133
0.999695 1.00159 0.643315 0.0660085 0.0464035 0.019605 0.000558933 1.16266e-06 3.37563e-05 8.0994e-05 0 12.49813747406006 13.14528656005859 23.20172500610352
0.99968 1.00155 0.643305 0.0660265 0.046425 0.0196016 0.000535531 1.28307e-06 3.20845e-05 4.18096e-05 0 12.49795341491699 13.14605331420898 23.21249198913574
0.999685 1.00154 0.643294 0.0660083 0.0464117 0.0195966 0.000532585 1.24416e-06 3.16876e-05 1.55161e-05 0 12.49801254272461 13.14702320098877 23.20588874816895
0.999674 1.00154 0.643302 0.0660074 0.0464149 0.0195925 0.000512469 1.33195e-06 3.15425e-05 2.69852e-05 0 12.49787616729736 13.14788627624512 23.20746612548828
0.999678 1.00153 0.643291 0.0660433 0.0464559 0.0195875 0.000540375 1.29317e-06 3.11037e-05 3.39112e-05 0 12.49794673919678 13.14885711669922 23.22793769836426
0.999676 1.00155 0.643307 0.0660173 0.0464346 0.0195827 0.000521469 1.31644e-06 3.19641e-05 0.000138162 0 12.4979076385498 13.14983558654785 23.21732139587402
0.999669 1.00153 0.6433 0.066026 0.0464486 0.0195773 0.000777089 1.37275e-06 3.11319e-05 0.00011403 0 12.49782276153564 13.15093326568604 23.22433471679688
0.999649 1.0015 0.643305 0.0660576 0.046481 0.0195766 0.000656632 1.53899e-06 3.02158e-05 7.88635e-05 0 12.49757480621338 13.15113544464111 23.24050140380859
0.999664 1.00152 0.643299 0.0660411 0.04647 0.019571 0.000586276 1.41046e-06 3.0749e-05 3.66803e-05 0 12.49777030944824 13.15219402313232 23.23502731323242
0.999672 1.00155 0.643313 0.0660396 0.0464741 0.0195655 0.000566823 1.34547e-06 3.21482e-05 2.60239e-05 0 12.49786186218262 13.15328502655029 23.23705291748047
0.999668 1.00155 0.643313 0.0659849 0.0464254 0.0195595 0.000721228 1.3787e-06 3.18802e-05 0.000100132 0 12.49780368804932 13.15450000762939 23.21270370483398
0.999662 1.00156 0.643326 0.0659999 0.0464441 0.0195558 0.000674385 1.42956e-06 3.23596e-05 6.40011e-05 0 12.4977388381958 13.15525245666504 23.22202301025391
0.999666 1.00155 0.643314 0.0660172 0.0464686 0.0195486 0.000670415 1.39074e-06 3.18826e-05 3.76961e-05 0 12.49779796600342 13.15668392181396 23.23432731628418
0.999662 1.00154 0.643316 0.0659581 0.0464155 0.0195427 0.000624453 1.4285e-06 3.16867e-05 0.000152326 0 12.49773693084717 13.15788173675537 23.20771980285645
0.999674 1.00156 0.643315 0.0659575 0.0464208 0.0195367 0.000585174 1.32586e-06 3.23952e-05 5.55733e-05 0 12.49789237976074 13.15902137756348 23.21039772033691
0.999664 1.00155 0.643318 0.0659857 0.0464546 0.019531 0.000572221 1.40775e-06 3.20118e-05 6.77642e-05 0 12.49776840209961 13.16020202636719 23.22732353210449
0.999668 1.00154 0.643312 0.0659755 0.0464495 0.019526 0.000552697 1.37899e-06 3.18256e-05 5.09947e-05 0 12.49780941009521 13.16120433807373 23.22476959228516
0.999667 1.00154 0.643312 0.0659474 0.0464268 0.0195206 0.000544744 1.38561e-06 3.17612e-05 3.13587e-05 0 12.49779605865479 13.1622838973999 23.21339797973633
0.999662 1.00159 0.643345 0.0659668 0.0464517 0.0195151 0.000558154 1.42844e-06 3.36132e-05 6.05235e-05 0 12.49773693084717 13.16339778900146 23.22585105895996
0.999667 1.00155 0.643318 0.0659442 0.0464356 0.0195086 0.000527372 1.39008e-06 3.21128e-05 0.000108431 0 12.4977912902832 13.16467666625977 23.21778106689453
0.999673 1.00154 0.643305 0.0659487 0.046447 0.0195017 0.000525554 1.34013e-06 3.17015e-05 4.25046e-05 0 12.49786376953125 13.16603565216064 23.22347068786621
0.999667 1.00154 0.643309 0.065933 0.0464371 0.0194959 0.000524431 1.38704e-06 3.15659e-05 6.88864e-05 0 12.4977970123291 13.16722583770752 23.21857643127441
0.999668 1.00155 0.643312 0.0659308 0.0464405 0.0194902 0.000495623 1.37725e-06 3.18665e-05 3.35013e-05 0 12.49781322479248 13.16834163665771 23.22026824951172
0.999622 1.00156 0.643366 0.0659324 0.0464491 0.0194833 0.000723028 1.7871e-06 3.24173e-05 6.21307e-06 0 12.49722862243652 13.1699104309082 23.22455406188965
0.999666 1.00157 0.643328 0.0659245 0.0464456 0.0194789 0.000679969 1.39065e-06 3.27569e-05 5.6202e-05 0 12.49779510498047 13.17062854766846 23.22278594970703
0.999623 1.0016 0.643392 0.0659022 0.0464273 0.0194748 0.000759152 1.78052e-06 3.42018e-05 1.32472e-05 0 12.49723625183105 13.17159748077393 23.21366310119629
0.999624 1.00153 0.643345 0.06592 0.0464519 0.0194681 0.000736213 1.76986e-06 3.11974e-05 8.96655e-05 0 12.49726009368896 13.17295169830322 23.2259578704834
0.999658 1.00154 0.64332 0.0658961 0.0464357 0.0194604 0.000670468 1.45876e-06 3.17358e-05 3.85922e-06 0 12.49769115447998 13.17436981201172 23.21785354614258
0.999658 1.00156 0.643331 0.0659543 0.0465021 0.0194522 0.000637456 1.4623e-06 3.24547e-05 1.99738e-05 0 12.4976806640625 13.17601299285889 23.25105285644531
0.999646 1.00155 0.643334 0.0659468 0.046501 0.0194458 0.00063298 1.56612e-06 3.18816e-05 3.51046e-05 0 12.49753952026367 13.17734718322754 23.25048637390137
0.999648 1.00154 0.643326 0.0658927 0.0464542 0.0194384 0.00062686 1.55106e-06 3.14574e-05 3.50615e-05 0 12.49755954742432 13.17879772186279 23.22712516784668
0.999659 1.00155 0.643326 0.0658797 0.04645 0.0194297 0.000593015 1.45514e-06 3.21514e-05 1.83868e-05 0 12.49768924713135 13.18052196502686 23.22502708435059
0.999659 1.00155 0.643325 0.0658713 0.0464496 0.0194217 0.000570031 1.45327e-06 3.21233e-05 2.73427e-06 0 12.49769401550293 13.18211364746094 23.22480010986328
0.999658 1.00155 0.643323 0.0658659 0.0464527 0.0194132 0.000562062 1.45949e-06 3.19255e-05 1.9418e-06 0 12.49768829345703 13.18381881713867 23.2263298034668
0.999655 1.00155 0.643328 0.0658599 0.0464554 0.0194045 0.000602058 1.48548e-06 3.20983e-05 1.62134e-06 0 12.49764728546143 13.18558406829834 23.22768211364746
0.99966 1.00155 0.643323 0.0658545 0.046457 0.0193975 0.000560391 1.44729e-06 3.20295e-05 9.68396e-07 0 12.49770736694336 13.18698596954346 23.22852325439453
0.999655 1.00154 0.643325 0.0658512 0.0464609 0.0193903 0.000560876 1.4887e-06 3.18282e-05 2.79658e-06 0 12.49764156341553 13.18843078613281 23.2304630279541
0.999663 1.00155 0.64332 0.0658655 0.0464841 0.0193814 0.000621212 1.4164e-06 3.20702e-05 5.84138e-06 0 12.4977502822876 13.19018459320068 23.24205780029297
0.999663 1.00154 0.643314 0.0658678 0.0464955 0.0193723 0.000695468 1.41808e-06 3.16931e-05 1.75515e-05 0 12.49774646759033 13.1920166015625 23.24774169921875
0.999655 1.00154 0.64332 0.0658706 0.0465051 0.0193655 0.000673339 1.49119e-06 3.15243e-05 3.60243e-05 0 12.49764823913574 13.19341373443604 23.25255584716797
0.999648 1.00156 0.64334 0.0658395 0.046481 0.0193585 0.000609229 1.54514e-06 3.24185e-05 1.35233e-05 0 12.49756622314453 13.19484233856201 23.24052238464355
0.999653 1.00154 0.643323 0.0658358 0.0464858 0.01935 0.000907395 1.5067e-06 3.16084e-05 1.52519e-05 0 12.49761486053467 13.19653701782227 23.2429313659668
0.999642 1.00154 0.643336 0.0658277 0.0464832 0.0193444 0.00076489 1.60171e-06 3.17642e-05 7.51548e-06 0 12.49748134613037 13.19769382476807 23.24160575866699
0.999639 1.00155 0.643342 0.0658197 0.046484 0.0193357 0.000671613 1.62492e-06 3.19669e-05 2.75039e-06 0 12.49745559692383 13.1994514465332 23.24197769165039
0.999637 1.00155 0.643346 0.0658216 0.046495 0.0193266 0.000657201 1.64518e-06 3.20868e-05 1.1121e-05 0 12.4974193572998 13.20129489898682 23.24748611450195
0.999614 1.00156 0.643377 0.0658128 0.0464937 0.0193191 0.000670148 1.86508e-06 3.26195e-05 9.256e-06 0 12.49713325500488 13.20288467407227 23.246826171875
0.999629 1.00155 0.643356 0.0658104 0.0464961 0.0193142 0.000680983 1.71636e-06 3.22629e-05 1.57098e-05 0 12.49732875823975 13.20381736755371 23.24806022644043
0.999609 1.00154 0.643364 0.0658038 0.046498 0.0193058 0.000856582 1.90656e-06 3.15445e-05 1.30754e-05 0 12.4970817565918 13.2055835723877 23.24897766113281
0.999598 1.00156 0.643389 0.0658008 0.0465101 0.0192907 0.00115114 2.02146e-06 3.24654e-05 1.42709e-05 0 12.49693584442139 13.20866203308105 23.25501251220703
0.999578 1.00156 0.64341 0.0657939 0.0465054 0.0192885 0.00097841 2.22208e-06 3.25602e-05 8.1032e-06 0 12.49668788909912 13.20919036865234 23.25271415710449
0.999595 1.00155 0.643389 0.0657887 0.0465093 0.0192794 0.000885066 2.05005e-06 3.22343e-05 4.97612e-06 0 12.4968957901001 13.21095943450928 23.25464820861816
0.999582 1.00156 0.643403 0.0657776 0.0465092 0.0192685 0.000898152 2.18254e-06 3.23787e-05 8.76179e-06 0 12.49673175811768 13.21321105957031 23.25459861755371
0.999598 1.00155 0.643385 0.0657773 0.0465182 0.0192592 0.000860208 2.02305e-06 3.21819e-05 6.27931e-06 0 12.49693202972412 13.21502494812012 23.25909042358398
0.999598 1.00156 0.64339 0.0657653 0.0465149 0.0192504 0.000806298 2.01874e-06 3.25104e-05 7.21106e-06 0 12.49693012237549 13.21677112579346 23.2574577331543
0.999601 1.00156 0.643387 0.0657587 0.0465179 0.0192408 0.000767713 1.98846e-06 3.24877e-05 5.08752e-06 0 12.49698162078857 13.21869373321533 23.25892448425293
0.999603 1.00156 0.643384 0.0657519 0.0465215 0.0192304 0.000737594 1.96846e-06 3.24403e-05 1.21973e-06 0 12.49699020385742 13.22079277038574 23.26074409484863
0.999605 1.00156 0.643381 0.0657451 0.0465257 0.0192193 0.00071289 1.94624e-06 3.2413e-05 9.83972e-07 0 12.49702644348145 13.22301769256592 23.26287269592285
0.999595 1.00153 0.643376 0.0657644 0.0465596 0.0192048 0.00116742 2.05049e-06 3.14106e-05 9.58319e-06 0 12.49690246582031 13.22597694396973 23.27980613708496
0.99958 1.00156 0.643408 0.065748 0.0465528 0.0191952 0.00102444 2.20053e-06 3.25678e-05 3.94076e-06 0 12.49671173095703 13.22795963287354 23.27639198303223
0.99959 1.00156 0.643395 0.0657392 0.0465552 0.019184 0.00093698 2.09798e-06 3.23234e-05 2.31274e-06 0 12.49683666229248 13.23019599914551 23.27760887145996
0.999486 1.0016 0.643522 0.065729 0.0465582 0.0191708 0.00108005 3.30762e-06 3.40623e-05 7.44465e-06 0 12.49551963806152 13.23326110839844 23.27907562255859
0.999543 1.00157 0.643449 0.0657343 0.0465702 0.0191641 0.00102977 2.61137e-06 3.29102e-05 1.12767e-05 0 12.49624633789062 13.23438739776611 23.28512191772461
0.999558 1.00156 0.643431 0.0657228 0.0465644 0.0191584 0.000920246 2.44386e-06 3.26275e-05 9.75066e-06 0 12.49641990661621 13.23548412322998 23.28219985961914
0.99958 1.00156 0.643405 0.065712 0.0465676 0.0191444 0.000858551 2.20169e-06 3.23713e-05 2.39378e-05 0 12.49670314788818 13.23823356628418 23.28379440307617
0.999582 1.00155 0.6434 0.0657068 0.0465755 0.0191313 0.00081959 2.18529e-06 3.21332e-05 1.64379e-05 0 12.49673843383789 13.24086093902588 23.28776359558105
0.99959 1.00157 0.643402 0.0657297 0.0466118 0.0191179 0.000789555 2.10068e-06 3.27808e-05 1.24872e-05 0 12.49683856964111 13.24356269836426 23.3058910369873
0.99959 1.00156 0.643396 0.0657094 0.0466037 0.0191056 0.000762699 2.10654e-06 3.23557e-05 2.49143e-05 0 12.49683666229248 13.24603462219238 23.30190467834473
0.999591 1.00154 0.643385 0.0656979 0.0466051 0.0190928 0.000747173 2.09429e-06 3.17103e-05 3.85691e-05 0 12.49683952331543 13.24861717224121 23.30255699157715
0.999581 1.00153 0.643386 0.0657539 0.0466753 0.0190786 0.000726067 2.19129e-06 3.12345e-05 5.55961e-05 0 12.49672222137451 13.25152969360352 23.33766174316406
0.999586 1.00156 0.643403 0.065715 0.0466493 0.0190657 0.000728937 2.14304e-06 3.26113e-05 2.82417e-05 0 12.49678325653076 13.25412559509277 23.32467079162598
0.999585 1.00154 0.64339 0.0656977 0.0466445 0.0190532 0.000733214 2.1488e-06 3.17235e-05 5.19749e-05 0 12.49677658081055 13.25665760040283 23.32225799560547
0.999589 1.00159 0.643417 0.0656691 0.0466292 0.0190399 0.00069817 2.11009e-06 3.37485e-05 5.28554e-05 0 12.49682807922363 13.2593469619751 23.31460952758789
0.999597 1.00158 0.643402 0.0656483 0.0466214 0.0190269 0.00068458 2.03501e-06 3.32199e-05 2.27288e-05 0 12.49690818786621 13.26193809509277 23.31070709228516
0.999595 1.00158 0.643403 0.065673 0.0466587 0.0190143 0.000684572 2.04797e-06 3.31608e-05 3.40619e-05 0 12.49690055847168 13.26447772979736 23.3293399810791
0.999598 1.00159 0.643407 0.0656374 0.0466346 0.0190028 0.000661719 2.02115e-06 3.36358e-05 3.92558e-05 0 12.49693584442139 13.26681518554688 23.31730651855469
0.99958 1.00156 0.643408 0.0656448 0.0466543 0.0189905 0.000655368 2.20456e-06 3.25518e-05 3.2382e-05 0 12.49670505523682 13.26937770843506 23.3271598815918
0.999555 1.00157 0.643437 0.0656182 0.0466405 0.0189777 0.000814297 2.47555e-06 3.28625e-05 2.43526e-05 0 12.49639892578125 13.27208137512207 23.32024955749512
0.999552 1.00156 0.643434 0.0656019 0.046635 0.0189668 0.000830107 2.50684e-06 3.24721e-05 4.0489e-05 0 12.49637126922607 13.27429294586182 23.3175163269043
0.99957 1.00157 0.643424 0.0656055 0.0466538 0.0189517 0.000760395 2.31568e-06 3.29317e-05 1.91314e-05 0 12.49657821655273 13.27729225158691 23.32691383361816
0.999567 1.00155 0.643416 0.0656241 0.0466859 0.0189383 0.00074315 2.34828e-06 3.22151e-05 1.28832e-05 0 12.49654674530029 13.28003120422363 23.34293174743652
0.999564 1.00158 0.643435 0.0655877 0.0466629 0.0189247 0.000702115 2.37983e-06 3.32514e-05 2.98001e-05 0 12.49649524688721 13.28279399871826 23.33147239685059
0.999568 1.00157 0.643422 0.0655589 0.0466481 0.0189108 0.000674051 2.32833e-06 3.27236e-05 4.36561e-05 0 12.49656105041504 13.28560256958008 23.3240795135498
0.999565 1.00156 0.643419 0.0655578 0.0466612 0.0188966 0.000665674 2.36838e-06 3.23079e-05 2.93615e-05 0 12.49650859832764 13.28850364685059 23.33059883117676
0.999283 1.00126 0.643503 0.0656933 0.0468009 0.0188924 0.00141762 6.41918e-06 2.13405e-05 0.000237954 0 12.49300956726074 13.29044914245605 23.40046501159668
0.999379 1.00157 0.643609 0.0655672 0.0466812 0.0188861 0.0015322 4.81495e-06 3.30378e-05 6.87498e-05 0 12.49420928955078 13.29135608673096 23.3405876159668
0.99951 1.00159 0.643492 0.0655625 0.0466975 0.018865 0.00123213 2.99921e-06 3.36283e-05 2.94191e-05 0 12.4958324432373 13.29513931274414 23.3487720489502
0.999493 1.00158 0.643506 0.065536 0.0466897 0.0188462 0.00129958 3.21984e-06 3.33984e-05 4.84419e-05 0 12.49561309814453 13.29903793334961 23.34486389160156
0.999538 1.00154 0.643435 0.0655808 0.0467527 0.0188281 0.00160469 2.66382e-06 3.16872e-05 6.59294e-05 0 12.49618816375732 13.30255699157715 23.37634658813477
0.999531 1.00162 0.643491 0.0655176 0.0467042 0.0188135 0.00133622 2.75452e-06 3.48615e-05 0.00012883 0 12.49609565734863 13.30556201934814 23.35208702087402
0.999492 1.00152 0.643465 0.0655245 0.0467309 0.0187936 0.00122111 3.22112e-06 3.08004e-05 0.000176976 0 12.49561214447021 13.30974864959717 23.36545181274414
0.999522 1.00159 0.643482 0.065469 0.0466963 0.0187728 0.00117461 2.86207e-06 3.37236e-05 0.00015319 0 12.49597549438477 13.31389045715332 23.34813117980957
0.999526 1.00155 0.643454 0.0654831 0.0467324 0.0187507 0.00107094 2.8075e-06 3.21875e-05 0.000105757 0 12.49603462219238 13.31836700439453 23.36616706848145
0.999534 1.0016 0.643479 0.0654602 0.046727 0.0187332 0.00111213 2.71801e-06 3.42713e-05 7.25459e-05 0 12.49613380432129 13.32190799713135 23.36347770690918
0.999514 1.00156 0.643471 0.0654644 0.0467484 0.018716 0.00103104 2.94889e-06 3.25119e-05 8.95537e-06 0 12.49588775634766 13.32548522949219 23.37419891357422
0.9995 1.00157 0.643489 0.0654283 0.0467288 0.0186996 0.00111638 3.1279e-06 3.27987e-05 2.76958e-05 0 12.49569892883301 13.32891845703125 23.36439895629883
0.999505 1.00158 0.64349 0.0654204 0.0467354 0.018685 0.00105644 3.05881e-06 3.32115e-05 1.49456e-05 0 12.49577236175537 13.33187294006348 23.36770057678223
0.999503 1.00157 0.643488 0.0654034 0.0467337 0.0186697 0.00105987 3.08664e-06 3.29194e-05 3.59665e-06 0 12.49574661254883 13.33499050140381 23.36684608459473
0.999503 1.00157 0.643491 0.0653964 0.0467451 0.0186513 0.00107412 3.09264e-06 3.30934e-05 3.46408e-05 0 12.49574184417725 13.33877372741699 23.37256050109863
0.999504 1.00156 0.643479 0.0654219 0.0467898 0.0186321 0.0010461 3.07928e-06 3.23839e-05 1.11723e-05 0 12.49576091766357 13.34271049499512 23.3948917388916
0.999484 1.00158 0.643513 0.065375 0.0467604 0.0186146 0.00141351 3.33512e-06 3.33335e-05 0.000171973 0 12.49551010131836 13.34634590148926 23.38017845153809
0.999478 1.00157 0.643515 0.0653895 0.0467916 0.0185979 0.00110326 3.41077e-06 3.30496e-05 1.80987e-05 0 12.4954309463501 13.34979724884033 23.39578819274902
0.999514 1.00159 0.643491 0.0653729 0.0467985 0.0185745 0.00102305 2.95624e-06 3.38247e-05 1.31982e-05 0 12.49587726593018 13.35447216033936 23.39922332763672
0.999503 1.00158 0.643493 0.065368 0.0468113 0.0185567 0.000987665 3.09247e-06 3.3233e-05 8.24541e-05 0 12.4957447052002 13.35815715789795 23.40566635131836
0.999486 1.00155 0.64349 0.0653439 0.046805 0.0185389 0.000949545 3.30675e-06 3.19603e-05 4.58336e-05 0 12.49552059173584 13.3618631362915 23.40249443054199
0.999511 1.0016 0.643499 0.0653446 0.0468255 0.0185191 0.0010753 2.98639e-06 3.4134e-05 3.99032e-05 0 12.49585819244385 13.3658447265625 23.41275024414062
0.999396 1.0016 0.643611 0.0653399 0.046837 0.0185029 0.00198308 4.56783e-06 3.41882e-05 0.000101098 0 12.49441051483154 13.36960983276367 23.41850090026855
0.999432 1.00159 0.64357 0.0652898 0.0468031 0.0184866 0.00142357 4.0279e-06 3.37978e-05 1.0763e-05 0 12.49486255645752 13.37282085418701 23.40157890319824
0.999407 1.00166 0.643639 0.0653011 0.0468313 0.0184698 0.00153574 4.40189e-06 3.68172e-05 0.000143898 0 12.49454879760742 13.37637138366699 23.41564559936523
0.999479 1.00159 0.643525 0.0652987 0.0468503 0.0184485 0.00131987 3.39549e-06 3.38131e-05 1.57705e-05 0 12.49544715881348 13.38048076629639 23.42514610290527
0.999449 1.00155 0.643529 0.0652867 0.0468546 0.0184321 0.00131587 3.78983e-06 3.22424e-05 9.55297e-05 0 12.49507999420166 13.38396072387695 23.42728042602539
0.99951 1.00159 0.643493 0.0652719 0.0468631 0.0184088 0.00120593 3.00607e-06 3.36801e-05 5.25374e-05 0 12.4958324432373 13.38852691650391 23.43153381347656
0.999474 1.00162 0.643551 0.0652577 0.0468656 0.0183921 0.00143528 3.45961e-06 3.52118e-05 6.83975e-05 0 12.49537563323975 13.39210987091064 23.43279647827148
0.999471 1.00159 0.643534 0.0652311 0.046862 0.0183691 0.00212694 3.4991e-06 3.38777e-05 5.97636e-05 0 12.49535179138184 13.39685344696045 23.43100738525391
0.999415 1.00161 0.643598 0.0652185 0.0468624 0.0183561 0.00142307 4.28005e-06 3.45298e-05 1.17924e-05 0 12.49465179443359 13.39976024627686 23.43119049072266
0.999432 1.00159 0.643571 0.0651821 0.0468521 0.01833 0.00124351 4.02744e-06 3.39037e-05 4.70447e-06 0 12.49486255645752 13.40506744384766 23.42605781555176
0.999449 1.00162 0.643574 0.0651775 0.0468708 0.0183067 0.00122182 3.80242e-06 3.51011e-05 1.57889e-05 0 12.4950704574585 13.40982532501221 23.4354248046875
0.999433 1.00158 0.643563 0.0652072 0.0469202 0.018287 0.00115466 4.0222e-06 3.33998e-05 5.86902e-05 0 12.494873046875 13.41395282745361 23.46011734008789
0.999442 1.00161 0.643573 0.0651787 0.0469147 0.018264 0.00112094 3.88991e-06 3.46234e-05 6.9093e-05 0 12.49498653411865 13.41868209838867 23.45732307434082
0.999406 1.00157 0.643584 0.0651611 0.0469229 0.0182383 0.00213371 4.41375e-06 3.30221e-05 3.81951e-05 0 12.49453067779541 13.42413806915283 23.46143341064453
0.999374 1.00162 0.643643 0.0651641 0.0469456 0.0182185 0.00160388 4.89309e-06 3.49254e-05 1.48396e-05 0 12.49414443969727 13.4283390045166 23.4727783203125
0.999441 1.00161 0.643572 0.0650922 0.0468927 0.0181995 0.00137092 3.90751e-06 3.45019e-05 2.75201e-05 0 12.49496746063232 13.43202590942383 23.44631385803223
0.999419 1.0016 0.643591 0.0650991 0.0469232 0.0181759 0.00159189 4.22416e-06 3.43151e-05 6.1243e-05 0 12.4946928024292 13.43699741363525 23.46159934997559
0.99943 1.00161 0.643584 0.0650718 0.0469233 0.0181485 0.0014048 4.06326e-06 3.46084e-05 1.51159e-05 0 12.49483871459961 13.44263744354248 23.46162033081055
0.999445 1.00163 0.643583 0.0650646 0.0469375 0.0181271 0.0013111 3.85189e-06 3.54686e-05 1.39436e-05 0 12.49502086639404 13.447021484375 23.46872711181641
0.999426 1.0016 0.643581 0.0650457 0.0469381 0.0181076 0.00149132 4.12325e-06 3.40897e-05 5.47253e-05 0 12.49478054046631 13.45114994049072 23.46905708312988
0.999345 1.00162 0.643675 0.0650745 0.0469855 0.018089 0.00166518 5.36165e-06 3.51738e-05 8.16133e-05 0 12.49376583099365 13.45531177520752 23.49274063110352
0.999429 1.00157 0.64356 0.0650573 0.0469933 0.018064 0.00148763 4.07212e-06 3.29638e-05 4.21316e-05 0 12.49482822418213 13.4601936340332 23.49667358398438
0.999395 1.00159 0.643605 0.0650116 0.0469728 0.0180388 0.00131768 4.57288e-06 3.37569e-05 8.13106e-05 0 12.49439907073975 13.46555709838867 23.48640632629395
0.999436 1.0016 0.64357 0.0649791 0.0469689 0.0180102 0.00138411 3.97831e-06 3.40443e-05 4.04803e-05 0 12.49490356445312 13.47136497497559 23.48447418212891
0.999386 1.00164 0.643644 0.0649924 0.0470108 0.0179817 0.00141721 4.71554e-06 3.57968e-05 3.09729e-05 0 12.49428272247314 13.47750186920166 23.50536346435547
0.999391 1.00161 0.643622 0.0649783 0.047019 0.0179593 0.00121752 4.64063e-06 3.46232e-05 4.06052e-05 0 12.49434757232666 13.4821310043335 23.50948524475098
0.999391 1.0016 0.643615 0.064963 0.0470298 0.0179332 0.00117266 4.64393e-06 3.41543e-05 7.0157e-05 0 12.49434852600098 13.48759937286377 23.51492500305176
0.999433 1.00164 0.643603 0.0649539 0.0470485 0.0179054 0.0011856 4.02591e-06 3.60172e-05 3.24762e-05 0 12.49486351013184 13.49324417114258 23.52425193786621
0.999246 1.00165 0.643789 0.064908 0.0470246 0.0178835 0.00148422 7.10215e-06 3.64664e-05 2.85681e-05 0 12.49253559112549 13.49851608276367 23.51229858398438
0.99927 1.00154 0.643691 0.0650051 0.0471468 0.0178583 0.00172389 6.66204e-06 3.14861e-05 8.09303e-05 0 12.49283123016357 13.50367164611816 23.57340812683105
0.999297 1.00161 0.643711 0.064871 0.0470278 0.0178432 0.00139172 6.18271e-06 3.44831e-05 7.3874e-05 0 12.4931697845459 13.50673580169678 23.51390647888184
0.999334 1.00161 0.643678 0.0648458 0.0470292 0.0178166 0.00131701 5.53834e-06 3.47207e-05 5.69897e-05 0 12.49363803863525 13.51217079162598 23.51460647583008
0.999351 1.00164 0.643676 0.0648406 0.0470519 0.0177887 0.00116756 5.25979e-06 3.5711e-05 5.54358e-05 0 12.49385738372803 13.5179328918457 23.52593231201172
0.999363 1.00162 0.643655 0.0648397 0.0470803 0.0177594 0.00108447 5.0747e-06 3.4998e-05 4.14304e-05 0 12.4940013885498 13.52404308319092 23.54016494750977
0.999351 1.0016 0.643655 0.0648073 0.0470762 0.0177311 0.00103196 5.26536e-06 3.42761e-05 6.51709e-05 0 12.49385166168213 13.53003311157227 23.5380859375
0.99934 1.00164 0.643687 0.0648231 0.0471244 0.0176986 0.00110381 5.44933e-06 3.56991e-05 4.91378e-05 0 12.49370765686035 13.53687763214111 23.56221008300781
0.999343 1.00163 0.64368 0.0648042 0.0471348 0.0176694 0.00103229 5.40017e-06 3.5376e-05 3.46379e-05 0 12.49374580383301 13.54300880432129 23.56740570068359
0.999346 1.00162 0.643669 0.0647976 0.0471588 0.0176388 0.000975016 5.34194e-06 3.49113e-05 2.80275e-05 0 12.49378681182861 13.54942893981934 23.57938003540039
0.999346 1.00163 0.643679 0.0647073 0.0470986 0.0176087 0.000938842 5.34147e-06 3.55378e-05 4.14507e-05 0 12.49379062652588 13.55576705932617 23.54932975769043
0.999353 1.00164 0.643675 0.0647264 0.0471487 0.0175777 0.000943374 5.22946e-06 3.57351e-05 2.3903e-05 0 12.49387645721436 13.56227588653564 23.57438468933105
0.999323 1.00163 0.643702 0.0646813 0.047135 0.0175463 0.00112629 5.72565e-06 3.56259e-05 2.06184e-05 0 12.49350452423096 13.56900405883789 23.56746673583984
0.999324 1.00162 0.643694 0.0646597 0.047145 0.0175147 0.001025 5.71595e-06 3.50987e-05 2.78702e-05 0 12.49351215362549 13.57567596435547 23.57249450683594
0.999333 1.00164 0.643696 0.0646249 0.047141 0.0174839 0.000956927 5.55413e-06 3.58835e-05 2.3575e-05 0 12.49363327026367 13.58214282989502 23.57048606872559
0.999359 1.00159 0.64364 0.0646149 0.0471613 0.0174536 0.00100728 5.1312e-06 3.37833e-05 1.12905e-05 0 12.49395084381104 13.58846759796143 23.58066368103027
0.999323 1.00162 0.643694 0.0645918 0.0471676 0.0174242 0.000967765 5.72388e-06 3.50864e-05 5.52302e-06 0 12.49349784851074 13.59480953216553 23.58379554748535
0.999325 1.00164 0.643703 0.064615 0.0472243 0.0173906 0.000922918 5.69502e-06 3.57705e-05 1.15076e-05 0 12.4935245513916 13.60190868377686 23.61217498779297
0.999333 1.00164 0.643696 0.0645396 0.0471825 0.017357 0.00097624 5.56773e-06 3.58349e-05 6.23952e-06 0 12.49362373352051 13.60900974273682 23.59125518798828
0.999329 1.00164 0.643703 0.0645162 0.0471908 0.0173254 0.000920657 5.62885e-06 3.60255e-05 2.80373e-06 0 12.49356651306152 13.61574268341064 23.59540939331055
0.999327 1.00165 0.643706 0.0644924 0.0471985 0.0172939 0.000887342 5.66376e-06 3.61357e-05 2.51752e-06 0 12.4935417175293 13.62243747711182 23.5992431640625
0.999319 1.00162 0.643696 0.0645503 0.0472885 0.0172618 0.000863375 5.79788e-06 3.49064e-05 0.000123674 0 12.49343967437744 13.62929248809814 23.64424705505371
0.999313 1.00166 0.643726 0.0645418 0.0473092 0.0172327 0.000837744 5.89819e-06 3.65976e-05 0.0001722 0 12.49337482452393 13.63551425933838 23.65460205078125
0.999312 1.00162 0.643702 0.0644722 0.0472701 0.0172021 0.000842291 5.92582e-06 3.48172e-05 9.00631e-05 0 12.49334716796875 13.6420259475708 23.63505363464355
0.999319 1.00164 0.643714 0.0644282 0.0472564 0.0171717 0.000922586 5.8047e-06 3.60842e-05 2.02803e-05 0 12.49344158172607 13.64846324920654 23.62821578979492
0.999318 1.00165 0.643718 0.0643938 0.0472534 0.0171404 0.000873204 5.8134e-06 3.63503e-05 1.24055e-05 0 12.49343681335449 13.65516090393066 23.62672233581543
0.999309 1.00166 0.643731 0.0643712 0.0472634 0.0171078 0.000841404 5.97385e-06 3.66486e-05 5.54667e-06 0 12.49331760406494 13.6621561050415 23.63170433044434
0.999304 1.00167 0.643743 0.0643535 0.0472774 0.0170761 0.000826541 6.06122e-06 3.71104e-05 2.19953e-05 0 12.49325275421143 13.6689510345459 23.63871383666992
0.999307 1.00166 0.643734 0.0643277 0.0472858 0.0170419 0.000805476 6.0069e-06 3.66709e-05 2.49147e-06 0 12.49329280853271 13.67624664306641 23.64289283752441
0.999307 1.00168 0.64375 0.0643158 0.0473077 0.0170081 0.000847932 6.0114e-06 3.78118e-05 3.38152e-05 0 12.4932861328125 13.68349361419678 23.65386390686035
0.999288 1.00166 0.643751 0.0642975 0.0473213 0.0169762 0.00079578 6.3354e-06 3.66588e-05 2.65836e-05 0 12.49305820465088 13.69040298461914 23.6606616973877
0.999288 1.00165 0.64375 0.0642739 0.0473311 0.0169428 0.000767606 6.34257e-06 3.65339e-05 9.58765e-06 0 12.4930477142334 13.69755363464355 23.66553688049316
0.999295 1.00168 0.643757 0.064249 0.0473404 0.0169086 0.00075345 6.22164e-06 3.7481e-05 2.33972e-05 0 12.49313735961914 13.70486736297607 23.67019653320312
0.999294 1.00167 0.643755 0.0642484 0.0473757 0.0168727 0.000746788 6.2274e-06 3.73331e-05 9.83996e-06 0 12.49312782287598 13.71260547637939 23.6878490447998
0.999299 1.00162 0.643717 0.0642055 0.0473672 0.0168383 0.000940931 6.14393e-06 3.50624e-05 1.49006e-05 0 12.49319934844971 13.71997928619385 23.68359184265137
0.999295 1.00167 0.643754 0.0641881 0.047391 0.0167971 0.000879506 6.21437e-06 3.72979e-05 3.50937e-05 0 12.49314498901367 13.72887992858887 23.69549179077148
0.999273 1.00168 0.643778 0.0641476 0.0473858 0.0167618 0.000811989 6.60153e-06 3.75432e-05 2.06332e-05 0 12.49287414550781 13.73657321929932 23.69292640686035
0.999269 1.00167 0.643779 0.0641454 0.0474179 0.0167275 0.000779087 6.68693e-06 3.72966e-05 2.43608e-05 0 12.4928150177002 13.74399566650391 23.70895576477051
0.99926 1.00166 0.643781 0.0641086 0.0474164 0.0166923 0.000752236 6.84088e-06 3.68193e-05 5.14215e-06 0 12.49271488189697 13.75163555145264 23.70817947387695
0.999268 1.00169 0.643789 0.0640857 0.0474306 0.0166552 0.000734275 6.69123e-06 3.79776e-05 4.1828e-06 0 12.4928092956543 13.75964260101318 23.71527671813965
0.999259 1.00168 0.643792 0.0640475 0.0474278 0.0166196 0.00071291 6.86177e-06 3.75062e-05 9.13769e-06 0 12.49270343780518 13.76737976074219 23.71392631530762
0.999273 1.00171 0.643796 0.0640909 0.0475079 0.016583 0.000711759 6.59939e-06 3.88088e-05 3.63528e-05 0 12.49288177490234 13.7752628326416 23.75394058227539
0.999223 1.0017 0.64384 0.0641803 0.0476365 0.0165438 0.000864896 7.54424e-06 3.84846e-05 0.000129078 0 12.49224758148193 13.78396797180176 23.81824684143066
0.999247 1.00171 0.643821 0.0640978 0.0475895 0.0165084 0.000771415 7.08084e-06 3.87978e-05 2.5753e-05 0 12.49254608154297 13.79157733917236 23.79471969604492
0.999234 1.00169 0.643821 0.0639694 0.047498 0.0164714 0.000959434 7.32652e-06 3.7917e-05 0.000177317 0 12.49238777160645 13.79965400695801 23.74902534484863
0.999223 1.00164 0.643806 0.0640915 0.047659 0.0164325 0.000934025 7.54035e-06 3.60811e-05 2.46205e-05 0 12.49224758148193 13.80816650390625 23.82952117919922
0.999246 1.00171 0.643827 0.0639175 0.0475201 0.0163974 0.000780764 7.11416e-06 3.9074e-05 5.57758e-05 0 12.49252700805664 13.815749168396 23.76004600524902
0.999219 1.00171 0.643849 0.0638888 0.0475293 0.0163595 0.000803 7.61619e-06 3.88568e-05 2.42358e-05 0 12.49219608306885 13.82413864135742 23.76467132568359
0.999224 1.00169 0.643836 0.0638648 0.0475431 0.0163217 0.000771057 7.53428e-06 3.82443e-05 4.23779e-05 0 12.49225902557373 13.8323802947998 23.77153968811035
0.999225 1.0017 0.64384 0.0638265 0.047542 0.0162845 0.000754076 7.50883e-06 3.8568e-05 2.73294e-05 0 12.49226856231689 13.84050750732422 23.77100372314453
0.999221 1.0017 0.643846 0.0638018 0.047555 0.0162468 0.000736833 7.58177e-06 3.87584e-05 3.50104e-05 0 12.49222087860107 13.84878158569336 23.77749824523926
0.999214 1.00168 0.643839 0.0638022 0.0475933 0.0162089 0.00072494 7.71917e-06 3.7752e-05 2.41841e-05 0 12.49213218688965 13.85711669921875 23.79667091369629
0.999211 1.00173 0.643872 0.0637682 0.0475986 0.0161697 0.000784212 7.77434e-06 3.98988e-05 3.98248e-05 0 12.49209785461426 13.86574077606201 23.79929161071777
0.999211 1.0017 0.643854 0.0637375 0.0476072 0.0161302 0.000739508 7.77345e-06 3.86181e-05 0.000160344 0 12.49210071563721 13.87441635131836 23.80361366271973
0.999246 1.00166 0.643794 0.0637316 0.0476421 0.0160895 0.000890012 7.11181e-06 3.67823e-05 7.61429e-05 0 12.49252796173096 13.88325881958008 23.82106971740723
0.999201 1.00168 0.643848 0.0636851 0.0476338 0.0160513 0.00099284 7.97825e-06 3.75011e-05 4.09855e-05 0 12.49196910858154 13.89182567596436 23.81689643859863
0.999191 1.00166 0.643846 0.0636816 0.0476702 0.0160114 0.000914773 8.18544e-06 3.67294e-05 1.96844e-05 0 12.49184417724609 13.90068531036377 23.83510208129883
0.999187 1.00172 0.643888 0.063611 0.0476387 0.0159722 0.000855619 8.2715e-06 3.93741e-05 7.9489e-06 0 12.49179458618164 13.90934467315674 23.81934928894043
0.999191 1.00171 0.643879 0.0636649 0.0477332 0.0159317 0.000812772 8.17702e-06 3.90321e-05 1.26115e-05 0 12.49184799194336 13.91830158233643 23.86657524108887
0.999176 1.00172 0.643899 0.0635575 0.0476685 0.015889 0.000962309 8.49442e-06 3.94155e-05 1.1755e-05 0 12.49165725708008 13.92781352996826 23.8342456817627
0.999141 1.00172 0.643932 0.063532 0.0476841 0.0158479 0.000957678 9.23003e-06 3.93156e-05 1.11785e-05 0 12.49121952056885 13.93704986572266 23.84205055236816
0.999099 1.00176 0.643999 0.0635073 0.0477032 0.0158041 0.00144933 1.01425e-05 4.1265e-05 3.36184e-05 0 12.49070644378662 13.94692134857178 23.85161781311035
0.999109 1.00171 0.64396 0.063483 0.0477155 0.0157675 0.0012009 9.91626e-06 3.91314e-05 1.51915e-05 0 12.49082279205322 13.95503044128418 23.85773086547852
0.999124 1.00173 0.643954 0.0634544 0.0477287 0.0157257 0.0010972 9.59441e-06 3.9758e-05 1.80233e-05 0 12.49101066589355 13.96428394317627 23.86437034606934
0.999145 1.0017 0.643919 0.0634323 0.0477476 0.0156846 0.00118043 9.12989e-06 3.87559e-05 8.55322e-06 0 12.4912748336792 13.97337436676025 23.87380790710449
0.999126 1.00173 0.643955 0.0633896 0.0477451 0.0156445 0.00107916 9.5399e-06 4.00094e-05 1.40544e-05 0 12.49103546142578 13.98237419128418 23.8725414276123
0.999108 1.00173 0.643974 0.0633591 0.047755 0.015604 0.00103609 9.95064e-06 4.00329e-05 6.01523e-06 0 12.49080944061279 13.99150657653809 23.87751388549805
0.999112 1.00174 0.643977 0.0633279 0.0477662 0.0155618 0.000986939 9.85641e-06 4.05975e-05 1.58292e-05 0 12.49087142944336 14.00094699859619 23.88309669494629
0.999109 1.00174 0.643976 0.0633041 0.0477842 0.0155199 0.000950846 9.93025e-06 4.02886e-05 3.72416e-06 0 12.49081230163574 14.01034927368164 23.89211273193359
0.999095 1.00173 0.643985 0.0632893 0.0478161 0.0154733 0.000951766 1.02301e-05 4.00165e-05 3.24776e-05 0 12.49065589904785 14.02085781097412 23.90803146362305
0.998938 1.00179 0.644173 0.0632841 0.0478416 0.0154425 0.00178839 1.41042e-05 4.25659e-05 2.91343e-05 0 12.48868274688721 14.0283260345459 23.92081069946289
0.999039 1.00177 0.644066 0.0632298 0.0478306 0.0153992 0.00129788 1.15364e-05 4.19516e-05 1.33488e-05 0 12.48994541168213 14.03770446777344 23.91531372070312
0.999062 1.00175 0.644031 0.0631907 0.0478301 0.0153607 0.00116992 1.10052e-05 4.09886e-05 4.67985e-06 0 12.4902286529541 14.04631519317627 23.91503524780273
0.999079 1.00173 0.644002 0.0631644 0.0478457 0.0153187 0.00110823 1.05973e-05 4.0068e-05 1.10674e-05 0 12.49044990539551 14.05572700500488 23.92284965515137
0.999087 1.00175 0.644002 0.0631703 0.0478906 0.0152797 0.00106218 1.04113e-05 4.06638e-05 2.55189e-05 0 12.49055767059326 14.06448936462402 23.94529151916504
0.999068 1.00176 0.644027 0.063133 0.0478934 0.0152396 0.00102609 1.08572e-05 4.11365e-05 4.82248e-05 0 12.49030208587646 14.07363700866699 23.94672966003418
0.999073 1.00173 0.644004 0.0631066 0.047908 0.0151986 0.00102295 1.07546e-05 3.97586e-05 4.08901e-05 0 12.49036312103271 14.08289337158203 23.95397567749023
0.999062 1.00175 0.64403 0.063085 0.0479247 0.0151604 0.000953806 1.0998e-05 4.09251e-05 9.57034e-06 0 12.49023342132568 14.09160995483398 23.96232223510742
0.999079 1.00175 0.644015 0.063069 0.0479502 0.0151189 0.00109462 1.06015e-05 4.10141e-05 3.60898e-05 0 12.49044704437256 14.10097026824951 23.9751033782959
0.999061 1.00174 0.644023 0.0630603 0.0479822 0.0150781 0.00102052 1.10314e-05 4.03088e-05 3.41214e-05 0 12.49021244049072 14.11031246185303 23.99107933044434
0.99907 1.00178 0.644042 0.062992 0.0479546 0.0150375 0.000978105 1.08104e-05 4.23223e-05 2.07082e-05 0 12.49033641815186 14.11953449249268 23.97728729248047
0.999074 1.00179 0.644045 0.0630009 0.0480048 0.0149961 0.0010187 1.07251e-05 4.28744e-05 4.69073e-05 0 12.49037647247314 14.12894248962402 24.00239753723145
0.999076 1.00178 0.644035 0.0629976 0.0480418 0.0149558 0.000965162 1.06818e-05 4.22587e-05 5.23911e-05 0 12.49039268493652 14.13816165924072 24.02090835571289
0.999052 1.00178 0.644058 0.0629086 0.0479915 0.0149172 0.000927755 1.1235e-05 4.22599e-05 8.63566e-05 0 12.49010372161865 14.14706420898438 23.99572944641113
0.999048 1.00175 0.64404 0.0629106 0.0480338 0.0148768 0.000894956 1.13262e-05 4.0673e-05 2.21381e-05 0 12.49006271362305 14.1563138961792 24.01689910888672
0.999042 1.00177 0.644062 0.0628648 0.0480286 0.0148362 0.000973074 1.14822e-05 4.18275e-05 1.70207e-05 0 12.4899787902832 14.16564083099365 24.01430130004883
0.999038 1.00176 0.644058 0.0628593 0.0480637 0.0147955 0.000909692 1.15714e-05 4.12839e-05 1.77933e-05 0 12.48992729187012 14.1749963760376 24.0318546295166
0.999037 1.00179 0.644082 0.0628099 0.0480552 0.0147547 0.000904769 1.15841e-05 4.29519e-05 3.53809e-05 0 12.4899206161499 14.18438339233398 24.02761650085449
0.999018 1.0018 0.644102 0.0627865 0.0480726 0.0147139 0.000870626 1.20579e-05 4.3065e-05 1.75006e-05 0 12.48969173431396 14.19382381439209 24.03627586364746
0.999021 1.00178 0.644091 0.0627392 0.0480656 0.0146737 0.000857182 1.19779e-05 4.24748e-05 2.56627e-05 0 12.48971939086914 14.20309257507324 24.03276824951172
0.998995 1.0018 0.644125 0.0627122 0.0480847 0.0146275 0.00106262 1.26268e-05 4.31375e-05 3.81273e-05 0 12.48939323425293 14.21383666992188 24.04234313964844
0.998947 1.00181 0.64418 0.0626766 0.0480906 0.014586 0.00111818 1.38728e-05 4.37102e-05 2.94262e-05 0 12.48879146575928 14.22360801696777 24.0452938079834
0.998986 1.0018 0.644135 0.0626535 0.0481098 0.0145437 0.000993858 1.28567e-05 4.32001e-05 4.68389e-06 0 12.48927593231201 14.23327159881592 24.05490112304688
0.998984 1.00178 0.644122 0.0626329 0.0481285 0.0145043 0.000940793 1.29053e-05 4.20956e-05 3.47726e-05 0 12.48925685882568 14.24239444732666 24.06427383422852
0.999024 1.0018 0.644101 0.0626315 0.048172 0.0144595 0.000968566 1.19066e-05 4.3417e-05 0.000159012 0 12.4897575378418 14.25265216827393 24.08600234985352
0.99896 1.0018 0.644163 0.0625508 0.0481356 0.0144152 0.00102236 1.35147e-05 4.3443e-05 0.000199276 0 12.48896408081055 14.26317024230957 24.06780433654785
0.998951 1.00179 0.644165 0.0625679 0.0481944 0.0143735 0.000974186 1.37478e-05 4.29614e-05 0.000212194 0 12.48885059356689 14.27292156219482 24.09721565246582
0.998977 1.00182 0.644159 0.062679 0.0483462 0.0143327 0.000944973 1.30861e-05 4.43554e-05 7.86701e-05 0 12.48917007446289 14.28234195709229 24.17312622070312
0.998808 1.00181 0.644313 0.0625257 0.0482223 0.0143034 0.00128005 1.77743e-05 4.36684e-05 0.000207406 0 12.48705291748047 14.28977108001709 24.11115837097168
0.998901 1.00179 0.644211 0.0624559 0.0481878 0.0142681 0.00145402 1.51131e-05 4.26975e-05 5.9148e-05 0 12.48821258544922 14.29768943786621 24.09389305114746
0.998808 1.00185 0.64434 0.0624569 0.0482302 0.0142268 0.00163904 1.77712e-05 4.5682e-05 1.92855e-05 0 12.48705673217773 14.30766868591309 24.11506271362305
0.998884 1.00184 0.644256 0.0623996 0.048206 0.0141936 0.00123313 1.55622e-05 4.4929e-05 1.74566e-05 0 12.48800659179688 14.3151912689209 24.10299682617188
0.998911 1.00182 0.644221 0.0623977 0.0482452 0.0141525 0.00111621 1.48399e-05 4.42262e-05 3.21708e-05 0 12.4883451461792 14.32476139068604 24.12260437011719
0.998918 1.00182 0.644214 0.0623947 0.0482874 0.0141073 0.00127685 1.46435e-05 4.41969e-05 3.58072e-05 0 12.48843479156494 14.33536338806152 24.14370346069336
0.998915 1.00183 0.644225 0.0623505 0.0482826 0.0140679 0.00114317 1.47283e-05 4.48376e-05 2.46325e-05 0 12.48838806152344 14.34463024139404 24.14128494262695
0.998912 1.00184 0.644234 0.0623382 0.0483095 0.0140287 0.00108424 1.48032e-05 4.52985e-05 2.42252e-05 0 12.48835372924805 14.35387325286865 24.15473937988281
0.998906 1.00182 0.644223 0.0622682 0.0482812 0.013987 0.00100818 1.49686e-05 4.4042e-05 4.39183e-06 0 12.48828601837158 14.36375999450684 24.14060592651367
0.998906 1.00181 0.644221 0.062233 0.0482873 0.0139457 0.00145265 1.49744e-05 4.38605e-05 3.61515e-05 0 12.48827266693115 14.37350654602051 24.14364624023438
0.998854 1.00183 0.644284 0.0622562 0.0483503 0.013906 0.00106965 1.64219e-05 4.47886e-05 5.66828e-05 0 12.48764228820801 14.38308048248291 24.17511558532715
0.99888 1.00189 0.644293 0.062236 0.0483747 0.0138613 0.00107666 1.56836e-05 4.7496e-05 5.54982e-05 0 12.48795318603516 14.39359664916992 24.1873607635498
0.998888 1.00188 0.644279 0.0621788 0.0483593 0.0138194 0.00099309 1.54557e-05 4.69806e-05 5.95715e-05 0 12.48806095123291 14.40351009368896 24.1796703338623
0.998879 1.00184 0.644268 0.0621203 0.04834 0.0137803 0.000975154 1.57193e-05 4.54129e-05 0.000154304 0 12.48793792724609 14.41283512115479 24.16998291015625
0.998837 1.00185 0.644313 0.0620976 0.0483542 0.0137433 0.00106646 1.6905e-05 4.57912e-05 6.89103e-05 0 12.48742961883545 14.42179012298584 24.17711448669434
0.998865 1.00187 0.6443 0.0620648 0.0483628 0.013702 0.000932411 1.61124e-05 4.68696e-05 6.44618e-05 0 12.48776245117188 14.43154144287109 24.18139457702637
0.998851 1.00181 0.644274 0.0621277 0.0484682 0.0136595 0.000939151 1.64974e-05 4.38427e-05 0.000102168 0 12.48759841918945 14.44175624847412 24.23410606384277
0.998885 1.00185 0.644267 0.0620217 0.0484042 0.0136174 0.00105358 1.55404e-05 4.58362e-05 0.000131642 0 12.4880256652832 14.45169925689697 24.2021312713623
0.998863 1.00184 0.644283 0.0619659 0.0483871 0.0135788 0.000939979 1.61591e-05 4.54099e-05 7.06384e-05 0 12.48774719238281 14.46102523803711 24.19357109069824
0.998854 1.00187 0.644305 0.0619249 0.0483858 0.013539 0.000883989 1.64139e-05 4.64925e-05 3.13213e-05 0 12.48763275146484 14.47059917449951 24.19290924072266
0.998844 1.00186 0.644309 0.0619373 0.0484389 0.0134983 0.000852612 1.67081e-05 4.59969e-05 9.68262e-05 0 12.48751640319824 14.4804162979126 24.2194709777832
0.998846 1.00186 0.644312 0.0618733 0.0484157 0.0134577 0.000846168 1.66602e-05 4.63195e-05 8.0955e-05 0 12.48752975463867 14.49019241333008 24.20782852172852
0.998845 1.00186 0.64431 0.0618491 0.0484311 0.013418 0.000846595 1.66738e-05 4.61436e-05 3.26358e-05 0 12.48752307891846 14.49975872039795 24.21551132202148
0.998844 1.00187 0.644314 0.061807 0.0484301 0.0133769 0.00081249 1.6696e-05 4.64131e-05 9.17109e-05 0 12.48750972747803 14.50967311859131 24.21505928039551
0.998837 1.0019 0.644342 0.0617828 0.048447 0.0133358 0.000871404 1.69031e-05 4.8052e-05 7.61053e-05 0 12.4874210357666 14.51962280273438 24.22347450256348
0.998832 1.00187 0.64433 0.0617746 0.0484805 0.0132941 0.00089725 1.70509e-05 4.67162e-05 1.69056e-05 0 12.48735904693604 14.52976036071777 24.24028587341309
0.998818 1.00188 0.644347 0.0617103 0.0484587 0.0132516 0.000801054 1.74596e-05 4.70374e-05 7.08224e-05 0 12.4871883392334 14.54011631011963 24.2293758392334
0.998821 1.00186 0.644333 0.061737 0.048529 0.0132079 0.0007711 1.73906e-05 4.611e-05 5.46374e-05 0 12.48721694946289 14.55068874359131 24.26452827453613
0.998825 1.0019 0.644353 0.061724 0.0485612 0.0131628 0.000740385 1.72498e-05 4.80378e-05 5.55434e-05 0 12.48727607727051 14.56166076660156 24.28058433532715
0.998809 1.00188 0.644356 0.0616785 0.0485573 0.0131212 0.000718277 1.77398e-05 4.70146e-05 0.000124562 0 12.48707485198975 14.57185745239258 24.27865409851074
0.998814 1.0019 0.644363 0.0616448 0.048567 0.0130778 0.000714469 1.75717e-05 4.80007e-05 3.7945e-05 0 12.48714447021484 14.58243274688721 24.28350639343262
0.99879 1.00186 0.644364 0.0615936 0.0485578 0.0130358 0.00095171 1.83152e-05 4.61567e-05 6.20999e-05 0 12.48682880401611 14.59278202056885 24.27888298034668
0.998794 1.00189 0.644379 0.0615372 0.0485441 0.0129931 0.000751841 1.81705e-05 4.77336e-05 4.68274e-05 0 12.48689270019531 14.60321998596191 24.27206993103027
0.998793 1.00191 0.644393 0.0615235 0.0485745 0.012949 0.000728214 1.82188e-05 4.86988e-05 5.76014e-05 0 12.48686599731445 14.61405181884766 24.28726387023926
0.998779 1.00186 0.644373 0.0615095 0.0486113 0.0128981 0.000711153 1.86286e-05 4.61216e-05 6.85606e-05 0 12.48671054840088 14.62658405303955 24.3056697845459
0.998779 1.00187 0.644383 0.0614678 0.0486151 0.0128527 0.000738219 1.86461e-05 4.68649e-05 6.10953e-05 0 12.48670101165771 14.63777446746826 24.30756950378418
0.998786 1.00192 0.644407 0.0614402 0.0486332 0.012807 0.000932103 1.84291e-05 4.92853e-05 0.000144925 0 12.48677349090576 14.64902782440186 24.31661033630371
0.99876 1.00197 0.64446 0.0614008 0.0486346 0.0127662 0.000906163 1.92143e-05 5.15365e-05 6.49036e-05 0 12.48645782470703 14.65918922424316 24.31731414794922
0.998741 1.00195 0.644471 0.0613613 0.0486363 0.012725 0.000848778 1.98155e-05 5.09129e-05 5.74693e-05 0 12.48622608184814 14.66944313049316 24.31816101074219
0.998746 1.00194 0.644456 0.0613467 0.0486621 0.0126845 0.000783038 1.96578e-05 5.01318e-05 4.18636e-05 0 12.48628616333008 14.67944812774658 24.33106231689453
0.998736 1.00194 0.644467 0.0612815 0.0486388 0.0126427 0.000781671 1.99607e-05 5.02616e-05 9.03552e-05 0 12.48616886138916 14.68986320495605 24.31940841674805
0.998736 1.00191 0.64445 0.0612635 0.0486641 0.0125994 0.000806581 1.99771e-05 4.88864e-05 0.000129218 0 12.486159324646 14.70063209533691 24.33203125
0.998717 1.00191 0.644464 0.061265 0.0487119 0.0125531 0.000905104 2.0595e-05 4.84538e-05 7.48307e-05 0 12.485915184021 14.71224403381348 24.35594177246094
