A/A0 V/V0 Vr eb eb_bend eb_ad ea ega ev ek ee
1 1.00092 0.642589 0.109093 0.0496849 0.0594082 0.000367957 0 1.12357e-05 4.40827e-09 0
1.00168 1.00052 0.64072 0.106962 0.0497087 0.0572534 0.000670383 3.53121e-05 3.66052e-06 0.000128159 0
1.0022 1.00005 0.639917 0.10541 0.0497558 0.055654 0.000760613 6.04636e-05 2.73608e-08 9.01913e-05 0
1.00175 1.00043 0.640595 0.104265 0.0497825 0.0544821 0.00089253 3.83699e-05 2.5201e-06 9.30436e-05 0
1.00166 1.00039 0.640655 0.10311 0.0498742 0.0532359 0.00129919 3.44676e-05 2.04625e-06 7.55141e-05 0
1.00186 1.00015 0.640306 0.102117 0.0499096 0.0522074 0.00124814 4.33363e-05 2.92633e-07 3.80269e-05 0
1.00192 1.00008 0.6402 0.101259 0.0499486 0.0513103 0.00135419 4.62985e-05 7.66523e-08 4.64626e-05 0
1.00179 1.00016 0.640388 0.100554 0.0500031 0.050551 0.0015013 3.98825e-05 3.54098e-07 0.000104252 0
1.00181 1.00011 0.640337 0.0998949 0.0500629 0.049832 0.00154365 4.08295e-05 1.73434e-07 6.11822e-05 0
1.00188 1.00002 0.640207 0.0991747 0.0500497 0.049125 0.00178845 4.40921e-05 3.79175e-09 8.34222e-05 0
1.00181 1.00005 0.640297 0.0985937 0.0501145 0.0484792 0.00185041 4.07709e-05 3.2661e-08 4.20246e-05 0
1.0017 1.0001 0.640435 0.0979431 0.050175 0.0477681 0.0023176 3.60322e-05 1.45327e-07 7.32032e-05 0
1.00171 1.00007 0.640403 0.0972784 0.0501579 0.0471206 0.00224331 3.6412e-05 6.01935e-08 6.31315e-05 0
1.00171 1.00005 0.640383 0.0966854 0.0501903 0.0464951 0.0019614 3.67325e-05 2.94844e-08 6.45657e-05 0
1.00169 1.00005 0.640412 0.0960649 0.0501669 0.045898 0.00186075 3.55771e-05 3.54071e-08 5.43199e-05 0
1.00159 0.999939 0.640436 0.0955601 0.0502841 0.045276 0.00413633 3.14646e-05 4.99674e-08 0.000447804 0
1.00142 1.00007 0.640675 0.0950924 0.0503664 0.0447261 0.00379158 2.53726e-05 6.49888e-08 0.000123831 0
1.00128 1.00002 0.64078 0.0944424 0.0502591 0.0441833 0.00359694 2.0587e-05 6.33043e-09 0.000307777 0
1.00152 1.00003 0.640564 0.0938775 0.0501766 0.0437009 0.00231967 2.87498e-05 1.47759e-08 5.90145e-05 0
1.00139 1.00016 0.64076 0.0933153 0.0501765 0.0431388 0.00231922 2.42798e-05 3.25688e-07 6.41474e-05 0
1.00144 1.00009 0.640679 0.0928142 0.0502287 0.0425855 0.00219242 2.57879e-05 1.15768e-07 7.8855e-05 0
1.00141 1.00011 0.640711 0.092191 0.0501486 0.0420424 0.00218313 2.49395e-05 1.52607e-07 0.00013603 0
1.00133 1.00022 0.640861 0.0917422 0.0502174 0.0415248 0.00224546 2.21229e-05 6.35999e-07 0.000142472 0
1.00127 1.00011 0.640854 0.0911588 0.050158 0.0410007 0.00270196 2.00909e-05 1.70467e-07 7.27238e-05 0
1.0012 1.00022 0.640989 0.0905771 0.0501035 0.0404736 0.00246993 1.80171e-05 6.66796e-07 0.000116531 0
1.00112 1.00019 0.641047 0.0900433 0.0501328 0.0399105 0.00263074 1.56683e-05 4.98196e-07 0.000169067 0
1.00109 1.00027 0.641128 0.089505 0.0500855 0.0394195 0.00208807 1.47947e-05 9.83127e-07 6.76149e-05 0
