A/A0 V/V0 Vr eb eb_bend eb_ad ea ega ev ek ee  h0 h1 h2
1 1.00092 0.642589 0.109093 0.0496849 0.0594082 0.000367957 0 1.12357e-05 4.40827e-09 0 12.5019588470459 7.345518589019775 24.84242057800293
1.00155 1.00065 0.640928 0.107452 0.0496892 0.057763 0.000440665 2.98698e-05 5.57705e-06 0.00010427 0 12.50642585754395 7.361569404602051 24.81307983398438
1.00212 1.00018 0.640078 0.106269 0.0497201 0.0565488 0.000663193 5.62989e-05 4.42075e-07 4.95453e-05 0 12.50897407531738 7.378015995025635 24.81651878356934
1.00173 1.00051 0.64067 0.105321 0.0497413 0.0555793 0.000696069 3.72871e-05 3.53789e-06 6.47298e-05 0 12.50840187072754 7.392212867736816 24.81894683837891
1.00162 1.00052 0.640772 0.104478 0.0497631 0.0547153 0.000781941 3.29688e-05 3.59128e-06 2.2847e-05 0 12.50925064086914 7.407095432281494 24.82109642028809
1.00187 1.00022 0.640349 0.103657 0.0498237 0.0538332 0.000972514 4.36565e-05 6.74191e-07 3.08065e-05 0 12.51085662841797 7.422126293182373 24.82971382141113
1.00188 1.00019 0.640313 0.102852 0.0498702 0.0529822 0.00126951 4.43798e-05 4.96078e-07 2.90739e-05 0 12.51204967498779 7.436438083648682 24.82419395446777
1.00182 1.00022 0.640389 0.10221 0.0499036 0.0523063 0.00118597 4.14807e-05 6.34155e-07 2.81838e-05 0 12.5133752822876 7.450640678405762 24.82622337341309
1.0019 1.00009 0.640238 0.101592 0.0499351 0.0516571 0.00143646 4.49325e-05 1.13362e-07 2.70719e-05 0 12.51480293273926 7.464591503143311 24.83007431030273
1.0019 1.00009 0.640233 0.101077 0.0500101 0.0510673 0.00173157 4.51427e-05 1.12038e-07 2.92218e-05 0 12.51628684997559 7.478432655334473 24.82846832275391
1.0018 1.00017 0.640383 0.100584 0.0500352 0.0505492 0.00149171 4.03972e-05 3.93514e-07 1.30658e-05 0 12.51773262023926 7.49207878112793 24.83562088012695
1.00183 1.00008 0.640294 0.100091 0.0500526 0.050038 0.00155999 4.1846e-05 8.65127e-08 2.78936e-05 0 12.52128219604492 7.525146961212158 24.84457778930664
1.00185 1.00006 0.640263 0.0995837 0.0500321 0.0495517 0.00156947 4.27033e-05 4.99736e-08 1.50879e-05 0 12.52849102020264 7.663392066955566 24.86005210876465
1.00184 1.00005 0.640259 0.0991205 0.0500556 0.0490648 0.00176877 4.24616e-05 2.89431e-08 3.10771e-05 0 12.5235481262207 7.780580043792725 24.87068748474121
1.00181 1.00003 0.640277 0.0987033 0.0500944 0.0486088 0.00198709 4.1155e-05 1.27779e-08 2.86138e-05 0 12.52226543426514 7.884177684783936 24.88156318664551
1.00177 1.00006 0.64034 0.0982732 0.0501149 0.0481583 0.00209485 3.91145e-05 5.05535e-08 4.59219e-05 0 12.525315284729 7.988519191741943 24.91187286376953
1.00171 1.00008 0.640403 0.0978046 0.0501628 0.0476418 0.00211439 3.66782e-05 7.8454e-08 2.22535e-05 0 12.52552223205566 8.091462135314941 24.93505859375
1.00173 1.00005 0.640372 0.097328 0.0501469 0.0471811 0.00195746 3.74049e-05 3.74966e-08 2.26319e-05 0 12.52473068237305 8.174284934997559 24.95178985595703
1.00168 1.00006 0.640425 0.096932 0.0501896 0.0467424 0.00204475 3.53713e-05 5.61912e-08 5.08414e-05 0 12.52565574645996 8.253470420837402 24.96755218505859
1.0017 1.00006 0.640405 0.0964777 0.0501636 0.0463142 0.00190807 3.60393e-05 4.46883e-08 2.75204e-05 0 12.52571582794189 8.326259613037109 25.00507736206055
1.0017 1.00003 0.640392 0.0960669 0.0501681 0.0458987 0.00222645 3.59899e-05 1.61622e-08 4.96314e-05 0 12.52443218231201 8.391222953796387 25.01760673522949
1.00167 1 0.640397 0.0956632 0.0501875 0.0454757 0.00232899 3.4806e-05 2.51158e-12 5.08184e-05 0 12.52483654022217 8.454791069030762 25.02629470825195
1.00162 1.00001 0.640447 0.0952233 0.0501798 0.0450435 0.00268664 3.29149e-05 1.50779e-09 5.94339e-05 0 12.52506923675537 8.515654563903809 25.01601600646973
1.00139 0.999892 0.640593 0.0951974 0.0505972 0.0446003 0.00464193 2.421e-05 1.56883e-07 0.000396225 0 12.52500247955322 8.577024459838867 25.0278263092041
1.00124 1.00021 0.640946 0.0946939 0.0504194 0.0442745 0.00474725 1.91503e-05 5.98974e-07 0.0001351 0 12.52463912963867 8.63493537902832 25.04719924926758
1.00152 0.999923 0.640491 0.0941476 0.0502337 0.0439139 0.00344558 2.88368e-05 7.87481e-08 4.54996e-05 0 12.52407932281494 8.692523956298828 25.05743980407715
1.00146 1.00005 0.640631 0.0938108 0.0502197 0.0435911 0.00283162 2.66522e-05 3.80131e-08 3.76104e-05 0 12.52337837219238 8.758886337280273 25.08139801025391
1.00143 1.0001 0.64069 0.0933967 0.0501642 0.0432326 0.00242558 2.55368e-05 1.32432e-07 3.22192e-05 0 12.52358531951904 8.81798267364502 25.07345962524414
1.00137 1.00009 0.64074 0.0930709 0.0502423 0.0428286 0.0032573 2.34924e-05 1.0999e-07 0.000101252 0 12.52298831939697 8.874903678894043 25.09479141235352
1.00144 1 0.640615 0.0926191 0.0501778 0.0424413 0.00278523 2.59772e-05 3.63677e-12 4.9289e-05 0 12.52318286895752 8.930354118347168 25.0817699432373
1.00138 1.00013 0.640761 0.0922442 0.0501768 0.0420673 0.00230167 2.37094e-05 2.32203e-07 2.45716e-05 0 12.52317237854004 8.984487533569336 25.08406448364258
1.00135 1.00016 0.640802 0.0918954 0.0501968 0.0416985 0.00217633 2.28086e-05 3.30317e-07 4.25542e-05 0 12.52281761169434 9.040020942687988 25.0937557220459
1.00133 1.00017 0.640831 0.091464 0.0501194 0.0413445 0.00208374 2.2013e-05 3.70458e-07 1.70998e-05 0 12.52224445343018 9.097126960754395 25.08990859985352
1.00124 1.00015 0.640903 0.0911181 0.0501358 0.0409823 0.00243911 1.91817e-05 2.87711e-07 7.05973e-05 0 12.51935195922852 9.157065391540527 25.2985954284668
1.00124 1.00018 0.640927 0.0907179 0.0501077 0.0406102 0.00247461 1.91252e-05 4.41814e-07 1.92302e-05 0 12.51742458343506 9.201189994812012 25.20967483520508
1.00116 1.00024 0.64104 0.0903428 0.050094 0.0402488 0.00238871 1.67763e-05 7.72197e-07 2.40585e-05 0 12.52094554901123 9.247580528259277 25.1168327331543
1.00112 1.00024 0.641078 0.0899949 0.050104 0.0398909 0.00247905 1.56263e-05 7.61412e-07 3.76404e-05 0 12.52021217346191 9.291098594665527 25.10983848571777
1.00111 1.00028 0.641111 0.0896157 0.0500667 0.039549 0.0022527 1.55003e-05 1.06866e-06 5.36199e-05 0 12.51982688903809 9.339408874511719 25.08207702636719
1.00109 1.00029 0.641138 0.0892775 0.0500487 0.0392288 0.00197245 1.48075e-05 1.10571e-06 1.34602e-05 0 12.51909637451172 9.394227027893066 25.12114334106445
1.00108 1.0003 0.641157 0.0889262 0.05002 0.0389062 0.0018438 1.45166e-05 1.21632e-06 2.92786e-05 0 12.51998138427734 9.44627857208252 25.08888626098633
1.00105 1.00026 0.641153 0.0885747 0.0499938 0.0385809 0.00188675 1.3869e-05 8.98299e-07 4.43594e-05 0 12.51918601989746 9.497550010681152 25.08840370178223
1.00103 1.00034 0.641224 0.0882072 0.049994 0.0382132 0.00220083 1.33667e-05 1.54302e-06 4.20502e-05 0 12.51884365081787 9.548103332519531 25.09842491149902
1.001 1.00031 0.641236 0.0878673 0.0499669 0.0379004 0.0020701 1.25967e-05 1.32089e-06 3.54957e-05 0 12.51854228973389 9.596832275390625 25.05972671508789
1.00101 1.00033 0.641239 0.0875122 0.0499222 0.03759 0.00186429 1.28564e-05 1.4889e-06 2.49161e-05 0 12.51744365692139 9.647278785705566 25.06789588928223
1.00097 1.0003 0.64126 0.087209 0.049951 0.0372579 0.00231579 1.17881e-05 1.22463e-06 3.16002e-05 0 12.51741504669189 9.69881534576416 25.05387115478516
1.00098 1.00034 0.641282 0.0868448 0.0498883 0.0369564 0.00190983 1.19167e-05 1.58066e-06 1.58288e-05 0 12.51644515991211 9.749531745910645 25.04697799682617
1.00094 1.00036 0.641331 0.0865063 0.0498593 0.036647 0.00173326 1.09357e-05 1.72962e-06 5.53507e-05 0 12.51594257354736 9.799753189086914 25.0519905090332
1.00091 1.00035 0.641346 0.0861637 0.0498207 0.036343 0.00176038 1.04309e-05 1.63227e-06 3.05432e-05 0 12.5158748626709 9.847764015197754 25.03336715698242
1.00076 1.00044 0.641556 0.0858482 0.0498164 0.0360318 0.00240561 7.13789e-06 2.60486e-06 2.62595e-05 0 12.5155611038208 9.893031120300293 25.02436828613281
1.00076 1.00037 0.641509 0.0855713 0.0498422 0.0357292 0.00309079 7.13713e-06 1.80013e-06 4.06526e-05 0 12.51542949676514 9.938739776611328 25.00998306274414
1.00078 1.0004 0.641513 0.0852255 0.0497639 0.0354616 0.00230571 7.51011e-06 2.16687e-06 1.88595e-05 0 12.5151309967041 9.985099792480469 24.99688720703125
1.00067 1.00052 0.641686 0.0849545 0.0497844 0.0351701 0.00263825 5.62293e-06 3.55217e-06 7.12114e-05 0 12.51488780975342 10.03767395019531 24.99699974060059
1.00067 1.00045 0.641641 0.0846601 0.0497821 0.034878 0.00260917 5.60665e-06 2.64285e-06 3.26044e-05 0 12.51450538635254 10.08268737792969 24.98346900939941
1.0007 1.00038 0.641569 0.0843449 0.0497585 0.0345863 0.00260582 6.08839e-06 1.87915e-06 2.66882e-05 0 12.51463985443115 10.12730503082275 24.9610710144043
1.00067 1.00041 0.641622 0.0840138 0.0497097 0.0343041 0.00274521 5.57216e-06 2.26231e-06 3.30772e-05 0 12.51410007476807 10.17554664611816 24.97552108764648
1.00068 1.00043 0.641617 0.0837051 0.0496743 0.0340309 0.00319742 5.81918e-06 2.41711e-06 5.38331e-05 0 12.51416206359863 10.21929264068604 24.94417572021484
1.00064 1.00047 0.641686 0.0834295 0.049669 0.0337605 0.00246341 5.10054e-06 2.93184e-06 3.794e-05 0 12.51365852355957 10.26463890075684 24.92965316772461
1.00065 1.00046 0.641672 0.0831484 0.0496646 0.0334838 0.00227714 5.20327e-06 2.77763e-06 4.32443e-05 0 12.51337909698486 10.30924129486084 24.91037368774414
1.00056 1.00049 0.64177 0.0828001 0.0496018 0.0331983 0.00252294 3.97945e-06 3.17194e-06 5.5092e-05 0 12.51140308380127 10.35583019256592 24.90820503234863
1.00057 1.00049 0.641764 0.0824688 0.0495452 0.0329236 0.00219939 4.12471e-06 3.2597e-06 2.84236e-05 0 12.51140403747559 10.40050601959229 24.92108535766602
1.00058 1.00052 0.641783 0.0822194 0.0495597 0.0326596 0.00206348 4.14424e-06 3.67453e-06 3.65205e-05 0 12.5116491317749 10.44006538391113 24.88197326660156
1.00055 1.00047 0.641777 0.0819342 0.0495339 0.0324002 0.00234831 3.74777e-06 2.99366e-06 6.97473e-05 0 12.51033878326416 10.48399353027344 24.89222717285156
1.00055 1.00051 0.641802 0.0816672 0.0495015 0.0321658 0.00212681 3.74633e-06 3.50054e-06 3.21807e-05 0 12.51033496856689 10.52763843536377 24.89103698730469
1.00052 1.0005 0.641819 0.0813779 0.0494538 0.0319241 0.00260821 3.38908e-06 3.31226e-06 5.34324e-05 0 12.51068687438965 10.57124900817871 24.87925910949707
1.00038 1.00042 0.641899 0.0811968 0.0495335 0.0316633 0.00303592 1.8523e-06 2.36075e-06 0.000141236 0 12.51030540466309 10.61393260955811 24.85482597351074
1.0005 1.00052 0.641851 0.0808425 0.0494105 0.0314319 0.00265442 3.14365e-06 3.6112e-06 2.62859e-05 0 12.51048946380615 10.65519428253174 24.83712959289551
1.00041 1.00056 0.641968 0.0805758 0.0493714 0.0312044 0.00293729 2.05851e-06 4.16222e-06 2.4665e-05 0 12.50993537902832 10.69646835327148 24.83448791503906
1.00027 1.00062 0.642142 0.0803238 0.0493597 0.0309641 0.00304703 8.84561e-07 5.13083e-06 2.96084e-05 0 12.51001930236816 10.73864936828613 24.83229446411133
1.00033 1.0006 0.642068 0.0800361 0.0493068 0.0307293 0.00268739 1.37708e-06 4.85784e-06 3.9925e-05 0 12.50902557373047 10.78277015686035 24.80087852478027
1.00035 1.00062 0.642061 0.0797921 0.049297 0.0304951 0.00246912 1.52836e-06 5.12928e-06 1.80985e-05 0 12.50914287567139 10.82496643066406 24.7725887298584
1.0003 1.00063 0.642115 0.0795032 0.0492433 0.0302599 0.0024851 1.13867e-06 5.32912e-06 2.51666e-05 0 12.50916290283203 10.86571025848389 24.77987289428711
1.00033 1.00059 0.642062 0.079218 0.0491858 0.0300322 0.00234915 1.36321e-06 4.68026e-06 1.07163e-05 0 12.50879859924316 10.90608215332031 24.7669792175293
1.0002 1.00076 0.642297 0.0790055 0.0492007 0.0298048 0.00301328 5.02174e-07 7.77303e-06 6.01888e-05 0 12.50879859924316 10.9425573348999 24.7507266998291
1.00027 1.00064 0.642153 0.078736 0.049134 0.029602 0.00248251 8.79211e-07 5.41309e-06 2.56742e-05 0 12.50847148895264 10.98042774200439 24.72690773010254
1.00025 1.00065 0.642175 0.0784823 0.0490967 0.0293856 0.00229365 7.95882e-07 5.65626e-06 1.99813e-05 0 12.5067777633667 11.02201271057129 24.76675987243652
1.00026 1.00067 0.64218 0.0782242 0.0490505 0.0291737 0.00214205 8.54317e-07 6.02497e-06 1.98451e-05 0 12.50823593139648 11.05785369873047 24.70526313781738
1.00023 1.00071 0.642235 0.0780029 0.0490405 0.0289624 0.00224105 6.76146e-07 6.81486e-06 9.01855e-05 0 12.50703525543213 11.09427452087402 24.68566513061523
1.00022 1.0007 0.642234 0.0777259 0.0489743 0.0287516 0.00212718 6.12626e-07 6.46879e-06 2.38517e-05 0 12.50528717041016 11.13306522369385 24.67985153198242
1.00021 1.00071 0.642256 0.0774683 0.0489294 0.0285389 0.00195325 5.32425e-07 6.7042e-06 3.11665e-05 0 12.5061092376709 11.17011451721191 24.65338897705078
1.00018 1.00075 0.642313 0.0772315 0.0488963 0.0283351 0.00207111 3.88524e-07 7.53406e-06 5.53332e-05 0 12.50633525848389 11.2074556350708 24.64849090576172
1.00017 1.00075 0.642317 0.0770018 0.0488638 0.028138 0.0018901 3.61203e-07 7.49395e-06 2.92969e-05 0 12.50573348999023 11.24542331695557 24.62163925170898
1.00015 1.00074 0.642324 0.0767563 0.0488128 0.0279435 0.00192925 2.97674e-07 7.22625e-06 3.68829e-05 0 12.50608921051025 11.28194332122803 24.59291839599609
1.00012 1.00069 0.642326 0.0765985 0.0488499 0.0277486 0.00242291 1.86058e-07 6.37552e-06 7.52811e-05 0 12.5044641494751 11.31932544708252 24.6003246307373
1.00012 1.00076 0.64238 0.0763173 0.0487474 0.0275699 0.00205055 1.65685e-07 7.79197e-06 1.89312e-05 0 12.50527858734131 11.3519172668457 24.56703186035156
1.00009 1.00077 0.642409 0.0760656 0.0486798 0.0273858 0.00197312 1.02702e-07 7.98381e-06 3.63833e-05 0 12.50510787963867 11.38719272613525 24.54837608337402
1.0001 1.00079 0.642412 0.0758556 0.0486533 0.0272023 0.00186137 1.18824e-07 8.29186e-06 1.90724e-05 0 12.50523281097412 11.42178153991699 24.52525901794434
1.00005 1.00079 0.642456 0.075608 0.0486123 0.0269957 0.00259064 3.65261e-08 8.34855e-06 3.43265e-05 0 12.50486946105957 11.45656394958496 24.52023315429688
1.00002 1.00081 0.642496 0.0753946 0.0485772 0.0268173 0.00242536 7.00432e-09 8.70347e-06 3.80387e-05 0 12.50472736358643 11.49130439758301 24.48715591430664
1.00002 1.00082 0.642504 0.0751989 0.0485617 0.0266372 0.0021618 6.06261e-09 8.94568e-06 5.23896e-05 0 12.50453281402588 11.5265064239502 24.46469116210938
1.00001 1.0008 0.642508 0.0749265 0.0484765 0.02645 0.00227446 5.38675e-10 8.5495e-06 4.48474e-05 0 12.5041618347168 11.56044101715088 24.44815444946289
0.999996 1.00085 0.64255 0.0747059 0.048437 0.0262689 0.00217527 1.76724e-10 9.66612e-06 5.16909e-05 0 12.50408554077148 11.59326553344727 24.43188095092773
0.999981 1.00087 0.64258 0.0745066 0.0484095 0.026097 0.00198007 4.49478e-09 1.02036e-05 5.65431e-05 0 12.5038890838623 11.6257905960083 24.40639495849609
0.999971 1.00086 0.642582 0.0742707 0.0483446 0.0259261 0.00187167 1.04702e-08 9.93131e-06 1.12446e-05 0 12.50348567962646 11.65859413146973 24.42495918273926
0.99994 1.00086 0.642612 0.0741104 0.048349 0.0257614 0.0019897 4.45194e-08 9.9496e-06 2.76163e-05 0 12.50339889526367 11.68867301940918 24.37369918823242
0.999911 1.00089 0.642659 0.0738586 0.0482645 0.0255941 0.00191239 9.91126e-08 1.06228e-05 1.53763e-05 0 12.50310039520264 11.71983814239502 24.33990287780762
0.999901 1.0009 0.642673 0.0736479 0.0482179 0.02543 0.00181399 1.21659e-07 1.07935e-05 2.0724e-05 0 12.50318622589111 11.75085163116455 24.32665252685547
0.999861 1.0009 0.642714 0.0734389 0.0481747 0.0252642 0.00188579 2.42663e-07 1.08888e-05 3.4395e-05 0 12.50263786315918 11.78613090515137 24.30615425109863
0.999858 1.00092 0.64273 0.0732151 0.0481153 0.0250998 0.00171376 2.51855e-07 1.14037e-05 1.46744e-05 0 12.50225353240967 11.81666660308838 24.28861236572266
0.999866 1.00093 0.642725 0.0730673 0.0481336 0.0249337 0.00163722 2.22992e-07 1.15075e-05 6.9769e-05 0 12.50223350524902 11.84747314453125 24.28083610534668
0.999841 1.00096 0.642768 0.0728244 0.0480484 0.0247759 0.00154033 3.17752e-07 1.22262e-05 5.38995e-05 0 12.50204658508301 11.87966156005859 24.23821449279785
0.999786 1.00088 0.642772 0.072632 0.0480134 0.0246186 0.00204362 5.73156e-07 1.03606e-05 4.68505e-05 0 12.50190544128418 11.91088581085205 24.21849632263184
0.999783 1.00099 0.642847 0.0723893 0.0479294 0.0244598 0.00158829 5.89002e-07 1.31501e-05 1.73151e-05 0 12.50172424316406 11.9406566619873 24.20476341247559
0.99978 1.00099 0.642847 0.0721818 0.0478855 0.0242963 0.00151518 6.05025e-07 1.30303e-05 7.67838e-05 0 12.50161170959473 11.9703197479248 24.17227745056152
0.999761 1.001 0.642871 0.0719894 0.0478501 0.0241393 0.00149479 7.13162e-07 1.3292e-05 1.48037e-05 0 12.50121974945068 11.99910736083984 24.17451858520508
0.999555 1.00102 0.643085 0.0718631 0.0479005 0.0239626 0.00257413 2.4799e-06 1.39085e-05 0.000142687 0 12.50084590911865 12.02842712402344 24.13226699829102
0.999642 1.00099 0.64298 0.0716013 0.0477945 0.0238068 0.00338267 1.6052e-06 1.30345e-05 0.000144918 0 12.50072288513184 12.05718040466309 24.10894012451172
0.999688 1.00101 0.642951 0.0713978 0.047723 0.0236747 0.00239889 1.21788e-06 1.36974e-05 3.0959e-05 0 12.50022888183594 12.08645343780518 24.08734703063965
0.999638 1.00102 0.643004 0.0712075 0.0476687 0.0235388 0.00235117 1.63693e-06 1.38724e-05 2.92656e-05 0 12.50018978118896 12.11542797088623 24.05765914916992
0.999601 1.00106 0.643062 0.0710326 0.0476306 0.023402 0.00221875 1.98754e-06 1.48655e-05 4.76933e-05 0 12.50028800964355 12.14474964141846 24.06682205200195
0.999645 1.00108 0.643036 0.0708368 0.0475765 0.0232603 0.00194554 1.5767e-06 1.55565e-05 3.67579e-05 0 12.49996089935303 12.17282676696777 24.02420616149902
0.999618 1.00106 0.643047 0.0706662 0.0475474 0.0231188 0.00178297 1.82741e-06 1.49095e-05 2.03803e-05 0 12.49928951263428 12.20104598999023 24.0066967010498
0.999636 1.0011 0.643054 0.0704432 0.0474623 0.0229809 0.00184701 1.65609e-06 1.60067e-05 1.88837e-05 0 12.49924659729004 12.22939777374268 23.9647159576416
0.999602 1.00111 0.643096 0.0702511 0.0474071 0.022844 0.00167274 1.97557e-06 1.64599e-05 1.49573e-05 0 12.4992151260376 12.2586784362793 23.94274520874023
0.999589 1.00108 0.643092 0.0700998 0.0473885 0.0227114 0.00158216 2.11133e-06 1.56453e-05 1.31004e-05 0 12.49897480010986 12.28696537017822 23.925048828125
0.999577 1.00112 0.643128 0.0698929 0.0473115 0.0225814 0.00152619 2.23224e-06 1.67789e-05 3.93706e-05 0 12.49639129638672 12.3196964263916 23.95023536682129
0.999522 1.00112 0.643178 0.0697221 0.0472659 0.0224563 0.00189669 2.85108e-06 1.6639e-05 5.59957e-05 0 12.49747657775879 12.34749507904053 23.89725494384766
0.999539 1.00117 0.643192 0.0695312 0.0471975 0.0223337 0.001637 2.65238e-06 1.81149e-05 1.12338e-05 0 12.49806022644043 12.37125778198242 23.86151885986328
0.999557 1.00116 0.643174 0.0693875 0.0471744 0.0222131 0.00169604 2.44856e-06 1.80855e-05 1.89894e-05 0 12.49743366241455 12.39619827270508 23.8343448638916
0.999532 1.00121 0.643232 0.0692525 0.0471589 0.0220936 0.00172412 2.73937e-06 1.96918e-05 9.80748e-05 0 12.49697875976562 12.42131042480469 23.81532859802246
0.999525 1.00117 0.64321 0.0690509 0.0470728 0.0219781 0.00167555 2.81587e-06 1.83033e-05 2.96634e-05 0 12.49751567840576 12.44705390930176 23.78823471069336
0.999332 1.00106 0.643324 0.0690888 0.0472245 0.0218644 0.00275842 5.58637e-06 1.49469e-05 0.000125922 0 12.4971752166748 12.47313117980957 23.77368545532227
0.999415 1.00115 0.643303 0.0687572 0.0469948 0.0217623 0.00281904 4.28279e-06 1.76534e-05 3.68986e-05 0 12.49740886688232 12.49843788146973 23.73113441467285
0.999412 1.00121 0.643341 0.0686117 0.0469542 0.0216575 0.00230757 4.31685e-06 1.94046e-05 2.23991e-05 0 12.49698829650879 12.52385234832764 23.70353698730469
0.999429 1.00122 0.643334 0.0684466 0.0468939 0.0215527 0.00217759 4.06953e-06 1.98602e-05 1.83042e-05 0 12.49682521820068 12.54848003387451 23.69422721862793
0.999333 1.00127 0.643458 0.0683554 0.0469056 0.0214499 0.00267752 5.56632e-06 2.14746e-05 6.03205e-05 0 12.4966869354248 12.57266235351562 23.65576362609863
0.999417 1.00125 0.643367 0.0681713 0.0468261 0.0213451 0.00209571 4.2421e-06 2.09527e-05 3.88814e-05 0 12.49598598480225 12.5962028503418 23.6329231262207
0.999394 1.00131 0.643426 0.0681248 0.046878 0.0212467 0.00195693 4.59636e-06 2.28775e-05 4.11285e-05 0 12.49619960784912 12.61901760101318 23.59874725341797
0.999403 1.00128 0.643395 0.0679249 0.0467764 0.0211486 0.0017856 4.45627e-06 2.17004e-05 3.35314e-05 0 12.49642372131348 12.64152336120605 23.58721542358398
0.999391 1.00129 0.643415 0.0677489 0.046693 0.0210559 0.0016796 4.62945e-06 2.22021e-05 2.27344e-05 0 12.4961109161377 12.66406631469727 23.5794792175293
0.999397 1.00129 0.643412 0.0676419 0.0466789 0.020963 0.00180311 4.55018e-06 2.22848e-05 2.23325e-05 0 12.49602031707764 12.68583106994629 23.53639602661133
0.999341 1.00133 0.643492 0.067539 0.0466658 0.0208732 0.0025184 5.43075e-06 2.37268e-05 6.32656e-05 0 12.49359321594238 12.70811653137207 23.61222267150879
0.999319 1.00132 0.643504 0.0673807 0.0465874 0.0207933 0.0022985 5.79652e-06 2.32099e-05 6.18463e-05 0 12.49464416503906 12.72706890106201 23.49741363525391
0.999341 1.00135 0.643502 0.067258 0.0465457 0.0207123 0.00201222 5.43467e-06 2.42572e-05 3.16641e-05 0 12.49461841583252 12.74695777893066 23.47713851928711
0.999349 1.00136 0.643502 0.0671783 0.0465455 0.0206328 0.00187432 5.29965e-06 2.47216e-05 2.56076e-05 0 12.49482822418213 12.76681804656982 23.44692611694336
0.999321 1.00137 0.643535 0.0670675 0.0465073 0.0205602 0.00178678 5.77083e-06 2.50196e-05 3.68628e-05 0 12.49361801147461 12.7868070602417 23.45278358459473
0.999339 1.00139 0.64353 0.0669558 0.0464668 0.020489 0.00168967 5.46214e-06 2.57886e-05 4.74236e-05 0 12.49467849731445 12.80647373199463 23.41306304931641
0.999343 1.00139 0.643524 0.0668691 0.0464505 0.0204186 0.00224508 5.39103e-06 2.56352e-05 6.27862e-05 0 12.49437522888184 12.82541561126709 23.43901824951172
0.999313 1.00138 0.643551 0.0668102 0.0464573 0.0203529 0.00207859 5.89924e-06 2.55551e-05 0.000131218 0 12.49448871612549 12.84421253204346 23.38818550109863
0.999334 1.0014 0.643541 0.0666862 0.0463971 0.0202891 0.0018764 5.54864e-06 2.60968e-05 6.94859e-05 0 12.49434852600098 12.86209106445312 23.34653282165527
0.999318 1.00145 0.643587 0.0666747 0.0464395 0.0202352 0.00198415 5.81639e-06 2.79439e-05 4.08544e-05 0 12.49441432952881 12.87997245788574 23.33943748474121
0.999266 1.00145 0.643639 0.0665455 0.0463658 0.0201797 0.00225283 6.74122e-06 2.8016e-05 6.49156e-05 0 12.49370956420898 12.89755535125732 23.33288764953613
0.99933 1.00146 0.643581 0.0665 0.0463707 0.0201293 0.00199575 5.60683e-06 2.82973e-05 7.69849e-05 0 12.49344825744629 12.91311836242676 23.2937068939209
0.999334 1.00146 0.643578 0.0664056 0.0463211 0.0200845 0.00185887 5.54281e-06 2.83333e-05 2.67034e-05 0 12.4937162399292 12.92873859405518 23.27285957336426
0.999353 1.00148 0.643577 0.0663702 0.0463302 0.02004 0.00182727 5.23212e-06 2.93991e-05 3.39648e-05 0 12.49381828308105 12.94415187835693 23.27275276184082
0.999373 1.00148 0.643558 0.0663312 0.0463309 0.0200003 0.00174478 4.92019e-06 2.93701e-05 3.18161e-05 0 12.49346351623535 12.95840644836426 23.25364112854004
0.99939 1.00148 0.643538 0.0662762 0.0463103 0.0199658 0.0016661 4.65787e-06 2.91552e-05 3.00003e-05 0 12.49369812011719 12.97222328186035 23.23339653015137
0.999408 1.00149 0.64353 0.0662541 0.046319 0.0199351 0.00175015 4.38039e-06 2.97473e-05 2.17089e-05 0 12.49374866485596 12.98594665527344 23.22524833679199
0.999431 1.00148 0.643497 0.0662257 0.0463236 0.0199021 0.00175642 4.04935e-06 2.9091e-05 1.72332e-05 0 12.49337482452393 12.99893093109131 23.2286376953125
0.999434 1.00149 0.643501 0.0662141 0.0463336 0.0198805 0.00233894 4.00338e-06 2.94879e-05 5.70861e-05 0 12.4936351776123 13.01136589050293 23.19855690002441
0.999427 1.00151 0.643522 0.0662021 0.0463393 0.0198627 0.00188611 4.10198e-06 3.04334e-05 4.86789e-05 0 12.49343681335449 13.02199745178223 23.21974945068359
0.999455 1.0015 0.643491 0.0662102 0.0463663 0.0198439 0.00184153 3.71049e-06 3.01782e-05 5.02776e-06 0 12.49277877807617 13.03313827514648 23.18290519714355
0.999468 1.00152 0.643487 0.0661813 0.0463535 0.0198278 0.00176078 3.53481e-06 3.06707e-05 3.17092e-05 0 12.49359035491943 13.04277420043945 23.18532371520996
0.9995 1.0015 0.643448 0.0662173 0.046404 0.0198133 0.00172234 3.1237e-06 3.0192e-05 0.000100981 0 12.49363613128662 13.05160903930664 23.16057968139648
0.999516 1.00154 0.643456 0.0661602 0.0463531 0.0198071 0.00170605 2.93409e-06 3.16299e-05 5.65268e-05 0 12.49388408660889 13.06030559539795 23.16511154174805
0.999476 1.00154 0.643495 0.0661853 0.0463872 0.0197981 0.00214705 3.43595e-06 3.16885e-05 4.29042e-05 0 12.49411201477051 13.06805515289307 23.16545486450195
0.999549 1.00152 0.643409 0.0661861 0.0463973 0.0197889 0.00188064 2.54595e-06 3.07046e-05 7.98427e-05 0 12.4943265914917 13.07481288909912 23.15517616271973
0.999548 1.00153 0.64342 0.066208 0.0464236 0.0197844 0.00174288 2.5559e-06 3.13321e-05 3.20641e-05 0 12.49455642700195 13.08081340789795 23.15951919555664
0.999563 1.00154 0.64341 0.0661634 0.046384 0.0197795 0.00169422 2.38465e-06 3.16598e-05 2.71751e-05 0 12.49484252929688 13.08726787567139 23.16177940368652
0.999574 1.00153 0.643395 0.0661555 0.0463803 0.0197752 0.00160566 2.26926e-06 3.1318e-05 7.68686e-05 0 12.49488162994385 13.09153175354004 23.16681289672852
0.999589 1.00153 0.64338 0.0661859 0.0464151 0.0197708 0.00156585 2.11696e-06 3.12478e-05 4.48536e-05 0 12.49480247497559 13.0950756072998 23.1696891784668
0.999598 1.00155 0.643381 0.0661892 0.0464207 0.0197685 0.001552 2.02014e-06 3.19357e-05 5.04475e-05 0 12.49514198303223 13.09870338439941 23.18314552307129
0.999595 1.00153 0.643373 0.0661437 0.0463782 0.0197655 0.00147693 2.04821e-06 3.1241e-05 5.54943e-06 0 12.49531745910645 13.10184764862061 23.1767520904541
0.999594 1.00152 0.643367 0.066161 0.0463987 0.0197623 0.00142999 2.06266e-06 3.0802e-05 4.33154e-05 0 12.49570941925049 13.1046085357666 23.20196723937988
0.999618 1.00155 0.643362 0.066152 0.0463925 0.0197595 0.00145874 1.82463e-06 3.19461e-05 7.00636e-05 0 12.49590682983398 13.10576248168945 23.17656517028809
0.999627 1.00155 0.643353 0.0661257 0.0463688 0.0197569 0.00137214 1.74215e-06 3.19302e-05 3.96464e-05 0 12.49540233612061 13.10771083831787 23.19361305236816
0.99962 1.00153 0.643351 0.0661381 0.0463825 0.0197556 0.0016926 1.8022e-06 3.13578e-05 1.82117e-05 0 12.49632167816162 13.1092643737793 23.19865226745605
0.999637 1.00154 0.643342 0.0661383 0.046381 0.0197573 0.00140146 1.65155e-06 3.18166e-05 8.37998e-06 0 12.49631118774414 13.11015129089355 23.2118091583252
0.999645 1.00153 0.643328 0.0661406 0.0463872 0.0197535 0.00134449 1.57236e-06 3.14283e-05 1.44502e-06 0 12.49650001525879 13.11106967926025 23.19199371337891
0.999646 1.00154 0.643332 0.0661189 0.0463685 0.0197504 0.00130596 1.57021e-06 3.17168e-05 5.73726e-07 0 12.49663066864014 13.11187267303467 23.19014930725098
0.999647 1.00154 0.643329 0.0661142 0.0463657 0.0197485 0.00127249 1.55649e-06 3.16364e-05 4.36271e-07 0 12.4968147277832 13.11270046234131 23.20753860473633
0.999644 1.00155 0.643337 0.0661215 0.0463757 0.0197458 0.00133619 1.58297e-06 3.19473e-05 5.36098e-06 0 12.49693870544434 13.11312198638916 23.21037101745605
0.999646 1.00153 0.643321 0.0661263 0.0463833 0.019743 0.00128402 1.5623e-06 3.1108e-05 5.90041e-05 0 12.49690532684326 13.11371803283691 23.18909454345703
0.99965 1.00153 0.643318 0.066137 0.0463939 0.0197431 0.00125311 1.52897e-06 3.11197e-05 6.77084e-05 0 12.4968843460083 13.11435794830322 23.19933128356934
0.999655 1.00154 0.643323 0.0661131 0.0463714 0.0197418 0.00120064 1.48802e-06 3.17306e-05 3.36492e-05 0 12.49718952178955 13.11481285095215 23.19623947143555
0.999656 1.00154 0.643322 0.0661227 0.046383 0.0197397 0.00118848 1.47624e-06 3.17387e-05 4.46557e-06 0 12.49729061126709 13.11531448364258 23.18439865112305
0.999657 1.00154 0.643318 0.0661146 0.0463765 0.0197381 0.00113405 1.47209e-06 3.15322e-05 5.36681e-06 0 12.49721527099609 13.11558246612549 23.19124031066895
0.999589 1.00149 0.643355 0.0661353 0.0463942 0.0197411 0.00135506 2.11386e-06 2.97137e-05 1.75183e-05 0 12.49742031097412 13.11519622802734 23.19050407409668
0.999637 1.00155 0.643348 0.0661223 0.0463834 0.019739 0.00121067 1.65176e-06 3.21633e-05 1.14969e-05 0 12.49753952026367 13.11591625213623 23.19357299804688
0.999649 1.00155 0.643332 0.0661147 0.0463794 0.0197353 0.00121592 1.54272e-06 3.19352e-05 1.69636e-05 0 12.49753475189209 13.1165189743042 23.18423461914062
0.999649 1.00154 0.643325 0.0661151 0.0463833 0.0197318 0.00114637 1.53813e-06 3.15233e-05 2.87004e-06 0 12.4975528717041 13.11690330505371 23.182861328125
0.999648 1.00154 0.64333 0.0661186 0.0463886 0.01973 0.00115143 1.54768e-06 3.17753e-05 6.90723e-06 0 12.49750709533691 13.1174488067627 23.1878490447998
0.999648 1.00154 0.64333 0.0661048 0.0463761 0.0197287 0.00109462 1.55202e-06 3.17595e-05 4.40263e-06 0 12.49754333496094 13.11799621582031 23.19165802001953
0.999649 1.00154 0.643328 0.0661049 0.0463777 0.0197272 0.00105808 1.5414e-06 3.16631e-05 6.65825e-06 0 12.49758911132812 13.11795043945312 23.19695281982422
0.999647 1.00154 0.64333 0.0661511 0.046425 0.0197261 0.00104677 1.55704e-06 3.17237e-05 2.92077e-05 0 12.49763679504395 13.11819553375244 23.18566513061523
0.999656 1.00155 0.643325 0.0661113 0.0463871 0.0197243 0.00101279 1.47676e-06 3.1975e-05 1.94663e-05 0 12.49765968322754 13.11861038208008 23.19148635864258
0.999652 1.00155 0.643328 0.0661258 0.0464061 0.0197197 0.00129863 1.51092e-06 3.19052e-05 1.26175e-05 0 12.49766159057617 13.11892127990723 23.18824195861816
0.999643 1.00154 0.643335 0.0661104 0.0463883 0.0197221 0.00117687 1.59456e-06 3.17649e-05 1.01084e-05 0 12.49682426452637 13.11858749389648 23.19706916809082
0.999652 1.00154 0.643326 0.066147 0.0464269 0.0197201 0.00112924 1.51466e-06 3.17219e-05 9.36793e-06 0 12.49742031097412 13.11884117126465 23.19168472290039
0.999656 1.00154 0.643321 0.0661108 0.046392 0.0197188 0.00107078 1.47972e-06 3.16587e-05 4.26876e-05 0 12.49757385253906 13.11952209472656 23.18969535827637
0.999666 1.00157 0.643329 0.0661211 0.0464053 0.0197157 0.00103564 1.39128e-06 3.28521e-05 6.01704e-05 0 12.49757385253906 13.12021732330322 23.19164085388184
0.999645 1.00153 0.643323 0.066141 0.0464304 0.0197105 0.00121199 1.57374e-06 3.11398e-05 0.00014388 0 12.49756336212158 13.12056922912598 23.19428253173828
0.999648 1.00153 0.643323 0.0661324 0.0464258 0.0197066 0.0011331 1.54772e-06 3.13123e-05 0.000109325 0 12.49754905700684 13.12084007263184 23.18804931640625
0.99965 1.00153 0.64332 0.0661017 0.0463977 0.019704 0.00107739 1.53187e-06 3.12515e-05 1.58309e-05 0 12.49756813049316 13.12112331390381 23.1888542175293
0.99965 1.00154 0.643324 0.0660935 0.0463911 0.0197024 0.00103794 1.52748e-06 3.14943e-05 1.34021e-06 0 12.49755191802979 13.12134647369385 23.21247291564941
0.99965 1.00155 0.643333 0.0661052 0.0464042 0.019701 0.00100698 1.53097e-06 3.20834e-05 1.41121e-05 0 12.49766826629639 13.12167358398438 23.19353866577148
0.999652 1.00154 0.643322 0.0661044 0.0464046 0.0196998 0.000990067 1.51594e-06 3.14772e-05 4.84332e-06 0 12.4976053237915 13.12260723114014 23.20305252075195
0.999655 1.00154 0.643322 0.0660998 0.046402 0.0196978 0.000962542 1.48375e-06 3.17112e-05 1.81512e-05 0 12.49749755859375 13.12217807769775 23.19415283203125
0.99965 1.00156 0.643339 0.0661269 0.0464311 0.0196958 0.00132783 1.53504e-06 3.24279e-05 4.72827e-05 0 12.49760341644287 13.12252712249756 23.21343994140625
0.999656 1.00153 0.643311 0.066161 0.0464644 0.0196966 0.00114725 1.48162e-06 3.10377e-05 1.68396e-05 0 12.49765968322754 13.12278270721436 23.19600486755371
0.999665 1.00154 0.643311 0.0661032 0.0464077 0.0196955 0.00106904 1.40366e-06 3.15949e-05 1.40152e-05 0 12.49778747558594 13.12334060668945 23.20265197753906
0.999664 1.00153 0.643308 0.0661183 0.0464252 0.0196931 0.00121342 1.4078e-06 3.13784e-05 1.4834e-05 0 12.49751853942871 13.1244535446167 23.21521186828613
0.999664 1.00154 0.643311 0.0660984 0.046409 0.0196895 0.00109943 1.41056e-06 3.15425e-05 3.62141e-05 0 12.49756908416748 13.12523746490479 23.21290397644043
0.999662 1.00154 0.643313 0.0660956 0.0464091 0.0196865 0.00107508 1.43005e-06 3.14947e-05 1.22454e-05 0 12.49758148193359 13.12572765350342 23.19883346557617
0.999677 1.00154 0.643298 0.0660867 0.0464044 0.0196823 0.00107619 1.30551e-06 3.14587e-05 3.78845e-06 0 12.49758720397949 13.12604522705078 23.19553375244141
0.999678 1.00154 0.643299 0.0660838 0.0464041 0.0196796 0.00102311 1.29279e-06 3.16662e-05 1.89627e-06 0 12.49757480621338 13.12633419036865 23.2021484375
0.99968 1.00154 0.643298 0.0660899 0.0464127 0.0196773 0.000999125 1.28261e-06 3.16731e-05 1.97657e-06 0 12.49761009216309 13.1265697479248 23.20229721069336
0.999679 1.00154 0.6433 0.0660788 0.0464025 0.0196764 0.00095332 1.2852e-06 3.17751e-05 7.5771e-06 0 12.49764442443848 13.12694072723389 23.20099258422852
0.99968 1.00154 0.643297 0.0660762 0.0464016 0.0196747 0.000918596 1.28367e-06 3.16077e-05 5.15932e-07 0 12.49758052825928 13.12737083435059 23.21556091308594
0.99971 1.0015 0.643244 0.0660868 0.0464167 0.0196701 0.00102982 1.05357e-06 3.00517e-05 2.71098e-05 0 12.49765682220459 13.1271858215332 23.23220252990723
0.99969 1.00154 0.643287 0.0660939 0.0464235 0.0196703 0.00100999 1.20206e-06 3.15857e-05 4.81789e-06 0 12.49777889251709 13.12738037109375 23.20387649536133
0.999691 1.00154 0.643286 0.0660871 0.0464181 0.019669 0.000936433 1.19521e-06 3.15692e-05 1.4163e-05 0 12.49776268005371 13.1278600692749 23.21260452270508
0.999692 1.00154 0.643283 0.0660848 0.0464175 0.0196674 0.000998579 1.18363e-06 3.14658e-05 5.03109e-06 0 12.49775886535645 13.12858200073242 23.20448112487793
0.999687 1.00154 0.643288 0.0660817 0.0464157 0.019666 0.000906185 1.22674e-06 3.14442e-05 3.5918e-05 0 12.49773406982422 13.12918186187744 23.20454978942871
0.999671 1.0015 0.643279 0.0660947 0.0464298 0.0196649 0.001193 1.35537e-06 2.99071e-05 6.37132e-05 0 12.49792003631592 13.12997150421143 23.20221328735352
0.999662 1.00159 0.643345 0.0661065 0.0464384 0.0196681 0.00104171 1.4274e-06 3.3584e-05 1.7588e-05 0 12.49794387817383 13.13047218322754 23.20206069946289
0.999665 1.00154 0.64331 0.0660911 0.0464249 0.0196662 0.000964413 1.40696e-06 3.14793e-05 2.81589e-05 0 12.49795913696289 13.13094520568848 23.20633697509766
0.999664 1.00153 0.643308 0.0661005 0.0464369 0.0196636 0.000971681 1.41027e-06 3.13234e-05 5.03811e-05 0 12.49796295166016 13.13113880157471 23.20122528076172
0.999669 1.00158 0.643336 0.0661419 0.0464805 0.0196614 0.000920262 1.37194e-06 3.34226e-05 0.000255082 0 12.49795532226562 13.1314640045166 23.20077705383301
0.999674 1.00152 0.643291 0.0662772 0.0466192 0.019658 0.000893828 1.32648e-06 3.09e-05 6.77249e-05 0 12.49833583831787 13.13224983215332 23.20834541320801
0.999676 1.00156 0.643317 0.0661693 0.0465113 0.019658 0.000859437 1.31361e-06 3.26377e-05 0.000103292 0 12.49808216094971 13.13228416442871 23.21176147460938
0.999682 1.00155 0.643302 0.0661796 0.0465252 0.0196544 0.000832637 1.2604e-06 3.20701e-05 4.66384e-05 0 12.49810409545898 13.13255977630615 23.20905303955078
0.999656 1.00151 0.643305 0.066177 0.0465251 0.0196519 0.000848002 1.48248e-06 3.06059e-05 6.68775e-05 0 12.49810886383057 13.13287258148193 23.20873069763184
0.999658 1.00154 0.643317 0.0662016 0.0465557 0.0196459 0.00155169 1.46245e-06 3.15063e-05 0.000330298 0 12.49805164337158 13.1331615447998 23.20783042907715
0.999684 1.00155 0.643301 0.0662997 0.0466631 0.0196365 0.00114602 1.24763e-06 3.21079e-05 0.000164034 0 12.49784278869629 13.13346290588379 23.21492958068848
0.999669 1.00153 0.643303 0.0661565 0.0465191 0.0196374 0.00103946 1.36601e-06 3.13712e-05 0.000173066 0 12.49773502349854 13.13284778594971 23.21918106079102
0.999707 1.00152 0.643259 0.0661763 0.0465429 0.0196334 0.00107845 1.07549e-06 3.08399e-05 9.30771e-05 0 12.49776744842529 13.13321399688721 23.21245193481445
0.999705 1.00158 0.643299 0.0661743 0.0465445 0.0196298 0.00100466 1.08454e-06 3.33225e-05 3.49067e-05 0 12.49776554107666 13.13373756408691 23.21843719482422
0.999678 1.00152 0.643284 0.0661372 0.0465087 0.0196284 0.000949951 1.29374e-06 3.07063e-05 7.31242e-05 0 12.4978199005127 13.13414859771729 23.24023818969727
0.999683 1.00156 0.643305 0.0660675 0.0464413 0.0196262 0.000924479 1.25468e-06 3.23357e-05 0.000147872 0 12.49788761138916 13.1348123550415 23.30960273742676
0.999684 1.00151 0.643272 0.0661125 0.0464896 0.019623 0.001013 1.24912e-06 3.02651e-05 9.08512e-05 0 12.49791526794434 13.13479900360107 23.25564002990723
0.999656 1.00158 0.643344 0.0661502 0.0465294 0.0196208 0.00115357 1.47922e-06 3.31387e-05 4.29176e-05 0 12.4979944229126 13.135498046875 23.26260566711426
0.999681 1.00153 0.643288 0.0661437 0.0465251 0.0196186 0.00104157 1.27523e-06 3.10866e-05 6.50577e-05 0 12.49765586853027 13.13609886169434 23.26254081726074
0.999659 1.0015 0.643291 0.0660987 0.0464801 0.0196187 0.000998409 1.45146e-06 2.99765e-05 0.000169181 0 12.49768352508545 13.13726711273193 23.27786254882812
0.999683 1.00155 0.643299 0.0661008 0.0464841 0.0196167 0.00104988 1.25357e-06 3.19362e-05 6.64442e-05 0 12.49800968170166 13.13906192779541 23.33155250549316
0.999667 1.00155 0.643317 0.0660796 0.0464631 0.0196166 0.000963458 1.38517e-06 3.21078e-05 8.81651e-05 0 12.49782562255859 13.13893985748291 23.25956726074219
0.99967 1.00153 0.643299 0.0661344 0.0465213 0.0196131 0.000919225 1.36151e-06 3.11171e-05 6.18249e-05 0 12.49829483032227 13.13960075378418 23.27147102355957
0.999662 1.0015 0.64329 0.0660969 0.0464854 0.0196115 0.000892841 1.42546e-06 3.00769e-05 8.31569e-05 0 12.4982795715332 13.14031314849854 23.27226257324219
0.999684 1.00153 0.643287 0.0660431 0.0464333 0.0196098 0.000911906 1.2445e-06 3.12821e-05 6.94407e-05 0 12.49793338775635 13.1406888961792 23.25436401367188
0.999685 1.00156 0.643304 0.0660548 0.0464479 0.0196069 0.000907252 1.23909e-06 3.23909e-05 0.000318118 0 12.49799537658691 13.14111518859863 23.22063636779785
0.999669 1.00155 0.643314 0.0660425 0.0464368 0.0196057 0.000855108 1.37099e-06 3.20201e-05 0.000315357 0 12.49800109863281 13.14175033569336 23.24478912353516
0.999682 1.0016 0.643335 0.0660597 0.0464572 0.0196025 0.000885666 1.26237e-06 3.4228e-05 0.00029288 0 12.49766540527344 13.14230537414551 23.26469612121582
0.999699 1.00159 0.643313 0.0661337 0.0465348 0.0195989 0.000836247 1.13027e-06 3.38703e-05 0.000173862 0 12.49797534942627 13.14265155792236 23.2625732421875
0.999706 1.00155 0.643281 0.0662135 0.0466146 0.0195989 0.00145492 1.08159e-06 3.22185e-05 6.71845e-05 0 12.49769496917725 13.14270687103271 23.24003028869629
0.999627 1.00152 0.643336 0.0662403 0.0466435 0.0195968 0.00145558 1.74083e-06 3.08275e-05 0.000161815 0 12.49799919128418 13.14301586151123 23.24203300476074
0.999623 1.00153 0.643344 0.0662485 0.0466544 0.0195941 0.00119582 1.77458e-06 3.11227e-05 0.000183127 0 12.49780654907227 13.14310455322266 23.23150825500488
0.99964 1.00153 0.643328 0.0662361 0.0466454 0.0195907 0.00112836 1.61818e-06 3.11518e-05 0.000221851 0 12.49783325195312 13.14377403259277 23.26063919067383
0.999604 1.00151 0.643349 0.0661122 0.0465223 0.0195899 0.00105047 1.95961e-06 3.02389e-05 0.000432209 0 12.49773979187012 13.14413833618164 23.24269676208496
0.999666 1.00155 0.643314 0.0661927 0.0466097 0.019583 0.000982495 1.39115e-06 3.18782e-05 0.000224141 0 12.49801540374756 13.14438533782959 23.2166690826416
0.999647 1.0015 0.643303 0.0660929 0.0465123 0.0195806 0.000926731 1.55796e-06 2.99701e-05 0.000148636 0 12.4980297088623 13.14496326446533 23.22397613525391
0.999656 1.00149 0.643291 0.0661228 0.0465467 0.0195761 0.000886489 1.47784e-06 2.97746e-05 5.3855e-05 0 12.49782276153564 13.14526081085205 23.21838569641113
0.999665 1.00151 0.643294 0.0660975 0.0465249 0.0195726 0.000857165 1.40295e-06 3.05052e-05 0.000101758 0 12.49798774719238 13.14585113525391 23.2286205291748
0.999668 1.00155 0.643316 0.0661032 0.0465328 0.0195705 0.000828282 1.37992e-06 3.21e-05 0.000212617 0 12.49819850921631 13.14651107788086 23.26743125915527
0.999682 1.00158 0.64332 0.0660439 0.0464762 0.0195677 0.000909048 1.26608e-06 3.31965e-05 0.000234477 0 12.49828433990479 13.14648818969727 23.30732727050781
0.99966 1.00154 0.643316 0.0660583 0.0464917 0.0195665 0.001618 1.44545e-06 3.1567e-05 0.000203321 0 12.49729251861572 13.14721202850342 23.32174873352051
0.999656 1.00157 0.643338 0.0661297 0.0465681 0.0195616 0.00107444 1.47632e-06 3.27614e-05 0.000148056 0 12.49724864959717 13.14774894714355 23.32719802856445
0.999689 1.00163 0.643348 0.0661566 0.0465968 0.0195598 0.00104651 1.20983e-06 3.55759e-05 8.07895e-05 0 12.49746608734131 13.14836311340332 23.32271957397461
0.999669 1.00157 0.643326 0.0661924 0.0466351 0.0195573 0.000971788 1.3667e-06 3.27977e-05 9.70008e-05 0 12.49701499938965 13.1486644744873 23.26111793518066
0.999635 1.00152 0.643329 0.0661559 0.0466 0.0195559 0.000928151 1.66231e-06 3.09011e-05 0.000191365 0 12.49778747558594 13.14980411529541 23.30484008789062
0.999638 1.00154 0.643339 0.0660512 0.0464974 0.0195538 0.000898882 1.63574e-06 3.1756e-05 0.000267506 0 12.49755191802979 13.15035247802734 23.25616073608398
0.999615 1.0015 0.643334 0.0660148 0.0464635 0.0195513 0.000910734 1.852e-06 2.99894e-05 0.000296301 0 12.49766159057617 13.15122699737549 23.27335357666016
0.999627 1.00153 0.643342 0.0660685 0.0465208 0.0195476 0.000892147 1.74e-06 3.1198e-05 0.000239594 0 12.49777698516846 13.15189456939697 23.262451171875
0.999634 1.00151 0.643325 0.066063 0.0465193 0.0195437 0.000859824 1.67456e-06 3.06002e-05 0.000182619 0 12.49781036376953 13.15230369567871 23.26637077331543
0.999635 1.00148 0.643305 0.066074 0.0465326 0.0195413 0.00125653 1.66111e-06 2.94223e-05 0.000148031 0 12.4979772567749 13.15279579162598 23.23808097839355
0.999631 1.00148 0.643308 0.0660934 0.046555 0.0195384 0.0013633 1.69882e-06 2.9366e-05 6.29663e-05 0 12.49770164489746 13.15312004089355 23.24587059020996
0.999622 1.00152 0.643339 0.0660033 0.0464626 0.0195407 0.00111129 1.78741e-06 3.07385e-05 0.00011601 0 12.49766731262207 13.15410995483398 23.28402137756348
0.999656 1.00153 0.643317 0.0659884 0.046454 0.0195344 0.00102543 1.48178e-06 3.13772e-05 8.41995e-05 0 12.49807739257812 13.15434837341309 23.29839706420898
0.999653 1.00156 0.64334 0.0660059 0.0464753 0.0195306 0.00112434 1.50877e-06 3.26597e-05 6.96956e-05 0 12.49781703948975 13.15491676330566 23.3175220489502
0.999669 1.00154 0.643305 0.066039 0.0465125 0.0195264 0.00100617 1.36608e-06 3.14882e-05 6.45292e-05 0 12.49740791320801 13.155348777771 23.29997444152832
0.999644 1.00152 0.643318 0.0660307 0.0465074 0.0195233 0.000957581 1.58184e-06 3.07787e-05 6.31869e-05 0 12.49743747711182 13.15573501586914 23.2486686706543
0.999651 1.00153 0.643319 0.0660245 0.0465056 0.0195189 0.000925693 1.52483e-06 3.11896e-05 4.85347e-05 0 12.49715042114258 13.15633869171143 23.23175811767578
0.999648 1.00152 0.643313 0.0660328 0.0465179 0.0195149 0.000900502 1.55146e-06 3.06327e-05 7.58266e-05 0 12.49729061126709 13.15703105926514 23.26041412353516
0.999654 1.00152 0.64331 0.0660388 0.0465282 0.0195107 0.000879491 1.4957e-06 3.0868e-05 6.04917e-05 0 12.4973840713501 13.1577844619751 23.25963973999023
0.999651 1.00154 0.643323 0.0659754 0.0464678 0.0195076 0.000852533 1.51851e-06 3.15321e-05 0.000163852 0 12.49740028381348 13.15825748443604 23.26632690429688
0.999679 1.00157 0.643319 0.0660006 0.0464981 0.0195025 0.000843708 1.28822e-06 3.29739e-05 4.36659e-05 0 12.49735355377197 13.15885448455811 23.2774772644043
0.999659 1.00156 0.643329 0.0660098 0.04651 0.0194998 0.00101404 1.45285e-06 3.23764e-05 3.07658e-05 0 12.49723625183105 13.15843677520752 23.23128700256348
0.999656 1.00153 0.643313 0.0659853 0.0464895 0.0194958 0.000886701 1.47927e-06 3.11841e-05 2.14054e-05 0 12.49765777587891 13.15956878662109 23.22701644897461
0.999663 1.00154 0.643314 0.0659594 0.0464679 0.0194915 0.000850249 1.42218e-06 3.16581e-05 0.000104442 0 12.49761772155762 13.16032123565674 23.23763275146484
0.99966 1.00154 0.643319 0.0659533 0.0464657 0.0194876 0.000921894 1.44446e-06 3.17794e-05 1.86722e-05 0 12.49783039093018 13.16109752655029 23.25625228881836
0.99966 1.00153 0.643312 0.0659535 0.0464701 0.0194834 0.00084077 1.44892e-06 3.13076e-05 4.16237e-05 0 12.49750423431396 13.16182041168213 23.25367546081543
0.999654 1.00155 0.643326 0.0659639 0.0464845 0.0194794 0.000801311 1.49449e-06 3.18921e-05 4.15779e-05 0 12.49759006500244 13.16268634796143 23.25281524658203
0.999666 1.00154 0.643312 0.0659678 0.0464954 0.0194724 0.00104159 1.39086e-06 3.1768e-05 1.10575e-05 0 12.49755477905273 13.16347694396973 23.25892066955566
0.999659 1.00154 0.643317 0.06593 0.0464624 0.0194676 0.00086014 1.45155e-06 3.16058e-05 1.61085e-05 0 12.49763107299805 13.16431331634521 23.26408004760742
0.999665 1.00154 0.64331 0.0659262 0.0464632 0.019463 0.000861871 1.40465e-06 3.15136e-05 2.89644e-06 0 12.49760246276855 13.16491794586182 23.23388290405273
0.999665 1.00154 0.643312 0.0659225 0.0464636 0.019459 0.000821261 1.40435e-06 3.16696e-05 4.98358e-06 0 12.49794769287109 13.16584873199463 23.24906349182129
0.999661 1.00155 0.64332 0.0659185 0.0464629 0.0194556 0.000788099 1.4361e-06 3.1903e-05 6.89676e-07 0 12.49769878387451 13.16647529602051 23.25500106811523
0.999661 1.00154 0.643317 0.0659153 0.046464 0.0194513 0.000762423 1.43407e-06 3.17597e-05 3.6381e-07 0 12.49765110015869 13.16727352142334 23.24472618103027
0.99966 1.00154 0.643318 0.0659121 0.0464654 0.0194467 0.000740923 1.44263e-06 3.17637e-05 2.88535e-07 0 12.4977388381958 13.16810989379883 23.23396492004395
0.99965 1.00153 0.643323 0.0659176 0.046475 0.0194426 0.000725939 1.52893e-06 3.14228e-05 6.75633e-06 0 12.49770545959473 13.16890335083008 23.23286628723145
0.999654 1.00155 0.643332 0.06591 0.0464726 0.0194375 0.000768317 1.49877e-06 3.22081e-05 6.48996e-06 0 12.49769115447998 13.16975021362305 23.23503875732422
0.999659 1.00154 0.643318 0.065904 0.0464718 0.0194322 0.000724337 1.45035e-06 3.16748e-05 1.3262e-06 0 12.49764728546143 13.17057609558105 23.24227142333984
0.999661 1.00154 0.643319 0.0659006 0.0464732 0.0194274 0.000704154 1.43744e-06 3.18313e-05 4.51448e-07 0 12.49779224395752 13.1719217300415 23.24770545959473
0.99966 1.00154 0.643318 0.0659009 0.046479 0.0194219 0.00069142 1.44555e-06 3.17368e-05 4.63953e-06 0 12.49771022796631 13.17290878295898 23.23121643066406
0.999663 1.00152 0.643301 0.0659041 0.0464873 0.0194168 0.000702369 1.42282e-06 3.08076e-05 3.1983e-05 0 12.49777030944824 13.17382049560547 23.23160171508789
0.999659 1.00154 0.64332 0.0658977 0.0464859 0.0194118 0.000672679 1.45101e-06 3.18164e-05 6.99072e-05 0 12.49777603149414 13.17461681365967 23.23177146911621
0.999662 1.00156 0.643327 0.0659329 0.0465268 0.0194062 0.00066454 1.42975e-06 3.24241e-05 4.48861e-05 0 12.49772453308105 13.17531490325928 23.23144340515137
0.999665 1.00156 0.643326 0.0659375 0.0465369 0.0194006 0.000651911 1.40635e-06 3.25131e-05 3.02309e-05 0 12.49772071838379 13.17617225646973 23.23202323913574
0.999657 1.00155 0.643328 0.0659118 0.046516 0.0193958 0.000640686 1.47379e-06 3.21464e-05 2.50143e-05 0 12.49771976470947 13.17710113525391 23.23273086547852
0.999654 1.00155 0.64333 0.0659039 0.0465135 0.0193904 0.000630524 1.49291e-06 3.21677e-05 1.87016e-05 0 12.49759006500244 13.17796421051025 23.23748779296875
0.999657 1.00154 0.64332 0.0658792 0.0464946 0.0193846 0.000617268 1.47301e-06 3.16514e-05 3.93415e-05 0 12.49763011932373 13.17897319793701 23.23627090454102
0.999661 1.00154 0.643318 0.0658871 0.0465086 0.0193785 0.000608739 1.44084e-06 3.17284e-05 4.45751e-06 0 12.49770259857178 13.18000316619873 23.23590087890625
0.999661 1.00154 0.643317 0.0658826 0.0465099 0.0193726 0.000600373 1.43893e-06 3.17354e-05 4.997e-06 0 12.49772834777832 13.18096923828125 23.23658180236816
0.999659 1.00154 0.64332 0.0658695 0.0465024 0.0193671 0.000592231 1.45684e-06 3.17466e-05 1.71184e-05 0 12.49770927429199 13.18206691741943 23.2394905090332
0.999654 1.00156 0.643338 0.0658887 0.0465271 0.0193616 0.000700501 1.5007e-06 3.26247e-05 2.88901e-05 0 12.49773216247559 13.18308448791504 23.24363899230957
0.999654 1.00157 0.643341 0.0659282 0.0465711 0.0193571 0.000648161 1.50026e-06 3.27854e-05 1.13399e-05 0 12.49769592285156 13.18409729003906 23.24293518066406
0.999638 1.00154 0.64334 0.0659087 0.0465574 0.0193513 0.000625215 1.63675e-06 3.1779e-05 6.1458e-05 0 12.49774169921875 13.185227394104 23.26339912414551
0.999644 1.00152 0.64332 0.0658897 0.046546 0.0193437 0.000606687 1.58773e-06 3.08202e-05 5.15367e-05 0 12.49776554107666 13.18631458282471 23.2684440612793
0.999652 1.00155 0.643329 0.0659066 0.0465702 0.0193364 0.00060519 1.51831e-06 3.18824e-05 5.3448e-05 0 12.49766635894775 13.18730926513672 23.25797653198242
0.99967 1.00158 0.643331 0.0658702 0.0465414 0.0193288 0.000621439 1.36018e-06 3.32178e-05 9.49708e-05 0 12.49764537811279 13.18840026855469 23.25673484802246
0.999654 1.00153 0.643318 0.0658827 0.0465598 0.0193229 0.000596204 1.49287e-06 3.14125e-05 3.93167e-05 0 12.49765491485596 13.18956565856934 23.24729919433594
0.999575 1.00144 0.643334 0.0659593 0.0466434 0.0193159 0.00108748 2.25474e-06 2.76755e-05 0.000100259 0 12.49771881103516 13.19078636169434 23.25430488586426
0.999635 1.0016 0.643377 0.0658824 0.046565 0.0193174 0.00100131 1.66758e-06 3.39986e-05 0.000101506 0 12.49771976470947 13.19195461273193 23.25495719909668
0.999646 1.00147 0.643284 0.0658768 0.0465636 0.0193133 0.00178776 1.56506e-06 2.87654e-05 3.33667e-05 0 12.49768733978271 13.19308090209961 23.25121307373047
0.999618 1.00156 0.643367 0.0658644 0.0465554 0.0193091 0.00133067 1.82211e-06 3.22911e-05 4.15152e-05 0 12.49763870239258 13.19419193267822 23.26355171203613
0.999605 1.00153 0.643362 0.0658437 0.0465407 0.0193031 0.00115028 1.95212e-06 3.11256e-05 2.94127e-05 0 12.49763107299805 13.19510459899902 23.28555488586426
0.999611 1.00155 0.643371 0.0658647 0.0465694 0.0192953 0.00102594 1.89606e-06 3.20336e-05 7.24114e-06 0 12.4974365234375 13.19634056091309 23.2787036895752
0.999612 1.00156 0.643376 0.0658386 0.0465494 0.0192892 0.000947796 1.88281e-06 3.24769e-05 3.35069e-05 0 12.49750900268555 13.19783306121826 23.27298164367676
0.999625 1.00155 0.643355 0.0658485 0.0465678 0.0192807 0.000904159 1.75578e-06 3.19672e-05 5.19627e-05 0 12.49760818481445 13.19927024841309 23.28508377075195
0.99962 1.00155 0.643361 0.0658474 0.046574 0.0192734 0.000869355 1.80218e-06 3.1994e-05 7.32592e-05 0 12.49783515930176 13.20072460174561 23.27068519592285
0.999616 1.00153 0.643351 0.0658584 0.0465913 0.0192671 0.000826785 1.84677e-06 3.10924e-05 1.68327e-05 0 12.49764156341553 13.20197486877441 23.2799015045166
0.999616 1.00154 0.643358 0.0658405 0.0465819 0.0192585 0.000811191 1.84177e-06 3.16077e-05 2.716e-05 0 12.4966516494751 13.20369052886963 23.32168960571289
0.999618 1.00155 0.643361 0.0658772 0.0466282 0.019249 0.000798609 1.8232e-06 3.18646e-05 3.4665e-05 0 12.49739074707031 13.20315361022949 23.28249931335449
0.999619 1.00156 0.643371 0.0658137 0.0465722 0.0192415 0.000752587 1.81855e-06 3.25887e-05 4.57303e-05 0 12.4975414276123 13.20394992828369 23.28180313110352
0.999617 1.00154 0.643359 0.0658012 0.0465683 0.019233 0.000723933 1.83386e-06 3.16683e-05 9.89355e-05 0 12.49718761444092 13.20489120483398 23.2776985168457
0.999621 1.00156 0.643366 0.0658034 0.0465796 0.0192239 0.000699471 1.80017e-06 3.23899e-05 1.59672e-05 0 12.49702167510986 13.20615100860596 23.27032852172852
0.999622 1.00153 0.643345 0.0657837 0.0465684 0.0192152 0.000709336 1.79045e-06 3.10882e-05 2.03579e-05 0 12.49709510803223 13.20770168304443 23.28471183776855
0.999623 1.00154 0.643354 0.0657743 0.046568 0.0192063 0.000676818 1.77523e-06 3.17257e-05 1.0775e-05 0 12.49711036682129 13.20891189575195 23.27468109130859
0.999621 1.00156 0.643365 0.0657716 0.0465743 0.0191973 0.000656247 1.7937e-06 3.23568e-05 1.63499e-05 0 12.49728298187256 13.21056747436523 23.28391265869141
0.999623 1.00156 0.643363 0.0657868 0.0465993 0.0191875 0.000641097 1.77643e-06 3.235e-05 9.91724e-05 0 12.49721336364746 13.21205139160156 23.28698539733887
0.999577 1.00159 0.643431 0.0658165 0.0466394 0.0191771 0.000855747 2.23495e-06 3.38528e-05 0.000115105 0 12.49715805053711 13.21335887908936 23.29565811157227
0.999608 1.00155 0.643371 0.0658279 0.0466653 0.0191626 0.000756284 1.91993e-06 3.19371e-05 6.55049e-05 0 12.49716281890869 13.2150764465332 23.29098129272461
0.999601 1.00155 0.643381 0.0657959 0.0466404 0.0191554 0.00070718 1.99077e-06 3.2095e-05 3.98038e-05 0 12.4971866607666 13.21698570251465 23.31407928466797
0.999615 1.00157 0.64338 0.0657589 0.0466144 0.0191446 0.000676382 1.85369e-06 3.2948e-05 5.67764e-05 0 12.49718856811523 13.21849346160889 23.28610420227051
0.999625 1.00154 0.643348 0.0657767 0.0466444 0.0191323 0.000773338 1.7597e-06 3.14946e-05 2.52656e-05 0 12.49718761444092 13.22022438049316 23.28413772583008
0.999625 1.00158 0.643378 0.0658463 0.0467262 0.0191201 0.000681785 1.7572e-06 3.34029e-05 0.000198048 0 12.49721431732178 13.22203826904297 23.28977394104004
0.999639 1.00158 0.643366 0.0658819 0.0467727 0.0191092 0.000651812 1.62853e-06 3.35154e-05 0.000324168 0 12.49722957611084 13.22377681732178 23.28419494628906
0.999598 1.00154 0.643379 0.0659029 0.0468058 0.0190971 0.000736434 2.01559e-06 3.18124e-05 0.000410307 0 12.49724864959717 13.22557067871094 23.28399467468262
0.999606 1.00149 0.64334 0.0659086 0.0468211 0.0190874 0.000677767 1.94332e-06 2.98056e-05 0.000244881 0 12.49721908569336 13.22739601135254 23.28713417053223
0.999605 1.00153 0.643365 0.0658022 0.0467245 0.0190777 0.000700355 1.94817e-06 3.13817e-05 0.000326029 0 12.4972562789917 13.22937393188477 23.29965019226074
0.999619 1.00156 0.643372 0.0658717 0.0468064 0.0190653 0.000666672 1.81822e-06 3.26302e-05 0.000222521 0 12.49667453765869 13.2316370010376 23.31969261169434
0.999544 1.00157 0.643447 0.0658161 0.0467568 0.0190593 0.000994978 2.60079e-06 3.28393e-05 0.00023157 0 12.4970645904541 13.23444652557373 23.3326416015625
0.999607 1.00155 0.643376 0.065791 0.0467445 0.0190465 0.000815144 1.92873e-06 3.21846e-05 0.000269933 0 12.49696254730225 13.23593139648438 23.32021141052246
0.999572 1.00152 0.643388 0.0657944 0.0467552 0.0190392 0.000829999 2.2883e-06 3.08129e-05 0.000154728 0 12.49714946746826 13.23806762695312 23.30719184875488
0.999588 1.00157 0.643403 0.0656853 0.0466582 0.0190271 0.000801584 2.12356e-06 3.27358e-05 0.000106589 0 12.49727439880371 13.24050045013428 23.32219505310059
0.999581 1.00159 0.643424 0.0657367 0.0467209 0.0190158 0.00115427 2.19548e-06 3.36661e-05 4.76308e-05 0 12.49726486206055 13.24296379089355 23.36309051513672
0.999571 1.00152 0.643391 0.0657286 0.0467257 0.019003 0.000924495 2.29807e-06 3.09182e-05 0.00010428 0 12.49745178222656 13.24511241912842 23.38634872436523
0.999594 1.00156 0.643395 0.0656645 0.0466742 0.0189904 0.000841326 2.0579e-06 3.25742e-05 9.84049e-05 0 12.49693965911865 13.24770641326904 23.40287780761719
0.999577 1.00154 0.643396 0.065657 0.0466795 0.0189775 0.000788542 2.2331e-06 3.15805e-05 8.32634e-05 0 12.49703025817871 13.24965667724609 23.41056442260742
0.9996 1.00158 0.643397 0.0656804 0.0467165 0.018964 0.000752857 2.0004e-06 3.31069e-05 1.89751e-05 0 12.49702644348145 13.25161933898926 23.36225128173828
0.99959 1.00155 0.643389 0.0656555 0.0467039 0.0189516 0.000731013 2.0976e-06 3.19589e-05 1.00292e-05 0 12.49718284606934 13.25407886505127 23.40318870544434
0.999587 1.00156 0.643397 0.0656366 0.0466999 0.0189368 0.000726283 2.13353e-06 3.227e-05 8.35651e-05 0 12.49625873565674 13.25557231903076 23.37838554382324
0.999593 1.00155 0.643387 0.065626 0.0467027 0.0189234 0.000686159 2.07393e-06 3.19539e-05 4.01316e-05 0 12.49704933166504 13.25792503356934 23.37223815917969
0.999598 1.00155 0.643386 0.0656077 0.0466975 0.0189102 0.000695135 2.02019e-06 3.22627e-05 1.936e-05 0 12.49661540985107 13.25954246520996 23.37760925292969
0.999597 1.00156 0.64339 0.0655972 0.0467005 0.0188967 0.000655557 2.03308e-06 3.24023e-05 2.2829e-06 0 12.49680233001709 13.26194095611572 23.32908630371094
0.999656 1.00153 0.643312 0.0655982 0.0467147 0.0188836 0.000699942 1.48059e-06 3.10642e-05 1.58221e-05 0 12.4967155456543 13.26424598693848 23.36041831970215
0.999582 1.00157 0.643415 0.0655818 0.0467079 0.0188739 0.000656088 2.18752e-06 3.30832e-05 3.30203e-06 0 12.49660587310791 13.26689338684082 23.36282539367676
0.999562 1.00151 0.64339 0.0656097 0.0467493 0.0188604 0.00170044 2.40163e-06 3.02555e-05 3.28055e-05 0 12.49689388275146 13.26935005187988 23.33709335327148
0.999541 1.00157 0.643452 0.0655745 0.0467245 0.0188499 0.000977473 2.63731e-06 3.29437e-05 6.67813e-06 0 12.49668025970459 13.27202224731445 23.33972358703613
0.999569 1.00155 0.643415 0.0655635 0.0467226 0.0188408 0.00137114 2.32666e-06 3.22629e-05 1.83565e-05 0 12.49695873260498 13.27468204498291 23.35825157165527
0.99955 1.00156 0.643435 0.0656044 0.0467778 0.0188266 0.00102531 2.52992e-06 3.24607e-05 9.65507e-05 0 12.49683380126953 13.27723121643066 23.35194969177246
0.99957 1.00158 0.643429 0.0655537 0.0467412 0.0188125 0.000919552 2.30833e-06 3.32898e-05 0.000199427 0 12.49679851531982 13.28025722503662 23.34994888305664
0.999564 1.00154 0.64341 0.0655776 0.0467786 0.018799 0.000854132 2.37501e-06 3.16853e-05 0.000101218 0 12.49687385559082 13.282958984375 23.35134506225586
0.999539 1.00161 0.643475 0.0656369 0.0468536 0.0187833 0.00128233 2.65734e-06 3.43766e-05 2.7877e-05 0 12.4969310760498 13.28561687469482 23.3487491607666
