A/A0 V/V0 Vr eb eb_bend eb_ad ea ega ev ek ee  h0 h1 h2
1 1.00092 0.642589 0.109093 0.0496849 0.0594082 0.000367957 0 1.12357e-05 7.05323e-10 0 12.5019588470459 7.345518589019775 24.84242057800293
1.00079 1.0015 0.642199 0.10811 0.0496406 0.0584694 0.000368374 7.86965e-06 3.00481e-05 0.000124462 0 12.51187324523926 7.44825267791748 24.82030868530273
1.0014 1.0008 0.641169 0.107316 0.0496827 0.0576335 0.00045045 2.43986e-05 8.51502e-06 0.000143368 0 12.51942825317383 7.541216373443604 24.84135246276855
1.0019 1.0003 0.640365 0.106615 0.0497162 0.056899 0.00062907 4.52538e-05 1.21625e-06 0.000106237 0 12.52574729919434 7.623717308044434 24.85810279846191
1.00217 1.00006 0.639952 0.105993 0.0497299 0.0562626 0.000682624 5.91e-05 5.32954e-08 7.55729e-05 0 12.52915000915527 7.696770668029785 24.86497116088867
1.0022 1.00003 0.639909 0.105383 0.0497285 0.0556542 0.000758939 6.03635e-05 1.26581e-08 7.94269e-05 0 12.52943706512451 7.768593311309814 24.86422348022461
1.00206 1.00019 0.640145 0.104899 0.0497432 0.0551562 0.000893846 5.28794e-05 4.71832e-07 0.000101415 0 12.52766895294189 7.828723430633545 24.87158203125
1.00184 1.00037 0.640472 0.10446 0.0497577 0.0547028 0.00082952 4.22849e-05 1.86591e-06 8.66678e-05 0 12.52495002746582 7.884278774261475 24.87883567810059
1.00168 1.00039 0.640638 0.104035 0.0498041 0.0542309 0.000974251 3.5264e-05 2.06097e-06 7.69447e-05 0 12.52295112609863 7.941883087158203 24.90206718444824
1.00163 1.00043 0.64071 0.103609 0.0498379 0.0537714 0.00154573 3.3115e-05 2.44297e-06 5.72711e-05 0 12.52230739593506 7.997543334960938 24.91894912719727
1.00166 1.00039 0.640656 0.103107 0.049871 0.0532355 0.00129778 3.45043e-05 2.07425e-06 5.69651e-05 0 12.52272987365723 8.062129974365234 24.93549537658691
1.00173 1.0003 0.640528 0.102686 0.0498796 0.0528065 0.00118411 3.74735e-05 1.19844e-06 4.72247e-05 0 12.52361106872559 8.113808631896973 24.93978881835938
1.00183 1.0002 0.640376 0.102296 0.0498955 0.0524008 0.00117697 4.16395e-05 5.43995e-07 3.56388e-05 0 12.52477264404297 8.162701606750488 24.94776916503906
1.0019 1.00011 0.640245 0.101942 0.0499218 0.0520202 0.00124224 4.51587e-05 1.61435e-07 3.59655e-05 0 12.52572250366211 8.208817481994629 24.96090507507324
1.00194 1.00004 0.640159 0.101583 0.0499322 0.0516509 0.00144347 4.71381e-05 1.90069e-08 4.8776e-05 0 12.52623462677002 8.253941535949707 24.96611213684082
1.00192 1.00008 0.640201 0.101257 0.0499467 0.0513102 0.00135309 4.62792e-05 7.86902e-08 4.1865e-05 0 12.52601909637451 8.29607105255127 24.97334861755371
1.0019 1.00012 0.640253 0.101013 0.0500227 0.0509899 0.00164618 4.50889e-05 1.94733e-07 6.28103e-05 0 12.52569770812988 8.335848808288574 25.0113697052002
1.00181 1.00015 0.640351 0.100707 0.0500111 0.0506958 0.00151606 4.11142e-05 2.8467e-07 6.68629e-05 0 12.52462863922119 8.372896194458008 25.00556564331055
1.00177 1.00018 0.640412 0.100428 0.0500216 0.0504061 0.00149688 3.92294e-05 4.2351e-07 0.000100322 0 12.52411842346191 8.409198760986328 25.01082420349121
1.00178 1.00016 0.640394 0.100162 0.0500459 0.0501161 0.00150607 3.96122e-05 3.55357e-07 6.01708e-05 0 12.52421569824219 8.445332527160645 25.02293968200684
1.0018 1.00009 0.640329 0.0998734 0.0500412 0.0498322 0.00154902 4.05698e-05 1.16718e-07 2.76892e-05 0 12.52448654174805 8.480737686157227 25.02060508728027
1.00184 1.00007 0.640275 0.0995906 0.0500378 0.0495528 0.0015681 4.23325e-05 6.13369e-08 3.32517e-05 0 12.52496433258057 8.51556396484375 25.01890754699707
1.00187 1.00007 0.640252 0.099328 0.0500686 0.0492594 0.0017559 4.35352e-05 6.45137e-08 5.90068e-05 0 12.52529430389404 8.552334785461426 25.0342960357666
1.00187 1.00001 0.640207 0.0990536 0.0500555 0.0489981 0.00176675 4.39304e-05 1.85133e-09 4.17518e-05 0 12.52539730072021 8.585264205932617 25.02774429321289
1.00186 1.00001 0.640215 0.0988206 0.0500867 0.0487339 0.00180185 4.34156e-05 9.11846e-10 4.60363e-05 0 12.5252628326416 8.618775367736816 25.04336357116699
1.00181 1.00004 0.640291 0.0985643 0.0500854 0.048479 0.00183432 4.08053e-05 2.41494e-08 3.84573e-05 0 12.52454948425293 8.65147590637207 25.04268264770508
1.00177 1.00009 0.640353 0.0983513 0.0501287 0.0482226 0.00220647 3.9204e-05 9.67034e-08 4.83402e-05 0 12.52409553527832 8.684319496154785 25.0643482208252
1.00168 1.00007 0.640429 0.0981365 0.0502291 0.0479074 0.00246472 3.53066e-05 6.36283e-08 7.61223e-05 0 12.52297210693359 8.725089073181152 25.11455726623535
1.00171 1.00008 0.64041 0.0978062 0.0501626 0.0476435 0.00215319 3.65412e-05 8.98637e-08 5.74405e-05 0 12.52333736419678 8.758686065673828 25.08132553100586
1.00171 1.00005 0.64039 0.0975375 0.0501559 0.0473816 0.00202035 3.6462e-05 3.05451e-08 6.87856e-05 0 12.52331256866455 8.79230785369873 25.07793045043945
1.0017 1.00006 0.640404 0.0972743 0.0501546 0.0471198 0.00223674 3.62463e-05 5.33809e-08 5.48825e-05 0 12.52324676513672 8.826048851013184 25.07730102539062
1.00171 1.00005 0.64039 0.0970184 0.0501543 0.0468641 0.00219903 3.64042e-05 2.95646e-08 6.57993e-05 0 12.52328586578369 8.859026908874512 25.07713890075684
1.00172 1.00005 0.640375 0.0967858 0.0501701 0.0466158 0.00200721 3.70207e-05 2.70644e-08 4.35783e-05 0 12.52347469329834 8.891071319580078 25.08501815795898
1.0017 1.00006 0.640406 0.0965255 0.0501517 0.0463738 0.00192575 3.59554e-05 4.20394e-08 2.99216e-05 0 12.52316093444824 8.922614097595215 25.07582855224609
1.00169 1.00004 0.640407 0.0962767 0.0501418 0.046135 0.00191706 3.56181e-05 2.69365e-08 3.24552e-05 0 12.5230655670166 8.953732490539551 25.07088279724121
1.00169 1.00006 0.640413 0.0960591 0.050162 0.0458971 0.00185289 3.56715e-05 4.17575e-08 3.11002e-05 0 12.52307510375977 8.984745979309082 25.08099174499512
1.00168 1.00005 0.640421 0.09582 0.0501584 0.0456616 0.00202771 3.51423e-05 3.2977e-08 4.47142e-05 0 12.52292537689209 9.015610694885254 25.07918548583984
1.00162 1.00012 0.640522 0.0955986 0.0501948 0.0454039 0.00212315 3.27582e-05 1.95415e-07 6.22184e-05 0 12.52219390869141 9.049748420715332 25.09739112854004
1.0015 1.0002 0.640683 0.0955329 0.0504148 0.0451181 0.00321701 2.82496e-05 5.33061e-07 0.000140773 0 12.52075481414795 9.088011741638184 25.20739936828613
1.00145 1.00014 0.640699 0.0951735 0.0502353 0.0449382 0.00315598 2.62109e-05 2.70575e-07 7.85445e-05 0 12.52006816864014 9.112059593200684 25.11767196655273
1.00142 1.00009 0.640689 0.0950706 0.0503457 0.0447248 0.00376669 2.5255e-05 9.84585e-08 0.000119207 0 12.51973342895508 9.140395164489746 25.17286491394043
1.00147 1.00011 0.640662 0.0947723 0.0502335 0.0445388 0.0032267 2.69752e-05 1.76214e-07 8.14811e-05 0 12.52032852172852 9.164758682250977 25.11678314208984
1.0014 1.00019 0.640774 0.0945754 0.0502687 0.0443066 0.0035086 2.44509e-05 4.58324e-07 0.000105853 0 12.51944446563721 9.195981979370117 25.13438415527344
1.00139 1.0002 0.640786 0.0943352 0.0502504 0.0440848 0.00302119 2.43076e-05 5.17352e-07 0.000106515 0 12.5193920135498 9.225518226623535 25.12518119812012
