A/A0 V/V0 Vr eb eb_bend eb_ad ea ega ev ek ee
1 1.00092 0.642589 0.109093 0.0496849 0.0594082 0.000367957 0 1.12357e-05 7.05323e-10 0
1.00079 1.0015 0.642199 0.10811 0.0496406 0.0584694 0.000368374 7.86965e-06 3.00481e-05 0.000124462 0
1.0014 1.0008 0.641169 0.107316 0.0496827 0.0576335 0.00045045 2.43986e-05 8.51502e-06 0.000143368 0
1.0019 1.0003 0.640365 0.106615 0.0497162 0.056899 0.00062907 4.52538e-05 1.21625e-06 0.000106237 0
1.00217 1.00006 0.639952 0.105993 0.0497299 0.0562626 0.000682624 5.91e-05 5.32954e-08 7.55729e-05 0
1.0022 1.00003 0.639909 0.105383 0.0497285 0.0556542 0.000758939 6.03635e-05 1.26581e-08 7.94269e-05 0
1.00206 1.00019 0.640145 0.104899 0.0497432 0.0551562 0.000893846 5.28794e-05 4.71832e-07 0.000101415 0
1.00184 1.00037 0.640472 0.10446 0.0497577 0.0547028 0.00082952 4.22849e-05 1.86591e-06 8.66678e-05 0
1.00168 1.00039 0.640638 0.104035 0.0498041 0.0542309 0.000974251 3.5264e-05 2.06097e-06 7.69447e-05 0
1.00163 1.00043 0.64071 0.103609 0.0498379 0.0537714 0.00154573 3.3115e-05 2.44297e-06 5.72711e-05 0
1.00166 1.00039 0.640656 0.103107 0.049871 0.0532355 0.00129778 3.45043e-05 2.07425e-06 5.69651e-05 0
1.00173 1.0003 0.640528 0.102686 0.0498796 0.0528065 0.00118411 3.74735e-05 1.19844e-06 4.72247e-05 0
1.00183 1.0002 0.640376 0.102296 0.0498955 0.0524008 0.00117697 4.16395e-05 5.43995e-07 3.56388e-05 0
1.0019 1.00011 0.640245 0.101942 0.0499218 0.0520202 0.00124224 4.51587e-05 1.61435e-07 3.59655e-05 0
1.00194 1.00004 0.640159 0.101583 0.0499322 0.0516509 0.00144347 4.71381e-05 1.90069e-08 4.8776e-05 0
1.00192 1.00008 0.640201 0.101257 0.0499467 0.0513102 0.00135309 4.62792e-05 7.86902e-08 4.1865e-05 0
1.0019 1.00012 0.640253 0.101013 0.0500227 0.0509899 0.00164618 4.50889e-05 1.94733e-07 6.28103e-05 0
1.00181 1.00015 0.640351 0.100707 0.0500111 0.0506958 0.00151606 4.11142e-05 2.8467e-07 6.68629e-05 0
1.00177 1.00018 0.640412 0.100428 0.0500216 0.0504061 0.00149688 3.92294e-05 4.2351e-07 0.000100322 0
1.00178 1.00016 0.640394 0.100162 0.0500459 0.0501161 0.00150607 3.96122e-05 3.55357e-07 6.01708e-05 0
1.0018 1.00009 0.640329 0.0998734 0.0500412 0.0498322 0.00154902 4.05698e-05 1.16718e-07 2.76892e-05 0
1.00184 1.00007 0.640275 0.0995906 0.0500378 0.0495528 0.0015681 4.23325e-05 6.13369e-08 3.32517e-05 0
1.00187 1.00007 0.640252 0.099328 0.0500686 0.0492594 0.0017559 4.35352e-05 6.45137e-08 5.90068e-05 0
1.00187 1.00001 0.640207 0.0990536 0.0500555 0.0489981 0.00176675 4.39304e-05 1.85133e-09 4.17518e-05 0
