A/A0 V/V0 Vr eb eb_bend eb_ad ea ega ev ek ee  h0 h1 h2
1 1.00092 0.642589 0.109093 0.0496849 0.0594082 0.000367957 0 1.12357e-05 7.05323e-10 0 12.5019588470459 7.345518589019775 24.84242057800293
1.00049 1.00151 0.6425 0.108822 0.0496169 0.059205 0.000359218 2.99586e-06 3.05563e-05 3.08365e-05 0 12.50260162353516 7.347179889678955 24.81608581542969
1.00085 1.00099 0.641818 0.108661 0.0496372 0.0590238 0.000363125 9.03787e-06 1.31223e-05 5.89026e-05 0 12.50355243682861 7.349124908447266 24.81056594848633
1.00126 1.00064 0.641197 0.108504 0.0496663 0.058838 0.000381206 1.99653e-05 5.51048e-06 3.6265e-05 0 12.50440120697021 7.350954532623291 24.81897735595703
1.00153 1.00065 0.640951 0.108345 0.0496711 0.0586736 0.000398616 2.91734e-05 5.70812e-06 8.20031e-06 0 12.50506019592285 7.352684497833252 24.81033134460449
1.00159 1.00078 0.640972 0.108224 0.0496844 0.05854 0.000410681 3.16424e-05 8.17001e-06 2.38714e-06 0 12.50560855865479 7.354344367980957 24.80921363830566
1.00155 1.00089 0.641085 0.108089 0.0496629 0.0584262 0.000417202 2.99228e-05 1.06477e-05 3.4393e-06 0 12.50604438781738 7.355921745300293 24.80699729919434
1.00149 1.00093 0.641162 0.107979 0.0496592 0.0583199 0.000420722 2.76895e-05 1.14305e-05 3.17211e-06 0 12.50642395019531 7.357452869415283 24.80883026123047
1.00146 1.0009 0.641172 0.10788 0.0496661 0.0582139 0.00042447 2.66769e-05 1.07924e-05 2.71887e-06 0 12.50675010681152 7.358948230743408 24.81393814086914
1.00147 1.00085 0.641132 0.107771 0.0496643 0.0581066 0.000595416 2.6922e-05 9.57623e-06 4.61148e-06 0 12.5070629119873 7.36042594909668 24.81649208068848
1.00149 1.00081 0.641086 0.107662 0.0496625 0.0579996 0.000573245 2.77541e-05 8.73407e-06 2.63799e-06 0 12.50735378265381 7.361880302429199 24.8160343170166
1.00152 1.00077 0.641033 0.107563 0.0496703 0.0578929 0.000557872 2.88259e-05 7.88275e-06 2.44852e-06 0 12.50807285308838 7.365513324737549 24.80842208862305
1.00153 1.00078 0.641025 0.107458 0.0496665 0.0577913 0.000547357 2.936e-05 8.07631e-06 3.4888e-06 0 12.51258563995361 7.383899688720703 24.81857872009277
1.00154 1.00076 0.64101 0.107364 0.0496713 0.0576925 0.00053594 2.9558e-05 7.75032e-06 4.16133e-06 0 12.51776027679443 7.40251350402832 24.83313941955566
1.00155 1.00076 0.641 0.107264 0.049669 0.057595 0.000534917 2.98448e-05 7.64609e-06 2.93379e-06 0 12.52106285095215 7.419692516326904 24.83554267883301
1.00155 1.00074 0.64098 0.10717 0.0496719 0.0574986 0.00053319 3.01905e-05 7.29407e-06 2.39294e-06 0 12.52185153961182 7.43470287322998 24.84220123291016
1.00157 1.00072 0.64095 0.107076 0.0496722 0.0574034 0.000559642 3.07817e-05 6.82272e-06 3.5025e-06 0 12.52129650115967 7.44816255569458 24.83146667480469
1.00158 1.0007 0.640934 0.106981 0.0496708 0.0573107 0.000552286 3.11521e-05 6.6245e-06 3.17634e-06 0 12.52056884765625 7.460869312286377 24.8295841217041
1.00158 1.0007 0.640924 0.106891 0.0496712 0.0572195 0.000551604 3.13733e-05 6.47967e-06 3.11323e-06 0 12.52022266387939 7.473333835601807 24.83305931091309
1.00159 1.00068 0.64091 0.106804 0.0496749 0.0571295 0.000552924 3.16235e-05 6.25353e-06 2.99668e-06 0 12.52030849456787 7.485732555389404 24.83214569091797
1.0016 1.00067 0.640893 0.106717 0.0496769 0.0570401 0.000554498 3.19286e-05 5.98836e-06 2.64266e-06 0 12.52058029174805 7.49800968170166 24.83125877380371
1.00161 1.00065 0.640869 0.106626 0.0496745 0.0569512 0.000557387 3.23891e-05 5.63816e-06 2.412e-06 0 12.52094173431396 7.51022481918335 24.83510971069336
1.00162 1.00063 0.640848 0.106539 0.049676 0.0568631 0.000561214 3.28466e-05 5.35151e-06 2.24786e-06 0 12.52112197875977 7.521940231323242 24.83323860168457
1.00163 1.00062 0.640828 0.106454 0.0496783 0.0567759 0.000565658 3.33089e-05 5.1063e-06 1.88248e-06 0 12.52118587493896 7.533408641815186 24.83566093444824
1.00164 1.00061 0.640811 0.106382 0.0496923 0.0566896 0.000571361 3.37219e-05 4.9279e-06 1.72748e-06 0 12.52127742767334 7.544723987579346 24.83452987670898
1.00165 1.0006 0.640794 0.106294 0.0496895 0.0566043 0.000576091 3.41207e-05 4.73556e-06 1.88644e-06 0 12.52138519287109 7.555901527404785 24.83593559265137
1.00166 1.00058 0.640772 0.10621 0.04969 0.0565198 0.000582203 3.4518e-05 4.43618e-06 1.71547e-06 0 12.52157115936279 7.566916465759277 24.83610916137695
1.00167 1.00057 0.640759 0.106132 0.0496956 0.0564362 0.000587718 3.48841e-05 4.32761e-06 1.70527e-06 0 12.52170181274414 7.57767915725708 24.83538627624512
1.00168 1.00056 0.640743 0.106053 0.0496993 0.0563534 0.000593966 3.52583e-05 4.14195e-06 1.30016e-06 0 12.52176856994629 7.588293552398682 24.83562469482422
1.00169 1.00054 0.640723 0.105963 0.0496911 0.0562715 0.000600183 3.56329e-05 3.87443e-06 1.38299e-06 0 12.52185249328613 7.598796367645264 24.83744430541992
1.00168 1.00044 0.64067 0.105845 0.0496907 0.0561545 0.000669195 3.51392e-05 2.57551e-06 2.04549e-06 0 12.52193832397461 7.609204769134521 24.83843231201172
1.00171 1.0005 0.640677 0.105751 0.0496944 0.0560567 0.000662976 3.6658e-05 3.38538e-06 2.13314e-06 0 12.52207946777344 7.619549751281738 24.83727073669434
1.00172 1.00049 0.64066 0.105681 0.0497064 0.0559746 0.000662117 3.6949e-05 3.16123e-06 1.96025e-06 0 12.52222537994385 7.629796981811523 24.83797454833984
1.00173 1.00047 0.640636 0.105596 0.0497017 0.0558942 0.000662499 3.75065e-05 2.94028e-06 1.76004e-06 0 12.52236938476562 7.639954566955566 24.83913040161133
1.00174 1.00046 0.64062 0.105544 0.0497286 0.055815 0.000666171 3.80251e-05 2.85717e-06 1.4235e-06 0 12.52249526977539 7.650026798248291 24.84615898132324
1.00175 1.00046 0.640612 0.10546 0.0497225 0.0557374 0.000668992 3.83459e-05 2.83526e-06 2.63881e-06 0 12.52260780334473 7.659992694854736 24.84475326538086
1.00175 1.00045 0.640602 0.10537 0.0497091 0.0556612 0.000672766 3.84953e-05 2.6949e-06 1.55176e-06 0 12.52272701263428 7.669865608215332 24.84497833251953
1.00176 1.00044 0.640592 0.105307 0.0497212 0.0555859 0.000678026 3.86573e-05 2.57771e-06 1.22567e-06 0 12.52284717559814 7.679653644561768 24.84776878356934
1.00177 1.00043 0.640573 0.105245 0.0497407 0.0555047 0.000748613 3.92262e-05 2.46903e-06 4.56318e-06 0 12.52294826507568 7.689349174499512 24.84963035583496
1.00177 1.00044 0.640581 0.105159 0.049727 0.0554316 0.000741785 3.908e-05 2.55164e-06 4.56197e-06 0 12.52306938171387 7.698945045471191 24.84553527832031
1.00176 1.00044 0.640591 0.105092 0.0497317 0.0553601 0.000735878 3.8664e-05 2.56188e-06 1.46931e-06 0 12.52291774749756 7.712827682495117 24.84536170959473
1.00176 1.00043 0.640586 0.105021 0.0497326 0.0552886 0.000733568 3.85922e-05 2.4404e-06 1.91096e-06 0 12.52336120605469 7.724136352539062 24.84717750549316
1.00176 1.00041 0.640573 0.104951 0.049734 0.0552169 0.000734098 3.87987e-05 2.29305e-06 1.65833e-06 0 12.52345848083496 7.733803272247314 24.85321426391602
1.00177 1.00041 0.640558 0.10489 0.049745 0.0551453 0.000734415 3.9226e-05 2.20124e-06 2.629e-06 0 12.52361679077148 7.743223667144775 24.85083198547363
1.00178 1.00039 0.64054 0.104814 0.0497395 0.0550744 0.000739572 3.96347e-05 2.04837e-06 1.09997e-06 0 12.52375984191895 7.752511501312256 24.86427879333496
1.00179 1.00038 0.640528 0.104747 0.049743 0.0550042 0.000743742 3.99681e-05 1.97221e-06 1.49888e-06 0 12.52385997772217 7.761664390563965 24.8612232208252
1.00179 1.00038 0.640521 0.104684 0.0497496 0.0549348 0.000862245 4.01647e-05 1.92293e-06 1.4743e-06 0 12.52390098571777 7.770669937133789 24.85455322265625
1.00179 1.00038 0.640518 0.104616 0.0497501 0.0548662 0.000848096 4.02368e-05 1.90814e-06 1.27416e-06 0 12.52394771575928 7.779592514038086 24.8606128692627
1.00179 1.00037 0.640515 0.104554 0.0497558 0.0547983 0.000838086 4.02744e-05 1.8648e-06 9.2925e-07 0 12.52410984039307 7.789138317108154 24.87035942077637
1.0018 1.00036 0.640504 0.104488 0.0497578 0.0547306 0.000828854 4.04379e-05 1.74731e-06 8.91047e-07 0 12.52405834197998 7.797842979431152 24.86351585388184
1.0018 1.00035 0.64049 0.104425 0.0497619 0.0546632 0.000825822 4.07302e-05 1.63278e-06 7.93614e-07 0 12.52394771575928 7.806404590606689 24.86584663391113
1.00181 1.00034 0.640478 0.104359 0.049763 0.0545961 0.000824111 4.10575e-05 1.56662e-06 1.86257e-06 0 12.52392578125 7.814917087554932 24.86630630493164
1.00182 1.00033 0.640463 0.1043 0.0497701 0.0545295 0.000827003 4.13729e-05 1.45163e-06 7.42637e-07 0 12.52398490905762 7.823426246643066 24.86698150634766
1.00183 1.00033 0.640456 0.104232 0.0497685 0.0544636 0.000825985 4.16417e-05 1.42218e-06 1.06749e-06 0 12.52410888671875 7.831887722015381 24.87252235412598
1.00183 1.00032 0.640445 0.10417 0.0497716 0.0543982 0.000828685 4.18871e-05 1.35232e-06 7.26623e-07 0 12.52421474456787 7.840280532836914 24.86977386474609
1.00184 1.00031 0.640434 0.104108 0.0497749 0.0543334 0.000831984 4.2107e-05 1.2701e-06 6.51557e-07 0 12.52431488037109 7.848608016967773 24.87146377563477
1.00185 1.00028 0.640407 0.104037 0.0497949 0.0542417 0.000938736 4.25727e-05 1.05371e-06 1.25486e-05 0 12.52437210083008 7.856845855712891 24.87480926513672
1.00184 1.00024 0.640391 0.103974 0.049803 0.0541708 0.0010025 4.21084e-05 7.75992e-07 3.17766e-06 0 12.52439117431641 7.865033626556396 24.87502670288086
1.00185 1.00026 0.640394 0.103895 0.0497996 0.0540956 0.000995852 4.25925e-05 9.1147e-07 4.01031e-06 0 12.52439880371094 7.873135089874268 24.87788581848145
1.00185 1.00028 0.640409 0.103832 0.0498002 0.0540322 0.000989528 4.25591e-05 1.07342e-06 1.64684e-06 0 12.52443408966064 7.881209850311279 24.87891578674316
1.00185 1.00028 0.640406 0.103778 0.0498079 0.05397 0.000979132 4.27202e-05 1.07377e-06 2.01351e-06 0 12.52452182769775 7.889240264892578 24.8809700012207
1.00185 1.00026 0.640384 0.103713 0.0498052 0.0539079 0.0010386 4.30043e-05 9.01369e-07 1.0776e-06 0 12.52462196350098 7.897220611572266 24.88150978088379
1.00186 1.00026 0.640374 0.103654 0.0498074 0.0538462 0.00102772 4.34029e-05 8.76764e-07 9.50286e-07 0 12.52470397949219 7.905147552490234 24.88503646850586
1.00187 1.00024 0.640363 0.103601 0.0498159 0.0537855 0.00109098 4.35559e-05 7.97379e-07 4.06199e-06 0 12.52478313446045 7.913011074066162 24.88425445556641
1.00187 1.00022 0.640344 0.103517 0.049826 0.0536909 0.00108446 4.36068e-05 6.24746e-07 2.39706e-06 0 12.52483463287354 7.920815467834473 24.88582801818848
1.00187 1.00026 0.640371 0.103455 0.0498257 0.0536295 0.00106883 4.35596e-05 8.82965e-07 9.99474e-07 0 12.52490425109863 7.92855978012085 24.88744354248047
1.00185 1.00017 0.640333 0.103367 0.0498226 0.0535441 0.00112111 4.25822e-05 3.67277e-07 8.71645e-07 0 12.52503681182861 7.939503192901611 24.89744758605957
1.00188 1.00022 0.640333 0.103298 0.0498239 0.0534742 0.00117898 4.41144e-05 6.20586e-07 2.01188e-06 0 12.52490901947021 7.948090553283691 24.90150451660156
1.00187 1.00024 0.640358 0.103243 0.0498257 0.0534177 0.0011495 4.37459e-05 7.85363e-07 1.1572e-06 0 12.52503299713135 7.957074165344238 24.89977264404297
1.00186 1.00022 0.640356 0.103199 0.0498545 0.053344 0.00162003 4.3031e-05 6.2208e-07 3.7879e-06 0 12.5250301361084 7.964698314666748 24.90008735656738
1.00183 1.00027 0.640416 0.103143 0.0498619 0.0532813 0.00151682 4.17637e-05 9.66899e-07 2.33646e-06 0 12.52506637573242 7.972162246704102 24.9039306640625
1.00181 1.00027 0.640436 0.103083 0.0498603 0.0532227 0.00143771 4.074e-05 9.46202e-07 2.61896e-06 0 12.52514457702637 7.979608058929443 24.90261459350586
1.00181 1.00025 0.64042 0.103024 0.0498612 0.0531626 0.00137455 4.09227e-05 8.1754e-07 1.59976e-06 0 12.52525901794434 7.986993312835693 24.90366172790527
1.00183 1.00022 0.640384 0.102964 0.0498621 0.053102 0.00133839 4.16696e-05 6.24752e-07 1.27207e-06 0 12.52529525756836 7.994296550750732 24.90793800354004
1.00184 1.00022 0.640372 0.102908 0.0498655 0.053042 0.00130192 4.23509e-05 6.38147e-07 1.73077e-06 0 12.52530288696289 8.005697250366211 24.91300392150879
1.00185 1.00021 0.640358 0.102848 0.0498642 0.0529833 0.00128185 4.26843e-05 5.79637e-07 1.27208e-06 0 12.52529144287109 8.01312255859375 24.91285133361816
1.00185 1.00021 0.640354 0.10279 0.0498646 0.0529254 0.00126244 4.28574e-05 5.73924e-07 1.65757e-06 0 12.52503871917725 8.023580551147461 24.9112720489502
1.00185 1.00021 0.640353 0.102741 0.0498727 0.0528681 0.00124396 4.29807e-05 5.85881e-07 1.72107e-06 0 12.52544593811035 8.031827926635742 24.91198539733887
1.00186 1.0002 0.640347 0.102685 0.0498739 0.0528112 0.0012323 4.31152e-05 5.57662e-07 3.20678e-06 0 12.52534770965576 8.038714408874512 24.91282653808594
1.00186 1.0002 0.64034 0.102633 0.049878 0.0527546 0.00122319 4.32673e-05 5.28036e-07 1.5147e-06 0 12.52515888214111 8.047738075256348 24.92724418640137
1.00186 1.00019 0.640331 0.102571 0.049873 0.0526985 0.00121824 4.33977e-05 4.75602e-07 1.15413e-06 0 12.52481555938721 8.055507659912109 24.93096733093262
1.00187 1.00019 0.640326 0.102518 0.0498752 0.0526428 0.00121242 4.352e-05 4.58323e-07 8.91615e-07 0 12.5245246887207 8.062766075134277 24.93014717102051
1.00187 1.00018 0.640321 0.102465 0.0498776 0.0525875 0.00120788 4.36137e-05 4.37435e-07 8.4809e-07 0 12.52457714080811 8.070028305053711 24.93061065673828
1.00187 1.00018 0.640318 0.102413 0.0498803 0.0525325 0.00120456 4.37577e-05 4.32911e-07 2.00993e-06 0 12.5247802734375 8.077281951904297 24.93104362487793
1.00187 1.00017 0.640309 0.102366 0.049888 0.0524782 0.00120461 4.37723e-05 3.71688e-07 9.26523e-07 0 12.5249719619751 8.084458351135254 24.93275451660156
1.00187 1.00017 0.64031 0.102311 0.0498866 0.052424 0.00120028 4.39029e-05 3.99267e-07 1.13001e-06 0 12.52505779266357 8.091551780700684 24.93210220336914
1.00188 1.00017 0.640306 0.10226 0.0498899 0.0523703 0.00119921 4.39737e-05 3.80743e-07 6.81876e-07 0 12.52510547637939 8.098565101623535 24.93232727050781
1.00188 1.00017 0.640303 0.102209 0.0498923 0.052317 0.00119874 4.40418e-05 3.64332e-07 7.18612e-07 0 12.52514266967773 8.105525016784668 24.93633651733398
1.00188 1.00016 0.640296 0.102158 0.0498942 0.0522641 0.00120057 4.40879e-05 3.25104e-07 2.32306e-06 0 12.52517414093018 8.1124267578125 24.93694496154785
1.00188 1.00015 0.640293 0.102107 0.0498956 0.0522115 0.00120084 4.41501e-05 3.13357e-07 1.54059e-06 0 12.52521419525146 8.119300842285156 24.93899536132812
1.00188 1.00015 0.640289 0.102058 0.0498989 0.0521593 0.0012015 4.41938e-05 2.9637e-07 8.48905e-07 0 12.52525806427002 8.126119613647461 24.93647003173828
1.00188 1.00015 0.640289 0.102011 0.0499042 0.0521073 0.00120142 4.42958e-05 3.06084e-07 5.88736e-07 0 12.52528095245361 8.132900238037109 24.9376163482666
1.00188 1.00014 0.640284 0.101958 0.0499023 0.0520558 0.00120406 4.43345e-05 2.80496e-07 9.80232e-07 0 12.52531147003174 8.13962459564209 24.93877220153809
1.00188 1.00014 0.64028 0.101911 0.0499068 0.0520047 0.00120537 4.44096e-05 2.66071e-07 1.02462e-06 0 12.52535438537598 8.146317481994629 24.94016456604004
1.00189 1.00013 0.640273 0.101865 0.0499105 0.0519544 0.00131228 4.44885e-05 2.36869e-07 7.66188e-07 0 12.52535057067871 8.152952194213867 24.94400978088379
1.00189 1.00012 0.640265 0.101825 0.0499206 0.0519045 0.00129357 4.4558e-05 2.01112e-07 1.01204e-06 0 12.52539253234863 8.159548759460449 24.94332885742188
1.00189 1.00012 0.640262 0.101772 0.0499167 0.0518549 0.00128169 4.46213e-05 1.92038e-07 6.38336e-07 0 12.52540683746338 8.166103363037109 24.94491767883301
1.00189 1.00012 0.640259 0.101725 0.0499191 0.0518055 0.00127477 4.46966e-05 1.87149e-07 4.92352e-07 0 12.52542495727539 8.172614097595215 24.94614791870117
1.00189 1.00012 0.640257 0.101678 0.0499212 0.0517565 0.00127074 4.47418e-05 1.80414e-07 1.0072e-06 0 12.52543258666992 8.179082870483398 24.94712066650391
1.0019 1.00008 0.640232 0.101622 0.0499258 0.0516961 0.00148824 4.48959e-05 9.12429e-08 1.51204e-06 0 12.52546501159668 8.185519218444824 24.94783210754395
1.00188 1.00012 0.640268 0.101578 0.0499331 0.051645 0.00144061 4.43778e-05 1.96235e-07 9.26143e-07 0 12.52546882629395 8.19190502166748 24.94941329956055
1.00188 1.00011 0.640269 0.101532 0.0499354 0.0515963 0.00141135 4.40501e-05 1.69711e-07 6.96937e-07 0 12.52550220489502 8.198257446289062 24.95208740234375
1.00188 1.00011 0.64026 0.101494 0.049946 0.0515477 0.00140385 4.43073e-05 1.52649e-07 5.64905e-07 0 12.52550506591797 8.204574584960938 24.95113563537598
1.00189 1.0001 0.640252 0.101439 0.0499389 0.0514998 0.00137997 4.45616e-05 1.3995e-07 9.10252e-07 0 12.52552127838135 8.210822105407715 24.9533748626709
1.00189 1.0001 0.640252 0.101396 0.0499427 0.0514528 0.00137035 4.45697e-05 1.43478e-07 9.89876e-07 0 12.52554702758789 8.216980934143066 24.95523262023926
1.00189 1.00011 0.640261 0.101352 0.0499458 0.0514064 0.0013716 4.4472e-05 1.74533e-07 1.18382e-06 0 12.52555561065674 8.223097801208496 24.96032333374023
1.00188 1.00011 0.640263 0.101304 0.0499436 0.0513602 0.00136489 4.43819e-05 1.74638e-07 2.50169e-06 0 12.52558040618896 8.229183197021484 24.95831871032715
1.00188 1.00011 0.640262 0.101259 0.0499445 0.0513141 0.00135975 4.43592e-05 1.69619e-07 2.14626e-06 0 12.52560234069824 8.235243797302246 24.95952224731445
1.00188 1.00011 0.640259 0.101222 0.0499538 0.0512682 0.00135565 4.43406e-05 1.50221e-07 1.64662e-06 0 12.52560806274414 8.241270065307617 24.96059036254883
1.00188 1.00011 0.64026 0.101169 0.0499465 0.0512224 0.00135235 4.4342e-05 1.56357e-07 2.25645e-06 0 12.52565956115723 8.248669624328613 24.96288299560547
1.00188 1.00011 0.640262 0.101132 0.0499567 0.0511751 0.00170147 4.42863e-05 1.60509e-07 1.15924e-06 0 12.52551651000977 8.255034446716309 24.96656227111816
1.00187 1.00013 0.640291 0.101088 0.0499583 0.0511302 0.00163324 4.35215e-05 2.29701e-07 2.09153e-06 0 12.52542591094971 8.26108455657959 24.96769332885742
1.00186 1.00014 0.640303 0.101051 0.0499663 0.051085 0.00171383 4.31852e-05 2.53848e-07 1.11676e-06 0 12.52549076080322 8.267034530639648 24.97299957275391
1.00184 1.00015 0.640324 0.101013 0.0499704 0.0510424 0.00165403 4.2469e-05 2.94783e-07 5.39727e-06 0 12.52555370330811 8.272904396057129 24.96946334838867
1.00183 1.00014 0.640334 0.100979 0.0499781 0.0510008 0.00161236 4.18826e-05 2.76119e-07 3.33552e-06 0 12.52556800842285 8.278692245483398 24.97136878967285
1.00183 1.00016 0.640346 0.100939 0.0499801 0.0509585 0.00157992 4.17331e-05 3.35751e-07 9.03503e-06 0 12.52554607391357 8.284433364868164 24.97292709350586
1.00183 1.00014 0.640335 0.10089 0.0499742 0.0509159 0.00156035 4.16994e-05 2.62605e-07 6.78059e-06 0 12.52551555633545 8.290144920349121 24.97179412841797
1.00183 1.00013 0.640329 0.100856 0.0499823 0.0508733 0.00154418 4.16599e-05 2.2596e-07 2.70865e-06 0 12.52551174163818 8.295841217041016 24.97225379943848
1.00183 1.00015 0.640336 0.10082 0.0499892 0.0508304 0.0015287 4.18275e-05 2.84797e-07 2.26266e-06 0 12.52550601959229 8.301518440246582 24.97691345214844
1.00183 1.00013 0.640324 0.10077 0.0499817 0.0507882 0.00152268 4.176e-05 2.10363e-07 6.23863e-06 0 12.52550888061523 8.307181358337402 24.97324371337891
1.00183 1.00014 0.640332 0.100731 0.0499857 0.0507457 0.00151225 4.18461e-05 2.63314e-07 9.76052e-06 0 12.52548503875732 8.313033103942871 24.9783878326416
1.00183 1.00012 0.640322 0.100683 0.0499801 0.0507033 0.00151094 4.18542e-05 2.06826e-07 6.52296e-06 0 12.52528953552246 8.318686485290527 24.97912788391113
1.00183 1.00012 0.640318 0.100646 0.0499844 0.0506612 0.00150747 4.18439e-05 1.87469e-07 1.17794e-05 0 12.52519035339355 8.324326515197754 24.98311996459961
1.00183 1.00012 0.640316 0.100602 0.0499829 0.050619 0.00150471 4.1976e-05 1.92843e-07 4.34492e-06 0 12.52500438690186 8.329703330993652 24.98518371582031
1.00183 1.00011 0.640313 0.100566 0.0499888 0.0505773 0.0015032 4.19106e-05 1.68308e-07 8.0761e-06 0 12.52484893798828 8.334935188293457 24.98905181884766
1.00183 1.00012 0.640315 0.100543 0.0500075 0.0505354 0.00150294 4.20343e-05 1.91919e-07 4.18912e-06 0 12.52479362487793 8.340201377868652 24.99007034301758
1.00183 1.00013 0.640319 0.100485 0.0499914 0.0504941 0.00149731 4.20248e-05 2.10116e-07 1.18219e-05 0 12.52478885650635 8.34548282623291 24.98708534240723
1.00183 1.00011 0.640311 0.100461 0.0500082 0.0504526 0.0015027 4.20946e-05 1.76185e-07 1.60413e-06 0 12.5247802734375 8.350777626037598 24.99114418029785
1.00183 1.00011 0.640308 0.100401 0.0499897 0.0504113 0.0015022 4.20826e-05 1.63333e-07 1.90078e-06 0 12.52482509613037 8.356067657470703 24.99461364746094
1.00184 1.00011 0.640306 0.100362 0.0499914 0.0503704 0.0015029 4.21018e-05 1.54562e-07 4.93442e-07 0 12.52480697631836 8.361320495605469 24.99085998535156
1.00184 1.00011 0.640306 0.100341 0.0500113 0.0503294 0.0015049 4.21388e-05 1.57919e-07 1.3884e-06 0 12.52483654022217 8.366596221923828 24.99284744262695
1.00184 1.00011 0.640303 0.100302 0.0500134 0.0502886 0.00150628 4.221e-05 1.52558e-07 8.25105e-07 0 12.52483558654785 8.371849060058594 24.99005889892578
1.00184 1.0001 0.640299 0.100245 0.0499969 0.050248 0.00150707 4.22373e-05 1.38145e-07 1.10375e-06 0 12.52483463287354 8.377084732055664 24.99216461181641
1.00184 1.0001 0.640298 0.100228 0.0500207 0.0502077 0.00156681 4.22285e-05 1.32336e-07 9.25908e-07 0 12.52487659454346 8.38231372833252 24.99143409729004
1.00184 1.0001 0.640297 0.10017 0.0500027 0.0501678 0.00156136 4.21803e-05 1.25704e-07 1.58785e-06 0 12.52485370635986 8.387516021728516 24.994384765625
1.00184 1.0001 0.640298 0.100136 0.0500079 0.050128 0.00151525 4.21081e-05 1.21918e-07 5.71876e-07 0 12.52488231658936 8.392715454101562 25.00376319885254
1.00183 1.0001 0.640301 0.100108 0.0500193 0.0500885 0.00155334 4.2009e-05 1.24874e-07 5.86371e-07 0 12.52487754821777 8.397854804992676 24.99569320678711
1.00183 1.00009 0.640299 0.100053 0.0500041 0.050049 0.00154867 4.19561e-05 1.14848e-07 1.18615e-06 0 12.5248908996582 8.403009414672852 25.00410842895508
1.00183 1.00009 0.640298 0.100015 0.0500058 0.0500096 0.00154641 4.19467e-05 1.07736e-07 6.75081e-07 0 12.52489948272705 8.40815544128418 24.99486923217773
1.00183 1.00009 0.640295 0.0999773 0.0500072 0.0499701 0.00154545 4.19927e-05 1.00422e-07 4.43705e-07 0 12.52490043640137 8.413256645202637 24.9957160949707
1.00183 1.00008 0.640292 0.0999392 0.0500085 0.0499307 0.00154548 4.20343e-05 9.44323e-08 4.81484e-07 0 12.5249137878418 8.41835880279541 25.00567436218262
1.00183 1.00008 0.64029 0.0999014 0.0500099 0.0498915 0.0015462 4.20766e-05 9.03101e-08 4.75322e-07 0 12.52494049072266 8.423441886901855 25.00666618347168
1.00184 1.00008 0.640288 0.099864 0.0500116 0.0498524 0.00154742 4.21133e-05 8.60933e-08 5.41979e-07 0 12.52494239807129 8.428499221801758 24.99845123291016
1.00184 1.00008 0.640287 0.0998387 0.0500252 0.0498134 0.00154976 4.21387e-05 8.56231e-08 6.54689e-07 0 12.52493667602539 8.433528900146484 25.01035499572754
1.00184 1.00008 0.640284 0.099789 0.0500144 0.0497746 0.00155109 4.21659e-05 7.80437e-08 9.31922e-07 0 12.52492332458496 8.438525199890137 25.0013599395752
1.00184 1.00007 0.640283 0.0997519 0.050016 0.0497359 0.00155333 4.21974e-05 7.40442e-08 6.29549e-07 0 12.52490043640137 8.443501472473145 25.00393676757812
1.00184 1.00007 0.640281 0.0997152 0.0500178 0.0496974 0.00155582 4.22213e-05 7.05069e-08 5.09787e-07 0 12.52487564086914 8.448456764221191 25.00965881347656
1.00184 1.00007 0.640279 0.0996783 0.0500193 0.049659 0.00155848 4.22454e-05 6.69204e-08 5.08077e-07 0 12.5248556137085 8.453398704528809 25.00202751159668
1.00184 1.00007 0.640278 0.0996416 0.0500209 0.0496207 0.0015613 4.2265e-05 6.35922e-08 4.26015e-07 0 12.52485942840576 8.458331108093262 25.00288772583008
1.00184 1.00007 0.640277 0.0996139 0.0500313 0.0495826 0.00156489 4.2276e-05 6.20124e-08 4.63602e-07 0 12.52486705780029 8.463265419006348 25.00362396240234
1.00184 1.00007 0.640279 0.0995833 0.0500386 0.0495447 0.00200839 4.23378e-05 7.36078e-08 2.34526e-06 0 12.52488708496094 8.468196868896484 25.00424385070801
1.00184 1.00007 0.640273 0.0995403 0.0500338 0.0495064 0.00190348 4.23574e-05 5.64281e-08 6.66086e-07 0 12.52490139007568 8.473101615905762 25.00497055053711
1.00183 1.00007 0.640283 0.0995103 0.0500424 0.0494679 0.00184322 4.19258e-05 5.88578e-08 4.85252e-07 0 12.52490711212158 8.477986335754395 25.00579261779785
1.00184 1.00005 0.640268 0.0994477 0.0500347 0.049413 0.0018238 4.21467e-05 3.41606e-08 1.09146e-06 0 12.52491092681885 8.48287296295166 25.01261520385742
1.00183 1.00008 0.640298 0.0994265 0.0500517 0.0493748 0.00182629 4.16792e-05 8.82605e-08 1.63377e-06 0 12.52491283416748 8.487739562988281 25.00718879699707
1.00182 1.00007 0.640294 0.099374 0.0500364 0.0493375 0.00177002 4.14129e-05 5.94514e-08 1.09808e-06 0 12.52492904663086 8.492588996887207 25.00797462463379
1.00183 1.00007 0.640289 0.0993309 0.0500313 0.0492996 0.00177101 4.16482e-05 5.93333e-08 1.43631e-06 0 12.52493667602539 8.497413635253906 25.00890922546387
1.00182 1.00007 0.640294 0.0992959 0.0500328 0.0492632 0.00175549 4.13874e-05 5.73707e-08 1.10745e-06 0 12.52494621276855 8.502233505249023 25.00961494445801
1.00183 1.00005 0.640275 0.0992546 0.0500328 0.0492218 0.00180362 4.18406e-05 3.41137e-08 1.09643e-06 0 12.52494049072266 8.50703239440918 25.01041603088379
1.00182 1.00006 0.640284 0.0992206 0.0500356 0.049185 0.00178726 4.16251e-05 4.51053e-08 3.23874e-06 0 12.5249547958374 8.511823654174805 25.0156192779541
1.00183 1.00005 0.64028 0.0991786 0.0500296 0.0491489 0.00177536 4.16593e-05 3.83188e-08 3.16441e-06 0 12.52497673034668 8.516586303710938 25.01932716369629
1.00183 1.00005 0.640273 0.0991506 0.0500379 0.0491128 0.00176833 4.17599e-05 2.82252e-08 1.36805e-06 0 12.52497005462646 8.521391868591309 25.01690292358398
1.00183 1.00006 0.64028 0.0991351 0.0500583 0.0490768 0.00178877 4.17883e-05 4.30158e-08 1.81333e-06 0 12.52485656738281 8.526296615600586 25.02120971679688
1.00183 0.999977 0.640224 0.0990901 0.0500595 0.0490306 0.00186295 4.19935e-05 7.36796e-09 4.7006e-06 0 12.52492046356201 8.533166885375977 25.01736831665039
1.00184 1.00006 0.640269 0.0990379 0.0500457 0.0489922 0.00181153 4.24174e-05 4.80738e-08 1.33862e-06 0 12.52479076385498 8.538043975830078 25.02583503723145
1.00182 1.00006 0.640285 0.0989958 0.0500382 0.0489576 0.00179187 4.16384e-05 4.79695e-08 9.97185e-07 0 12.52470874786377 8.542778015136719 25.01822280883789
1.00183 1.00003 0.640266 0.0989642 0.0500423 0.0489219 0.00179229 4.17502e-05 1.54624e-08 4.46684e-06 0 12.52477741241455 8.547515869140625 25.01565551757812
1.00183 1.00005 0.64027 0.0989501 0.0500641 0.048886 0.00180331 4.19133e-05 2.7983e-08 1.55952e-06 0 12.52470588684082 8.552150726318359 25.01638984680176
1.00183 1.00004 0.64027 0.0989057 0.0500548 0.0488509 0.00179243 4.18506e-05 2.5339e-08 1.93393e-06 0 12.52483367919922 8.55730152130127 25.01641273498535
1.00183 1.00004 0.640265 0.0988633 0.0500477 0.0488157 0.00176514 4.18152e-05 1.63562e-08 2.30295e-06 0 12.52477264404297 8.561973571777344 25.01777267456055
1.00183 1.00004 0.640267 0.0988258 0.0500453 0.0487805 0.00175936 4.17876e-05 1.74232e-08 1.44073e-06 0 12.52478885650635 8.566518783569336 25.01482772827148
1.00183 1.00003 0.640264 0.0987965 0.0500511 0.0487454 0.001785 4.17551e-05 1.26603e-08 1.45008e-06 0 12.52482414245605 8.571074485778809 25.01893997192383
1.00183 1.00004 0.640269 0.0987848 0.0500744 0.0487103 0.00179894 4.17329e-05 1.92247e-08 1.553e-06 0 12.52481365203857 8.575610160827637 25.02914810180664
1.00183 1.00003 0.640265 0.0987258 0.0500503 0.0486754 0.00175147 4.17619e-05 1.37535e-08 7.73285e-07 0 12.52488136291504 8.58141040802002 25.02975845336914
1.00183 1.00003 0.640263 0.098692 0.0500514 0.0486406 0.00177248 4.17527e-05 1.17557e-08 1.96014e-06 0 12.52498340606689 8.586217880249023 25.02284622192383
1.00183 0.999995 0.640242 0.0986673 0.0500689 0.0485984 0.00197643 4.16733e-05 4.02498e-10 1.92642e-06 0 12.52477550506592 8.59068489074707 25.01908111572266
1.00182 1.00005 0.64029 0.0986538 0.0500921 0.0485617 0.00196043 4.12046e-05 3.82032e-08 1.26596e-06 0 12.52479839324951 8.595187187194824 25.02115440368652
1.0018 1.00005 0.640299 0.0985952 0.0500683 0.0485269 0.00190542 4.06111e-05 3.08384e-08 1.80001e-06 0 12.52485656738281 8.599705696105957 25.03202629089355
1.0018 1.00004 0.640292 0.0985711 0.0500799 0.0484912 0.00187615 4.06327e-05 1.92838e-08 8.35881e-07 0 12.52483749389648 8.604165077209473 25.02739906311035
1.00181 1.00003 0.640283 0.0985362 0.0500812 0.048455 0.00185351 4.08591e-05 1.34814e-08 1.71711e-06 0 12.52482604980469 8.608631134033203 25.02384948730469
1.00181 1.00003 0.640281 0.0984876 0.0500685 0.0484191 0.00183426 4.09896e-05 1.38392e-08 1.60322e-06 0 12.52482128143311 8.613079071044922 25.02266502380371
1.00181 1.00004 0.640289 0.0984732 0.0500896 0.0483836 0.00183239 4.09349e-05 2.50013e-08 1.50969e-06 0 12.52481269836426 8.617531776428223 25.02555656433105
1.00181 1.00004 0.640288 0.098425 0.0500768 0.0483482 0.00181899 4.09063e-05 2.25873e-08 9.85847e-07 0 12.52480316162109 8.621984481811523 25.0372314453125
1.00181 1.00001 0.640266 0.0984223 0.0501187 0.0483036 0.0024362 4.10261e-05 1.57405e-09 6.6154e-06 0 12.52480888366699 8.62640380859375 25.02518844604492
1.00178 1.00009 0.640342 0.0983727 0.0501038 0.048269 0.00226251 3.97326e-05 9.7662e-08 3.68467e-06 0 12.52480888366699 8.630815505981445 25.02570915222168
1.00176 1.00007 0.640359 0.0983352 0.0500988 0.0482364 0.00222256 3.85977e-05 7.37739e-08 2.53223e-06 0 12.52478694915771 8.636187553405762 25.03445243835449
1.00176 1.00005 0.640337 0.0982992 0.0500969 0.0482023 0.00215838 3.87871e-05 2.89554e-08 1.59135e-06 0 12.52465343475342 8.640909194946289 25.0460319519043
1.00177 1.00004 0.640318 0.0982615 0.0500943 0.0481672 0.00211006 3.93535e-05 1.67777e-08 1.73206e-06 0 12.52448272705078 8.645404815673828 25.03413391113281
1.00178 0.999993 0.640284 0.0982436 0.0501185 0.0481252 0.00216575 3.96378e-05 6.9155e-10 5.52716e-06 0 12.52450561523438 8.64995288848877 25.03992652893066
1.00178 1.00005 0.640315 0.0981883 0.0500988 0.0480895 0.00210075 3.97923e-05 2.77029e-08 1.83017e-06 0 12.52456474304199 8.654520034790039 25.04060363769531
1.00177 1.00006 0.640339 0.0981541 0.050098 0.0480561 0.00204952 3.89965e-05 4.2826e-08 1.03395e-06 0 12.52458190917969 8.659060478210449 25.03426742553711
1.00172 1.00005 0.64038 0.0981251 0.050147 0.047978 0.00270776 3.68233e-05 2.75947e-08 1.18377e-05 0 12.52456569671631 8.663586616516113 25.0448112487793
1.00168 1.00008 0.640439 0.098085 0.0501472 0.0479378 0.00256333 3.52676e-05 9.31464e-08 3.19193e-06 0 12.52458000183105 8.668095588684082 25.03839111328125
1.00168 1.00007 0.640438 0.0980513 0.0501489 0.0479025 0.00247416 3.50894e-05 7.49824e-08 3.00896e-06 0 12.52461051940918 8.673745155334473 25.05933380126953
1.0017 1.00004 0.640393 0.0980026 0.0501348 0.0478678 0.00238556 3.62024e-05 2.67684e-08 2.05742e-06 0 12.52424049377441 8.678336143493652 25.05189895629883
1.00172 1.00003 0.640365 0.0979531 0.0501418 0.0478114 0.0023171 3.7184e-05 1.62736e-08 2.07891e-06 0 12.52393436431885 8.682643890380859 25.04936981201172
1.00173 1.00004 0.640368 0.0979124 0.0501382 0.0477742 0.00226119 3.72956e-05 2.43337e-08 1.67664e-06 0 12.52397727966309 8.686958312988281 25.04845809936523
1.00173 1.00004 0.640363 0.0978852 0.0501471 0.0477381 0.00222391 3.75157e-05 2.39174e-08 1.77857e-06 0 12.52414894104004 8.691359519958496 25.0471134185791
1.00174 1.00004 0.640358 0.0978457 0.0501436 0.0477021 0.00218493 3.77186e-05 2.36401e-08 1.69165e-06 0 12.5242223739624 8.696673393249512 25.05923843383789
1.00174 1.00005 0.640361 0.0978187 0.0501525 0.0476662 0.00215205 3.77323e-05 2.99535e-08 1.41778e-06 0 12.52426338195801 8.70120906829834 25.04940605163574
1.00174 1.00004 0.640358 0.0977554 0.0501251 0.0476304 0.002114 3.77148e-05 2.29801e-08 9.57081e-07 0 12.52404308319092 8.705572128295898 25.04901504516602
1.00174 1.00004 0.640359 0.0977171 0.0501228 0.0475943 0.0020881 3.76734e-05 2.32053e-08 7.99223e-07 0 12.52341842651367 8.715839385986328 25.07350540161133
1.00174 1.00005 0.640363 0.0976882 0.0501302 0.047558 0.00207238 3.76598e-05 3.00512e-08 1.46591e-06 0 12.52295017242432 8.721210479736328 25.07361030578613
1.00173 1.00004 0.640359 0.0976433 0.0501216 0.0475217 0.00208811 3.76132e-05 2.12589e-08 1.27496e-06 0 12.52290725708008 8.725750923156738 25.07443046569824
1.00174 1.00005 0.640362 0.097609 0.0501238 0.0474852 0.00202604 3.76524e-05 2.86589e-08 1.29823e-06 0 12.52323913574219 8.730020523071289 25.06741142272949
1.00173 1.00005 0.640363 0.0975823 0.0501336 0.0474487 0.00204141 3.76108e-05 2.94168e-08 2.03241e-06 0 12.52351474761963 8.737107276916504 25.07088661193848
1.00173 1.00004 0.64036 0.0975307 0.0501185 0.0474121 0.00203215 3.75704e-05 2.15981e-08 1.56965e-06 0 12.52355098724365 8.741833686828613 25.06907653808594
1.00174 1.00002 0.640345 0.0975155 0.0501419 0.0473736 0.00200936 3.76531e-05 4.79512e-09 1.05357e-05 0 12.52362442016602 8.746440887451172 25.07355499267578
1.00174 1.00005 0.640364 0.0974574 0.0501208 0.0473366 0.0019935 3.77241e-05 3.55259e-08 5.74637e-06 0 12.52368640899658 8.751015663146973 25.07179641723633
1.00173 1.00005 0.640369 0.0974225 0.0501218 0.0473007 0.0020025 3.74436e-05 3.28538e-08 3.36206e-06 0 12.52368450164795 8.75560474395752 25.07626914978027
1.00173 1.00004 0.640364 0.097385 0.0501209 0.0472641 0.00198425 3.74205e-05 2.3592e-08 1.26054e-06 0 12.52367687225342 8.760204315185547 25.06250762939453
1.00173 1.00004 0.640364 0.0973569 0.0501294 0.0472275 0.00196926 3.74319e-05 2.25449e-08 1.25063e-06 0 12.52366352081299 8.764833450317383 25.06140899658203
1.00173 1.00005 0.640367 0.0973183 0.0501271 0.0471912 0.001959 3.7398e-05 2.814e-08 1.87568e-06 0 12.52365112304688 8.769497871398926 25.06511497497559
1.00173 1.00004 0.640369 0.0972855 0.0501305 0.047155 0.00194211 3.72625e-05 2.59481e-08 1.11281e-06 0 12.52365589141846 8.774168968200684 25.06078338623047
1.00172 1.00006 0.640387 0.0972526 0.0501335 0.0471191 0.00239551 3.69909e-05 5.2288e-08 4.51541e-06 0 12.52366161346436 8.778844833374023 25.06192779541016
1.0017 1.00005 0.640392 0.0972235 0.0501395 0.047084 0.00228608 3.62979e-05 2.73653e-08 2.45704e-06 0 12.52364253997803 8.783543586730957 25.06680488586426
1.00171 1.00006 0.640395 0.0971954 0.0501473 0.0470482 0.00220615 3.64232e-05 4.10376e-08 2.28839e-06 0 12.52362728118896 8.788237571716309 25.05926704406738
1.00171 1.00005 0.640392 0.0971475 0.0501352 0.0470123 0.00215328 3.64597e-05 3.62283e-08 2.39753e-06 0 12.52365207672119 8.793179512023926 25.07096862792969
1.00171 1.00005 0.640383 0.0971202 0.0501459 0.0469743 0.0023003 3.66942e-05 2.81675e-08 2.5419e-06 0 12.52367687225342 8.797928810119629 25.06043243408203
1.0017 1.00007 0.640409 0.0970873 0.0501478 0.0469395 0.0022058 3.62409e-05 6.70711e-08 1.67939e-06 0 12.52359390258789 8.802591323852539 25.0609130859375
1.00169 1.00007 0.640418 0.097059 0.0501533 0.0469056 0.00213919 3.58881e-05 7.07538e-08 1.90382e-06 0 12.52359008789062 8.807293891906738 25.06045341491699
1.00169 1.00007 0.640422 0.0970181 0.0501466 0.0468716 0.0020993 3.56956e-05 6.78608e-08 1.97532e-06 0 12.52358913421631 8.812012672424316 25.06471633911133
1.00169 1.00008 0.640423 0.0969846 0.0501476 0.0468371 0.00206647 3.58564e-05 8.16117e-08 2.72202e-06 0 12.52358245849609 8.816681861877441 25.06356239318848
1.00169 1.00007 0.640421 0.0969583 0.0501554 0.0468029 0.00203919 3.58378e-05 7.43279e-08 3.60232e-06 0 12.52354049682617 8.82136344909668 25.06524276733398
1.00169 1.00006 0.640413 0.0969251 0.0501563 0.0467688 0.00202299 3.575e-05 4.78906e-08 1.5003e-06 0 12.52346420288086 8.826022148132324 25.06675338745117
1.00169 1.00006 0.640413 0.0968766 0.0501422 0.0467344 0.00200447 3.5803e-05 5.08451e-08 2.27597e-06 0 12.52326393127441 8.83064079284668 25.06977272033691
1.00169 1.00006 0.64041 0.0968371 0.0501372 0.0466999 0.00199299 3.58587e-05 4.64004e-08 1.99479e-06 0 12.52330017089844 8.83525562286377 25.07364082336426
1.00169 1.00006 0.640409 0.0968136 0.0501482 0.0466654 0.00200831 3.59145e-05 4.51448e-08 1.14406e-06 0 12.52331447601318 8.83988094329834 25.06762886047363
1.00169 1.00006 0.64041 0.0967702 0.0501391 0.0466311 0.00199142 3.59178e-05 4.98387e-08 1.16186e-06 0 12.52337837219238 8.844754219055176 25.07296752929688
1.0017 1.00006 0.640408 0.0967374 0.0501407 0.0465968 0.00197419 3.59359e-05 4.62755e-08 1.39218e-06 0 12.52324771881104 8.849301338195801 25.07390594482422
1.0017 1.00006 0.640408 0.0967032 0.0501407 0.0465625 0.00196139 3.59339e-05 4.55173e-08 1.08157e-06 0 12.52314472198486 8.853726387023926 25.07668685913086
1.00169 1.00005 0.640406 0.0966587 0.0501305 0.0465281 0.00195095 3.59037e-05 3.76999e-08 1.29347e-06 0 12.5230884552002 8.858151435852051 25.07328796386719
1.00169 1.00005 0.640405 0.0966243 0.0501305 0.0464939 0.00194072 3.59124e-05 3.63325e-08 1.34096e-06 0 12.52313327789307 8.862585067749023 25.07378578186035
1.00169 1.00006 0.640409 0.0966232 0.0501636 0.0464596 0.00193621 3.58777e-05 4.48646e-08 9.08344e-07 0 12.52312278747559 8.867015838623047 25.07768249511719
1.00169 1.00005 0.640406 0.096554 0.0501286 0.0464254 0.00192484 3.58755e-05 3.7188e-08 1.01809e-06 0 12.52309799194336 8.871438026428223 25.078125
1.00169 1.00005 0.640406 0.0965219 0.0501307 0.0463912 0.0019151 3.58539e-05 3.54999e-08 2.4435e-06 0 12.52311611175537 8.875873565673828 25.07110404968262
1.00169 1.00005 0.640408 0.096495 0.0501379 0.0463571 0.00191073 3.5823e-05 3.92944e-08 9.60065e-07 0 12.52313804626465 8.880331039428711 25.06860160827637
1.0017 1.00005 0.640395 0.0964659 0.0501421 0.0463238 0.00220448 3.62158e-05 2.99016e-08 1.96725e-06 0 12.52315139770508 8.884799003601074 25.07408905029297
1.00171 1.00003 0.64038 0.096429 0.0501392 0.0462898 0.00212466 3.64702e-05 1.41193e-08 1.04115e-06 0 12.52315139770508 8.889238357543945 25.0695629119873
1.00171 1.00003 0.640375 0.0963985 0.0501428 0.0462557 0.00207687 3.67137e-05 1.48049e-08 1.58271e-06 0 12.52315425872803 8.89369010925293 25.0703296661377
1.00171 1.00005 0.640382 0.0963847 0.0501624 0.0462223 0.00204482 3.67401e-05 2.72754e-08 2.75318e-06 0 12.52315711975098 8.89813232421875 25.07036399841309
1.00171 1.00004 0.64038 0.0963289 0.0501399 0.046189 0.00202607 3.66347e-05 2.06968e-08 1.06139e-06 0 12.5231409072876 8.902592658996582 25.06525421142578
1.00171 1.00004 0.64038 0.0962941 0.0501384 0.0461557 0.00200801 3.67551e-05 2.40057e-08 2.33752e-06 0 12.52315044403076 8.907031059265137 25.06523132324219
1.00171 1.00004 0.640378 0.0962674 0.0501447 0.0461227 0.00198987 3.67223e-05 1.95765e-08 3.5013e-06 0 12.52313709259033 8.911482810974121 25.0818042755127
1.00171 1.00003 0.640376 0.096232 0.0501424 0.0460896 0.00198709 3.66895e-05 1.54668e-08 1.42431e-06 0 12.52313899993896 8.915919303894043 25.06430816650391
1.00171 0.999994 0.640352 0.0962053 0.0501514 0.0460539 0.00261982 3.65956e-05 4.52814e-10 1.70178e-06 0 12.52312564849854 8.920367240905762 25.06534385681152
1.0017 1.00005 0.640398 0.0961827 0.0501607 0.046022 0.00248539 3.60474e-05 2.80452e-08 2.38047e-06 0 12.52311420440674 8.924797058105469 25.06894111633301
1.00168 1.00005 0.64042 0.0961555 0.0501648 0.0459907 0.00238874 3.52103e-05 3.52988e-08 1.56147e-06 0 12.52323722839355 8.929073333740234 25.07104110717773
1.00168 1.00003 0.640406 0.0961143 0.0501561 0.0459582 0.00233167 3.53304e-05 1.43514e-08 2.48587e-06 0 12.52331352233887 8.93346118927002 25.06961822509766
1.00169 1.00003 0.640396 0.0960841 0.0501591 0.045925 0.00230542 3.55981e-05 9.64077e-09 1.97018e-06 0 12.52338790893555 8.937853813171387 25.07138442993164
1.00169 1.00003 0.640396 0.0960453 0.0501531 0.0458921 0.00223496 3.57484e-05 1.42349e-08 2.30879e-06 0 12.52339744567871 8.942190170288086 25.08120155334473
1.00169 1.00003 0.640398 0.0960151 0.0501553 0.0458597 0.0022324 3.5639e-05 1.363e-08 3.00946e-06 0 12.52336597442627 8.946553230285645 25.06993103027344
1.00166 0.999931 0.640365 0.0960212 0.0502024 0.0458188 0.00282007 3.42723e-05 6.27548e-08 2.69853e-05 0 12.52340221405029 8.950865745544434 25.06918525695801
1.00155 1.00017 0.640617 0.0959863 0.0502071 0.0457792 0.00257026 3.00856e-05 3.80435e-07 5.94493e-06 0 12.52338600158691 8.95517635345459 25.07233810424805
1.00153 1.0001 0.640591 0.0959547 0.0502033 0.0457514 0.00246292 2.93504e-05 1.33082e-07 3.38277e-06 0 12.52337169647217 8.959490776062012 25.07120132446289
1.00161 0.999977 0.640439 0.0958969 0.0501823 0.0457146 0.00237856 3.23528e-05 7.16926e-09 2.79977e-06 0 12.52336120605469 8.964154243469238 25.07570457458496
1.00166 0.999988 0.640393 0.0958553 0.0501782 0.0456771 0.00231301 3.46323e-05 2.08258e-09 1.03111e-06 0 12.52319622039795 8.968386650085449 25.08036041259766
1.00167 1.00002 0.640403 0.0958183 0.0501748 0.0456435 0.00225894 3.49723e-05 3.49516e-09 1.0542e-06 0 12.52295112609863 8.972594261169434 25.08242797851562
1.00167 1.00001 0.640399 0.0957883 0.0501771 0.0456112 0.00263997 3.4963e-05 1.00968e-09 3.56388e-06 0 12.52297115325928 8.976820945739746 25.0780200958252
1.00167 1.00001 0.640395 0.0957537 0.050175 0.0455787 0.00250615 3.50241e-05 4.32498e-10 1.40443e-06 0 12.5230541229248 8.981121063232422 25.07955932617188
1.00167 1 0.640394 0.0957198 0.0501733 0.0455465 0.00241539 3.50039e-05 7.5436e-11 3.23437e-06 0 12.52310276031494 8.985379219055176 25.07657814025879
1.00167 1.00002 0.640408 0.0956913 0.0501766 0.0455147 0.00236077 3.49739e-05 7.82803e-09 4.49842e-06 0 12.52307319641113 8.989629745483398 25.07768440246582
1.00168 0.999997 0.640388 0.09566 0.0501772 0.0454829 0.00233986 3.51046e-05 1.4303e-10 2.57421e-06 0 12.52266979217529 8.995174407958984 25.10122108459473
1.00167 1.00002 0.640414 0.0956206 0.0501696 0.045451 0.00230685 3.46856e-05 6.92957e-09 2.28544e-06 0 12.52135181427002 9.000971794128418 25.10355758666992
1.00166 1.00002 0.640416 0.0955843 0.0501648 0.0454195 0.00226972 3.4572e-05 6.5534e-09 1.97778e-06 0 12.52111911773682 9.004721641540527 25.10165786743164
1.00166 1.00002 0.640415 0.0955501 0.0501622 0.0453879 0.00223864 3.45064e-05 4.08923e-09 1.17121e-06 0 12.52206707000732 9.009084701538086 25.09115791320801
1.00166 1.00003 0.640422 0.0955306 0.0501744 0.0453561 0.00221154 3.44322e-05 8.9764e-09 9.22358e-07 0 12.52277088165283 9.013654708862305 25.08910369873047
1.00166 1.00003 0.640427 0.0955055 0.0501811 0.0453244 0.00218879 3.43063e-05 1.21746e-08 1.10724e-06 0 12.522873878479 9.018007278442383 25.08739852905273
1.00165 1.00003 0.640428 0.0954511 0.0501587 0.0452924 0.00216842 3.41968e-05 1.03248e-08 1.17403e-06 0 12.52287197113037 9.022233009338379 25.08856773376465
1.00165 1.00003 0.640434 0.095442 0.0501814 0.0452606 0.00214986 3.415e-05 1.57381e-08 1.9488e-06 0 12.52288150787354 9.026483535766602 25.08749961853027
1.00165 1.00003 0.640435 0.0953991 0.0501703 0.0452288 0.00213266 3.40583e-05 1.46622e-08 8.40832e-07 0 12.52288627624512 9.030715942382812 25.08663368225098
1.00165 1.00004 0.640444 0.0953413 0.0501578 0.0451834 0.00213714 3.3931e-05 2.35501e-08 2.98286e-06 0 12.52286815643311 9.034884452819824 25.08830261230469
1.00163 1.00005 0.640467 0.0953079 0.0501545 0.0451534 0.00211728 3.32532e-05 3.73487e-08 3.51322e-06 0 12.52291965484619 9.039046287536621 25.08859634399414
1.0016 1.00004 0.640488 0.095269 0.0501617 0.0451074 0.00292068 3.19573e-05 2.01987e-08 8.89576e-06 0 12.52279186248779 9.04328727722168 25.08480453491211
1.00157 1.00009 0.640548 0.0952398 0.0501659 0.0450739 0.00275332 3.08206e-05 1.05648e-07 4.14104e-06 0 12.52274990081787 9.047432899475098 25.08240509033203
1.00158 1.00004 0.640502 0.0952221 0.0501805 0.0450417 0.00264541 3.13872e-05 1.97434e-08 3.30047e-06 0 12.52272605895996 9.051602363586426 25.08111000061035
1.00161 1.00001 0.640457 0.0951727 0.0501645 0.0450082 0.00256986 3.25881e-05 2.65439e-09 2.79899e-06 0 12.52270984649658 9.05577278137207 25.08721923828125
1.00163 1.00002 0.640445 0.09514 0.0501641 0.0449759 0.00251154 3.32393e-05 4.88807e-09 2.23009e-06 0 12.52267265319824 9.059965133666992 25.09053039550781
1.00164 1.00003 0.640445 0.0951228 0.0501781 0.0449446 0.00246339 3.34864e-05 1.04842e-08 1.71373e-06 0 12.52263355255127 9.064190864562988 25.07934188842773
1.00164 1.00002 0.640436 0.0950944 0.0501809 0.0449135 0.00242537 3.36358e-05 4.85015e-09 1.46824e-06 0 12.52262210845947 9.068367004394531 25.09072113037109
1.00164 1.00001 0.64043 0.0950445 0.0501623 0.0448823 0.00239241 3.37385e-05 2.3719e-09 2.44702e-06 0 12.52259635925293 9.072566986083984 25.08513450622559
1.00163 0.999975 0.640416 0.095056 0.0502117 0.0448443 0.00384508 3.32541e-05 8.46954e-09 1.63314e-05 0 12.52255725860596 9.078554153442383 25.07891654968262
1.00154 1.00014 0.64061 0.0950609 0.0502466 0.0448143 0.0034883 2.96103e-05 2.60584e-07 6.248e-06 0 12.52235507965088 9.082608222961426 25.0772533416748
1.00146 1.00017 0.640704 0.0950115 0.0502185 0.044793 0.0032965 2.67543e-05 3.97413e-07 5.11966e-06 0 12.52194690704346 9.08885669708252 25.08082580566406
1.00147 1.0001 0.640646 0.0949741 0.0502071 0.044767 0.00317219 2.71555e-05 1.2945e-07 6.98632e-06 0 12.52159786224365 9.093436241149902 25.08295631408691
1.00133 0.999854 0.640625 0.0952175 0.0505317 0.0446858 0.00492686 2.22088e-05 2.8477e-07 6.93836e-05 0 12.52177333831787 9.097601890563965 25.09024620056152
1.00127 1.00037 0.641019 0.0951614 0.0505054 0.0446559 0.00450045 2.00523e-05 1.81708e-06 1.59054e-05 0 12.52215099334717 9.101842880249023 25.0822582244873
1.00121 1.00024 0.640986 0.0950874 0.0504396 0.0446478 0.00430525 1.8429e-05 7.6794e-07 1.18955e-05 0 12.52234745025635 9.105996131896973 25.0820484161377
1.00131 1.00009 0.640799 0.0950145 0.0503892 0.0446253 0.00415718 2.14753e-05 1.13346e-07 1.26881e-05 0 12.52242183685303 9.110092163085938 25.08906555175781
1.00139 1.0001 0.640729 0.0949555 0.0503537 0.0446018 0.00402826 2.41412e-05 1.37457e-07 1.11197e-05 0 12.5224609375 9.11418628692627 25.0904369354248
1.00141 1.00012 0.640717 0.0949089 0.0503279 0.0445809 0.00391207 2.49931e-05 1.90234e-07 7.22066e-06 0 12.52249622344971 9.118282318115234 25.08112907409668
1.00143 1.00011 0.640691 0.0948688 0.0503086 0.0445602 0.00380815 2.56229e-05 1.48852e-07 4.78732e-06 0 12.52234745025635 9.123373985290527 25.10586357116699
1.00145 1.0001 0.640671 0.0948486 0.0503101 0.0445385 0.0037163 2.62408e-05 1.29723e-07 2.84279e-06 0 12.52120018005371 9.127874374389648 25.12328720092773
1.00128 1.0001 0.640832 0.0950297 0.0505896 0.0444401 0.00516947 2.06253e-05 1.46405e-07 3.31e-05 0 12.52025508880615 9.131149291992188 25.10922622680664
1.00124 1.00029 0.640996 0.0949154 0.0504908 0.0444247 0.00474797 1.91499e-05 1.12328e-06 1.406e-05 0 12.52038288116455 9.134521484375 25.10354614257812
1.0013 1.00012 0.640824 0.094848 0.0504381 0.0444099 0.00445672 2.11972e-05 1.88853e-07 8.74842e-06 0 12.51863098144531 9.146092414855957 25.26589775085449
1.00133 1.00014 0.640812 0.0948112 0.0504367 0.0443745 0.00468375 2.21573e-05 2.75291e-07 1.04337e-05 0 12.51778793334961 9.150428771972656 25.25272178649902
1.00133 1.00013 0.640809 0.0947367 0.0503785 0.0443582 0.00437896 2.19894e-05 2.30851e-07 6.93411e-06 0 12.51714420318604 9.151819229125977 25.21980285644531
1.00125 1.00004 0.64082 0.0946837 0.0503858 0.0442979 0.00487519 1.96095e-05 1.9691e-08 2.5387e-05 0 12.51834964752197 9.15422534942627 25.19461250305176
1.00127 1.00017 0.640887 0.0946229 0.0503418 0.0442811 0.00449249 2.01522e-05 3.7673e-07 8.02757e-06 0 12.51933002471924 9.156879425048828 25.17687606811523
1.0013 1.00008 0.640801 0.0945701 0.0503207 0.0442494 0.00418665 2.10624e-05 7.72878e-08 1.03571e-05 0 12.51963806152344 9.159492492675781 25.16397285461426
1.00138 0.999967 0.640657 0.0945248 0.0503032 0.0442216 0.00489268 2.36386e-05 1.46131e-08 3.87651e-05 0 12.51985836029053 9.162134170532227 25.15430068969727
1.00127 1.00009 0.640842 0.0944681 0.0502898 0.0441783 0.0042906 2.00778e-05 1.18822e-07 2.31757e-05 0 12.52008247375488 9.164915084838867 25.15502166748047
1.00134 1.00007 0.640756 0.0944483 0.0502884 0.0441599 0.00400578 2.2509e-05 6.88656e-08 6.93651e-06 0 12.5180196762085 9.178920745849609 25.29480934143066
1.00143 0.999968 0.640601 0.0944002 0.0502606 0.0441395 0.00378548 2.57111e-05 1.35477e-08 2.82028e-06 0 12.51743125915527 9.18125057220459 25.24536323547363
1.00149 0.999988 0.640563 0.0943645 0.0502471 0.0441174 0.00366677 2.76488e-05 2.08131e-09 1.71217e-06 0 12.51823997497559 9.182839393615723 25.21904945373535
1.00151 1.00001 0.640557 0.0943345 0.0502368 0.0440977 0.00350992 2.835e-05 5.98063e-10 9.8069e-07 0 12.51859855651855 9.187352180480957 25.21833038330078
1.00152 0.999996 0.640537 0.0943049 0.0502273 0.0440776 0.00337916 2.88795e-05 1.87734e-10 1.29728e-06 0 12.51854705810547 9.189552307128906 25.18924140930176
1.00149 0.999962 0.640548 0.0942867 0.0502466 0.0440401 0.00390374 2.75991e-05 1.89468e-08 1.67165e-05 0 12.51760578155518 9.197992324829102 25.19291305541992
1.00143 1.00005 0.640657 0.0942555 0.0502437 0.0440118 0.00365438 2.56328e-05 3.58462e-08 8.45773e-06 0 12.5178337097168 9.200142860412598 25.1709098815918
1.00144 1.00003 0.640638 0.0942079 0.0502192 0.0439887 0.00347119 2.58153e-05 1.2141e-08 4.51825e-06 0 12.51818656921387 9.204172134399414 25.16033935546875
1.00147 1.00001 0.640596 0.0941885 0.0502237 0.0439647 0.00332624 2.68446e-05 7.27695e-10 4.12414e-06 0 12.51914882659912 9.20742130279541 25.1515998840332
1.00149 1.00001 0.640574 0.0941545 0.0502134 0.0439411 0.00329538 2.77198e-05 9.56099e-10 5.56852e-06 0 12.5178050994873 9.213823318481445 25.14487075805664
1.0015 1.00002 0.640573 0.0941303 0.0502113 0.0439189 0.00316268 2.81756e-05 8.05609e-09 4.15301e-06 0 12.5187406539917 9.215831756591797 25.14421272277832
1.0015 1.00003 0.640574 0.094085 0.0501877 0.0438973 0.00305512 2.82758e-05 1.26625e-08 4.09793e-06 0 12.51988792419434 9.217999458312988 25.13031196594238
1.00151 1.00003 0.640567 0.0940914 0.0502168 0.0438746 0.00296321 2.85406e-05 1.19466e-08 2.70098e-06 0 12.52055931091309 9.220632553100586 25.12354850769043
1.00151 1.00003 0.640566 0.0940374 0.0501865 0.043851 0.00288584 2.86542e-05 1.45579e-08 1.5359e-06 0 12.52078247070312 9.223146438598633 25.11838150024414
1.00152 1.00004 0.640568 0.0940092 0.0501823 0.0438269 0.00281774 2.86996e-05 1.93205e-08 1.43956e-06 0 12.52096271514893 9.225744247436523 25.11365699768066
1.00152 1.00004 0.640568 0.0939762 0.0501739 0.0438023 0.00275776 2.87318e-05 2.05566e-08 1.09637e-06 0 12.52053451538086 9.230934143066406 25.12328338623047
1.00152 1.00004 0.640569 0.0939515 0.0501744 0.043777 0.0027046 2.87613e-05 2.42408e-08 7.52278e-07 0 12.51986789703369 9.235036849975586 25.12186622619629
1.00152 1.00005 0.640571 0.0939294 0.050178 0.0437513 0.00265696 2.87789e-05 2.8879e-08 1.46501e-06 0 12.51992130279541 9.238077163696289 25.10959625244141
1.0015 1.00002 0.640572 0.0938931 0.0501766 0.0437165 0.00290905 2.80706e-05 4.5804e-09 2.92159e-06 0 12.52028560638428 9.241119384765625 25.11186599731445
1.00147 1.00008 0.640644 0.0938595 0.0501704 0.0436891 0.00275707 2.68539e-05 8.97658e-08 1.62468e-06 0 12.52057266235352 9.244129180908203 25.106689453125
1.00145 1.00007 0.640649 0.0938299 0.0501674 0.0436625 0.00264942 2.64115e-05 7.03391e-08 1.4601e-06 0 12.52073192596436 9.247013092041016 25.10564804077148
1.00146 1.00003 0.64061 0.0938251 0.0502008 0.0436243 0.00287233 2.67409e-05 8.53963e-09 4.40751e-06 0 12.52076721191406 9.249887466430664 25.09387397766113
1.00145 1.00007 0.640658 0.0937844 0.0501889 0.0435956 0.00276247 2.61052e-05 7.21579e-08 1.47295e-06 0 12.52084732055664 9.252878189086914 25.10842514038086
1.00144 1.00006 0.640657 0.0937439 0.0501789 0.043565 0.00292361 2.57995e-05 4.66056e-08 2.48429e-06 0 12.52088737487793 9.256020545959473 25.09323692321777
1.00144 1.00005 0.640643 0.0937069 0.0501715 0.0435354 0.00282083 2.60512e-05 3.02918e-08 2.13808e-06 0 12.52090835571289 9.25922679901123 25.0911750793457
1.00145 1.00004 0.64063 0.0936758 0.0501709 0.0435049 0.0027443 2.64661e-05 2.69264e-08 2.07129e-06 0 12.52091407775879 9.262517929077148 25.08696365356445
1.00146 1.00006 0.640635 0.0936427 0.0501677 0.043475 0.00266761 2.66792e-05 5.12474e-08 1.3929e-06 0 12.5209321975708 9.265876770019531 25.08721542358398
1.00146 1.00006 0.640631 0.0936078 0.0501625 0.0434453 0.00261375 2.67204e-05 4.38235e-08 3.54414e-06 0 12.52092361450195 9.26931095123291 25.08901786804199
1.00146 1.00007 0.640638 0.0935683 0.0501526 0.0434157 0.00255578 2.67437e-05 6.38498e-08 3.47956e-06 0 12.52070236206055 9.274097442626953 25.08832740783691
1.00146 1.00008 0.640643 0.0935346 0.0501486 0.043386 0.00250983 2.67577e-05 7.84964e-08 3.6073e-06 0 12.5202808380127 9.277947425842285 25.08517837524414
1.00146 1.00008 0.640645 0.093503 0.0501466 0.0433564 0.0024696 2.66993e-05 8.1401e-08 1.85744e-06 0 12.52012729644775 9.28157901763916 25.08371162414551
1.00146 1.00008 0.640649 0.0934703 0.0501436 0.0433267 0.00243324 2.66352e-05 8.96987e-08 3.15623e-06 0 12.52024364471436 9.286637306213379 25.10040092468262
1.00146 1.00009 0.640653 0.0934459 0.0501489 0.043297 0.00240005 2.65873e-05 9.74869e-08 2.60544e-06 0 12.52002811431885 9.290591239929199 25.0944652557373
1.00146 1.00009 0.640655 0.0934107 0.0501434 0.0432673 0.00237046 2.65152e-05 9.68158e-08 1.08845e-06 0 12.51990985870361 9.294719696044922 25.08944702148438
1.00145 1.00009 0.64066 0.0933819 0.0501443 0.0432376 0.00234711 2.64129e-05 1.0612e-07 4.22901e-06 0 12.52000713348389 9.298662185668945 25.08574104309082
1.00145 1.0001 0.640667 0.0933467 0.0501389 0.0432077 0.00231753 2.63729e-05 1.31657e-07 9.33197e-07 0 12.52014827728271 9.302680015563965 25.08544731140137
1.00145 1.0001 0.640671 0.0933109 0.050133 0.0431779 0.00229414 2.62877e-05 1.35618e-07 2.76851e-06 0 12.52021980285645 9.306660652160645 25.08383560180664
1.00145 1.00011 0.640676 0.0932821 0.050134 0.0431481 0.00227247 2.622e-05 1.48943e-07 1.83165e-06 0 12.52024269104004 9.310628890991211 25.08125495910645
1.00145 1.00011 0.640679 0.0932509 0.0501325 0.0431183 0.00225217 2.61478e-05 1.5626e-07 1.8883e-06 0 12.52025318145752 9.314605712890625 25.0762939453125
1.00144 1.00011 0.640682 0.0932161 0.0501276 0.0430885 0.00223315 2.60631e-05 1.59469e-07 2.33807e-06 0 12.52025127410889 9.318595886230469 25.07429885864258
1.00144 1.00011 0.640686 0.0931874 0.0501286 0.0430588 0.00221528 2.5983e-05 1.68007e-07 2.1471e-06 0 12.52023410797119 9.322577476501465 25.07329559326172
1.00144 1.00011 0.64069 0.093156 0.050127 0.043029 0.00219846 2.59067e-05 1.75114e-07 2.19028e-06 0 12.52020835876465 9.326567649841309 25.07178497314453
1.00144 1.00012 0.640693 0.0931247 0.0501254 0.0429993 0.0021825 2.58337e-05 1.81427e-07 2.00572e-06 0 12.52019309997559 9.330577850341797 25.0744571685791
1.00141 1.00007 0.640695 0.0931035 0.0501392 0.0429643 0.00230532 2.47172e-05 7.07755e-08 4.54072e-06 0 12.52017593383789 9.3345947265625 25.07173156738281
1.00137 1.00003 0.640707 0.0931107 0.0501895 0.0429213 0.00290012 2.33668e-05 1.45992e-08 1.81785e-05 0 12.5201301574707 9.338591575622559 25.07215881347656
1.00134 1.00003 0.640731 0.0931264 0.0502442 0.0428821 0.00376226 2.24817e-05 1.30901e-08 3.44448e-05 0 12.52011394500732 9.342613220214844 25.06948089599609
1.00135 1.0001 0.640765 0.0930878 0.0502304 0.0428574 0.00344724 2.28366e-05 1.34138e-07 7.14821e-06 0 12.5200891494751 9.346647262573242 25.06649780273438
1.00134 1.0001 0.640779 0.0930304 0.0502014 0.042829 0.00323165 2.23983e-05 1.42194e-07 6.04325e-06 0 12.52006435394287 9.350667953491211 25.06698799133301
1.00135 1.00002 0.640714 0.0929888 0.0501977 0.0427911 0.00314953 2.28154e-05 5.10023e-09 8.81448e-06 0 12.52003955841064 9.35468864440918 25.0662727355957
1.00137 1.00009 0.640735 0.0929483 0.0501878 0.0427605 0.00299202 2.36174e-05 1.01506e-07 5.93561e-06 0 12.52001094818115 9.358723640441895 25.06379890441895
1.00138 1.00008 0.640724 0.0929124 0.0501793 0.0427331 0.0028767 2.38126e-05 8.52592e-08 4.06488e-06 0 12.51998519897461 9.362749099731445 25.06432723999023
1.0014 1.00007 0.640703 0.0928766 0.0501718 0.0427048 0.0027832 2.43442e-05 6.45995e-08 3.35269e-06 0 12.5199499130249 9.366767883300781 25.06350135803223
1.00141 1.00007 0.64069 0.0928411 0.0501648 0.0426763 0.00270956 2.47305e-05 5.78346e-08 2.28256e-06 0 12.51992130279541 9.370794296264648 25.06271934509277
1.00141 1.00008 0.640693 0.0928081 0.0501604 0.0426477 0.00264653 2.48651e-05 7.58461e-08 1.73743e-06 0 12.5195426940918 9.375690460205078 25.06960105895996
1.00141 1.00007 0.640687 0.0927738 0.0501548 0.042619 0.00271336 2.49769e-05 6.80491e-08 4.03701e-06 0 12.51904582977295 9.381725311279297 25.09473991394043
1.00141 1.00008 0.640689 0.0927374 0.0501474 0.04259 0.00265012 2.50067e-05 7.58977e-08 1.66123e-06 0 12.51872062683105 9.387165069580078 25.12211036682129
1.00141 1.00008 0.640691 0.0927036 0.0501428 0.0425608 0.00259091 2.50142e-05 8.37935e-08 1.52205e-06 0 12.51885509490967 9.390450477600098 25.11518096923828
1.00142 1.00008 0.640691 0.0926713 0.05014 0.0425313 0.00254115 2.50658e-05 8.69863e-08 1.83571e-06 0 12.51869297027588 9.39436149597168 25.10072326660156
