A/A0 V/V0 Vr eb eb_bend eb_ad ea ega ev ek ee
1 1.00092 0.642589 0.109093 0.0496849 0.0594082 0.000367957 0 1.12357e-05 7.05323e-10 0
1.00049 1.00151 0.6425 0.108822 0.0496169 0.059205 0.000359218 2.99586e-06 3.05563e-05 3.08365e-05 0
1.00085 1.00099 0.641818 0.108661 0.0496372 0.0590238 0.000363125 9.03787e-06 1.31223e-05 5.89026e-05 0
1.00126 1.00064 0.641197 0.108504 0.0496663 0.058838 0.000381206 1.99653e-05 5.51048e-06 3.6265e-05 0
1.00153 1.00065 0.640951 0.108345 0.0496711 0.0586736 0.000398616 2.91734e-05 5.70812e-06 8.20031e-06 0
1.00159 1.00078 0.640972 0.108224 0.0496844 0.05854 0.000410681 3.16424e-05 8.17001e-06 2.38714e-06 0
1.00155 1.00089 0.641085 0.108089 0.0496629 0.0584262 0.000417202 2.99228e-05 1.06477e-05 3.4393e-06 0
1.00149 1.00093 0.641162 0.107979 0.0496592 0.0583199 0.000420722 2.76895e-05 1.14305e-05 3.17211e-06 0
1.00146 1.0009 0.641172 0.10788 0.0496661 0.0582139 0.00042447 2.66769e-05 1.07924e-05 2.71887e-06 0
1.00147 1.00085 0.641132 0.107771 0.0496643 0.0581066 0.000595416 2.6922e-05 9.57623e-06 4.61148e-06 0
1.00149 1.00081 0.641086 0.107662 0.0496625 0.0579996 0.000573245 2.77541e-05 8.73407e-06 2.63799e-06 0
1.00152 1.00077 0.641033 0.107563 0.0496703 0.0578929 0.000557872 2.88259e-05 7.88275e-06 2.44852e-06 0
1.00153 1.00078 0.641025 0.107458 0.0496665 0.0577913 0.000547357 2.936e-05 8.07631e-06 3.4888e-06 0
1.00154 1.00076 0.64101 0.107364 0.0496713 0.0576925 0.00053594 2.9558e-05 7.75032e-06 4.16133e-06 0
1.00155 1.00076 0.641 0.107264 0.049669 0.057595 0.000534917 2.98448e-05 7.64609e-06 2.93379e-06 0
1.00155 1.00074 0.64098 0.10717 0.0496719 0.0574986 0.00053319 3.01905e-05 7.29407e-06 2.39294e-06 0
1.00157 1.00072 0.64095 0.107076 0.0496722 0.0574034 0.000559642 3.07817e-05 6.82272e-06 3.5025e-06 0
1.00158 1.0007 0.640934 0.106981 0.0496708 0.0573107 0.000552286 3.11521e-05 6.6245e-06 3.17634e-06 0
1.00158 1.0007 0.640924 0.106891 0.0496712 0.0572195 0.000551604 3.13733e-05 6.47967e-06 3.11323e-06 0
1.00159 1.00068 0.64091 0.106804 0.0496749 0.0571295 0.000552924 3.16235e-05 6.25353e-06 2.99668e-06 0
1.0016 1.00067 0.640893 0.106717 0.0496769 0.0570401 0.000554498 3.19286e-05 5.98836e-06 2.64266e-06 0
1.00161 1.00065 0.640869 0.106626 0.0496745 0.0569512 0.000557387 3.23891e-05 5.63816e-06 2.412e-06 0
1.00162 1.00063 0.640848 0.106539 0.049676 0.0568631 0.000561214 3.28466e-05 5.35151e-06 2.24786e-06 0
1.00163 1.00062 0.640828 0.106454 0.0496783 0.0567759 0.000565658 3.33089e-05 5.1063e-06 1.88248e-06 0
1.00164 1.00061 0.640811 0.106382 0.0496923 0.0566896 0.000571361 3.37219e-05 4.9279e-06 1.72748e-06 0
1.00165 1.0006 0.640794 0.106294 0.0496895 0.0566043 0.000576091 3.41207e-05 4.73556e-06 1.88644e-06 0
1.00166 1.00058 0.640772 0.10621 0.04969 0.0565198 0.000582203 3.4518e-05 4.43618e-06 1.71547e-06 0
1.00167 1.00057 0.640759 0.106132 0.0496956 0.0564362 0.000587718 3.48841e-05 4.32761e-06 1.70527e-06 0
1.00168 1.00056 0.640743 0.106053 0.0496993 0.0563534 0.000593966 3.52583e-05 4.14195e-06 1.30016e-06 0
1.00169 1.00054 0.640723 0.105963 0.0496911 0.0562715 0.000600183 3.56329e-05 3.87443e-06 1.38299e-06 0
1.00168 1.00044 0.64067 0.105845 0.0496907 0.0561545 0.000669195 3.51392e-05 2.57551e-06 2.04549e-06 0
1.00171 1.0005 0.640677 0.105751 0.0496944 0.0560567 0.000662976 3.6658e-05 3.38538e-06 2.13314e-06 0
1.00172 1.00049 0.64066 0.105681 0.0497064 0.0559746 0.000662117 3.6949e-05 3.16123e-06 1.96025e-06 0
1.00173 1.00047 0.640636 0.105596 0.0497017 0.0558942 0.000662499 3.75065e-05 2.94028e-06 1.76004e-06 0
1.00174 1.00046 0.64062 0.105544 0.0497286 0.055815 0.000666171 3.80251e-05 2.85717e-06 1.4235e-06 0
1.00175 1.00046 0.640612 0.10546 0.0497225 0.0557374 0.000668992 3.83459e-05 2.83526e-06 2.63881e-06 0
1.00175 1.00045 0.640602 0.10537 0.0497091 0.0556612 0.000672766 3.84953e-05 2.6949e-06 1.55176e-06 0
1.00176 1.00044 0.640592 0.105307 0.0497212 0.0555859 0.000678026 3.86573e-05 2.57771e-06 1.22567e-06 0
1.00177 1.00043 0.640573 0.105245 0.0497407 0.0555047 0.000748613 3.92262e-05 2.46903e-06 4.56318e-06 0
1.00177 1.00044 0.640581 0.105159 0.049727 0.0554316 0.000741785 3.908e-05 2.55164e-06 4.56197e-06 0
1.00176 1.00044 0.640591 0.105092 0.0497317 0.0553601 0.000735878 3.8664e-05 2.56188e-06 1.46931e-06 0
1.00176 1.00043 0.640586 0.105021 0.0497326 0.0552886 0.000733568 3.85922e-05 2.4404e-06 1.91096e-06 0
1.00176 1.00041 0.640573 0.104951 0.049734 0.0552169 0.000734098 3.87987e-05 2.29305e-06 1.65833e-06 0
1.00177 1.00041 0.640558 0.10489 0.049745 0.0551453 0.000734415 3.9226e-05 2.20124e-06 2.629e-06 0
1.00178 1.00039 0.64054 0.104814 0.0497395 0.0550744 0.000739572 3.96347e-05 2.04837e-06 1.09997e-06 0
1.00179 1.00038 0.640528 0.104747 0.049743 0.0550042 0.000743742 3.99681e-05 1.97221e-06 1.49888e-06 0
1.00179 1.00038 0.640521 0.104684 0.0497496 0.0549348 0.000862245 4.01647e-05 1.92293e-06 1.4743e-06 0
1.00179 1.00038 0.640518 0.104616 0.0497501 0.0548662 0.000848096 4.02368e-05 1.90814e-06 1.27416e-06 0
1.00179 1.00037 0.640515 0.104554 0.0497558 0.0547983 0.000838086 4.02744e-05 1.8648e-06 9.2925e-07 0
1.0018 1.00036 0.640504 0.104488 0.0497578 0.0547306 0.000828854 4.04379e-05 1.74731e-06 8.91047e-07 0
1.0018 1.00035 0.64049 0.104425 0.0497619 0.0546632 0.000825822 4.07302e-05 1.63278e-06 7.93614e-07 0
1.00181 1.00034 0.640478 0.104359 0.049763 0.0545961 0.000824111 4.10575e-05 1.56662e-06 1.86257e-06 0
1.00182 1.00033 0.640463 0.1043 0.0497701 0.0545295 0.000827003 4.13729e-05 1.45163e-06 7.42637e-07 0
1.00183 1.00033 0.640456 0.104232 0.0497685 0.0544636 0.000825985 4.16417e-05 1.42218e-06 1.06749e-06 0
1.00183 1.00032 0.640445 0.10417 0.0497716 0.0543982 0.000828685 4.18871e-05 1.35232e-06 7.26623e-07 0
1.00184 1.00031 0.640434 0.104108 0.0497749 0.0543334 0.000831984 4.2107e-05 1.2701e-06 6.51557e-07 0
1.00185 1.00028 0.640407 0.104037 0.0497949 0.0542417 0.000938736 4.25727e-05 1.05371e-06 1.25486e-05 0
1.00184 1.00024 0.640391 0.103974 0.049803 0.0541708 0.0010025 4.21084e-05 7.75992e-07 3.17766e-06 0
1.00185 1.00026 0.640394 0.103895 0.0497996 0.0540956 0.000995852 4.25925e-05 9.1147e-07 4.01031e-06 0
1.00185 1.00028 0.640409 0.103832 0.0498002 0.0540322 0.000989528 4.25591e-05 1.07342e-06 1.64684e-06 0
1.00185 1.00028 0.640406 0.103778 0.0498079 0.05397 0.000979132 4.27202e-05 1.07377e-06 2.01351e-06 0
1.00185 1.00026 0.640384 0.103713 0.0498052 0.0539079 0.0010386 4.30043e-05 9.01369e-07 1.0776e-06 0
1.00186 1.00026 0.640374 0.103654 0.0498074 0.0538462 0.00102772 4.34029e-05 8.76764e-07 9.50286e-07 0
1.00187 1.00024 0.640363 0.103601 0.0498159 0.0537855 0.00109098 4.35559e-05 7.97379e-07 4.06199e-06 0
1.00187 1.00022 0.640344 0.103517 0.049826 0.0536909 0.00108446 4.36068e-05 6.24746e-07 2.39706e-06 0
1.00187 1.00026 0.640371 0.103455 0.0498257 0.0536295 0.00106883 4.35596e-05 8.82965e-07 9.99474e-07 0
1.00185 1.00017 0.640333 0.103367 0.0498226 0.0535441 0.00112111 4.25822e-05 3.67277e-07 8.71645e-07 0
1.00188 1.00022 0.640333 0.103298 0.0498239 0.0534742 0.00117898 4.41144e-05 6.20586e-07 2.01188e-06 0
1.00187 1.00024 0.640358 0.103243 0.0498257 0.0534177 0.0011495 4.37459e-05 7.85363e-07 1.1572e-06 0
1.00186 1.00022 0.640356 0.103199 0.0498545 0.053344 0.00162003 4.3031e-05 6.2208e-07 3.7879e-06 0
1.00183 1.00027 0.640416 0.103143 0.0498619 0.0532813 0.00151682 4.17637e-05 9.66899e-07 2.33646e-06 0
1.00181 1.00027 0.640436 0.103083 0.0498603 0.0532227 0.00143771 4.074e-05 9.46202e-07 2.61896e-06 0
1.00181 1.00025 0.64042 0.103024 0.0498612 0.0531626 0.00137455 4.09227e-05 8.1754e-07 1.59976e-06 0
1.00183 1.00022 0.640384 0.102964 0.0498621 0.053102 0.00133839 4.16696e-05 6.24752e-07 1.27207e-06 0
1.00184 1.00022 0.640372 0.102908 0.0498655 0.053042 0.00130192 4.23509e-05 6.38147e-07 1.73077e-06 0
1.00185 1.00021 0.640358 0.102848 0.0498642 0.0529833 0.00128185 4.26843e-05 5.79637e-07 1.27208e-06 0
1.00185 1.00021 0.640354 0.10279 0.0498646 0.0529254 0.00126244 4.28574e-05 5.73924e-07 1.65757e-06 0
1.00185 1.00021 0.640353 0.102741 0.0498727 0.0528681 0.00124396 4.29807e-05 5.85881e-07 1.72107e-06 0
1.00186 1.0002 0.640347 0.102685 0.0498739 0.0528112 0.0012323 4.31152e-05 5.57662e-07 3.20678e-06 0
1.00186 1.0002 0.64034 0.102633 0.049878 0.0527546 0.00122319 4.32673e-05 5.28036e-07 1.5147e-06 0
1.00186 1.00019 0.640331 0.102571 0.049873 0.0526985 0.00121824 4.33977e-05 4.75602e-07 1.15413e-06 0
1.00187 1.00019 0.640326 0.102518 0.0498752 0.0526428 0.00121242 4.352e-05 4.58323e-07 8.91615e-07 0
1.00187 1.00018 0.640321 0.102465 0.0498776 0.0525875 0.00120788 4.36137e-05 4.37435e-07 8.4809e-07 0
1.00187 1.00018 0.640318 0.102413 0.0498803 0.0525325 0.00120456 4.37577e-05 4.32911e-07 2.00993e-06 0
1.00187 1.00017 0.640309 0.102366 0.049888 0.0524782 0.00120461 4.37723e-05 3.71688e-07 9.26523e-07 0
1.00187 1.00017 0.64031 0.102311 0.0498866 0.052424 0.00120028 4.39029e-05 3.99267e-07 1.13001e-06 0
1.00188 1.00017 0.640306 0.10226 0.0498899 0.0523703 0.00119921 4.39737e-05 3.80743e-07 6.81876e-07 0
1.00188 1.00017 0.640303 0.102209 0.0498923 0.052317 0.00119874 4.40418e-05 3.64332e-07 7.18612e-07 0
1.00188 1.00016 0.640296 0.102158 0.0498942 0.0522641 0.00120057 4.40879e-05 3.25104e-07 2.32306e-06 0
1.00188 1.00015 0.640293 0.102107 0.0498956 0.0522115 0.00120084 4.41501e-05 3.13357e-07 1.54059e-06 0
1.00188 1.00015 0.640289 0.102058 0.0498989 0.0521593 0.0012015 4.41938e-05 2.9637e-07 8.48905e-07 0
1.00188 1.00015 0.640289 0.102011 0.0499042 0.0521073 0.00120142 4.42958e-05 3.06084e-07 5.88736e-07 0
1.00188 1.00014 0.640284 0.101958 0.0499023 0.0520558 0.00120406 4.43345e-05 2.80496e-07 9.80232e-07 0
1.00188 1.00014 0.64028 0.101911 0.0499068 0.0520047 0.00120537 4.44096e-05 2.66071e-07 1.02462e-06 0
1.00189 1.00013 0.640273 0.101865 0.0499105 0.0519544 0.00131228 4.44885e-05 2.36869e-07 7.66188e-07 0
1.00189 1.00012 0.640265 0.101825 0.0499206 0.0519045 0.00129357 4.4558e-05 2.01112e-07 1.01204e-06 0
1.00189 1.00012 0.640262 0.101772 0.0499167 0.0518549 0.00128169 4.46213e-05 1.92038e-07 6.38336e-07 0
1.00189 1.00012 0.640259 0.101725 0.0499191 0.0518055 0.00127477 4.46966e-05 1.87149e-07 4.92352e-07 0
1.00189 1.00012 0.640257 0.101678 0.0499212 0.0517565 0.00127074 4.47418e-05 1.80414e-07 1.0072e-06 0
1.0019 1.00008 0.640232 0.101622 0.0499258 0.0516961 0.00148824 4.48959e-05 9.12429e-08 1.51204e-06 0
1.00188 1.00012 0.640268 0.101578 0.0499331 0.051645 0.00144061 4.43778e-05 1.96235e-07 9.26143e-07 0
1.00188 1.00011 0.640269 0.101532 0.0499354 0.0515963 0.00141135 4.40501e-05 1.69711e-07 6.96937e-07 0
1.00188 1.00011 0.64026 0.101494 0.049946 0.0515477 0.00140385 4.43073e-05 1.52649e-07 5.64905e-07 0
1.00189 1.0001 0.640252 0.101439 0.0499389 0.0514998 0.00137997 4.45616e-05 1.3995e-07 9.10252e-07 0
1.00189 1.0001 0.640252 0.101396 0.0499427 0.0514528 0.00137035 4.45697e-05 1.43478e-07 9.89876e-07 0
1.00189 1.00011 0.640261 0.101352 0.0499458 0.0514064 0.0013716 4.4472e-05 1.74533e-07 1.18382e-06 0
1.00188 1.00011 0.640263 0.101304 0.0499436 0.0513602 0.00136489 4.43819e-05 1.74638e-07 2.50169e-06 0
1.00188 1.00011 0.640262 0.101259 0.0499445 0.0513141 0.00135975 4.43592e-05 1.69619e-07 2.14626e-06 0
1.00188 1.00011 0.640259 0.101222 0.0499538 0.0512682 0.00135565 4.43406e-05 1.50221e-07 1.64662e-06 0
1.00188 1.00011 0.64026 0.101169 0.0499465 0.0512224 0.00135235 4.4342e-05 1.56357e-07 2.25645e-06 0
1.00188 1.00011 0.640262 0.101132 0.0499567 0.0511751 0.00170147 4.42863e-05 1.60509e-07 1.15924e-06 0
1.00187 1.00013 0.640291 0.101088 0.0499583 0.0511302 0.00163324 4.35215e-05 2.29701e-07 2.09153e-06 0
1.00186 1.00014 0.640303 0.101051 0.0499663 0.051085 0.00171383 4.31852e-05 2.53848e-07 1.11676e-06 0
1.00184 1.00015 0.640324 0.101013 0.0499704 0.0510424 0.00165403 4.2469e-05 2.94783e-07 5.39727e-06 0
1.00183 1.00014 0.640334 0.100979 0.0499781 0.0510008 0.00161236 4.18826e-05 2.76119e-07 3.33552e-06 0
1.00183 1.00016 0.640346 0.100939 0.0499801 0.0509585 0.00157992 4.17331e-05 3.35751e-07 9.03503e-06 0
1.00183 1.00014 0.640335 0.10089 0.0499742 0.0509159 0.00156035 4.16994e-05 2.62605e-07 6.78059e-06 0
1.00183 1.00013 0.640329 0.100856 0.0499823 0.0508733 0.00154418 4.16599e-05 2.2596e-07 2.70865e-06 0
1.00183 1.00015 0.640336 0.10082 0.0499892 0.0508304 0.0015287 4.18275e-05 2.84797e-07 2.26266e-06 0
1.00183 1.00013 0.640324 0.10077 0.0499817 0.0507882 0.00152268 4.176e-05 2.10363e-07 6.23863e-06 0
1.00183 1.00014 0.640332 0.100731 0.0499857 0.0507457 0.00151225 4.18461e-05 2.63314e-07 9.76052e-06 0
1.00183 1.00012 0.640322 0.100683 0.0499801 0.0507033 0.00151094 4.18542e-05 2.06826e-07 6.52296e-06 0
1.00183 1.00012 0.640318 0.100646 0.0499844 0.0506612 0.00150747 4.18439e-05 1.87469e-07 1.17794e-05 0
1.00183 1.00012 0.640316 0.100602 0.0499829 0.050619 0.00150471 4.1976e-05 1.92843e-07 4.34492e-06 0
1.00183 1.00011 0.640313 0.100566 0.0499888 0.0505773 0.0015032 4.19106e-05 1.68308e-07 8.0761e-06 0
1.00183 1.00012 0.640315 0.100543 0.0500075 0.0505354 0.00150294 4.20343e-05 1.91919e-07 4.18912e-06 0
1.00183 1.00013 0.640319 0.100485 0.0499914 0.0504941 0.00149731 4.20248e-05 2.10116e-07 1.18219e-05 0
1.00183 1.00011 0.640311 0.100461 0.0500082 0.0504526 0.0015027 4.20946e-05 1.76185e-07 1.60413e-06 0
1.00183 1.00011 0.640308 0.100401 0.0499897 0.0504113 0.0015022 4.20826e-05 1.63333e-07 1.90078e-06 0
1.00184 1.00011 0.640306 0.100362 0.0499914 0.0503704 0.0015029 4.21018e-05 1.54562e-07 4.93442e-07 0
1.00184 1.00011 0.640306 0.100341 0.0500113 0.0503294 0.0015049 4.21388e-05 1.57919e-07 1.3884e-06 0
1.00184 1.00011 0.640303 0.100302 0.0500134 0.0502886 0.00150628 4.221e-05 1.52558e-07 8.25105e-07 0
1.00184 1.0001 0.640299 0.100245 0.0499969 0.050248 0.00150707 4.22373e-05 1.38145e-07 1.10375e-06 0
1.00184 1.0001 0.640298 0.100228 0.0500207 0.0502077 0.00156681 4.22285e-05 1.32336e-07 9.25908e-07 0
1.00184 1.0001 0.640297 0.10017 0.0500027 0.0501678 0.00156136 4.21803e-05 1.25704e-07 1.58785e-06 0
1.00184 1.0001 0.640298 0.100136 0.0500079 0.050128 0.00151525 4.21081e-05 1.21918e-07 5.71876e-07 0
1.00183 1.0001 0.640301 0.100108 0.0500193 0.0500885 0.00155334 4.2009e-05 1.24874e-07 5.86371e-07 0
1.00183 1.00009 0.640299 0.100053 0.0500041 0.050049 0.00154867 4.19561e-05 1.14848e-07 1.18615e-06 0
1.00183 1.00009 0.640298 0.100015 0.0500058 0.0500096 0.00154641 4.19467e-05 1.07736e-07 6.75081e-07 0
1.00183 1.00009 0.640295 0.0999773 0.0500072 0.0499701 0.00154545 4.19927e-05 1.00422e-07 4.43705e-07 0
1.00183 1.00008 0.640292 0.0999392 0.0500085 0.0499307 0.00154548 4.20343e-05 9.44323e-08 4.81484e-07 0
1.00183 1.00008 0.64029 0.0999014 0.0500099 0.0498915 0.0015462 4.20766e-05 9.03101e-08 4.75322e-07 0
1.00184 1.00008 0.640288 0.099864 0.0500116 0.0498524 0.00154742 4.21133e-05 8.60933e-08 5.41979e-07 0
1.00184 1.00008 0.640287 0.0998387 0.0500252 0.0498134 0.00154976 4.21387e-05 8.56231e-08 6.54689e-07 0
1.00184 1.00008 0.640284 0.099789 0.0500144 0.0497746 0.00155109 4.21659e-05 7.80437e-08 9.31922e-07 0
1.00184 1.00007 0.640283 0.0997519 0.050016 0.0497359 0.00155333 4.21974e-05 7.40442e-08 6.29549e-07 0
1.00184 1.00007 0.640281 0.0997152 0.0500178 0.0496974 0.00155582 4.22213e-05 7.05069e-08 5.09787e-07 0
1.00184 1.00007 0.640279 0.0996783 0.0500193 0.049659 0.00155848 4.22454e-05 6.69204e-08 5.08077e-07 0
1.00184 1.00007 0.640278 0.0996416 0.0500209 0.0496207 0.0015613 4.2265e-05 6.35922e-08 4.26015e-07 0
1.00184 1.00007 0.640277 0.0996139 0.0500313 0.0495826 0.00156489 4.2276e-05 6.20124e-08 4.63602e-07 0
1.00184 1.00007 0.640279 0.0995833 0.0500386 0.0495447 0.00200839 4.23378e-05 7.36078e-08 2.34526e-06 0
1.00184 1.00007 0.640273 0.0995403 0.0500338 0.0495064 0.00190348 4.23574e-05 5.64281e-08 6.66086e-07 0
1.00183 1.00007 0.640283 0.0995103 0.0500424 0.0494679 0.00184322 4.19258e-05 5.88578e-08 4.85252e-07 0
1.00184 1.00005 0.640268 0.0994477 0.0500347 0.049413 0.0018238 4.21467e-05 3.41606e-08 1.09146e-06 0
1.00183 1.00008 0.640298 0.0994265 0.0500517 0.0493748 0.00182629 4.16792e-05 8.82605e-08 1.63377e-06 0
1.00182 1.00007 0.640294 0.099374 0.0500364 0.0493375 0.00177002 4.14129e-05 5.94514e-08 1.09808e-06 0
1.00183 1.00007 0.640289 0.0993309 0.0500313 0.0492996 0.00177101 4.16482e-05 5.93333e-08 1.43631e-06 0
1.00182 1.00007 0.640294 0.0992959 0.0500328 0.0492632 0.00175549 4.13874e-05 5.73707e-08 1.10745e-06 0
1.00183 1.00005 0.640275 0.0992546 0.0500328 0.0492218 0.00180362 4.18406e-05 3.41137e-08 1.09643e-06 0
1.00182 1.00006 0.640284 0.0992206 0.0500356 0.049185 0.00178726 4.16251e-05 4.51053e-08 3.23874e-06 0
1.00183 1.00005 0.64028 0.0991786 0.0500296 0.0491489 0.00177536 4.16593e-05 3.83188e-08 3.16441e-06 0
1.00183 1.00005 0.640273 0.0991506 0.0500379 0.0491128 0.00176833 4.17599e-05 2.82252e-08 1.36805e-06 0
1.00183 1.00006 0.64028 0.0991351 0.0500583 0.0490768 0.00178877 4.17883e-05 4.30158e-08 1.81333e-06 0
1.00183 0.999977 0.640224 0.0990901 0.0500595 0.0490306 0.00186295 4.19935e-05 7.36796e-09 4.7006e-06 0
1.00184 1.00006 0.640269 0.0990379 0.0500457 0.0489922 0.00181153 4.24174e-05 4.80738e-08 1.33862e-06 0
1.00182 1.00006 0.640285 0.0989958 0.0500382 0.0489576 0.00179187 4.16384e-05 4.79695e-08 9.97185e-07 0
1.00183 1.00003 0.640266 0.0989642 0.0500423 0.0489219 0.00179229 4.17502e-05 1.54624e-08 4.46684e-06 0
1.00183 1.00005 0.64027 0.0989501 0.0500641 0.048886 0.00180331 4.19133e-05 2.7983e-08 1.55952e-06 0
1.00183 1.00004 0.64027 0.0989057 0.0500548 0.0488509 0.00179243 4.18506e-05 2.5339e-08 1.93393e-06 0
1.00183 1.00004 0.640265 0.0988633 0.0500477 0.0488157 0.00176514 4.18152e-05 1.63562e-08 2.30295e-06 0
1.00183 1.00004 0.640267 0.0988258 0.0500453 0.0487805 0.00175936 4.17876e-05 1.74232e-08 1.44073e-06 0
1.00183 1.00003 0.640264 0.0987965 0.0500511 0.0487454 0.001785 4.17551e-05 1.26603e-08 1.45008e-06 0
1.00183 1.00004 0.640269 0.0987848 0.0500744 0.0487103 0.00179894 4.17329e-05 1.92247e-08 1.553e-06 0
1.00183 1.00003 0.640265 0.0987258 0.0500503 0.0486754 0.00175147 4.17619e-05 1.37535e-08 7.73285e-07 0
1.00183 1.00003 0.640263 0.098692 0.0500514 0.0486406 0.00177248 4.17527e-05 1.17557e-08 1.96014e-06 0
1.00183 0.999995 0.640242 0.0986673 0.0500689 0.0485984 0.00197643 4.16733e-05 4.02498e-10 1.92642e-06 0
1.00182 1.00005 0.64029 0.0986538 0.0500921 0.0485617 0.00196043 4.12046e-05 3.82032e-08 1.26596e-06 0
1.0018 1.00005 0.640299 0.0985952 0.0500683 0.0485269 0.00190542 4.06111e-05 3.08384e-08 1.80001e-06 0
1.0018 1.00004 0.640292 0.0985711 0.0500799 0.0484912 0.00187615 4.06327e-05 1.92838e-08 8.35881e-07 0
1.00181 1.00003 0.640283 0.0985362 0.0500812 0.048455 0.00185351 4.08591e-05 1.34814e-08 1.71711e-06 0
1.00181 1.00003 0.640281 0.0984876 0.0500685 0.0484191 0.00183426 4.09896e-05 1.38392e-08 1.60322e-06 0
1.00181 1.00004 0.640289 0.0984732 0.0500896 0.0483836 0.00183239 4.09349e-05 2.50013e-08 1.50969e-06 0
1.00181 1.00004 0.640288 0.098425 0.0500768 0.0483482 0.00181899 4.09063e-05 2.25873e-08 9.85847e-07 0
1.00181 1.00001 0.640266 0.0984223 0.0501187 0.0483036 0.0024362 4.10261e-05 1.57405e-09 6.6154e-06 0
1.00178 1.00009 0.640342 0.0983727 0.0501038 0.048269 0.00226251 3.97326e-05 9.7662e-08 3.68467e-06 0
1.00176 1.00007 0.640359 0.0983352 0.0500988 0.0482364 0.00222256 3.85977e-05 7.37739e-08 2.53223e-06 0
1.00176 1.00005 0.640337 0.0982992 0.0500969 0.0482023 0.00215838 3.87871e-05 2.89554e-08 1.59135e-06 0
1.00177 1.00004 0.640318 0.0982615 0.0500943 0.0481672 0.00211006 3.93535e-05 1.67777e-08 1.73206e-06 0
1.00178 0.999993 0.640284 0.0982436 0.0501185 0.0481252 0.00216575 3.96378e-05 6.9155e-10 5.52716e-06 0
1.00178 1.00005 0.640315 0.0981883 0.0500988 0.0480895 0.00210075 3.97923e-05 2.77029e-08 1.83017e-06 0
1.00177 1.00006 0.640339 0.0981541 0.050098 0.0480561 0.00204952 3.89965e-05 4.2826e-08 1.03395e-06 0
1.00172 1.00005 0.64038 0.0981251 0.050147 0.047978 0.00270776 3.68233e-05 2.75947e-08 1.18377e-05 0
1.00168 1.00008 0.640439 0.098085 0.0501472 0.0479378 0.00256333 3.52676e-05 9.31464e-08 3.19193e-06 0
1.00168 1.00007 0.640438 0.0980513 0.0501489 0.0479025 0.00247416 3.50894e-05 7.49824e-08 3.00896e-06 0
1.0017 1.00004 0.640393 0.0980026 0.0501348 0.0478678 0.00238556 3.62024e-05 2.67684e-08 2.05742e-06 0
1.00172 1.00003 0.640365 0.0979531 0.0501418 0.0478114 0.0023171 3.7184e-05 1.62736e-08 2.07891e-06 0
1.00173 1.00004 0.640368 0.0979124 0.0501382 0.0477742 0.00226119 3.72956e-05 2.43337e-08 1.67664e-06 0
1.00173 1.00004 0.640363 0.0978852 0.0501471 0.0477381 0.00222391 3.75157e-05 2.39174e-08 1.77857e-06 0
1.00174 1.00004 0.640358 0.0978457 0.0501436 0.0477021 0.00218493 3.77186e-05 2.36401e-08 1.69165e-06 0
1.00174 1.00005 0.640361 0.0978187 0.0501525 0.0476662 0.00215205 3.77323e-05 2.99535e-08 1.41778e-06 0
1.00174 1.00004 0.640358 0.0977554 0.0501251 0.0476304 0.002114 3.77148e-05 2.29801e-08 9.57081e-07 0
1.00174 1.00004 0.640359 0.0977171 0.0501228 0.0475943 0.0020881 3.76734e-05 2.32053e-08 7.99223e-07 0
1.00174 1.00005 0.640363 0.0976882 0.0501302 0.047558 0.00207238 3.76598e-05 3.00512e-08 1.46591e-06 0
1.00173 1.00004 0.640359 0.0976433 0.0501216 0.0475217 0.00208811 3.76132e-05 2.12589e-08 1.27496e-06 0
1.00174 1.00005 0.640362 0.097609 0.0501238 0.0474852 0.00202604 3.76524e-05 2.86589e-08 1.29823e-06 0
1.00173 1.00005 0.640363 0.0975823 0.0501336 0.0474487 0.00204141 3.76108e-05 2.94168e-08 2.03241e-06 0
1.00173 1.00004 0.64036 0.0975307 0.0501185 0.0474121 0.00203215 3.75704e-05 2.15981e-08 1.56965e-06 0
1.00174 1.00002 0.640345 0.0975155 0.0501419 0.0473736 0.00200936 3.76531e-05 4.79512e-09 1.05357e-05 0
1.00174 1.00005 0.640364 0.0974574 0.0501208 0.0473366 0.0019935 3.77241e-05 3.55259e-08 5.74637e-06 0
1.00173 1.00005 0.640369 0.0974225 0.0501218 0.0473007 0.0020025 3.74436e-05 3.28538e-08 3.36206e-06 0
1.00173 1.00004 0.640364 0.097385 0.0501209 0.0472641 0.00198425 3.74205e-05 2.3592e-08 1.26054e-06 0
1.00173 1.00004 0.640364 0.0973569 0.0501294 0.0472275 0.00196926 3.74319e-05 2.25449e-08 1.25063e-06 0
1.00173 1.00005 0.640367 0.0973183 0.0501271 0.0471912 0.001959 3.7398e-05 2.814e-08 1.87568e-06 0
1.00173 1.00004 0.640369 0.0972855 0.0501305 0.047155 0.00194211 3.72625e-05 2.59481e-08 1.11281e-06 0
1.00172 1.00006 0.640387 0.0972526 0.0501335 0.0471191 0.00239551 3.69909e-05 5.2288e-08 4.51541e-06 0
1.0017 1.00005 0.640392 0.0972235 0.0501395 0.047084 0.00228608 3.62979e-05 2.73653e-08 2.45704e-06 0
1.00171 1.00006 0.640395 0.0971954 0.0501473 0.0470482 0.00220615 3.64232e-05 4.10376e-08 2.28839e-06 0
1.00171 1.00005 0.640392 0.0971475 0.0501352 0.0470123 0.00215328 3.64597e-05 3.62283e-08 2.39753e-06 0
1.00171 1.00005 0.640383 0.0971202 0.0501459 0.0469743 0.0023003 3.66942e-05 2.81675e-08 2.5419e-06 0
1.0017 1.00007 0.640409 0.0970873 0.0501478 0.0469395 0.0022058 3.62409e-05 6.70711e-08 1.67939e-06 0
1.00169 1.00007 0.640418 0.097059 0.0501533 0.0469056 0.00213919 3.58881e-05 7.07538e-08 1.90382e-06 0
1.00169 1.00007 0.640422 0.0970181 0.0501466 0.0468716 0.0020993 3.56956e-05 6.78608e-08 1.97532e-06 0
1.00169 1.00008 0.640423 0.0969846 0.0501476 0.0468371 0.00206647 3.58564e-05 8.16117e-08 2.72202e-06 0
1.00169 1.00007 0.640421 0.0969583 0.0501554 0.0468029 0.00203919 3.58378e-05 7.43279e-08 3.60232e-06 0
1.00169 1.00006 0.640413 0.0969251 0.0501563 0.0467688 0.00202299 3.575e-05 4.78906e-08 1.5003e-06 0
1.00169 1.00006 0.640413 0.0968766 0.0501422 0.0467344 0.00200447 3.5803e-05 5.08451e-08 2.27597e-06 0
1.00169 1.00006 0.64041 0.0968371 0.0501372 0.0466999 0.00199299 3.58587e-05 4.64004e-08 1.99479e-06 0
1.00169 1.00006 0.640409 0.0968136 0.0501482 0.0466654 0.00200831 3.59145e-05 4.51448e-08 1.14406e-06 0
1.00169 1.00006 0.64041 0.0967702 0.0501391 0.0466311 0.00199142 3.59178e-05 4.98387e-08 1.16186e-06 0
1.0017 1.00006 0.640408 0.0967374 0.0501407 0.0465968 0.00197419 3.59359e-05 4.62755e-08 1.39218e-06 0
1.0017 1.00006 0.640408 0.0967032 0.0501407 0.0465625 0.00196139 3.59339e-05 4.55173e-08 1.08157e-06 0
1.00169 1.00005 0.640406 0.0966587 0.0501305 0.0465281 0.00195095 3.59037e-05 3.76999e-08 1.29347e-06 0
1.00169 1.00005 0.640405 0.0966243 0.0501305 0.0464939 0.00194072 3.59124e-05 3.63325e-08 1.34096e-06 0
1.00169 1.00006 0.640409 0.0966232 0.0501636 0.0464596 0.00193621 3.58777e-05 4.48646e-08 9.08344e-07 0
1.00169 1.00005 0.640406 0.096554 0.0501286 0.0464254 0.00192484 3.58755e-05 3.7188e-08 1.01809e-06 0
1.00169 1.00005 0.640406 0.0965219 0.0501307 0.0463912 0.0019151 3.58539e-05 3.54999e-08 2.4435e-06 0
1.00169 1.00005 0.640408 0.096495 0.0501379 0.0463571 0.00191073 3.5823e-05 3.92944e-08 9.60065e-07 0
1.0017 1.00005 0.640395 0.0964659 0.0501421 0.0463238 0.00220448 3.62158e-05 2.99016e-08 1.96725e-06 0
1.00171 1.00003 0.64038 0.096429 0.0501392 0.0462898 0.00212466 3.64702e-05 1.41193e-08 1.04115e-06 0
1.00171 1.00003 0.640375 0.0963985 0.0501428 0.0462557 0.00207687 3.67137e-05 1.48049e-08 1.58271e-06 0
1.00171 1.00005 0.640382 0.0963847 0.0501624 0.0462223 0.00204482 3.67401e-05 2.72754e-08 2.75318e-06 0
1.00171 1.00004 0.64038 0.0963289 0.0501399 0.046189 0.00202607 3.66347e-05 2.06968e-08 1.06139e-06 0
1.00171 1.00004 0.64038 0.0962941 0.0501384 0.0461557 0.00200801 3.67551e-05 2.40057e-08 2.33752e-06 0
1.00171 1.00004 0.640378 0.0962674 0.0501447 0.0461227 0.00198987 3.67223e-05 1.95765e-08 3.5013e-06 0
1.00171 1.00003 0.640376 0.096232 0.0501424 0.0460896 0.00198709 3.66895e-05 1.54668e-08 1.42431e-06 0
1.00171 0.999994 0.640352 0.0962053 0.0501514 0.0460539 0.00261982 3.65956e-05 4.52814e-10 1.70178e-06 0
1.0017 1.00005 0.640398 0.0961827 0.0501607 0.046022 0.00248539 3.60474e-05 2.80452e-08 2.38047e-06 0
1.00168 1.00005 0.64042 0.0961555 0.0501648 0.0459907 0.00238874 3.52103e-05 3.52988e-08 1.56147e-06 0
1.00168 1.00003 0.640406 0.0961143 0.0501561 0.0459582 0.00233167 3.53304e-05 1.43514e-08 2.48587e-06 0
1.00169 1.00003 0.640396 0.0960841 0.0501591 0.045925 0.00230542 3.55981e-05 9.64077e-09 1.97018e-06 0
1.00169 1.00003 0.640396 0.0960453 0.0501531 0.0458921 0.00223496 3.57484e-05 1.42349e-08 2.30879e-06 0
1.00169 1.00003 0.640398 0.0960151 0.0501553 0.0458597 0.0022324 3.5639e-05 1.363e-08 3.00946e-06 0
1.00166 0.999931 0.640365 0.0960212 0.0502024 0.0458188 0.00282007 3.42723e-05 6.27548e-08 2.69853e-05 0
1.00155 1.00017 0.640617 0.0959863 0.0502071 0.0457792 0.00257026 3.00856e-05 3.80435e-07 5.94493e-06 0
1.00153 1.0001 0.640591 0.0959547 0.0502033 0.0457514 0.00246292 2.93504e-05 1.33082e-07 3.38277e-06 0
1.00161 0.999977 0.640439 0.0958969 0.0501823 0.0457146 0.00237856 3.23528e-05 7.16926e-09 2.79977e-06 0
1.00166 0.999988 0.640393 0.0958553 0.0501782 0.0456771 0.00231301 3.46323e-05 2.08258e-09 1.03111e-06 0
1.00167 1.00002 0.640403 0.0958183 0.0501748 0.0456435 0.00225894 3.49723e-05 3.49516e-09 1.0542e-06 0
1.00167 1.00001 0.640399 0.0957883 0.0501771 0.0456112 0.00263997 3.4963e-05 1.00968e-09 3.56388e-06 0
1.00167 1.00001 0.640395 0.0957537 0.050175 0.0455787 0.00250615 3.50241e-05 4.32498e-10 1.40443e-06 0
1.00167 1 0.640394 0.0957198 0.0501733 0.0455465 0.00241539 3.50039e-05 7.5436e-11 3.23437e-06 0
1.00167 1.00002 0.640408 0.0956913 0.0501766 0.0455147 0.00236077 3.49739e-05 7.82803e-09 4.49842e-06 0
1.00168 0.999997 0.640388 0.09566 0.0501772 0.0454829 0.00233986 3.51046e-05 1.4303e-10 2.57421e-06 0
1.00167 1.00002 0.640414 0.0956206 0.0501696 0.045451 0.00230685 3.46856e-05 6.92957e-09 2.28544e-06 0
1.00166 1.00002 0.640416 0.0955843 0.0501648 0.0454195 0.00226972 3.4572e-05 6.5534e-09 1.97778e-06 0
1.00166 1.00002 0.640415 0.0955501 0.0501622 0.0453879 0.00223864 3.45064e-05 4.08923e-09 1.17121e-06 0
1.00166 1.00003 0.640422 0.0955306 0.0501744 0.0453561 0.00221154 3.44322e-05 8.9764e-09 9.22358e-07 0
1.00166 1.00003 0.640427 0.0955055 0.0501811 0.0453244 0.00218879 3.43063e-05 1.21746e-08 1.10724e-06 0
1.00165 1.00003 0.640428 0.0954511 0.0501587 0.0452924 0.00216842 3.41968e-05 1.03248e-08 1.17403e-06 0
1.00165 1.00003 0.640434 0.095442 0.0501814 0.0452606 0.00214986 3.415e-05 1.57381e-08 1.9488e-06 0
1.00165 1.00003 0.640435 0.0953991 0.0501703 0.0452288 0.00213266 3.40583e-05 1.46622e-08 8.40832e-07 0
1.00165 1.00004 0.640444 0.0953413 0.0501578 0.0451834 0.00213714 3.3931e-05 2.35501e-08 2.98286e-06 0
1.00163 1.00005 0.640467 0.0953079 0.0501545 0.0451534 0.00211728 3.32532e-05 3.73487e-08 3.51322e-06 0
1.0016 1.00004 0.640488 0.095269 0.0501617 0.0451074 0.00292068 3.19573e-05 2.01987e-08 8.89576e-06 0
1.00157 1.00009 0.640548 0.0952398 0.0501659 0.0450739 0.00275332 3.08206e-05 1.05648e-07 4.14104e-06 0
1.00158 1.00004 0.640502 0.0952221 0.0501805 0.0450417 0.00264541 3.13872e-05 1.97434e-08 3.30047e-06 0
1.00161 1.00001 0.640457 0.0951727 0.0501645 0.0450082 0.00256986 3.25881e-05 2.65439e-09 2.79899e-06 0
1.00163 1.00002 0.640445 0.09514 0.0501641 0.0449759 0.00251154 3.32393e-05 4.88807e-09 2.23009e-06 0
1.00164 1.00003 0.640445 0.0951228 0.0501781 0.0449446 0.00246339 3.34864e-05 1.04842e-08 1.71373e-06 0
1.00164 1.00002 0.640436 0.0950944 0.0501809 0.0449135 0.00242537 3.36358e-05 4.85015e-09 1.46824e-06 0
1.00164 1.00001 0.64043 0.0950445 0.0501623 0.0448823 0.00239241 3.37385e-05 2.3719e-09 2.44702e-06 0
1.00163 0.999975 0.640416 0.095056 0.0502117 0.0448443 0.00384508 3.32541e-05 8.46954e-09 1.63314e-05 0
1.00154 1.00014 0.64061 0.0950609 0.0502466 0.0448143 0.0034883 2.96103e-05 2.60584e-07 6.248e-06 0
1.00146 1.00017 0.640704 0.0950115 0.0502185 0.044793 0.0032965 2.67543e-05 3.97413e-07 5.11966e-06 0
1.00147 1.0001 0.640646 0.0949741 0.0502071 0.044767 0.00317219 2.71555e-05 1.2945e-07 6.98632e-06 0
1.00133 0.999854 0.640625 0.0952175 0.0505317 0.0446858 0.00492686 2.22088e-05 2.8477e-07 6.93836e-05 0
1.00127 1.00037 0.641019 0.0951614 0.0505054 0.0446559 0.00450045 2.00523e-05 1.81708e-06 1.59054e-05 0
1.00121 1.00024 0.640986 0.0950874 0.0504396 0.0446478 0.00430525 1.8429e-05 7.6794e-07 1.18955e-05 0
1.00131 1.00009 0.640799 0.0950145 0.0503892 0.0446253 0.00415718 2.14753e-05 1.13346e-07 1.26881e-05 0
1.00139 1.0001 0.640729 0.0949555 0.0503537 0.0446018 0.00402826 2.41412e-05 1.37457e-07 1.11197e-05 0
1.00141 1.00012 0.640717 0.0949089 0.0503279 0.0445809 0.00391207 2.49931e-05 1.90234e-07 7.22066e-06 0
1.00143 1.00011 0.640691 0.0948688 0.0503086 0.0445602 0.00380815 2.56229e-05 1.48852e-07 4.78732e-06 0
1.00145 1.0001 0.640671 0.0948486 0.0503101 0.0445385 0.0037163 2.62408e-05 1.29723e-07 2.84279e-06 0
1.00128 1.0001 0.640832 0.0950297 0.0505896 0.0444401 0.00516947 2.06253e-05 1.46405e-07 3.31e-05 0
1.00124 1.00029 0.640996 0.0949154 0.0504908 0.0444247 0.00474797 1.91499e-05 1.12328e-06 1.406e-05 0
1.0013 1.00012 0.640824 0.094848 0.0504381 0.0444099 0.00445672 2.11972e-05 1.88853e-07 8.74842e-06 0
1.00133 1.00014 0.640812 0.0948112 0.0504367 0.0443745 0.00468375 2.21573e-05 2.75291e-07 1.04337e-05 0
1.00133 1.00013 0.640809 0.0947367 0.0503785 0.0443582 0.00437896 2.19894e-05 2.30851e-07 6.93411e-06 0
1.00125 1.00004 0.64082 0.0946837 0.0503858 0.0442979 0.00487519 1.96095e-05 1.9691e-08 2.5387e-05 0
1.00127 1.00017 0.640887 0.0946229 0.0503418 0.0442811 0.00449249 2.01522e-05 3.7673e-07 8.02757e-06 0
1.0013 1.00008 0.640801 0.0945701 0.0503207 0.0442494 0.00418665 2.10624e-05 7.72878e-08 1.03571e-05 0
1.00138 0.999967 0.640657 0.0945248 0.0503032 0.0442216 0.00489268 2.36386e-05 1.46131e-08 3.87651e-05 0
1.00127 1.00009 0.640842 0.0944681 0.0502898 0.0441783 0.0042906 2.00778e-05 1.18822e-07 2.31757e-05 0
1.00134 1.00007 0.640756 0.0944483 0.0502884 0.0441599 0.00400578 2.2509e-05 6.88656e-08 6.93651e-06 0
1.00143 0.999968 0.640601 0.0944002 0.0502606 0.0441395 0.00378548 2.57111e-05 1.35477e-08 2.82028e-06 0
1.00149 0.999988 0.640563 0.0943645 0.0502471 0.0441174 0.00366677 2.76488e-05 2.08131e-09 1.71217e-06 0
1.00151 1.00001 0.640557 0.0943345 0.0502368 0.0440977 0.00350992 2.835e-05 5.98063e-10 9.8069e-07 0
1.00152 0.999996 0.640537 0.0943049 0.0502273 0.0440776 0.00337916 2.88795e-05 1.87734e-10 1.29728e-06 0
1.00149 0.999962 0.640548 0.0942867 0.0502466 0.0440401 0.00390374 2.75991e-05 1.89468e-08 1.67165e-05 0
1.00143 1.00005 0.640657 0.0942555 0.0502437 0.0440118 0.00365438 2.56328e-05 3.58462e-08 8.45773e-06 0
1.00144 1.00003 0.640638 0.0942079 0.0502192 0.0439887 0.00347119 2.58153e-05 1.2141e-08 4.51825e-06 0
1.00147 1.00001 0.640596 0.0941885 0.0502237 0.0439647 0.00332624 2.68446e-05 7.27695e-10 4.12414e-06 0
1.00149 1.00001 0.640574 0.0941545 0.0502134 0.0439411 0.00329538 2.77198e-05 9.56099e-10 5.56852e-06 0
1.0015 1.00002 0.640573 0.0941303 0.0502113 0.0439189 0.00316268 2.81756e-05 8.05609e-09 4.15301e-06 0
1.0015 1.00003 0.640574 0.094085 0.0501877 0.0438973 0.00305512 2.82758e-05 1.26625e-08 4.09793e-06 0
1.00151 1.00003 0.640567 0.0940914 0.0502168 0.0438746 0.00296321 2.85406e-05 1.19466e-08 2.70098e-06 0
1.00151 1.00003 0.640566 0.0940374 0.0501865 0.043851 0.00288584 2.86542e-05 1.45579e-08 1.5359e-06 0
1.00152 1.00004 0.640568 0.0940092 0.0501823 0.0438269 0.00281774 2.86996e-05 1.93205e-08 1.43956e-06 0
1.00152 1.00004 0.640568 0.0939762 0.0501739 0.0438023 0.00275776 2.87318e-05 2.05566e-08 1.09637e-06 0
1.00152 1.00004 0.640569 0.0939515 0.0501744 0.043777 0.0027046 2.87613e-05 2.42408e-08 7.52278e-07 0
1.00152 1.00005 0.640571 0.0939294 0.050178 0.0437513 0.00265696 2.87789e-05 2.8879e-08 1.46501e-06 0
1.0015 1.00002 0.640572 0.0938931 0.0501766 0.0437165 0.00290905 2.80706e-05 4.5804e-09 2.92159e-06 0
1.00147 1.00008 0.640644 0.0938595 0.0501704 0.0436891 0.00275707 2.68539e-05 8.97658e-08 1.62468e-06 0
1.00145 1.00007 0.640649 0.0938299 0.0501674 0.0436625 0.00264942 2.64115e-05 7.03391e-08 1.4601e-06 0
1.00146 1.00003 0.64061 0.0938251 0.0502008 0.0436243 0.00287233 2.67409e-05 8.53963e-09 4.40751e-06 0
1.00145 1.00007 0.640658 0.0937844 0.0501889 0.0435956 0.00276247 2.61052e-05 7.21579e-08 1.47295e-06 0
1.00144 1.00006 0.640657 0.0937439 0.0501789 0.043565 0.00292361 2.57995e-05 4.66056e-08 2.48429e-06 0
1.00144 1.00005 0.640643 0.0937069 0.0501715 0.0435354 0.00282083 2.60512e-05 3.02918e-08 2.13808e-06 0
1.00145 1.00004 0.64063 0.0936758 0.0501709 0.0435049 0.0027443 2.64661e-05 2.69264e-08 2.07129e-06 0
1.00146 1.00006 0.640635 0.0936427 0.0501677 0.043475 0.00266761 2.66792e-05 5.12474e-08 1.3929e-06 0
1.00146 1.00006 0.640631 0.0936078 0.0501625 0.0434453 0.00261375 2.67204e-05 4.38235e-08 3.54414e-06 0
1.00146 1.00007 0.640638 0.0935683 0.0501526 0.0434157 0.00255578 2.67437e-05 6.38498e-08 3.47956e-06 0
1.00146 1.00008 0.640643 0.0935346 0.0501486 0.043386 0.00250983 2.67577e-05 7.84964e-08 3.6073e-06 0
1.00146 1.00008 0.640645 0.093503 0.0501466 0.0433564 0.0024696 2.66993e-05 8.1401e-08 1.85744e-06 0
1.00146 1.00008 0.640649 0.0934703 0.0501436 0.0433267 0.00243324 2.66352e-05 8.96987e-08 3.15623e-06 0
1.00146 1.00009 0.640653 0.0934459 0.0501489 0.043297 0.00240005 2.65873e-05 9.74869e-08 2.60544e-06 0
1.00146 1.00009 0.640655 0.0934107 0.0501434 0.0432673 0.00237046 2.65152e-05 9.68158e-08 1.08845e-06 0
1.00145 1.00009 0.64066 0.0933819 0.0501443 0.0432376 0.00234711 2.64129e-05 1.0612e-07 4.22901e-06 0
1.00145 1.0001 0.640667 0.0933467 0.0501389 0.0432077 0.00231753 2.63729e-05 1.31657e-07 9.33197e-07 0
1.00145 1.0001 0.640671 0.0933109 0.050133 0.0431779 0.00229414 2.62877e-05 1.35618e-07 2.76851e-06 0
1.00145 1.00011 0.640676 0.0932821 0.050134 0.0431481 0.00227247 2.622e-05 1.48943e-07 1.83165e-06 0
1.00145 1.00011 0.640679 0.0932509 0.0501325 0.0431183 0.00225217 2.61478e-05 1.5626e-07 1.8883e-06 0
