A/A0 V/V0 Vr eb eb_bend eb_ad ea ega ev ek ee  h0 h1 h2
1 1.00032 0.642203 0.111098 0.0495561 0.0615419 0.000329511 0 1.33674e-06 4.72937e-09 0 12.54967498779297 7.076537132263184 24.77803230285645
1.00102 1.0011 0.641724 0.109697 0.049673 0.0600241 0.000335052 1.29884e-05 1.61187e-05 0.000334586 0 12.55220413208008 7.087562561035156 24.77491760253906
1.00171 1.00049 0.640675 0.108389 0.0497061 0.0586827 0.000452639 3.65796e-05 3.25988e-06 0.000346784 0 12.55754947662354 7.104012012481689 24.77431869506836
1.00216 1.00002 0.639937 0.107312 0.0497966 0.0575153 0.000703398 5.8578e-05 4.84428e-09 0.00030411 0 12.56242942810059 7.241983413696289 24.83651733398438
1.00234 0.999817 0.639633 0.106295 0.049798 0.056497 0.000828832 6.89345e-05 4.48352e-07 0.000437423 0 12.5710973739624 7.391584396362305 24.85302734375
1.0023 0.999831 0.639688 0.105379 0.049796 0.055583 0.00090688 6.61217e-05 3.82582e-07 0.000454345 0 12.57679080963135 7.524296760559082 24.89831352233887
1.00214 0.999948 0.639914 0.104573 0.0498151 0.0547583 0.00103044 5.7307e-05 3.69636e-08 0.000290709 0 12.57908058166504 7.642654895782471 24.89900970458984
1.00197 1.00006 0.640142 0.103832 0.0498626 0.0539697 0.00102502 4.8809e-05 4.4759e-08 0.00018182 0 12.57847118377686 7.751239776611328 24.89804267883301
1.00188 1.0001 0.640253 0.103143 0.0499161 0.0532264 0.000976842 4.45641e-05 1.32509e-07 0.000212222 0 12.57648277282715 7.850720405578613 24.90758323669434
1.0019 1.00006 0.640209 0.102608 0.0500841 0.0525235 0.000922612 4.55302e-05 4.92691e-08 0.000399464 0 12.57441902160645 7.946615695953369 24.93125534057617
1.00193 0.999997 0.640143 0.101972 0.0501279 0.051844 0.00127927 4.67846e-05 1.52954e-10 0.000325725 0 12.57330703735352 8.037187576293945 24.9581241607666
1.00196 0.99994 0.640079 0.101284 0.0500502 0.0512335 0.00110505 4.81824e-05 4.88858e-08 0.000313572 0 12.57358264923096 8.122767448425293 25.04207801818848
1.00196 0.999929 0.64007 0.100749 0.050096 0.050653 0.00107842 4.83069e-05 6.68108e-08 0.000252027 0 12.57390022277832 8.20596981048584 25.06392478942871
1.00191 0.999949 0.640133 0.100218 0.0501211 0.0500968 0.0014076 4.57551e-05 3.52361e-08 0.000262002 0 12.57426166534424 8.281179428100586 25.02507209777832
1.00183 0.999999 0.640243 0.0997626 0.050174 0.0495885 0.00162052 4.19549e-05 5.9517e-12 0.000419937 0 12.57429218292236 8.353246688842773 25.04802322387695
1.00181 1 0.640264 0.0993053 0.0502055 0.0490997 0.00136058 4.10037e-05 5.2746e-12 0.000432973 0 12.57363128662109 8.423074722290039 25.0605354309082
1.00176 1 0.640306 0.0988859 0.0502749 0.048611 0.00183693 3.90361e-05 1.83689e-11 0.000400161 0 12.57261848449707 8.487384796142578 25.0870418548584
1.00173 0.999987 0.640327 0.0985294 0.0503956 0.0481338 0.00186047 3.76788e-05 2.33464e-09 0.000351606 0 12.57235813140869 8.549200057983398 25.10276985168457
1.00175 0.999992 0.640309 0.0980043 0.0503099 0.0476944 0.00162322 3.86213e-05 8.86527e-10 0.000554586 0 12.57180023193359 8.611459732055664 25.13747978210449
1.00172 0.999999 0.640342 0.0974651 0.0502098 0.0472554 0.00148947 3.73216e-05 1.45551e-11 0.000432291 0 12.57141590118408 8.672467231750488 25.19778633117676
1.00167 1.00001 0.640399 0.0970116 0.0501957 0.0468159 0.00156594 3.51057e-05 1.43277e-09 0.000430385 0 12.57169055938721 8.728606224060059 25.15490341186523
1.00164 1.00006 0.640464 0.09665 0.0502527 0.0463973 0.0017967 3.3646e-05 4.5508e-08 0.000265777 0 12.57131576538086 8.78525447845459 25.10488128662109
1.00163 1.00004 0.640459 0.0961422 0.0501529 0.0459894 0.00146138 3.34405e-05 2.45339e-08 0.000346057 0 12.57065582275391 8.842375755310059 25.09785079956055
1.00162 1.00001 0.640453 0.0957859 0.0501998 0.0455861 0.00161306 3.28428e-05 2.07529e-09 0.000266868 0 12.57021999359131 8.896942138671875 25.12633514404297
1.0016 1.00003 0.640484 0.0954156 0.050232 0.0451836 0.00159076 3.21135e-05 1.54462e-08 0.000214317 0 12.57015323638916 8.950161933898926 25.07641983032227
1.00157 1.00004 0.640512 0.0949311 0.0501337 0.0447975 0.00151005 3.10874e-05 1.9255e-08 0.000236408 0 12.5699634552002 9.003077507019043 25.09991455078125
1.00152 1.00006 0.640574 0.0945361 0.0501152 0.0444208 0.00191321 2.91812e-05 5.14582e-08 0.000276917 0 12.56975173950195 9.056157112121582 25.11600112915039
1.00151 1.00006 0.640582 0.0942127 0.0501655 0.0440472 0.00221658 2.87551e-05 4.49481e-08 0.000264396 0 12.56942558288574 9.107322692871094 25.06685638427734
1.00146 1.00009 0.640658 0.0939342 0.0502492 0.0436851 0.00191234 2.66038e-05 1.07918e-07 0.000309351 0 12.56881999969482 9.157586097717285 25.05760192871094
1.00145 1.0001 0.640675 0.0934868 0.0501504 0.0433364 0.0017685 2.62502e-05 1.37754e-07 0.000287028 0 12.5686731338501 9.207444190979004 25.08277702331543
1.00142 1.0001 0.640695 0.0930989 0.0501083 0.0429906 0.00169793 2.54463e-05 1.34928e-07 0.000185096 0 12.56794738769531 9.256253242492676 25.12458038330078
1.00142 1.00012 0.640716 0.0927305 0.0500854 0.0426451 0.00160199 2.5195e-05 1.9698e-07 0.000198371 0 12.56782627105713 9.30315113067627 25.07520866394043
1.00138 1.00013 0.640758 0.0923408 0.0500322 0.0423086 0.00169609 2.38276e-05 2.23244e-07 0.000225238 0 12.56754493713379 9.349924087524414 25.05413627624512
1.00138 1.00014 0.64077 0.0920682 0.0500953 0.0419729 0.00179143 2.37285e-05 2.77492e-07 0.000245138 0 12.56745529174805 9.396762847900391 25.04271697998047
1.00135 1.00011 0.640769 0.0917845 0.0501425 0.041642 0.00177241 2.29454e-05 1.54784e-07 0.000207627 0 12.56695938110352 9.442742347717285 25.01608657836914
1.00136 1.00012 0.640769 0.0915785 0.0502423 0.0413363 0.00158049 2.32459e-05 1.95842e-07 0.00031864 0 12.56691455841064 9.488584518432617 25.04760932922363
1.00129 1.00015 0.640853 0.0911498 0.0501367 0.0410131 0.00167515 2.09484e-05 2.93266e-07 0.000285756 0 12.56664371490479 9.534085273742676 25.07125473022461
1.00129 1.00014 0.640845 0.0908691 0.0501733 0.0406957 0.00175984 2.10054e-05 2.59053e-07 0.00017781 0 12.56676769256592 9.576087951660156 25.12111282348633
1.00129 1.00016 0.640858 0.0904751 0.0500845 0.0403906 0.00152127 2.095e-05 3.27827e-07 0.000316365 0 12.56589412689209 9.62110710144043 25.06834411621094
1.00126 1.00017 0.640899 0.0902803 0.0501899 0.0400904 0.00158989 1.98881e-05 3.88434e-07 0.000321008 0 12.56593418121338 9.665119171142578 25.08668899536133
1.00123 1.00017 0.640927 0.0898602 0.0500657 0.0397945 0.00167147 1.90668e-05 4.09479e-07 0.000314046 0 12.56587982177734 9.707594871520996 25.04224014282227
1.00116 1.00017 0.640997 0.0895251 0.0500388 0.0394864 0.0019261 1.68512e-05 4.07972e-07 0.000389362 0 12.56547069549561 9.749713897705078 25.09498023986816
1.00115 1.00023 0.641041 0.0891915 0.0500001 0.0391915 0.00233808 1.65493e-05 6.91522e-07 0.000275542 0 12.56514453887939 9.791365623474121 25.0328369140625
1.0011 1.00024 0.641094 0.0889747 0.0500725 0.0389022 0.00227128 1.52344e-05 7.66831e-07 0.00027819 0 12.56421661376953 9.835131645202637 25.0193920135498
1.00106 1.00026 0.641143 0.0886542 0.05004 0.0386142 0.00211394 1.41492e-05 8.77206e-07 0.000234523 0 12.56408023834229 9.876853942871094 25.00003433227539
1.00108 1.00024 0.641112 0.0883302 0.0499961 0.0383341 0.00218435 1.47665e-05 7.88532e-07 0.000279921 0 12.56350708007812 9.918149948120117 25.03626823425293
1.00108 1.00024 0.641112 0.0880721 0.0500181 0.038054 0.00207763 1.47377e-05 7.78986e-07 0.000168008 0 12.56299304962158 9.959336280822754 25.01997566223145
1.00104 1.00026 0.641166 0.0877716 0.0499916 0.03778 0.00213501 1.36649e-05 9.38454e-07 0.000177285 0 12.56326866149902 9.999215126037598 24.99806785583496
1.00099 1.00026 0.641211 0.0874544 0.049938 0.0375165 0.002401 1.24054e-05 9.17578e-07 0.000261306 0 12.56326770782471 10.03939914703369 25.0090217590332
1.00099 1.00025 0.641206 0.0872017 0.0499463 0.0372553 0.00212792 1.23941e-05 8.58482e-07 0.000457545 0 12.56277370452881 10.0790491104126 24.99577713012695
1.00098 1.00026 0.641228 0.0870379 0.0500462 0.0369917 0.00205516 1.19611e-05 9.1486e-07 0.0004902 0 12.56214427947998 10.11738014221191 24.96896171569824
1.00099 1.00029 0.641234 0.0868446 0.0501111 0.0367335 0.00202245 1.2233e-05 1.1051e-06 0.000227511 0 12.5621509552002 10.15522575378418 24.97318458557129
1.00096 1.0003 0.64127 0.0863575 0.0498732 0.0364843 0.00175411 1.15973e-05 1.23506e-06 0.00025932 0 12.56193733215332 10.19364547729492 25.0230770111084
1.00093 1.00034 0.641325 0.0860622 0.0498323 0.0362299 0.00203236 1.08523e-05 1.56703e-06 0.000178295 0 12.56205368041992 10.23127174377441 25.05555152893066
1.00092 1.00032 0.641321 0.0857704 0.0497897 0.0359806 0.00197011 1.06464e-05 1.39225e-06 0.000259415 0 12.56172847747803 10.26790618896484 24.93664741516113
1.0009 1.00032 0.641339 0.0855417 0.0498121 0.0357296 0.00188701 1.0248e-05 1.40977e-06 0.000183268 0 12.5613431930542 10.30546188354492 24.91617202758789
1.00086 1.00035 0.641394 0.0852888 0.049803 0.0354858 0.00199406 9.32937e-06 1.63062e-06 0.000256446 0 12.56122875213623 10.34227657318115 24.89487648010254
1.00085 1.00036 0.641413 0.085003 0.0497591 0.0352438 0.00179709 9.10332e-06 1.75639e-06 0.000328902 0 12.56101226806641 10.3795051574707 24.90608215332031
1.00083 1.00037 0.641434 0.084769 0.049766 0.0350031 0.00185214 8.70796e-06 1.81323e-06 0.000386193 0 12.56050586700439 10.41592025756836 24.90152168273926
1.00082 1.00038 0.641458 0.084568 0.0498033 0.0347648 0.00180194 8.34009e-06 1.92045e-06 0.00017604 0 12.56037330627441 10.45202827453613 24.87959098815918
1.00074 1.00044 0.641572 0.0841861 0.0496677 0.0345184 0.00190794 6.79989e-06 2.55333e-06 0.000142997 0 12.56013298034668 10.48812580108643 24.88297271728516
1.00074 1.00039 0.641537 0.0839569 0.0496603 0.0342966 0.00194798 6.93405e-06 2.08123e-06 0.000263929 0 12.55992031097412 10.52396488189697 24.9016170501709
1.00077 1.0004 0.641513 0.0837913 0.0497205 0.0340708 0.0016969 7.48178e-06 2.14028e-06 0.000150618 0 12.55892372131348 10.56148338317871 24.83386611938477
1.00073 1.00041 0.641563 0.0835365 0.0496976 0.0338389 0.00185569 6.66768e-06 2.28192e-06 0.000205055 0 12.55898284912109 10.59492874145508 24.83017921447754
1.00072 1.00041 0.641569 0.0832632 0.0496488 0.0336144 0.00220296 6.5559e-06 2.28644e-06 0.000215192 0 12.55936813354492 10.62899780273438 24.86026573181152
1.00071 1.00043 0.641593 0.0830996 0.0497113 0.0333884 0.00196189 6.30313e-06 2.46199e-06 0.000182627 0 12.55882930755615 10.66447353363037 24.84880065917969
1.00067 1.00041 0.641621 0.0827796 0.0496136 0.033166 0.00183255 5.56144e-06 2.22706e-06 0.000380723 0 12.55875110626221 10.69874668121338 24.82441520690918
1.00067 1.00045 0.641644 0.08261 0.0496629 0.0329471 0.00169977 5.61365e-06 2.69967e-06 0.00034861 0 12.55856609344482 10.73341655731201 24.85563278198242
1.00062 1.00046 0.641703 0.0823234 0.0495963 0.0327271 0.00176613 4.802e-06 2.89311e-06 0.000390272 0 12.55803775787354 10.76780796051025 24.80682754516602
1.00062 1.00049 0.641712 0.0821257 0.0496127 0.0325131 0.0019452 4.87821e-06 3.16922e-06 0.000343322 0 12.55804824829102 10.8015251159668 24.83146858215332
1.0006 1.00049 0.641738 0.0818114 0.0495143 0.0322971 0.00166623 4.53227e-06 3.2619e-06 0.000421379 0 12.55744934082031 10.83579349517822 24.79813766479492
1.0006 1.00049 0.641734 0.0815576 0.0494731 0.0320845 0.00167519 4.53651e-06 3.1791e-06 0.000290824 0 12.5575065612793 10.8689661026001 24.80637168884277
1.00057 1.0005 0.641771 0.0814204 0.0495503 0.0318701 0.00217125 4.08905e-06 3.35609e-06 0.000289483 0 12.55720996856689 10.90267753601074 24.75716590881348
1.00052 1.00051 0.641826 0.0811533 0.0494947 0.0316587 0.00212785 3.38749e-06 3.46454e-06 0.000661173 0 12.55722045898438 10.93587970733643 24.73659133911133
1.00053 1.00053 0.641826 0.0809185 0.0494732 0.0314454 0.00181535 3.53872e-06 3.71409e-06 0.000542042 0 12.55684375762939 10.9695987701416 24.77517318725586
1.00048 1.00054 0.64188 0.080687 0.0494549 0.0312321 0.00177668 2.92866e-06 3.88605e-06 0.000229905 0 12.55620193481445 11.00308990478516 24.7473316192627
1.00048 1.00054 0.641888 0.0804145 0.0493829 0.0310316 0.00190285 2.86015e-06 3.93153e-06 0.000452573 0 12.55634784698486 11.0366678237915 24.73657035827637
1.00048 1.00056 0.641898 0.0803115 0.0494839 0.0308276 0.00172095 2.86347e-06 4.16425e-06 0.000334721 0 12.55574131011963 11.07067012786865 24.72747611999512
1.00041 1.00057 0.641971 0.0800383 0.0494017 0.0306366 0.00213582 2.07807e-06 4.29171e-06 0.000373717 0 12.55568981170654 11.10253620147705 24.69147300720215
1.00044 1.00057 0.641948 0.0798437 0.0494012 0.0304425 0.00185013 2.3947e-06 4.43143e-06 0.000284705 0 12.55568027496338 11.13501167297363 24.74191665649414
1.00042 1.00059 0.641971 0.0797147 0.0494662 0.0302485 0.00176223 2.24207e-06 4.66455e-06 0.000395197 0 12.55477905273438 11.16589164733887 24.70086097717285
1.0004 1.00059 0.641994 0.0794011 0.0493499 0.0300512 0.00199409 2.03456e-06 4.74694e-06 0.000482702 0 12.55516052246094 11.19688510894775 24.70061492919922
1.00039 1.0006 0.642011 0.0792449 0.0493821 0.0298627 0.00175518 1.91362e-06 4.87507e-06 0.00060374 0 12.5549840927124 11.22812461853027 24.73311042785645
1.00038 1.00062 0.642032 0.079021 0.0493505 0.0296705 0.00209799 1.79078e-06 5.11322e-06 0.000341406 0 12.55472469329834 11.26004600524902 24.67498207092285
1.00037 1.00062 0.642041 0.0788061 0.0493299 0.0294761 0.00174473 1.70246e-06 5.10267e-06 0.000332567 0 12.55458450317383 11.29060745239258 24.69108963012695
1.00032 1.00065 0.642106 0.0785774 0.0492903 0.0292871 0.00198261 1.28839e-06 5.59182e-06 0.000595694 0 12.55440902709961 11.32190227508545 24.67525291442871
1.00028 1.00066 0.642155 0.0782524 0.0491482 0.0291041 0.00205192 9.77875e-07 5.85602e-06 0.000468745 0 12.55430030822754 11.3535623550415 24.66498947143555
1.00024 1.00064 0.64218 0.078153 0.0492285 0.0289245 0.00286584 7.20547e-07 5.49118e-06 0.000529315 0 12.55370712280273 11.38470077514648 24.64521026611328
1.00025 1.00067 0.64219 0.0780538 0.0493036 0.0287502 0.00213295 7.97626e-07 6.10356e-06 0.000552505 0 12.5531702041626 11.41489410400391 24.57414054870605
1.00025 1.00068 0.642195 0.0777872 0.049213 0.0285742 0.00202419 7.71296e-07 6.11497e-06 0.000401849 0 12.55265235900879 11.44462203979492 24.61424446105957
