A/A0 V/V0 Vr eb eb_bend eb_ad ea ega ev ek ee  h0 h1 h2
1 1.00092 0.642589 0.109093 0.0496849 0.0594082 0.000367957 0 1.12357e-05 1.76331e-08 0 12.5019588470459 7.345518589019775 24.84242057800293
1.00224 1 0.639853 0.104445 0.0497763 0.0546689 0.000886615 6.25312e-05 3.23223e-11 0.000226711 0 12.52992534637451 7.885737895965576 24.88812255859375
1.00165 1.00025 0.640576 0.101689 0.0499743 0.0517148 0.00144703 3.40955e-05 8.64487e-07 7.59692e-05 0 12.52260589599609 8.247920036315918 24.98715591430664
1.00185 1.00009 0.640279 0.0996333 0.0500694 0.0495639 0.00197785 4.27649e-05 1.03051e-07 0.000200957 0 12.5250768661499 8.514107704162598 25.03470420837402
1.00171 1.00008 0.640407 0.097881 0.0502249 0.0476561 0.00213394 3.66092e-05 8.72739e-08 0.000178913 0 12.52334976196289 8.757073402404785 25.1124382019043
1.00172 1.00002 0.640364 0.0961049 0.0501989 0.045906 0.00187423 3.68964e-05 7.47012e-09 0.000124555 0 12.52344131469727 8.983412742614746 25.09946632385254
1.00135 1.00014 0.640792 0.0948096 0.0505218 0.0442878 0.00390997 2.27666e-05 2.567e-07 0.000372576 0 12.51883316040039 9.198776245117188 25.26091766357422
1.0014 1.00003 0.640674 0.0931745 0.0503522 0.0428223 0.00271536 2.453e-05 1.31901e-08 0.000250666 0 12.51947212219238 9.394909858703613 25.17609214782715
1.00132 1.00019 0.640854 0.0915362 0.0501949 0.0413413 0.002163 2.17431e-05 4.83054e-07 0.000310274 0 12.51845836639404 9.597325325012207 25.09745979309082
1.00113 1.00019 0.641036 0.0899189 0.0500737 0.0398452 0.00272673 1.59034e-05 4.75439e-07 0.000172176 0 12.51606273651123 9.806108474731445 25.03687286376953
1.00105 1.00029 0.641176 0.0885656 0.050085 0.0384805 0.00243038 1.3806e-05 1.1304e-06 0.000227509 0 12.51509189605713 9.999404907226562 25.04253196716309
1.001 1.00035 0.641262 0.0871835 0.0500161 0.0371674 0.00193483 1.2449e-05 1.5943e-06 0.000152453 0 12.51443767547607 10.18853569030762 25.00805473327637
1.00084 1.00031 0.641395 0.0858365 0.0498961 0.0359403 0.00313598 8.74219e-06 1.28816e-06 0.00012262 0 12.51240539550781 10.36889553070068 24.94808006286621
1.00058 1.00049 0.641754 0.084649 0.049852 0.034797 0.00347172 4.25032e-06 3.21678e-06 0.000191399 0 12.50924682617188 10.54021835327148 24.92600250244141
1.00067 1.00046 0.641646 0.0834363 0.0497269 0.0337094 0.00264734 5.69203e-06 2.81826e-06 0.000147799 0 12.51039028167725 10.70405960083008 24.86344718933105
1.00061 1.00051 0.641741 0.0822456 0.0495807 0.0326648 0.00240249 4.59613e-06 3.4166e-06 7.3431e-05 0 12.50954437255859 10.86475563049316 24.79036521911621
1.00048 1.00047 0.641842 0.0811748 0.0494537 0.0317211 0.00265188 2.84446e-06 2.93763e-06 0.000214961 0 12.50792598724365 11.01247692108154 24.72686767578125
1.00038 1.0005 0.641958 0.0800662 0.0492961 0.0307701 0.00254571 1.78851e-06 3.36084e-06 0.000149063 0 12.50669765472412 11.16339015960693 24.64809036254883
1.00034 1.00063 0.642077 0.0790303 0.0491499 0.0298804 0.00205474 1.45069e-06 5.32117e-06 0.000111045 0 12.50621604919434 11.30641651153564 24.57497787475586
1.00028 1.00068 0.642162 0.0780929 0.0490859 0.029007 0.00178351 1.01524e-06 6.15861e-06 0.000198577 0 12.50552272796631 11.44898891448975 24.54293441772461
1.00018 1.00076 0.642318 0.0771071 0.048938 0.0281691 0.00211671 3.95671e-07 7.74457e-06 0.000264889 0 12.50419044494629 11.58803749084473 24.4689826965332
1.00011 1.00075 0.642376 0.0762804 0.0489183 0.0273621 0.00240195 1.58479e-07 7.58933e-06 0.000183378 0 12.5033655166626 11.72374248504639 24.45916938781738
1.00003 1.00081 0.642487 0.0751777 0.0485632 0.0266145 0.00194477 1.4859e-08 8.77486e-06 0.000216428 0 12.50238227844238 11.85131645202637 24.28162384033203
0.999961 1.00084 0.642576 0.0743364 0.048418 0.0259185 0.00192358 1.94694e-08 9.38438e-06 0.000101442 0 12.50146389007568 11.97169208526611 24.20897674560547
0.99991 1.00088 0.642652 0.0735322 0.0482674 0.0252648 0.0018433 1.00343e-07 1.03597e-05 0.000138618 0 12.5008430480957 12.08613586425781 24.13369560241699
0.9998 1.00097 0.642817 0.0727515 0.0481234 0.0246281 0.00181092 4.98578e-07 1.26415e-05 0.000181202 0 12.49946975708008 12.19930839538574 24.06171035766602
0.999765 1.00101 0.642876 0.07199 0.0479712 0.0240188 0.00178402 6.87903e-07 1.36767e-05 0.000238863 0 12.4990291595459 12.30863857269287 23.98558807373047
0.999662 1.00111 0.643035 0.071138 0.0477019 0.023436 0.00168776 1.42432e-06 1.63165e-05 0.000234639 0 12.4977331161499 12.41483116149902 23.8509578704834
0.999535 1.00104 0.643115 0.0704976 0.0475779 0.0229198 0.00282316 2.69984e-06 1.44089e-05 0.000240998 0 12.49614238739014 12.51014614105225 23.78891563415527
0.999553 1.00116 0.643179 0.0697428 0.0473147 0.0224281 0.00187226 2.49694e-06 1.80996e-05 0.000127105 0 12.49636745452881 12.60132598876953 23.6573486328125
0.999495 1.00121 0.643264 0.0690576 0.0470889 0.0219687 0.00167521 3.18398e-06 1.95531e-05 6.0544e-05 0 12.4956579208374 12.68772888183594 23.54446220397949
0.999452 1.00125 0.643328 0.0684569 0.0469111 0.0215458 0.00164148 3.75097e-06 2.07105e-05 0.000100209 0 12.49511432647705 12.76803112030029 23.45552444458008
0.999432 1.0013 0.643381 0.067933 0.0467481 0.0211849 0.00159365 4.02737e-06 2.24781e-05 9.98541e-05 0 12.49486255645752 12.83711814880371 23.37404632568359
0.999426 1.00129 0.643383 0.0674954 0.046642 0.0208533 0.00133915 4.1183e-06 2.22609e-05 0.000242775 0 12.49478054046631 12.90105247497559 23.32102203369141
0.999389 1.00137 0.643472 0.0671281 0.0465667 0.0205614 0.00139523 4.66334e-06 2.51987e-05 0.000445175 0 12.49432563781738 12.95788955688477 23.28334426879883
0.999395 1.0013 0.643418 0.0672708 0.0469529 0.0203179 0.00263144 4.58058e-06 2.25115e-05 0.000799116 0 12.49440574645996 13.00547409057617 23.4764575958252
0.999449 1.00142 0.643443 0.066801 0.0466695 0.0201315 0.00163798 3.80121e-06 2.68801e-05 0.000577448 0 12.49506378173828 13.04188632965088 23.33477783203125
0.999421 1.00148 0.643508 0.066421 0.0464304 0.0199906 0.00143391 4.18668e-06 2.91918e-05 0.000705925 0 12.49472904205322 13.06979656219482 23.21520233154297
0.999447 1.00152 0.64351 0.0663319 0.0464468 0.0198851 0.00178867 3.82761e-06 3.08445e-05 0.000403459 0 12.49504375457764 13.0905647277832 23.22339630126953
0.999424 1.00156 0.643555 0.0664286 0.046602 0.0198266 0.00198437 4.14267e-06 3.23509e-05 0.000451604 0 12.49476623535156 13.10225868225098 23.30098915100098
0.999509 1.00153 0.643457 0.0662936 0.0464938 0.0197997 0.00185013 3.01487e-06 3.12687e-05 0.000209612 0 12.49582195281982 13.10725498199463 23.24690628051758
