A/A0 V/V0 Vr eb eb_bend eb_ad ea ega ev ek ee
1 1.00092 0.642589 0.109093 0.0496849 0.0594082 0.000367957 0 1.12357e-05 1.76331e-08 0
1.00224 1 0.639853 0.104445 0.0497763 0.0546689 0.000886615 6.25312e-05 3.23223e-11 0.000226711 0
1.00165 1.00025 0.640576 0.101689 0.0499743 0.0517148 0.00144703 3.40955e-05 8.64487e-07 7.59692e-05 0
1.00185 1.00009 0.640279 0.0996333 0.0500694 0.0495639 0.00197785 4.27649e-05 1.03051e-07 0.000200957 0
1.00171 1.00008 0.640407 0.097881 0.0502249 0.0476561 0.00213394 3.66092e-05 8.72739e-08 0.000178913 0
1.00172 1.00002 0.640364 0.0961049 0.0501989 0.045906 0.00187423 3.68964e-05 7.47012e-09 0.000124555 0
1.00135 1.00014 0.640792 0.0948096 0.0505218 0.0442878 0.00390997 2.27666e-05 2.567e-07 0.000372576 0
1.0014 1.00003 0.640674 0.0931745 0.0503522 0.0428223 0.00271536 2.453e-05 1.31901e-08 0.000250666 0
1.00132 1.00019 0.640854 0.0915362 0.0501949 0.0413413 0.002163 2.17431e-05 4.83054e-07 0.000310274 0
1.00113 1.00019 0.641036 0.0899189 0.0500737 0.0398452 0.00272673 1.59034e-05 4.75439e-07 0.000172176 0
1.00105 1.00029 0.641176 0.0885656 0.050085 0.0384805 0.00243038 1.3806e-05 1.1304e-06 0.000227509 0
1.001 1.00035 0.641262 0.0871835 0.0500161 0.0371674 0.00193483 1.2449e-05 1.5943e-06 0.000152453 0
1.00084 1.00031 0.641395 0.0858365 0.0498961 0.0359403 0.00313598 8.74219e-06 1.28816e-06 0.00012262 0
1.00058 1.00049 0.641754 0.084649 0.049852 0.034797 0.00347172 4.25032e-06 3.21678e-06 0.000191399 0
1.00067 1.00046 0.641646 0.0834363 0.0497269 0.0337094 0.00264734 5.69203e-06 2.81826e-06 0.000147799 0
1.00061 1.00051 0.641741 0.0822456 0.0495807 0.0326648 0.00240249 4.59613e-06 3.4166e-06 7.3431e-05 0
1.00048 1.00047 0.641842 0.0811748 0.0494537 0.0317211 0.00265188 2.84446e-06 2.93763e-06 0.000214961 0
1.00038 1.0005 0.641958 0.0800662 0.0492961 0.0307701 0.00254571 1.78851e-06 3.36084e-06 0.000149063 0
1.00034 1.00063 0.642077 0.0790303 0.0491499 0.0298804 0.00205474 1.45069e-06 5.32117e-06 0.000111045 0
1.00028 1.00068 0.642162 0.0780929 0.0490859 0.029007 0.00178351 1.01524e-06 6.15861e-06 0.000198577 0
1.00018 1.00076 0.642318 0.0771071 0.048938 0.0281691 0.00211671 3.95671e-07 7.74457e-06 0.000264889 0
