A/A0 V/V0 Vr eb eb_bend eb_ad ea ega ev ek ee  h0 h1 h2
1 1.00092 0.642589 0.109093 0.0496849 0.0594082 0.000367957 0 1.12357e-05 7.05323e-10 0 12.5019588470459 7.345518589019775 24.84242057800293
1.00125 1.00131 0.641631 0.107103 0.0497291 0.0573738 0.000452836 1.96615e-05 2.27502e-05 0.000410894 0 12.51763916015625 7.572474002838135 24.86452674865723
1.00197 1.00017 0.640222 0.105353 0.04981 0.0555434 0.000808768 4.83705e-05 4.07809e-07 0.000403521 0 12.52655792236328 7.783252716064453 24.90502166748047
1.00235 0.999685 0.639539 0.10396 0.0498539 0.0541066 0.00112696 6.92555e-05 1.322e-06 0.000381778 0 12.53139305114746 7.952445983886719 24.92696189880371
1.00228 0.999787 0.63967 0.102765 0.0499087 0.0528559 0.0013646 6.5238e-05 6.03944e-07 0.000435656 0 12.53052425384521 8.104244232177734 24.95437622070312
1.00199 1.00009 0.640149 0.101824 0.0499721 0.0518519 0.00126598 4.94425e-05 1.15953e-07 0.000369908 0 12.52682495117188 8.228926658630371 24.98603248596191
1.00168 1.00036 0.640616 0.100977 0.0500481 0.0509289 0.00153491 3.54164e-05 1.7701e-06 0.000352066 0 12.52299785614014 8.344769477844238 25.02408218383789
1.00146 1.00047 0.640899 0.100194 0.0500953 0.0500986 0.00146981 2.65665e-05 2.93024e-06 0.0002627 0 12.52018451690674 8.449548721313477 25.04765129089355
1.00144 1.00034 0.64083 0.0993973 0.0501083 0.049289 0.00170059 2.6018e-05 1.52038e-06 0.000249033 0 12.51999759674072 8.551233291625977 25.05416107177734
1.00168 1.00017 0.640496 0.0986669 0.0501668 0.0485002 0.00182237 3.52293e-05 3.86433e-07 0.000211167 0 12.52295017242432 8.649564743041992 25.0833683013916
1.00177 1.00008 0.640346 0.097929 0.0502375 0.0476915 0.00217792 3.93156e-05 8.11785e-08 0.000287191 0 12.52412796020508 8.75214958190918 25.11872673034668
1.00179 0.999944 0.640243 0.0972316 0.0502411 0.0469905 0.00221076 4.0111e-05 4.19517e-08 0.000329556 0 12.52435779571533 8.84217643737793 25.12053680419922
1.00174 1.00005 0.640366 0.0965364 0.0502263 0.0463101 0.00197562 3.76877e-05 3.81619e-08 0.000396201 0 12.5236644744873 8.930651664733887 25.11313629150391
1.00165 1.00001 0.640426 0.0959062 0.0502588 0.0456474 0.00232332 3.38757e-05 2.30028e-09 0.000372054 0 12.52253246307373 9.017665863037109 25.1293888092041
1.00167 1.00002 0.640409 0.0952675 0.0502686 0.0449988 0.00209951 3.47286e-05 4.03699e-09 0.00033894 0 12.52278804779053 9.102762222290039 25.13430786132812
1.00133 0.999992 0.640716 0.094814 0.0505274 0.0442865 0.00551563 2.21162e-05 8.38209e-10 0.00116999 0 12.51858997344971 9.199055671691895 25.26371192932129
1.00138 1.00025 0.640836 0.0942043 0.0504223 0.043782 0.00339555 2.36694e-05 8.15645e-07 0.0007232 0 12.51916027069092 9.266043663024902 25.2111644744873
1.00133 1.0002 0.640846 0.0935796 0.0502986 0.043281 0.00268822 2.21617e-05 5.14717e-07 0.000496671 0 12.51860046386719 9.333471298217773 25.14929389953613
1.0014 1.00017 0.640763 0.092947 0.0502794 0.0426676 0.00244253 2.44848e-05 3.80815e-07 0.000506185 0 12.51945877075195 9.415841102600098 25.13972282409668
1.00141 1.00001 0.640651 0.0923918 0.0503265 0.0420653 0.00241883 2.47594e-05 4.43378e-10 0.000411556 0 12.51955127716064 9.497645378112793 25.16327095031738
1.00138 1.00009 0.640727 0.0917501 0.0502526 0.0414975 0.00218498 2.3882e-05 9.93036e-08 0.000502512 0 12.51923847198486 9.575490951538086 25.12631797790527
1.00129 1.0003 0.640949 0.0911577 0.0502065 0.0409512 0.00195817 2.07876e-05 1.16331e-06 0.00031685 0 12.5180835723877 9.651287078857422 25.10326194763184
1.00111 1.00013 0.641014 0.0905767 0.0501915 0.0403852 0.00258213 1.5369e-05 2.09253e-07 0.000418128 0 12.51581192016602 9.730801582336426 25.09572792053223
1.00115 1.00025 0.641051 0.0899764 0.0501617 0.0398147 0.00275242 1.66066e-05 8.29337e-07 0.000423137 0 12.51637268066406 9.810236930847168 25.08083724975586
1.00108 1.00027 0.641135 0.0893308 0.0500977 0.039233 0.00273999 1.45324e-05 9.55438e-07 0.000430158 0 12.5154390335083 9.892491340637207 25.04885292053223
1.00105 1.00033 0.641203 0.0887582 0.0500349 0.0387233 0.00207532 1.3774e-05 1.46614e-06 0.000303227 0 12.5150785446167 9.964844703674316 25.01743316650391
1.00101 1.00036 0.641257 0.0882596 0.0500292 0.0382304 0.00195862 1.27453e-05 1.69375e-06 0.000303937 0 12.51457977294922 10.03534698486328 25.01460075378418
1.00103 1.00024 0.641166 0.0877763 0.0501034 0.0376729 0.0025423 1.31481e-05 7.53668e-07 0.000379568 0 12.51478672027588 10.11530494689941 25.05171966552734
1.00101 1.00034 0.641248 0.0871602 0.0500121 0.0371481 0.00212776 1.27735e-05 1.57764e-06 0.000405669 0 12.51459217071533 10.19126129150391 25.00604438781738
1.0008 1.00033 0.641443 0.0866611 0.0500106 0.0366504 0.00252527 7.93488e-06 1.42886e-06 0.000406172 0 12.51191902160645 10.26486206054688 25.00531959533691
1.00095 1.0004 0.641341 0.086078 0.0499022 0.0361759 0.00200715 1.12401e-05 2.08521e-06 0.00030393 0 12.51381587982178 10.33361148834229 24.95109748840332
1.00085 1.0004 0.641436 0.085571 0.0499016 0.0356694 0.00243743 9.09694e-06 2.13083e-06 0.000345095 0 12.51263618469238 10.40883731842041 24.95079231262207
1.00078 1.0004 0.641501 0.0850569 0.0498213 0.0352356 0.002392 7.65192e-06 2.08642e-06 0.00035242 0 12.51174354553223 10.47364044189453 24.91066551208496
1.00074 1.00036 0.641521 0.0846126 0.0498334 0.0347792 0.00301605 6.82292e-06 1.74793e-06 0.000415925 0 12.51119709014893 10.54207992553711 24.91671371459961
1.00072 1.00031 0.641504 0.0842596 0.0499103 0.0343493 0.00379752 6.48901e-06 1.25889e-06 0.000579745 0 12.51098251342773 10.60684299468994 24.95515632629395
1.00066 1.00053 0.641705 0.0837376 0.0498235 0.033914 0.00296222 5.41106e-06 3.70112e-06 0.000431939 0 12.51019096374512 10.67303848266602 24.91176986694336
1.00065 1.00045 0.641664 0.083234 0.0497296 0.0335044 0.00292298 5.30605e-06 2.74923e-06 0.000558147 0 12.51010799407959 10.73546409606934 24.86477088928223
1.00065 1.0005 0.641698 0.0828105 0.0497161 0.0330944 0.00237684 5.21752e-06 3.30441e-06 0.0004935 0 12.51004409790039 10.79831600189209 24.85803985595703
1.0006 1.00051 0.641753 0.0823867 0.0497064 0.0326803 0.00260634 4.45331e-06 3.47898e-06 0.000398596 0 12.50943088531494 10.86242198944092 24.85320663452148
1.00056 1.00051 0.641793 0.0819063 0.0496162 0.0322901 0.00237712 3.87943e-06 3.51558e-06 0.000321259 0 12.50891971588135 10.92313861846924 24.80808067321777
1.00061 1.00049 0.641731 0.0814644 0.0495476 0.0319168 0.00211428 4.5939e-06 3.20332e-06 0.00024344 0 12.50954055786133 10.98115921020508 24.77377700805664
1.00053 1.00056 0.641846 0.0810783 0.0495269 0.0315514 0.00259692 3.57097e-06 4.21887e-06 0.000297499 0 12.50864124298096 11.03886318206787 24.7634449005127
1.00041 1.00065 0.642024 0.0806352 0.049451 0.0311841 0.00247957 2.06698e-06 5.59874e-06 0.000345759 0 12.50704479217529 11.09748077392578 24.72550582885742
1.00039 1.00053 0.64196 0.0802028 0.0493868 0.030816 0.0023935 1.94932e-06 3.73933e-06 0.00035759 0 12.50690269470215 11.15599346160889 24.69336891174316
1.00038 1.00069 0.642079 0.0797413 0.0492976 0.0304437 0.00250724 1.78289e-06 6.33384e-06 0.000328693 0 12.50667762756348 11.21554851531982 24.64877700805664
1.00035 1.00055 0.642021 0.0793623 0.0492746 0.0300877 0.00231004 1.5001e-06 4.06373e-06 0.000232394 0 12.50629615783691 11.27291679382324 24.63729476928711
1.00035 1.00061 0.642052 0.078918 0.0491859 0.0297321 0.00221986 1.53662e-06 4.90865e-06 0.000280586 0 12.50635051727295 11.33037662506104 24.59293937683105
1.0003 1.00067 0.642138 0.0784916 0.0490979 0.0293937 0.00196336 1.16272e-06 6.02281e-06 0.000251119 0 12.50576591491699 11.38562679290771 24.54891967773438
1.00027 1.00062 0.642141 0.0781196 0.049059 0.0290606 0.00208795 9.03846e-07 5.16842e-06 0.000325975 0 12.50532150268555 11.44026947021484 24.52949523925781
1.00027 1.00068 0.642183 0.077753 0.0490345 0.0287185 0.00204388 8.81702e-07 6.22491e-06 0.000316813 0 12.50528240203857 11.49655628204346 24.51726722717285
1.00022 1.00071 0.642246 0.0774607 0.0490587 0.0284021 0.00189781 5.88779e-07 6.70116e-06 0.00031299 0 12.50467967987061 11.54913330078125 24.52935218811035
1.00018 1.0007 0.642281 0.0770793 0.0489836 0.0280957 0.00181808 3.84189e-07 6.53865e-06 0.000283601 0 12.504150390625 11.60027408599854 24.49178123474121
1.0002 1.00073 0.642275 0.0765936 0.0488171 0.0277765 0.00201077 4.87991e-07 7.01876e-06 0.000302642 0 12.50443363189697 11.65356636047363 24.40855979919434
1.00016 1.00074 0.642319 0.0762636 0.0487752 0.0274883 0.00181323 3.2513e-07 7.29862e-06 0.000208068 0 12.50396823883057 11.70219802856445 24.38760375976562
1.00015 1.0008 0.64237 0.0758634 0.0486672 0.0271962 0.00189693 2.77971e-07 8.53988e-06 0.00030699 0 12.50382328033447 11.7516393661499 24.33358955383301
1.00011 1.00077 0.642391 0.0755892 0.0486719 0.0269173 0.00194009 1.4165e-07 7.88623e-06 0.000278959 0 12.50328731536865 11.79924201965332 24.33590888977051
1.00009 1.00084 0.642452 0.0752481 0.0486105 0.0266377 0.00173793 1.01891e-07 9.41314e-06 0.000230097 0 12.50308609008789 11.84708499908447 24.30523681640625
1.00007 1.00082 0.64246 0.0749146 0.0485522 0.0263624 0.00185002 5.66132e-08 8.91454e-06 0.000353749 0 12.50280570983887 11.89445400238037 24.27607727050781
0.999988 1.00083 0.642546 0.0746797 0.048588 0.0260917 0.00241987 1.84912e-09 9.24817e-06 0.000596129 0 12.50180149078369 11.94154167175293 24.29400634765625
0.999958 1.0008 0.642557 0.074345 0.0485003 0.0258447 0.00203908 2.16753e-08 8.64393e-06 0.000621069 0 12.50144386291504 11.98451519012451 24.25013732910156
0.999989 1.00089 0.642584 0.0740563 0.0484738 0.0255825 0.00189584 1.60966e-09 1.06484e-05 0.000486085 0 12.50182342529297 12.03008270263672 24.23689460754395
0.999912 1.00084 0.642625 0.0738951 0.0485854 0.0253097 0.00318201 9.74756e-08 9.45263e-06 0.000611052 0 12.50085639953613 12.07824516296387 24.29270553588867
0.999787 1.0009 0.642781 0.0733835 0.0483179 0.0250656 0.00238575 5.67694e-07 1.0714e-05 0.00062497 0 12.49929332733154 12.12178134918213 24.15894889831543
0.999827 1.00102 0.642819 0.0731353 0.0483261 0.0248091 0.00245646 3.73086e-07 1.37743e-05 0.000493287 0 12.4998025894165 12.16698741912842 24.16304969787598
0.999807 1.00106 0.642869 0.0727044 0.0481356 0.0245688 0.00250117 4.6654e-07 1.51038e-05 0.00068962 0 12.49954128265381 12.20983982086182 24.06779098510742
0.9998 1.00098 0.642823 0.0724602 0.0481292 0.024331 0.00221725 5.00739e-07 1.28598e-05 0.000421568 0 12.4994592666626 12.25237655639648 24.06459617614746
0.999755 1.00095 0.642846 0.072088 0.0479862 0.0241017 0.00215819 7.50882e-07 1.20425e-05 0.000444862 0 12.49889373779297 12.2937536239624 23.99312591552734
0.999735 1.00098 0.642887 0.0717563 0.0478812 0.0238751 0.00190216 8.76659e-07 1.29156e-05 0.000308985 0 12.49865436553955 12.33472347259521 23.94061470031738
0.99972 1.00103 0.64293 0.0714605 0.0478111 0.0236494 0.00183 9.82301e-07 1.40927e-05 0.000290961 0 12.49844932556152 12.37572765350342 23.90554618835449
0.999706 1.00106 0.642963 0.0711674 0.0477435 0.0234239 0.00291301 1.08164e-06 1.49375e-05 0.000368747 0 12.49828052520752 12.41686058044434 23.87177658081055
0.999689 1.001 0.642942 0.0708928 0.0476906 0.0232022 0.00197524 1.21167e-06 1.33225e-05 0.000267832 0 12.49806785583496 12.45753192901611 23.84529113769531
0.999587 1.00106 0.643079 0.0705876 0.0475938 0.0229938 0.00221227 2.13063e-06 1.50269e-05 0.000392766 0 12.49679183959961 12.4962682723999 23.79686737060547
0.999553 1.0012 0.643203 0.0703498 0.047555 0.0227948 0.00290215 2.50049e-06 1.92701e-05 0.00035682 0 12.49637508392334 12.53316974639893 23.7774829864502
0.999627 1.00107 0.64305 0.0700872 0.0474929 0.0225943 0.00215824 1.74079e-06 1.54029e-05 0.000339652 0 12.49728870391846 12.57006454467773 23.74643707275391
0.999523 1.00115 0.643201 0.0698132 0.0474054 0.0224078 0.00199558 2.84221e-06 1.77564e-05 0.000446774 0 12.49599742889404 12.60524272918701 23.70266532897949
0.999533 1.00111 0.643162 0.0695544 0.0473358 0.0222186 0.00189045 2.72454e-06 1.64027e-05 0.000339526 0 12.49612140655518 12.64059066772461 23.66789436340332
0.999496 1.00117 0.64324 0.0692872 0.047253 0.0220342 0.00185564 3.1735e-06 1.8414e-05 0.000305201 0 12.49564933776855 12.6753978729248 23.62651443481445
0.99952 1.00118 0.643224 0.0690184 0.0471623 0.0218561 0.00165531 2.88564e-06 1.87041e-05 0.000232146 0 12.49595260620117 12.70889472961426 23.5811824798584
0.999285 1.00118 0.643445 0.0689181 0.0472298 0.0216883 0.00331052 6.39896e-06 1.84253e-05 0.000496458 0 12.49301815032959 12.74165153503418 23.61492538452148
0.999443 1.00109 0.643234 0.0686334 0.0471119 0.0215215 0.00238013 3.87325e-06 1.57114e-05 0.000368659 0 12.49500274658203 12.77270603179932 23.55593490600586
0.999357 1.00123 0.643413 0.0682798 0.0469136 0.0213663 0.00391895 5.17055e-06 2.0329e-05 0.00057347 0 12.49392414093018 12.8026819229126 23.4567699432373
0.999411 1.00136 0.643442 0.0680642 0.046852 0.0212123 0.00212983 4.3416e-06 2.46641e-05 0.000357616 0 12.49460029602051 12.83195400238037 23.42598152160645
0.999369 1.00131 0.643448 0.0678301 0.0467625 0.0210677 0.00184058 4.98445e-06 2.27956e-05 0.000332325 0 12.49406337738037 12.85991287231445 23.38125610351562
0.999374 1.00123 0.643393 0.0676552 0.0467292 0.020926 0.00171314 4.9037e-06 2.01562e-05 0.0004294 0 12.4941291809082 12.8872184753418 23.36461067199707
0.999371 1.00134 0.643465 0.0675954 0.0468052 0.0207902 0.0017196 4.94455e-06 2.38597e-05 0.000614068 0 12.4940938949585 12.91350269317627 23.4025936126709
0.999426 1.00135 0.643423 0.0675623 0.0469066 0.0206557 0.00228434 4.12615e-06 2.44407e-05 0.000582267 0 12.49477577209473 12.93938636779785 23.45331573486328
0.999306 1.00143 0.643585 0.0672991 0.0467649 0.0205343 0.00191019 6.02587e-06 2.71019e-05 0.000306627 0 12.49328136444092 12.96352291107178 23.38241958618164
0.999287 1.00138 0.643573 0.0671495 0.0467238 0.0204257 0.00246615 6.35357e-06 2.5327e-05 0.00050345 0 12.49305152893066 12.98479652404785 23.36191368103027
0.999374 1.00139 0.643499 0.0670136 0.0466912 0.0203224 0.00200599 4.89799e-06 2.59274e-05 0.00046454 0 12.49413681030273 13.00466537475586 23.3455982208252
0.999355 1.00144 0.643544 0.0669116 0.046675 0.0202367 0.00213816 5.20423e-06 2.74921e-05 0.000453018 0 12.4938907623291 13.02157115936279 23.33747863769531
0.99937 1.00134 0.64347 0.0667225 0.0465678 0.0201547 0.00185836 4.96904e-06 2.40468e-05 0.000367624 0 12.49408435821533 13.03761291503906 23.28387451171875
0.999372 1.00153 0.64359 0.0666412 0.0465601 0.0200811 0.00180715 4.92359e-06 3.13683e-05 0.000254898 0 12.49411678314209 13.05212020874023 23.28006553649902
0.999322 1.00149 0.643609 0.0666935 0.0466792 0.0200143 0.00289104 5.74703e-06 2.95205e-05 0.000419872 0 12.49349212646484 13.06550216674805 23.33960723876953
0.999444 1.00146 0.643473 0.0664218 0.0464725 0.0199493 0.00316474 3.86537e-06 2.83904e-05 0.00042831 0 12.49500942230225 13.07785892486572 23.23626136779785
0.999342 1.00162 0.643677 0.0663304 0.0464248 0.0199055 0.00232778 5.41786e-06 3.50869e-05 0.000368654 0 12.49372863769531 13.08693790435791 23.21243095397949
0.999443 1.00147 0.643482 0.0662818 0.0464206 0.0198613 0.00275655 3.87796e-06 2.88619e-05 0.000492394 0 12.49499225616455 13.09530544281006 23.21028327941895
0.999443 1.00142 0.643447 0.0662967 0.046466 0.0198307 0.00313588 3.87268e-06 2.67801e-05 0.000479801 0 12.49499416351318 13.1013650894165 23.23298645019531
0.9994 1.0016 0.643608 0.0664204 0.0466116 0.0198088 0.00212334 4.49973e-06 3.42702e-05 0.000309196 0 12.49445915222168 13.10588455200195 23.30578804016113
0.999578 1.0015 0.643369 0.0664599 0.0466694 0.0197906 0.0019921 2.22623e-06 2.99418e-05 0.000370338 0 12.49668407440186 13.10881423950195 23.33469009399414
0.999473 1.00157 0.643515 0.0663061 0.0465192 0.0197869 0.00198472 3.47173e-06 3.27602e-05 0.000585072 0 12.49537467956543 13.10995674133301 23.25960731506348
0.9996 1.00154 0.643372 0.06634 0.0465684 0.0197716 0.00237742 1.99581e-06 3.14922e-05 0.000578986 0 12.49696350097656 13.1124906539917 23.28421401977539
0.999575 1.00155 0.643406 0.0663529 0.0465885 0.0197643 0.00186456 2.25782e-06 3.20853e-05 0.00041073 0 12.49665260314941 13.11403465270996 23.29426193237305
0.999567 1.00152 0.643393 0.0663528 0.0465915 0.0197613 0.00209868 2.33863e-06 3.08139e-05 0.0005678 0 12.49655532836914 13.11466789245605 23.29575347900391
0.999614 1.00152 0.643351 0.0663381 0.0465823 0.0197558 0.00173993 1.86157e-06 3.10116e-05 0.000374664 0 12.49713611602783 13.11557292938232 23.29114532470703
0.999576 1.00152 0.643383 0.0663233 0.0465673 0.019756 0.00157019 2.24932e-06 3.06857e-05 0.000230402 0 12.49665260314941 13.11568832397461 23.28367042541504
0.999602 1.00151 0.643351 0.0663403 0.046589 0.0197513 0.00161425 1.97645e-06 3.02814e-05 0.00041286 0 12.49698638916016 13.11651229858398 23.29451751708984
0.999606 1.00157 0.643385 0.0662113 0.0464619 0.0197494 0.00144796 1.93854e-06 3.26989e-05 0.000377719 0 12.49704170227051 13.11688327789307 23.23091316223145
0.999658 1.00157 0.643335 0.0662495 0.0465053 0.0197441 0.00136502 1.46611e-06 3.26936e-05 0.000231644 0 12.4976863861084 13.1177282333374 23.25264739990234
0.999682 1.00152 0.643285 0.0663368 0.0465965 0.0197403 0.00123854 1.26668e-06 3.09552e-05 0.000219378 0 12.49798202514648 13.11840152740479 23.29828453063965
0.999622 1.00152 0.643338 0.0663497 0.0466143 0.0197354 0.00118449 1.78363e-06 3.06881e-05 0.000411711 0 12.49722576141357 13.11959552764893 23.30714225769043
0.999689 1.00152 0.643277 0.0664933 0.0467695 0.0197239 0.00111389 1.21012e-06 3.09094e-05 0.000649583 0 12.49806976318359 13.12163066864014 23.3847484588623
0.999708 1.00162 0.643321 0.066594 0.0468776 0.0197164 0.00119229 1.06288e-06 3.49789e-05 0.00045254 0 12.49831962585449 13.12304592132568 23.43883514404297
0.99971 1.00149 0.643236 0.0664939 0.0467779 0.019716 0.00108468 1.04828e-06 2.96542e-05 0.000413865 0 12.4983434677124 13.12311840057373 23.38895034790039
0.999674 1.00157 0.643324 0.0664373 0.0467157 0.0197216 0.00103312 1.32643e-06 3.30284e-05 0.000602425 0 12.49787902832031 13.12213325500488 23.35785675048828
0.999645 1.00155 0.643338 0.0663117 0.0465843 0.0197274 0.00137986 1.57317e-06 3.21003e-05 0.000902722 0 12.49752140045166 13.12110328674316 23.29215240478516
0.999595 1.00149 0.643345 0.0663956 0.04667 0.0197256 0.00115749 2.0492e-06 2.94542e-05 0.000880855 0 12.49689483642578 13.12166118621826 23.33503341674805
0.999539 1.00149 0.643402 0.0666127 0.0468862 0.0197265 0.00149606 2.65155e-06 2.96991e-05 0.000742826 0 12.49620628356934 13.1216983795166 23.44310569763184
0.999697 1.00139 0.643183 0.0664871 0.0467674 0.0197197 0.00118601 1.14592e-06 2.57161e-05 0.000285029 0 12.49817848205566 13.12242603302002 23.38372039794922
0.999512 1.00161 0.643508 0.066261 0.046527 0.0197339 0.00110729 2.98255e-06 3.47705e-05 0.000608336 0 12.49584865570068 13.12032413482666 23.26351737976074
0.999674 1.00145 0.643244 0.0662555 0.046533 0.0197225 0.00103593 1.32951e-06 2.79502e-05 0.000465782 0 12.497878074646 13.12196350097656 23.26652526855469
0.999585 1.00151 0.643372 0.0662894 0.0465671 0.0197223 0.000976578 2.15528e-06 3.05606e-05 0.000273417 0 12.49676704406738 13.12234783172607 23.2835636138916
0.99967 1.00153 0.643299 0.0662064 0.0464921 0.0197143 0.000923825 1.36054e-06 3.11072e-05 0.000445455 0 12.49783611297607 13.12361907958984 23.24603843688965
0.999649 1.00155 0.643333 0.0662805 0.0465727 0.0197078 0.000898443 1.54353e-06 3.19906e-05 0.000414458 0 12.49757099151611 13.12499141693115 23.28635597229004
0.999669 1.00149 0.643273 0.0664702 0.0467705 0.0196997 0.000909471 1.36571e-06 2.9484e-05 0.000300184 0 12.49782848358154 13.12652492523193 23.38526344299316
0.999651 1.00149 0.643296 0.0661897 0.0464903 0.0196994 0.000849603 1.51974e-06 2.98161e-05 0.000580726 0 12.49759960174561 13.12665176391602 23.24514770507812
0.999699 1.00156 0.643291 0.0662585 0.0465645 0.019694 0.000948169 1.13487e-06 3.23764e-05 0.000572024 0 12.49819087982178 13.12753009796143 23.28223991394043
0.999725 1.00152 0.643241 0.0664245 0.0467357 0.0196888 0.000869505 9.47055e-07 3.08272e-05 0.000437553 0 12.4985294342041 13.12848091125488 23.36785888671875
0.99972 1.00158 0.643283 0.0664332 0.046751 0.0196823 0.000830471 9.80159e-07 3.31764e-05 0.000310092 0 12.49845790863037 13.12978363037109 23.37549591064453
0.99968 1.00152 0.643282 0.0663699 0.046686 0.0196839 0.000816099 1.28315e-06 3.06335e-05 0.000379652 0 12.49795818328857 13.1296272277832 23.34303283691406
0.999665 1.0015 0.643285 0.0661751 0.0464936 0.0196815 0.000784602 1.40377e-06 2.99388e-05 0.000463263 0 12.49777221679688 13.13015842437744 23.24677276611328
0.999708 1.00156 0.643286 0.0661824 0.0465068 0.0196756 0.000775223 1.0629e-06 3.26788e-05 0.000452798 0 12.49831867218018 13.13116455078125 23.2534065246582
0.999667 1.00149 0.643277 0.0661647 0.0464898 0.0196748 0.000786559 1.38307e-06 2.95682e-05 0.000311305 0 12.49780082702637 13.13147830963135 23.24490737915039
0.999704 1.00157 0.643292 0.0662099 0.0465441 0.0196658 0.000741612 1.0974e-06 3.27575e-05 0.000200249 0 12.49826526641846 13.13314056396484 23.27204322814941
0.99969 1.00153 0.643281 0.0661328 0.0464682 0.0196646 0.000729379 1.20312e-06 3.12077e-05 0.000241842 0 12.49808597564697 13.13343238830566 23.2341136932373
0.99969 1.00152 0.643273 0.0661432 0.0464839 0.0196593 0.000704354 1.20256e-06 3.07187e-05 0.000313497 0 12.49808120727539 13.13448333740234 23.24195098876953
0.999693 1.00158 0.64331 0.066332 0.046678 0.019654 0.000741568 1.1821e-06 3.32295e-05 0.000241395 0 12.49811363220215 13.13553428649902 23.33897972106934
0.999696 1.0015 0.643257 0.0662947 0.0466484 0.0196463 0.00076103 1.15804e-06 3.00233e-05 0.000258009 0 12.49815559387207 13.13705635070801 23.32421875
0.999667 1.00154 0.643311 0.0661273 0.0464804 0.0196469 0.000725833 1.38629e-06 3.16896e-05 0.000598213 0 12.49779605865479 13.13705444335938 23.24018859863281
0.999645 1.00153 0.643323 0.0662241 0.0465805 0.0196436 0.000713528 1.57817e-06 3.10789e-05 0.000487261 0 12.49751281738281 13.13780879974365 23.29024696350098
0.99974 1.00152 0.643229 0.0665081 0.046881 0.0196272 0.000686879 8.46487e-07 3.09695e-05 0.000295397 0 12.49870204925537 13.14068603515625 23.44047164916992
0.999689 1.00157 0.643308 0.0663038 0.0466762 0.0196276 0.000670112 1.2092e-06 3.29081e-05 0.000855406 0 12.49807739257812 13.14081764221191 23.33812141418457
0.999652 1.0015 0.643297 0.06616 0.0465339 0.0196261 0.00065138 1.51095e-06 2.99176e-05 0.000679293 0 12.49761199951172 13.14126110076904 23.26696395874023
0.999685 1.00156 0.643305 0.0664128 0.0467988 0.019614 0.00107123 1.24244e-06 3.23937e-05 0.000330752 0 12.49802303314209 13.1435489654541 23.39939498901367
0.999714 1.00155 0.643273 0.066362 0.0467577 0.0196043 0.000862184 1.02148e-06 3.21714e-05 0.000230666 0 12.49838542938232 13.14537715911865 23.37884140014648
0.999648 1.00155 0.643333 0.0661848 0.0465788 0.0196059 0.000835005 1.55017e-06 3.19563e-05 0.000430466 0 12.49756336212158 13.14529228210449 23.2894287109375
0.999658 1.00146 0.643266 0.0661978 0.0465991 0.0195987 0.000780507 1.46142e-06 2.83585e-05 0.000336592 0 12.49767971038818 13.14670658111572 23.29955673217773
0.999663 1.00158 0.64334 0.0661788 0.0465851 0.0195938 0.000768616 1.42348e-06 3.33116e-05 0.000603279 0 12.49774074554443 13.14766407012939 23.29252243041992
0.999691 1.00156 0.643299 0.0661697 0.0465827 0.019587 0.00072103 1.19333e-06 3.24252e-05 0.000404859 0 12.4980993270874 13.14890766143799 23.29132652282715
0.999632 1.00155 0.64335 0.0660354 0.0464508 0.0195846 0.000857264 1.68983e-06 3.20706e-05 0.00048616 0 12.4973669052124 13.14961910247803 23.22539520263672
0.999691 1.00154 0.643287 0.0660537 0.0464813 0.0195724 0.000833862 1.19195e-06 3.16406e-05 0.000413402 0 12.49809455871582 13.15182590484619 23.24065589904785
0.999664 1.00156 0.643325 0.0660382 0.0464729 0.0195653 0.000787043 1.41037e-06 3.24585e-05 0.000467827 0 12.49776268005371 13.15335178375244 23.23648834228516
0.999667 1.00155 0.643319 0.0660255 0.0464672 0.0195583 0.000763453 1.38613e-06 3.22159e-05 0.000470363 0 12.49779605865479 13.15474224090576 23.23359680175781
0.999656 1.00153 0.643316 0.0660047 0.0464513 0.0195534 0.000775097 1.48122e-06 3.13525e-05 0.000529783 0 12.49766159057617 13.15575504302979 23.22563934326172
0.99966 1.00156 0.643329 0.0660074 0.0464599 0.0195475 0.00071548 1.44739e-06 3.23899e-05 0.00049013 0 12.49770545959473 13.15692901611328 23.22996520996094
0.99966 1.00156 0.643328 0.0660377 0.0464962 0.0195416 0.000691694 1.44843e-06 3.23638e-05 0.000535736 0 12.49770355224609 13.15812301635742 23.24808311462402
0.999658 1.00152 0.643303 0.0660561 0.0465215 0.0195345 0.000670107 1.4613e-06 3.0653e-05 0.000527019 0 12.49768829345703 13.1595344543457 23.26076316833496
0.999672 1.00154 0.643307 0.06612 0.0465925 0.0195275 0.000723085 1.34389e-06 3.17823e-05 0.000453774 0 12.49786281585693 13.16088485717773 23.29625701904297
0.999672 1.00155 0.64331 0.0661123 0.0465922 0.0195201 0.000668627 1.34732e-06 3.19141e-05 0.000333771 0 12.49786376953125 13.16234397888184 23.29609298706055
0.999696 1.00156 0.643296 0.0661612 0.0466495 0.0195116 0.000651258 1.15231e-06 3.25599e-05 0.000235269 0 12.49816417694092 13.1639518737793 23.32475280761719
0.999676 1.00151 0.643281 0.0661662 0.0466632 0.0195031 0.000624382 1.31488e-06 3.03447e-05 0.000155298 0 12.49790477752686 13.16574382781982 23.33157539367676
0.999712 1.00155 0.643276 0.0662242 0.0467306 0.0194936 0.000624606 1.03392e-06 3.22561e-05 8.16134e-05 0 12.49835968017578 13.16749668121338 23.36530685424805
0.999719 1.00148 0.643221 0.0662053 0.0467231 0.0194822 0.000704788 9.90496e-07 2.91582e-05 7.54386e-05 0 12.49844169616699 13.16975784301758 23.36154174804688
0.999692 1.00164 0.643348 0.0662037 0.046727 0.0194766 0.000750763 1.18758e-06 3.57015e-05 0.000110559 0 12.49810218811035 13.17098712921143 23.36352157592773
0.999678 1.00149 0.643269 0.0661775 0.0467057 0.0194718 0.000734257 1.29631e-06 2.97586e-05 0.000173611 0 12.4979362487793 13.1720085144043 23.35283470153809
0.999662 1.00154 0.643314 0.0661819 0.0467143 0.0194676 0.000827255 1.42926e-06 3.16096e-05 0.000341552 0 12.49772644042969 13.1729040145874 23.35713768005371
0.999659 1.00153 0.643313 0.0660634 0.0466019 0.0194615 0.000707611 1.45341e-06 3.13375e-05 0.000433442 0 12.49768924713135 13.17413902282715 23.30098342895508
0.999633 1.00148 0.643302 0.0660863 0.0466323 0.019454 0.00152849 1.68462e-06 2.90648e-05 0.000684313 0 12.49736785888672 13.17573833465576 23.31614112854004
0.999612 1.00156 0.643375 0.066048 0.046607 0.019441 0.000935743 1.88588e-06 3.2366e-05 0.000458611 0 12.49710750579834 13.17842674255371 23.3034839630127
0.999673 1.00149 0.643275 0.066026 0.0465999 0.0194261 0.000847427 1.33998e-06 2.97908e-05 0.000331819 0 12.4978723526001 13.18119430541992 23.29994201660156
0.999675 1.00158 0.643329 0.0660542 0.0466402 0.019414 0.000804779 1.3192e-06 3.33857e-05 0.000252507 0 12.49789905548096 13.18359661102295 23.32011604309082
0.999674 1.00155 0.643309 0.0661712 0.0467697 0.0194016 0.000998227 1.32836e-06 3.19863e-05 0.000239178 0 12.49787521362305 13.18609237670898 23.38483428955078
0.999659 1.00154 0.643319 0.066037 0.0466435 0.0193936 0.000811371 1.45357e-06 3.17439e-05 0.000172403 0 12.49769496917725 13.18775749206543 23.32172966003418
0.999642 1.00155 0.643341 0.0660431 0.0466573 0.0193858 0.000742485 1.60449e-06 3.2053e-05 0.0001606 0 12.49747562408447 13.18937969207764 23.32865715026855
0.99966 1.00152 0.643301 0.0659649 0.0465901 0.0193748 0.000704118 1.44151e-06 3.06949e-05 0.00011414 0 12.49772071838379 13.1915225982666 23.29507827758789
0.999609 1.00154 0.643366 0.0659845 0.0466186 0.0193659 0.000720711 1.91077e-06 3.1624e-05 0.000149502 0 12.4970760345459 13.19351482391357 23.30929565429688
0.999694 1.00151 0.643267 0.0660465 0.0466968 0.0193497 0.000658375 1.16873e-06 3.05858e-05 0.000210327 0 12.49814033508301 13.19644165039062 23.34836769104004
0.999632 1.00154 0.643344 0.0661128 0.0467734 0.0193394 0.00063331 1.68949e-06 3.16723e-05 0.000132735 0 12.49736785888672 13.19874000549316 23.38669395446777
0.999678 1.00154 0.643302 0.065961 0.0466354 0.0193257 0.00060664 1.29892e-06 3.18053e-05 0.000294765 0 12.49792861938477 13.20133209228516 23.31768226623535
0.999595 1.00162 0.64343 0.0660662 0.0467487 0.0193174 0.00082213 2.04698e-06 3.5004e-05 0.000152606 0 12.49689674377441 13.20330715179443 23.37436294555664
0.999662 1.00152 0.6433 0.065903 0.0465978 0.0193052 0.000950708 1.42416e-06 3.07125e-05 0.000422137 0 12.49773788452148 13.20549392700195 23.29886817932129
0.999613 1.00149 0.64333 0.0659696 0.0466772 0.0192923 0.000851384 1.87137e-06 2.96554e-05 0.000259136 0 12.49712753295898 13.20827388763428 23.33863258361816
0.99962 1.00158 0.64338 0.065882 0.046602 0.01928 0.000739554 1.80985e-06 3.31842e-05 0.000419351 0 12.49720573425293 13.21073532104492 23.30101585388184
0.999647 1.00155 0.643335 0.0659526 0.0466916 0.0192611 0.00105702 1.55572e-06 3.20398e-05 0.000323722 0 12.49754905700684 13.21443843841553 23.34577751159668
0.999617 1.00157 0.64338 0.0659971 0.0467471 0.01925 0.00136766 1.83111e-06 3.30527e-05 0.00035997 0 12.49717044830322 13.21679019927979 23.37353515625
0.99959 1.00152 0.64337 0.0659799 0.0467425 0.0192374 0.00118951 2.105e-06 3.07401e-05 0.000350773 0 12.49683570861816 13.21942520141602 23.37123870849609
0.999466 1.00145 0.643444 0.0660563 0.0468224 0.019234 0.00140595 3.57152e-06 2.78719e-05 0.000302879 0 12.49527359008789 13.22060775756836 23.41117477416992
0.999636 1.00153 0.643336 0.0660738 0.046853 0.0192208 0.00134243 1.65378e-06 3.14356e-05 0.000329362 0 12.49741554260254 13.22259426116943 23.4265022277832
0.999551 1.0015 0.643395 0.0661299 0.0469175 0.0192124 0.00115594 2.51844e-06 2.99644e-05 0.000323678 0 12.49635028839111 13.22461795806885 23.45872688293457
0.999608 1.00158 0.643394 0.0660138 0.046816 0.0191978 0.00109203 1.92473e-06 3.33812e-05 0.000560125 0 12.49706268310547 13.2273473739624 23.40801048278809
0.999615 1.00157 0.643377 0.0661835 0.0470047 0.0191787 0.00104282 1.85136e-06 3.27495e-05 0.000500349 0 12.49715137481689 13.23115158081055 23.50235748291016
0.999643 1.00162 0.643383 0.0661346 0.0469706 0.019164 0.00107153 1.58897e-06 3.49643e-05 0.000518334 0 12.4975004196167 13.23403549194336 23.48531532287598
0.999626 1.00157 0.64337 0.0660109 0.0468581 0.0191528 0.000980037 1.74462e-06 3.29906e-05 0.000563299 0 12.49729156494141 13.23634910583496 23.4290599822998
0.999524 1.00147 0.643403 0.0659505 0.0468049 0.0191456 0.000922102 2.82789e-06 2.88641e-05 0.00064352 0 12.496018409729 13.23820972442627 23.4024543762207
0.999621 1.00155 0.643359 0.0660303 0.0469036 0.0191268 0.000922242 1.79519e-06 3.19234e-05 0.000516949 0 12.49721717834473 13.24163246154785 23.45176696777344
0.999608 1.00158 0.643392 0.0659625 0.0468517 0.0191109 0.000886257 1.92071e-06 3.32574e-05 0.000447877 0 12.49706077575684 13.24488925933838 23.42583656311035
0.999611 1.00152 0.643352 0.0661824 0.0470883 0.019094 0.000850746 1.89515e-06 3.08775e-05 0.000233487 0 12.49708271026611 13.24830055236816 23.54416275024414
0.999585 1.00152 0.643379 0.0658171 0.0467339 0.0190832 0.000937587 2.15822e-06 3.09902e-05 0.000549083 0 12.49677181243896 13.2505931854248 23.36696624755859
0.999585 1.00149 0.643358 0.0658408 0.0467775 0.0190633 0.000987221 2.15828e-06 2.96695e-05 0.000328861 0 12.49675750732422 13.25461101531982 23.38873672485352
0.999618 1.0016 0.643397 0.065824 0.0467788 0.0190452 0.000839148 1.82083e-06 3.42595e-05 0.000247193 0 12.49718475341797 13.25814628601074 23.38942718505859
0.999626 1.00155 0.643358 0.0658179 0.0467924 0.0190255 0.000795806 1.75098e-06 3.21689e-05 0.000225049 0 12.49728775024414 13.26209831237793 23.39619064331055
0.999571 1.00154 0.643404 0.0656914 0.0466778 0.0190136 0.000787468 2.30474e-06 3.16869e-05 0.000457351 0 12.49658679962158 13.26473712921143 23.33891677856445
0.999602 1.00155 0.64338 0.0658488 0.046858 0.0189908 0.000771632 1.97742e-06 3.21421e-05 0.000314586 0 12.49698829650879 13.26923656463623 23.42900085449219
0.999609 1.00158 0.643391 0.0657046 0.0467328 0.0189718 0.000728827 1.90734e-06 3.33042e-05 0.000434198 0 12.49707984924316 13.27306842803955 23.36639785766602
0.99961 1.00159 0.643395 0.065775 0.0468234 0.0189515 0.000714676 1.90109e-06 3.36093e-05 0.000162614 0 12.49708557128906 13.27717781066895 23.41172027587891
0.999569 1.00158 0.64343 0.0657529 0.0468191 0.0189338 0.000907518 2.32451e-06 3.32764e-05 0.000252867 0 12.4965648651123 13.28094673156738 23.4095630645752
0.99961 1.00153 0.643357 0.0656774 0.0467649 0.0189125 0.000790682 1.90136e-06 3.11306e-05 0.000299365 0 12.49709129333496 13.28509616851807 23.38245582580566
0.999573 1.00154 0.643399 0.0656582 0.0467646 0.0188935 0.000755849 2.28468e-06 3.14859e-05 0.000215787 0 12.49662017822266 13.28909778594971 23.38231468200684
0.999601 1.0015 0.643347 0.0657278 0.0468586 0.0188692 0.001025 1.99281e-06 2.99709e-05 0.000160086 0 12.49696636199951 13.29392528533936 23.42927742004395
0.999574 1.00155 0.643404 0.0657385 0.0468859 0.0188526 0.000884825 2.2663e-06 3.19439e-05 0.000270324 0 12.49663352966309 13.29741764068604 23.44295120239258
0.999576 1.00154 0.643396 0.0656443 0.0468108 0.0188335 0.000886171 2.24242e-06 3.15439e-05 0.000525352 0 12.49666213989258 13.30131149291992 23.40540504455566
0.999578 1.00149 0.643366 0.0657413 0.0469302 0.0188111 0.000954042 2.22766e-06 2.97372e-05 0.000213193 0 12.49668979644775 13.30585098266602 23.46508598327637
0.999583 1.00161 0.643435 0.065639 0.0468461 0.0187929 0.000819665 2.17639e-06 3.44739e-05 0.000384795 0 12.49674129486084 13.30954742431641 23.42304992675781
0.999539 1.00161 0.64348 0.0657031 0.0469261 0.0187771 0.00094216 2.65632e-06 3.46795e-05 0.000218594 0 12.49619483947754 13.31295204162598 23.46305656433105
0.999543 1.00153 0.643423 0.0656172 0.0468608 0.0187564 0.00113524 2.61521e-06 3.11748e-05 0.000313722 0 12.49624824523926 13.31713581085205 23.43040084838867
0.999543 1.0015 0.643405 0.065643 0.0469029 0.0187402 0.00095649 2.61669e-06 3.00335e-05 0.00018678 0 12.49623584747314 13.32047367095947 23.4514274597168
0.999584 1.00157 0.643406 0.0656216 0.0469008 0.0187208 0.000973683 2.15851e-06 3.27229e-05 0.000300455 0 12.49677085876465 13.32425880432129 23.45040893554688
0.999585 1.00156 0.643402 0.0656901 0.0469928 0.0186973 0.00096594 2.1518e-06 3.24764e-05 0.000312884 0 12.49677658081055 13.32904434204102 23.49639511108398
0.999542 1.00158 0.643455 0.065694 0.0470155 0.0186785 0.000998473 2.6174e-06 3.32303e-05 0.000471109 0 12.49623680114746 13.33305549621582 23.50773048400879
0.999552 1.00153 0.643415 0.0656247 0.0469681 0.0186566 0.000888474 2.50601e-06 3.13049e-05 0.000461813 0 12.49636363983154 13.3375129699707 23.48407936096191
0.999568 1.00158 0.643433 0.0657334 0.0471015 0.0186319 0.000877489 2.32937e-06 3.34138e-05 0.000366101 0 12.49656391143799 13.34249973297119 23.55075263977051
0.999564 1.00155 0.643415 0.065681 0.0470723 0.0186087 0.000816484 2.37969e-06 3.19954e-05 0.000378107 0 12.49651145935059 13.34726905822754 23.5361499786377
0.999553 1.00155 0.643428 0.0656237 0.0470379 0.0185858 0.000786354 2.49862e-06 3.21567e-05 0.000422305 0 12.49636840820312 13.35199737548828 23.51896858215332
0.999561 1.00154 0.643414 0.0656745 0.0471114 0.0185631 0.000762514 2.41042e-06 3.17647e-05 0.000265045 0 12.49646854400635 13.35662841796875 23.55572700500488
0.999428 1.00155 0.643549 0.0655988 0.0470499 0.0185489 0.00097526 4.08685e-06 3.21685e-05 0.000369542 0 12.49481391906738 13.3600435256958 23.52495193481445
0.999542 1.00157 0.643452 0.0656601 0.0471412 0.018519 0.00110695 2.62369e-06 3.30062e-05 0.000365309 0 12.49623489379883 13.36576271057129 23.57059669494629
0.999491 1.00149 0.64345 0.0655418 0.047033 0.0185089 0.000944996 3.24439e-06 2.97421e-05 0.000469861 0 12.49559307098389 13.36802768707275 23.51649284362793
0.999512 1.00159 0.643489 0.0655062 0.0470174 0.0184888 0.00085111 2.97177e-06 3.35846e-05 0.000318493 0 12.49586963653564 13.37206554412842 23.5086727142334
0.999504 1.00159 0.643497 0.0654767 0.04701 0.0184667 0.00083235 3.07747e-06 3.359e-05 0.000326836 0 12.49575042724609 13.37664794921875 23.5049934387207
0.999585 1.00162 0.643441 0.0654829 0.0470467 0.0184362 0.000841007 2.15329e-06 3.505e-05 0.000221531 0 12.49676704406738 13.38259983062744 23.52332305908203
0.999525 1.00155 0.643453 0.0654788 0.0470648 0.018414 0.000768623 2.8192e-06 3.20505e-05 0.000187449 0 12.4960298538208 13.38741016387939 23.53238487243652
0.999555 1.00159 0.643448 0.0654499 0.0470639 0.018386 0.000743862 2.4792e-06 3.35513e-05 0.00019702 0 12.49639225006104 13.39305305480957 23.53193664550781
0.999533 1.00157 0.64346 0.0654481 0.0470856 0.0183625 0.000728005 2.72777e-06 3.29735e-05 0.000275893 0 12.49612331390381 13.39797973632812 23.54279708862305
0.999531 1.00156 0.643457 0.0653853 0.047048 0.0183373 0.00072488 2.75494e-06 3.25991e-05 0.000431537 0 12.49609184265137 13.40319633483887 23.52397346496582
0.999532 1.00157 0.64346 0.0654376 0.0471223 0.0183153 0.000721185 2.73543e-06 3.29355e-05 0.000421489 0 12.49610805511475 13.4077320098877 23.56116104125977
0.99948 1.00146 0.643438 0.0653515 0.0470557 0.0182958 0.00128281 3.38576e-06 2.83321e-05 0.000530476 0 12.49545001983643 13.41195297241211 23.5278148651123
0.999547 1.00155 0.643432 0.0654113 0.0471389 0.0182723 0.000832481 2.56034e-06 3.2064e-05 0.000178969 0 12.49630546569824 13.41655445098877 23.56948661804199
0.999533 1.00166 0.643518 0.0654392 0.0471884 0.0182508 0.00101162 2.72781e-06 3.68377e-05 0.000202906 0 12.49611949920654 13.42104911804199 23.59418869018555
0.999564 1.00151 0.643393 0.0654322 0.0472161 0.0182161 0.000901525 2.37822e-06 3.06127e-05 0.000224526 0 12.49650955200195 13.42811965942383 23.60803031921387
0.999435 1.00156 0.643544 0.0652375 0.0470413 0.0181962 0.00109091 3.99056e-06 3.22653e-05 0.000454006 0 12.49489688873291 13.43273258209229 23.52064895629883
0.999513 1.00153 0.643451 0.0652476 0.047085 0.0181626 0.00101748 2.9655e-06 3.11462e-05 0.000202708 0 12.49586009979248 13.43939399719238 23.54249382019043
0.999479 1.00155 0.643498 0.0651902 0.0470569 0.0181333 0.000887265 3.38894e-06 3.20543e-05 0.000147289 0 12.49545478820801 13.44561576843262 23.52844429016113
0.999507 1.00157 0.643486 0.0651402 0.0470414 0.0180988 0.000846032 3.03257e-06 3.30855e-05 0.000109703 0 12.4958028793335 13.45265769958496 23.52069473266602
0.99951 1.00158 0.643485 0.0651246 0.0470575 0.0180671 0.000790821 2.99922e-06 3.31894e-05 7.05799e-05 0 12.49583053588867 13.45923042297363 23.52873229980469
0.999546 1.0016 0.643467 0.0651042 0.0470706 0.0180336 0.000924065 2.5759e-06 3.42915e-05 8.73299e-05 0 12.49628639221191 13.46607685089111 23.53527641296387
0.999486 1.00157 0.643507 0.0650767 0.0470706 0.0180062 0.000795191 3.30089e-06 3.30847e-05 6.07451e-05 0 12.49553871154785 13.47201538085938 23.53527450561523
0.999483 1.00154 0.643487 0.0650537 0.0470761 0.0179776 0.00106555 3.33562e-06 3.16348e-05 0.000118052 0 12.49549770355225 13.47797012329102 23.53804397583008
0.999485 1.00156 0.643498 0.0650333 0.0470833 0.01795 0.00105916 3.30998e-06 3.24445e-05 5.5624e-05 0 12.49553108215332 13.48371601104736 23.54165840148926
0.999452 1.00158 0.643544 0.0650069 0.0470884 0.0179185 0.000971027 3.76067e-06 3.33495e-05 4.37342e-05 0 12.49510478973389 13.49041652679443 23.54420852661133
0.999469 1.00156 0.643512 0.0649906 0.0471079 0.0178827 0.000911712 3.51908e-06 3.23603e-05 3.85097e-05 0 12.49532032012939 13.49783134460449 23.5539608001709
0.999314 1.00175 0.643788 0.0649948 0.047141 0.0178538 0.00154513 5.87623e-06 4.10338e-05 0.00012175 0 12.49337863922119 13.50445175170898 23.57048225402832
0.999554 1.00146 0.643366 0.0650097 0.0471861 0.0178236 0.00156264 2.48596e-06 2.83277e-05 0.00010583 0 12.49638938903809 13.5098705291748 23.59305572509766
0.999328 1.0016 0.643674 0.065026 0.0472222 0.0178038 0.0013285 5.64244e-06 3.40128e-05 0.000162161 0 12.49355983734131 13.51486682891846 23.61108016967773
0.999482 1.00152 0.643474 0.0650014 0.0472357 0.0177657 0.0011693 3.35811e-06 3.06901e-05 6.70907e-05 0 12.4954776763916 13.52226638793945 23.61784362792969
0.999394 1.0016 0.643611 0.0649748 0.0472401 0.0177347 0.0011294 4.59512e-06 3.40347e-05 9.23144e-05 0 12.494384765625 13.52911186218262 23.62008285522461
0.999458 1.00157 0.64353 0.0648946 0.0471983 0.0176963 0.00109587 3.6692e-06 3.28652e-05 9.89708e-05 0 12.49518871307373 13.53693199157715 23.59916114807129
0.99942 1.00158 0.643573 0.0649231 0.0472617 0.0176614 0.00101709 4.2023e-06 3.32631e-05 7.16383e-05 0 12.49471759796143 13.54441547393799 23.63088989257812
0.999446 1.00157 0.643541 0.0649057 0.0472834 0.0176223 0.000962401 3.83809e-06 3.27496e-05 3.50488e-05 0 12.49503421783447 13.55253982543945 23.64169311523438
0.999433 1.00161 0.64358 0.0648291 0.0472427 0.0175863 0.000959323 4.0189e-06 3.4545e-05 0.000174439 0 12.4948787689209 13.56016254425049 23.62135696411133
0.999419 1.00157 0.643569 0.0648026 0.0472529 0.0175497 0.000893311 4.22279e-06 3.29228e-05 4.77442e-05 0 12.4946928024292 13.5679178237915 23.62643814086914
0.99943 1.00158 0.643565 0.0647624 0.0472485 0.0175139 0.000844838 4.06494e-06 3.33533e-05 3.54276e-05 0 12.49482345581055 13.5754508972168 23.6242504119873
0.999423 1.00158 0.643573 0.0647383 0.0472609 0.0174774 0.000813236 4.16333e-06 3.33864e-05 2.4171e-05 0 12.49475002288818 13.58317947387695 23.63044738769531
0.999426 1.00158 0.643568 0.064721 0.0472808 0.0174402 0.000841263 4.11353e-06 3.33165e-05 3.11372e-05 0 12.49478721618652 13.59105205535889 23.64042663574219
0.999416 1.00159 0.643583 0.0646909 0.0472885 0.0174023 0.000795762 4.25687e-06 3.36509e-05 2.16474e-05 0 12.49466705322266 13.59910011291504 23.64426612854004
0.999422 1.00158 0.643574 0.0646656 0.0473025 0.0173631 0.000769565 4.17548e-06 3.34362e-05 1.84294e-05 0 12.4947338104248 13.60740375518799 23.65127182006836
0.999394 1.0016 0.643611 0.0646416 0.047317 0.0173245 0.000905826 4.59692e-06 3.40838e-05 2.23765e-05 0 12.49438381195068 13.61569023132324 23.65851402282715
0.999453 1.00155 0.643525 0.0646256 0.0473348 0.0172908 0.000924698 3.74511e-06 3.21782e-05 1.93482e-05 0 12.4951171875 13.62263774871826 23.66741180419922
0.999386 1.00162 0.643633 0.0645998 0.0473459 0.017254 0.000894627 4.71298e-06 3.50257e-05 2.24697e-05 0 12.49428939819336 13.63070297241211 23.67292976379395
0.999443 1.00157 0.643546 0.064578 0.0473656 0.0172124 0.000842741 3.87857e-06 3.29395e-05 1.77133e-05 0 12.49500465393066 13.6393346786499 23.68280601501465
0.999386 1.00159 0.643614 0.0645668 0.0473903 0.0171765 0.000810326 4.71143e-06 3.37765e-05 2.12e-05 0 12.49428939819336 13.64719486236572 23.69514656066895
0.999416 1.00156 0.643564 0.064578 0.0474424 0.0171356 0.000816652 4.26653e-06 3.23535e-05 0.000111288 0 12.49464893341064 13.65582370758057 23.72120666503906
0.999403 1.00161 0.643611 0.0646071 0.04751 0.0170971 0.000776992 4.45779e-06 3.46485e-05 2.46561e-05 0 12.49449825286865 13.66409683227539 23.75500297546387
0.999403 1.00157 0.643582 0.0646258 0.0475675 0.0170583 0.000789245 4.45943e-06 3.2719e-05 5.06453e-05 0 12.49448490142822 13.67238998413086 23.78375053405762
0.999415 1.00159 0.643587 0.0646036 0.0475831 0.0170205 0.000786681 4.28272e-06 3.38169e-05 6.53405e-05 0 12.49464321136475 13.68043422698975 23.79155349731445
0.999405 1.00161 0.643609 0.0644848 0.0475012 0.0169836 0.000818654 4.43281e-06 3.46406e-05 0.000102537 0 12.4945125579834 13.68838214874268 23.75057411193848
0.999404 1.00163 0.643619 0.0644388 0.0474939 0.0169449 0.000764039 4.43975e-06 3.52572e-05 9.7983e-05 0 12.49449920654297 13.69668483734131 23.7469310760498
0.999378 1.00157 0.64361 0.0644328 0.0475268 0.0169061 0.000714319 4.84113e-06 3.30068e-05 5.26068e-05 0 12.49417209625244 13.70512104034424 23.76338768005371
0.999368 1.00159 0.643633 0.0644036 0.0475397 0.0168639 0.000743014 4.99406e-06 3.38944e-05 5.23009e-05 0 12.49405097961426 13.7142276763916 23.76984786987305
0.999374 1.0016 0.643634 0.0643445 0.0475206 0.0168239 0.000722951 4.90283e-06 3.4283e-05 0.000113976 0 12.49413776397705 13.72281169891357 23.76029396057129
0.999372 1.00158 0.643619 0.0643311 0.0475469 0.0167841 0.000694306 4.93484e-06 3.31784e-05 6.89932e-05 0 12.49410152435303 13.73140811920166 23.7734489440918
0.999368 1.00161 0.643646 0.064317 0.0475758 0.0167411 0.000741044 4.99761e-06 3.47097e-05 0.000102312 0 12.49405288696289 13.74070262908936 23.78794479370117
0.999397 1.00162 0.643624 0.064286 0.0475886 0.0166974 0.000694176 4.54697e-06 3.51111e-05 5.94577e-05 0 12.49441909790039 13.7500467300415 23.79431343078613
0.999353 1.00159 0.643648 0.064253 0.0475971 0.0166559 0.000670359 5.23655e-06 3.38927e-05 3.48909e-05 0 12.49386405944824 13.75917625427246 23.79854774475098
0.999371 1.00159 0.643627 0.0642488 0.0476378 0.016611 0.000929765 4.94945e-06 3.36762e-05 5.30265e-05 0 12.4940881729126 13.76885223388672 23.81891250610352
0.999387 1.00161 0.643624 0.0642286 0.0476603 0.0165683 0.000765755 4.70462e-06 3.44557e-05 3.60816e-05 0 12.49429130554199 13.77803802490234 23.83013725280762
0.999363 1.00161 0.643646 0.0642037 0.0476805 0.0165232 0.000782828 5.07792e-06 3.44191e-05 8.10557e-05 0 12.49399375915527 13.78792476654053 23.84024429321289
0.999372 1.00162 0.643646 0.0642197 0.0477421 0.0164776 0.000752863 4.93334e-06 3.49753e-05 7.54796e-05 0 12.49410247802734 13.79782676696777 23.87108421325684
0.999357 1.00162 0.643663 0.0641359 0.0477002 0.0164357 0.000776819 5.165e-06 3.51708e-05 0.000295868 0 12.49392700195312 13.80700492858887 23.8501148223877
0.999337 1.00164 0.64369 0.0641436 0.0477508 0.0163928 0.000732367 5.48826e-06 3.57143e-05 0.000131301 0 12.49367904663086 13.81643104553223 23.87540817260742
0.999361 1.00162 0.643657 0.0640842 0.0477361 0.0163481 0.000717119 5.10817e-06 3.49892e-05 0.000153258 0 12.4939661026001 13.8261079788208 23.8680534362793
0.999342 1.0016 0.643664 0.0640858 0.0477841 0.0163018 0.000701095 5.41568e-06 3.42644e-05 7.171e-05 0 12.49373054504395 13.83630275726318 23.89201164245605
0.999339 1.0016 0.643664 0.064004 0.0477469 0.016257 0.000694385 5.45518e-06 3.40726e-05 0.000121033 0 12.49370002746582 13.8461217880249 23.87347602844238
0.99933 1.00163 0.643691 0.0640193 0.0478074 0.0162119 0.000717482 5.61978e-06 3.52853e-05 7.00571e-05 0 12.49357318878174 13.85605335235596 23.9036865234375
0.999312 1.00159 0.643688 0.0640434 0.047883 0.0161603 0.000952264 5.92148e-06 3.39089e-05 0.000197606 0 12.49335765838623 13.86743927001953 23.9415168762207
0.999282 1.00161 0.643727 0.0639892 0.0478727 0.0161165 0.00141384 6.43874e-06 3.46068e-05 0.000260902 0 12.49298763275146 13.87718296051025 23.93634033203125
0.999304 1.00161 0.643707 0.0639743 0.0478885 0.0160858 0.0013286 6.06062e-06 3.46844e-05 0.000168525 0 12.49325370788574 13.88386249542236 23.94424629211426
0.999291 1.00165 0.643743 0.0639108 0.0478645 0.0160463 0.00119372 6.28404e-06 3.62721e-05 0.000133287 0 12.49309253692627 13.89262866973877 23.9322395324707
0.999302 1.00163 0.643719 0.0639827 0.0479841 0.0159986 0.00105714 6.09309e-06 3.53336e-05 0.000178085 0 12.4932336807251 13.90311336517334 23.99203109741211
0.999274 1.00159 0.643718 0.063981 0.0480296 0.0159515 0.000980542 6.58053e-06 3.35517e-05 0.000137152 0 12.49289321899414 13.91363430023193 24.0147705078125
0.999284 1.00159 0.643713 0.0639186 0.0480137 0.0159049 0.000923649 6.416e-06 3.37814e-05 0.000106888 0 12.49300289154053 13.92391586303711 24.0068359375
0.99929 1.00162 0.643724 0.0638114 0.0479574 0.0158541 0.00110252 6.30539e-06 3.49013e-05 0.000120044 0 12.493088722229 13.93516254425049 23.97867584228516
0.999237 1.00166 0.6438 0.06375 0.0479395 0.0158105 0.000903005 7.27525e-06 3.65895e-05 0.000108951 0 12.49242496490479 13.94501972198486 23.96975326538086
0.999316 1.00162 0.643702 0.0637265 0.0479655 0.0157609 0.000867277 5.85646e-06 3.50843e-05 6.0508e-05 0 12.49340915679932 13.95576953887939 23.9827766418457
0.999275 1.00164 0.64375 0.0636904 0.0479776 0.0157128 0.000837053 6.56535e-06 3.57396e-05 6.34233e-05 0 12.49289989471436 13.96662902832031 23.9887866973877
0.999262 1.00163 0.643762 0.0636327 0.0479699 0.0156629 0.00083693 6.81406e-06 3.56488e-05 9.33954e-05 0 12.49272918701172 13.97781276702881 23.98493766784668
0.999278 1.00163 0.643746 0.0635968 0.0479851 0.0156116 0.000809411 6.52005e-06 3.55931e-05 8.70432e-05 0 12.49293231964111 13.9892053604126 23.9925594329834
0.99925 1.00162 0.643764 0.063572 0.0480091 0.0155629 0.000797398 7.04041e-06 3.49885e-05 7.28525e-05 0 12.49257946014404 14.00021266937256 24.00456428527832
0.999221 1.00169 0.643834 0.0635657 0.048047 0.0155187 0.000923385 7.58519e-06 3.79244e-05 0.000115922 0 12.49221420288086 14.01022243499756 24.02351760864258
0.999219 1.00167 0.643825 0.0636417 0.0481696 0.0154721 0.000970204 7.63405e-06 3.70873e-05 0.000152632 0 12.49219226837158 14.02069473266602 24.0848217010498
0.99922 1.00158 0.643769 0.0635794 0.0481483 0.0154311 0.000893017 7.60503e-06 3.33855e-05 0.000603123 0 12.49221706390381 14.0298900604248 24.07414436340332
0.999212 1.00157 0.643772 0.0637893 0.0484063 0.015383 0.000856688 7.75885e-06 3.30951e-05 0.000269521 0 12.49211692810059 14.04074382781982 24.20312690734863
0.999268 1.00168 0.643783 0.0635545 0.0482216 0.015333 0.000822816 6.69253e-06 3.75409e-05 0.00029478 0 12.49282073974609 14.05184459686279 24.11077499389648
0.999246 1.00164 0.643779 0.0634693 0.0481817 0.0152876 0.000798472 7.10263e-06 3.58019e-05 0.000215692 0 12.49253177642822 14.06217384338379 24.09085655212402
0.999176 1.00161 0.643827 0.0635074 0.0482719 0.0152355 0.00102434 8.49625e-06 3.44361e-05 0.000104254 0 12.49165153503418 14.07420349121094 24.13596153259277
0.999215 1.00163 0.643806 0.0634163 0.0482343 0.015182 0.00100606 7.70776e-06 3.55537e-05 0.000188831 0 12.4921350479126 14.08618545532227 24.11715888977051
0.999092 1.00157 0.643885 0.0634048 0.048277 0.0151278 0.00262603 1.03038e-05 3.29394e-05 0.000396689 0 12.49061298370361 14.09892082214355 24.13851356506348
0.999102 1.00164 0.643919 0.0633665 0.0482994 0.015067 0.00161034 1.00751e-05 3.58182e-05 0.000284807 0 12.49073219299316 14.11268711090088 24.14971160888672
0.999184 1.00171 0.643885 0.0633413 0.0483346 0.0150067 0.00136127 8.32293e-06 3.89929e-05 0.000205301 0 12.49176120758057 14.126145362854 24.16730499267578
0.99915 1.00159 0.643841 0.0632504 0.0482925 0.014958 0.00136545 9.03121e-06 3.37083e-05 0.000180858 0 12.49133205413818 14.13739204406738 24.1462459564209
0.999138 1.00162 0.643872 0.063207 0.0483005 0.0149065 0.00136614 9.3002e-06 3.4962e-05 0.000114073 0 12.49118423461914 14.14920806884766 24.15027046203613
0.999188 1.00167 0.643853 0.0631731 0.0483245 0.0148485 0.00127352 8.23527e-06 3.70083e-05 0.000118416 0 12.49181079864502 14.16231250762939 24.16226959228516
0.99916 1.00169 0.643893 0.0631486 0.0483509 0.0147977 0.0012367 8.8114e-06 3.79262e-05 0.000102948 0 12.49146556854248 14.17405605316162 24.1754322052002
0.999117 1.00158 0.643864 0.0630905 0.0483449 0.0147456 0.00119131 9.74834e-06 3.31151e-05 0.000124047 0 12.49091720581055 14.18620014190674 24.1724681854248
0.999182 1.00175 0.643911 0.0630666 0.0483888 0.0146779 0.00124964 8.36321e-06 4.06884e-05 0.00018343 0 12.49174022674561 14.20158100128174 24.19439697265625
0.999183 1.00166 0.643852 0.0630436 0.0484207 0.0146228 0.00158773 8.33838e-06 3.66362e-05 0.000172477 0 12.49174976348877 14.21428680419922 24.21035766601562
0.99908 1.00167 0.643963 0.0629739 0.0484058 0.0145681 0.00124868 1.05803e-05 3.73751e-05 0.000107956 0 12.49045944213867 14.22729206085205 24.20290756225586
0.999102 1.0016 0.643894 0.0629923 0.0484847 0.0145076 0.00123909 1.00811e-05 3.41404e-05 0.000116249 0 12.49073696136475 14.24124622344971 24.24234962463379
0.999117 1.00167 0.643926 0.0629639 0.048509 0.0144549 0.00112256 9.7432e-06 3.72751e-05 9.20307e-05 0 12.49091339111328 14.25341892242432 24.25450706481934
0.999068 1.00165 0.64396 0.0628834 0.0484786 0.0144048 0.00130197 1.08678e-05 3.63578e-05 0.000125161 0 12.49029445648193 14.26523494720459 24.23928642272949
0.999111 1.00166 0.643922 0.06291 0.0485687 0.0143413 0.00129115 9.87122e-06 3.66399e-05 7.4057e-05 0 12.49084949493408 14.2799015045166 24.28434562683105
0.999113 1.00167 0.643929 0.0628954 0.0486052 0.0142903 0.00117694 9.84438e-06 3.72203e-05 9.12768e-05 0 12.49086856842041 14.29179859161377 24.30259895324707
0.99911 1.00167 0.643928 0.0628059 0.0485694 0.0142364 0.00108886 9.89529e-06 3.70138e-05 0.000118968 0 12.49083805084229 14.30440330505371 24.28472709655762
0.999099 1.00165 0.643931 0.0627851 0.0486042 0.0141809 0.00120398 1.01409e-05 3.64586e-05 9.08499e-05 0 12.49069690704346 14.31746482849121 24.30209732055664
0.999053 1.00168 0.643991 0.0627057 0.0485794 0.0141263 0.00105877 1.1208e-05 3.74878e-05 7.07688e-05 0 12.49011993408203 14.3304386138916 24.2896900177002
0.999084 1.00166 0.643949 0.0626248 0.0485553 0.0140695 0.000974442 1.0484e-05 3.67103e-05 0.000118885 0 12.49051189422607 14.34370899200439 24.27767181396484
0.999097 1.00168 0.643948 0.0626103 0.048597 0.0140134 0.000922392 1.0196e-05 3.74436e-05 6.8039e-05 0 12.49067211151123 14.35690116882324 24.29848480224609
0.999074 1.00171 0.64399 0.0626129 0.0486574 0.0139555 0.000890056 1.07162e-05 3.88533e-05 2.52128e-05 0 12.49037551879883 14.37063407897949 24.32870483398438
0.999013 1.00172 0.644055 0.0625371 0.0486391 0.013898 0.00132282 1.21703e-05 3.92995e-05 0.00011507 0 12.48962688446045 14.38446235656738 24.3195629119873
0.999001 1.00167 0.644037 0.0624957 0.0486443 0.0138514 0.00116842 1.24792e-05 3.72399e-05 0.0001171 0 12.48948001861572 14.39554786682129 24.32217407226562
0.999058 1.00167 0.643983 0.0624945 0.0486979 0.0137966 0.00173659 1.10928e-05 3.72759e-05 0.000123726 0 12.49018287658691 14.40838432312012 24.34896469116211
0.998951 1.00172 0.644119 0.0624509 0.0487112 0.0137397 0.00127108 1.37571e-05 3.9563e-05 6.38982e-05 0 12.48884582519531 14.42227649688721 24.35557556152344
0.999106 1.00164 0.643918 0.062383 0.0487005 0.0136826 0.00116311 9.98754e-06 3.60266e-05 0.000110877 0 12.49078369140625 14.43540573120117 24.3502368927002
0.998974 1.00169 0.644079 0.0623442 0.0487237 0.0136204 0.00154861 1.31602e-05 3.83105e-05 8.40197e-05 0 12.48913478851318 14.45069217681885 24.36183929443359
0.998966 1.00161 0.644033 0.062357 0.0488003 0.0135567 0.00157713 1.33747e-05 3.45828e-05 8.1554e-05 0 12.48903369903564 14.465989112854 24.40012741088867
0.99909 1.00177 0.644015 0.0622818 0.0487771 0.0135047 0.00144848 1.03589e-05 4.17757e-05 0.00012399 0 12.49057102203369 14.47807216644287 24.38854598999023
0.998972 1.00176 0.644121 0.0622394 0.048794 0.0134454 0.00129978 1.32042e-05 4.11799e-05 6.62206e-05 0 12.48910903930664 14.4927396774292 24.39701652526855
0.999027 1.00163 0.643989 0.0622171 0.0488278 0.0133892 0.00117294 1.18394e-05 3.56519e-05 3.18002e-05 0 12.48979949951172 14.50611114501953 24.41391372680664
0.999008 1.0017 0.644049 0.0622014 0.0488667 0.0133347 0.00107646 1.23093e-05 3.85066e-05 8.699e-05 0 12.48955059051514 14.51934909820557 24.43334197998047
0.998968 1.00169 0.644085 0.0621915 0.0489185 0.013273 0.00118496 1.33184e-05 3.83173e-05 5.48852e-05 0 12.48905849456787 14.53441333770752 24.45922088623047
0.998962 1.00171 0.644098 0.0621874 0.0489627 0.0132247 0.00114721 1.34631e-05 3.88552e-05 9.60079e-05 0 12.48897933959961 14.54616260528564 24.48134613037109
0.99904 1.00169 0.644012 0.0620963 0.0489303 0.013166 0.00108504 1.15301e-05 3.80541e-05 7.83614e-05 0 12.48995113372803 14.56020355224609 24.46516418457031
0.998939 1.00169 0.644112 0.0621136 0.0489959 0.0131177 0.00112272 1.40833e-05 3.82545e-05 9.20696e-05 0 12.48868656158447 14.57230091094971 24.49798583984375
0.99899 1.00161 0.644009 0.0620528 0.0489949 0.0130579 0.00152367 1.27431e-05 3.46191e-05 0.000199598 0 12.48934745788574 14.58671474456787 24.4974308013916
0.998884 1.00176 0.644211 0.0621015 0.0490959 0.0130056 0.0012901 1.55642e-05 4.15648e-05 8.46275e-05 0 12.48800849914551 14.59985733032227 24.54796409606934
0.999047 1.00166 0.643988 0.0619781 0.0490277 0.0129504 0.00118625 1.13476e-05 3.69083e-05 0.000185253 0 12.49005126953125 14.61289119720459 24.51386642456055
0.998943 1.00172 0.644126 0.0619667 0.049067 0.0128997 0.00119135 1.39762e-05 3.95166e-05 0.000130933 0 12.48874092102051 14.62568187713623 24.53353309631348
0.99897 1.00168 0.644074 0.0619394 0.0490955 0.0128439 0.00113056 1.32686e-05 3.77188e-05 0.000149055 0 12.4890832901001 14.639328956604 24.54775810241699
0.999 1.00169 0.644053 0.0619049 0.0491123 0.0127926 0.00104016 1.24898e-05 3.82687e-05 0.000180571 0 12.48946189880371 14.65189170837402 24.5561408996582
0.998962 1.00172 0.64411 0.0619383 0.0492003 0.012738 0.00101594 1.34699e-05 3.96975e-05 0.000215646 0 12.48898315429688 14.66551113128662 24.60016250610352
0.998957 1.0017 0.644099 0.0618258 0.0491378 0.0126879 0.00100546 1.35872e-05 3.86401e-05 0.000282504 0 12.48892879486084 14.67794036865234 24.56889152526855
0.998971 1.00168 0.64407 0.0617993 0.0491626 0.0126367 0.000938328 1.3229e-05 3.74786e-05 0.000129499 0 12.48910045623779 14.69061851501465 24.58132743835449
0.998967 1.00172 0.644105 0.0617056 0.0491183 0.0125873 0.000909704 1.33323e-05 3.96861e-05 0.000141647 0 12.48905372619629 14.70292377471924 24.55914115905762
0.998968 1.00172 0.644098 0.0617175 0.0491823 0.0125352 0.000923689 1.33027e-05 3.92613e-05 0.000106289 0 12.48906135559082 14.71590709686279 24.59114646911621
0.998883 1.00166 0.644145 0.0617217 0.0492456 0.0124761 0.00148504 1.55878e-05 3.68221e-05 0.000195027 0 12.48800754547119 14.73093509674072 24.62277984619141
0.998929 1.00171 0.644131 0.0616692 0.0492441 0.0124251 0.00123078 1.43359e-05 3.89261e-05 0.000155221 0 12.4885778427124 14.74355983734131 24.6220645904541
0.998955 1.0017 0.644103 0.0616379 0.0492632 0.0123747 0.00123628 1.36544e-05 3.87325e-05 0.000116825 0 12.4888916015625 14.75612449645996 24.6315803527832
0.998917 1.0017 0.64414 0.0615817 0.049264 0.0123176 0.00116349 1.46535e-05 3.87475e-05 0.000184044 0 12.48842716217041 14.77058982849121 24.63201713562012
0.998966 1.00174 0.644118 0.0615977 0.0493328 0.012265 0.00104875 1.33616e-05 4.0554e-05 0.000103637 0 12.48904228210449 14.78371524810791 24.66639137268066
0.998923 1.00169 0.644125 0.0614575 0.0492498 0.0122077 0.00133265 1.44948e-05 3.81166e-05 0.000403031 0 12.48849105834961 14.79831504821777 24.62490463256836
0.998889 1.00171 0.644169 0.0615824 0.0494277 0.0121547 0.0010679 1.54303e-05 3.88985e-05 0.000155769 0 12.48806571960449 14.81183338165283 24.71382522583008
0.998944 1.00175 0.644142 0.0614481 0.0493447 0.0121034 0.00102223 1.39331e-05 4.07568e-05 0.000354323 0 12.48876285552979 14.82466888427734 24.67235374450684
0.998933 1.0017 0.644122 0.0614852 0.0494367 0.0120485 0.000972732 1.42289e-05 3.85778e-05 0.000130379 0 12.48862075805664 14.8386697769165 24.71835517883301
0.998886 1.00172 0.644182 0.0613703 0.0493727 0.0119976 0.000937473 1.55165e-05 3.95691e-05 0.000237098 0 12.488037109375 14.85176467895508 24.68631553649902
0.998946 1.00171 0.644114 0.0613441 0.0493998 0.0119443 0.000881527 1.38832e-05 3.88681e-05 0.000193037 0 12.48878002166748 14.86520671844482 24.69989395141602
0.998945 1.00176 0.644147 0.0613425 0.0494498 0.0118927 0.000847202 1.39157e-05 4.11798e-05 8.58967e-05 0 12.48877239227295 14.87841320037842 24.72489738464355
0.998875 1.00171 0.644183 0.061223 0.0493778 0.0118452 0.00107871 1.58345e-05 3.88584e-05 0.000251797 0 12.48789215087891 14.89079093933105 24.68889999389648
0.998905 1.00167 0.644129 0.0612861 0.0494936 0.0117926 0.00100267 1.49937e-05 3.71488e-05 5.57445e-05 0 12.48827075958252 14.90424251556396 24.74679565429688
0.998893 1.00175 0.644191 0.0611608 0.0494145 0.0117463 0.000992847 1.53127e-05 4.07112e-05 0.000146295 0 12.48812675476074 14.91618728637695 24.7072582244873
0.998949 1.00174 0.644134 0.0611067 0.0494094 0.0116973 0.00128784 1.38002e-05 4.05507e-05 8.16002e-05 0 12.4888219833374 14.92865753173828 24.70469856262207
0.99891 1.00171 0.644153 0.0610517 0.0494032 0.0116485 0.00135298 1.48519e-05 3.91687e-05 7.69707e-05 0 12.48834037780762 14.94141578674316 24.70158195495605
0.998845 1.00178 0.644256 0.0610212 0.0494266 0.0115946 0.00107436 1.66824e-05 4.20929e-05 5.95658e-05 0 12.48752021789551 14.95557308197021 24.71327972412109
0.998873 1.00175 0.644211 0.0609878 0.0494361 0.0115517 0.00103857 1.58759e-05 4.0801e-05 4.52508e-05 0 12.48786735534668 14.96662044525146 24.71804809570312
0.998906 1.00171 0.644152 0.0609588 0.0494519 0.0115069 0.000995504 1.49729e-05 3.88004e-05 3.95243e-05 0 12.48827838897705 14.97817707061768 24.7259635925293
0.99889 1.00175 0.644195 0.060959 0.049497 0.011462 0.00105841 1.54063e-05 4.07704e-05 5.29976e-05 0 12.48808097839355 14.98994731903076 24.7485179901123
0.998892 1.00175 0.644192 0.0609227 0.0495077 0.0114149 0.000947737 1.53524e-05 4.07474e-05 3.13189e-05 0 12.48810958862305 15.00221729278564 24.75386619567871
0.998894 1.00173 0.644182 0.0608775 0.0495083 0.0113692 0.000884717 1.52841e-05 4.01558e-05 4.4301e-05 0 12.48813438415527 15.01418495178223 24.7541618347168
0.99887 1.00173 0.644201 0.060824 0.0495048 0.0113191 0.00108234 1.5955e-05 3.98901e-05 4.47038e-05 0 12.48783588409424 15.02738952636719 24.75241279602051
0.99887 1.00173 0.644201 0.0608073 0.0495341 0.0112732 0.000999117 1.59717e-05 3.97925e-05 4.30815e-05 0 12.48783302307129 15.03947639465332 24.76706886291504
0.998857 1.00175 0.644229 0.0607766 0.0495488 0.0112278 0.00132757 1.63349e-05 4.0949e-05 8.67267e-05 0 12.48766422271729 15.05145835876465 24.7743968963623
0.998846 1.00173 0.644228 0.0607323 0.0495486 0.0111838 0.00112338 1.66427e-05 4.01503e-05 3.99373e-05 0 12.48753356933594 15.0631046295166 24.77427291870117
0.998893 1.0017 0.64416 0.0606965 0.0495563 0.0111402 0.0010192 1.53168e-05 3.85018e-05 3.24821e-05 0 12.48812103271484 15.07447624206543 24.77813911437988
0.998853 1.00173 0.644218 0.0606564 0.0495638 0.0110927 0.000971608 1.64504e-05 3.99009e-05 2.57013e-05 0 12.48762226104736 15.08719730377197 24.78187561035156
0.998853 1.00174 0.644227 0.060619 0.049577 0.011042 0.00122515 1.6451e-05 4.05533e-05 6.54313e-05 0 12.48761463165283 15.10066699981689 24.78849411010742
0.998876 1.00172 0.644188 0.0606255 0.0496256 0.0109999 0.00132905 1.57812e-05 3.93255e-05 6.73244e-05 0 12.48791980743408 15.11179542541504 24.81279563903809
0.99883 1.00172 0.644235 0.0605723 0.049614 0.0109583 0.00115667 1.71004e-05 3.95082e-05 4.29685e-05 0 12.48734951019287 15.1230297088623 24.8070182800293
0.998895 1.00171 0.644168 0.0605428 0.0496279 0.0109148 0.00106158 1.52786e-05 3.91939e-05 3.10928e-05 0 12.48813629150391 15.13444519042969 24.81396675109863
0.99885 1.00174 0.644231 0.0605278 0.0496536 0.0108742 0.00129677 1.6543e-05 4.05517e-05 6.70865e-05 0 12.48758316040039 15.14545631408691 24.82680511474609
0.998806 1.00173 0.644266 0.0604903 0.0496601 0.0108302 0.00108343 1.78208e-05 4.00975e-05 4.22535e-05 0 12.48703670501709 15.157395362854 24.83005332946777
0.998882 1.00173 0.644191 0.0604613 0.0496735 0.0107879 0.00110185 1.56221e-05 3.99937e-05 2.91908e-05 0 12.48798942565918 15.168532371521 24.83672714233398
0.998815 1.00178 0.644285 0.0604447 0.0496964 0.0107483 0.0012685 1.7555e-05 4.20748e-05 5.01891e-05 0 12.48715209960938 15.17939472198486 24.84819030761719
0.998813 1.00177 0.644281 0.0604063 0.0496994 0.0107069 0.00111033 1.76234e-05 4.16399e-05 2.40365e-05 0 12.48711013793945 15.19056129455566 24.84970092773438
0.998902 1.0017 0.644153 0.0603789 0.0497137 0.0106652 0.0011249 1.50785e-05 3.85842e-05 3.18974e-05 0 12.4882287979126 15.20157432556152 24.85685348510742
0.99887 1.00172 0.644197 0.0603456 0.0497232 0.0106223 0.00101719 1.59657e-05 3.95843e-05 2.32623e-05 0 12.48782634735107 15.21326160430908 24.86160087585449
0.998749 1.00182 0.644379 0.0603401 0.0497591 0.0105809 0.00127429 1.95784e-05 4.43265e-05 9.75145e-05 0 12.48631000518799 15.22485542297363 24.87954521179199
0.998861 1.00169 0.644186 0.0603275 0.0497965 0.010531 0.00122483 1.6213e-05 3.81997e-05 5.41181e-05 0 12.4877233505249 15.23809623718262 24.89824676513672
0.998841 1.00175 0.644242 0.0602631 0.049774 0.0104892 0.00108736 1.67861e-05 4.08056e-05 4.85323e-05 0 12.4874792098999 15.24955749511719 24.88699722290039
0.998816 1.00174 0.644261 0.0602279 0.0497856 0.0104422 0.00124868 1.75253e-05 4.04093e-05 5.31359e-05 0 12.48716735839844 15.26245307922363 24.89282608032227
0.998814 1.00174 0.644261 0.0601927 0.0497938 0.0103989 0.00110146 1.7598e-05 4.01947e-05 2.34009e-05 0 12.48713397979736 15.27432250976562 24.89688110351562
0.998854 1.00173 0.64422 0.0601625 0.0498073 0.0103552 0.00102866 1.64134e-05 4.01163e-05 1.67475e-05 0 12.48762989044189 15.2861852645874 24.90365791320801
0.998831 1.00175 0.644252 0.0601313 0.0498181 0.0103132 0.000977897 1.70765e-05 4.08067e-05 1.37031e-05 0 12.48735237121582 15.2977991104126 24.90907096862793
0.99885 1.00178 0.644256 0.0601068 0.0498366 0.0102702 0.00102213 1.65198e-05 4.25106e-05 3.37558e-05 0 12.48758220672607 15.30957698822021 24.91827392578125
0.9988 1.00173 0.644272 0.0601047 0.0498721 0.0102326 0.00113359 1.79998e-05 4.00598e-05 3.49744e-05 0 12.48695850372314 15.32008075714111 24.93601608276367
0.99885 1.00171 0.64421 0.0600597 0.0498686 0.0101912 0.00104845 1.65326e-05 3.90743e-05 1.72096e-05 0 12.48758411407471 15.3314208984375 24.93428611755371
0.99886 1.00176 0.644229 0.0600301 0.0498803 0.0101498 0.00100714 1.62539e-05 4.11254e-05 1.54501e-05 0 12.48769474029541 15.34284210205078 24.94013977050781
0.998811 1.00171 0.644249 0.0600078 0.0498999 0.0101078 0.0010195 1.76702e-05 3.91824e-05 1.6406e-05 0 12.48709869384766 15.35462379455566 24.94996452331543
0.998844 1.00174 0.644235 0.0599785 0.0499081 0.0100704 0.00143308 1.67188e-05 4.04381e-05 5.568e-05 0 12.4875020980835 15.36493396759033 24.95407104492188
0.998874 1.00177 0.644224 0.0599528 0.0499193 0.0100335 0.00112358 1.58529e-05 4.18157e-05 2.38885e-05 0 12.48788166046143 15.37514495849609 24.95966911315918
0.998857 1.00173 0.644214 0.0599599 0.049969 0.00999092 0.00130106 1.63304e-05 3.9901e-05 9.42986e-05 0 12.48766899108887 15.38707828521729 24.98452377319336
0.998763 1.00166 0.644259 0.0599276 0.0499777 0.00994991 0.00170339 1.91264e-05 3.66741e-05 0.000154555 0 12.48649883270264 15.39882469177246 24.98886108398438
0.998837 1.00177 0.644258 0.0598893 0.0499696 0.00991976 0.0014339 1.69211e-05 4.16374e-05 6.70812e-05 0 12.48741817474365 15.40706729888916 24.98477745056152
0.998887 1.00174 0.644194 0.0598611 0.0499731 0.00988804 0.00131663 1.54768e-05 4.05836e-05 4.90306e-05 0 12.48805141448975 15.41582870483398 24.98651885986328
0.99884 1.00172 0.644227 0.0598308 0.0499754 0.00985547 0.0012325 1.68151e-05 3.96296e-05 3.95021e-05 0 12.48745727539062 15.42511463165283 24.98767471313477
0.998823 1.0017 0.64423 0.0598015 0.0499826 0.00981885 0.00116311 1.7322e-05 3.86912e-05 2.68005e-05 0 12.48725128173828 15.43548202514648 24.99130058288574
0.998877 1.00171 0.644183 0.0597771 0.0499933 0.00978374 0.00111205 1.57623e-05 3.90347e-05 1.86404e-05 0 12.48791885375977 15.4452428817749 24.99665641784668
0.998871 1.00171 0.644191 0.0597696 0.0500213 0.00974821 0.00108336 1.5934e-05 3.91807e-05 1.72745e-05 0 12.48784923553467 15.45529651641846 25.01066970825195
0.998827 1.00173 0.644245 0.0597297 0.0500176 0.00971218 0.00106676 1.72006e-05 4.00374e-05 3.03124e-05 0 12.48730564117432 15.46561717987061 25.00878524780273
0.998853 1.00173 0.644216 0.0597083 0.0500336 0.0096747 0.00106384 1.64594e-05 3.97394e-05 1.5122e-05 0 12.48761463165283 15.47618865966797 25.01679611206055
0.998865 1.0017 0.644187 0.0596886 0.0500487 0.00963993 0.00132429 1.60983e-05 3.85484e-05 0.00012023 0 12.48777866363525 15.48603534698486 25.02435493469238
0.998827 1.00175 0.644255 0.0596567 0.0500527 0.00960403 0.00112404 1.71961e-05 4.07144e-05 5.63389e-05 0 12.4872932434082 15.49636459350586 25.02633094787598
0.998896 1.00172 0.644168 0.0596747 0.0501141 0.00956056 0.0010368 1.52425e-05 3.9261e-05 2.38968e-05 0 12.48814392089844 15.50858211517334 25.05705833435059
0.998856 1.00169 0.644188 0.0596737 0.0501475 0.00952619 0.00106529 1.63503e-05 3.79935e-05 0.000111895 0 12.48766136169434 15.51852130889893 25.07373237609863
0.99883 1.0017 0.644221 0.0596667 0.0501782 0.00948853 0.000981657 1.71208e-05 3.84658e-05 0.00012286 0 12.48732662200928 15.52938365936279 25.08910369873047
0.998843 1.00174 0.644235 0.0595974 0.0501457 0.00945163 0.00106268 1.67335e-05 4.04114e-05 0.000125837 0 12.48750400543213 15.53993606567383 25.07287406921387
0.998856 1.00169 0.644192 0.0595506 0.0501357 0.0094149 0.00166191 1.63675e-05 3.82063e-05 0.000190733 0 12.48766136169434 15.55047130584717 25.06782341003418
0.998829 1.00173 0.644239 0.0595151 0.0501353 0.00937988 0.00167704 1.71311e-05 3.97262e-05 9.35061e-05 0 12.48732376098633 15.56063270568848 25.06761741638184
0.998807 1.00168 0.644229 0.0595003 0.0501568 0.00934352 0.00132579 1.7796e-05 3.75181e-05 5.68298e-05 0 12.48704433441162 15.57118511199951 25.0783748626709
0.998848 1.00168 0.644192 0.0594658 0.0501586 0.00930725 0.00130074 1.65816e-05 3.77551e-05 4.81627e-05 0 12.48756980895996 15.58156967163086 25.07929229736328
0.998821 1.00171 0.644236 0.0594349 0.0501618 0.00927315 0.00117534 1.73914e-05 3.89245e-05 2.74042e-05 0 12.48720455169678 15.59152889251709 25.08088111877441
0.998859 1.0017 0.644194 0.0594253 0.0501894 0.0092359 0.00148977 1.62782e-05 3.85567e-05 4.94878e-05 0 12.48769664764404 15.60224342346191 25.09468841552734
0.998774 1.00167 0.64426 0.0593961 0.0501879 0.00920819 0.00139625 1.88028e-05 3.74097e-05 5.78989e-05 0 12.48663520812988 15.61052894592285 25.09395027160645
0.998863 1.00164 0.64415 0.059382 0.0502159 0.00916608 0.00156179 1.61522e-05 3.5819e-05 7.68013e-05 0 12.48774909973145 15.62257385253906 25.10795402526855
0.998784 1.00175 0.644296 0.0593579 0.0502175 0.00914035 0.00144778 1.8474e-05 4.07192e-05 4.16971e-05 0 12.48675918579102 15.63030529022217 25.1087532043457
0.99886 1.00169 0.644185 0.0593309 0.0502257 0.0091052 0.00134972 1.62563e-05 3.79861e-05 3.71498e-05 0 12.48771095275879 15.6403751373291 25.11286735534668
0.998843 1.00163 0.644166 0.0593158 0.0502405 0.0090753 0.00128553 1.67419e-05 3.5584e-05 5.12261e-05 0 12.48750019073486 15.64918231964111 25.12025260925293
0.998822 1.00168 0.644217 0.0592877 0.0502443 0.00904346 0.00120353 1.73427e-05 3.77277e-05 6.36291e-05 0 12.48724365234375 15.65858268737793 25.12212944030762
0.998849 1.00169 0.644195 0.0592696 0.0502607 0.00900886 0.00123744 1.65663e-05 3.79788e-05 5.14239e-05 0 12.48757076263428 15.66868591308594 25.13037872314453
0.998881 1.00172 0.644188 0.0593644 0.0503864 0.00897797 0.00118454 1.5656e-05 3.96415e-05 7.32005e-05 0 12.48796558380127 15.67770862579346 25.19320678710938
0.99883 1.00161 0.644161 0.0592481 0.0502991 0.008949 0.00168864 1.71258e-05 3.43887e-05 0.000207411 0 12.48733043670654 15.68638324737549 25.14956474304199
0.998833 1.00164 0.644182 0.059274 0.0503543 0.00891973 0.00136105 1.70376e-05 3.60005e-05 9.87689e-05 0 12.48737335205078 15.69502639770508 25.17718696594238
0.998851 1.0017 0.644199 0.0592351 0.0503468 0.00888828 0.0011665 1.65077e-05 3.83877e-05 6.2486e-05 0 12.48759365081787 15.70428848266602 25.17338371276855
0.998869 1.00168 0.64417 0.0591804 0.0503226 0.00885775 0.00109645 1.60033e-05 3.7582e-05 4.7881e-05 0 12.48781585693359 15.71331024169922 25.16130256652832
0.998872 1.00162 0.644131 0.0591581 0.05033 0.00882814 0.00127406 1.59106e-05 3.50909e-05 4.34685e-05 0 12.48786067962646 15.72208690643311 25.16499519348145
0.998823 1.00169 0.64422 0.0591352 0.0503346 0.00880064 0.00114304 1.73093e-05 3.80084e-05 3.58272e-05 0 12.48724555969238 15.73039627075195 25.16727828979492
0.998899 1.00163 0.644109 0.059117 0.0503489 0.00876805 0.0010959 1.51628e-05 3.5393e-05 2.09941e-05 0 12.48819351196289 15.73990821838379 25.17445373535156
0.998924 1.00164 0.644095 0.0591008 0.0503608 0.00874003 0.00104982 1.44696e-05 3.6094e-05 5.80816e-05 0 12.48850917816162 15.74821853637695 25.18039131164551
0.99888 1.00168 0.644163 0.0590775 0.050365 0.00871247 0.00101993 1.56887e-05 3.77945e-05 4.55468e-05 0 12.48795890808105 15.75656986236572 25.18249320983887
0.998901 1.00163 0.644106 0.0591205 0.0504366 0.00868393 0.00115147 1.50974e-05 3.53187e-05 6.77507e-05 0 12.48821830749512 15.76504993438721 25.21829223632812
0.998938 1.00165 0.644086 0.0591445 0.0504859 0.00865864 0.00109935 1.40936e-05 3.639e-05 8.27655e-05 0 12.48868942260742 15.77256011962891 25.24297332763672
0.998934 1.00165 0.64409 0.0590455 0.0504138 0.00863165 0.000963504 1.42119e-05 3.64104e-05 8.18809e-05 0 12.48863124847412 15.78068351745605 25.20691871643066
0.998938 1.00161 0.644061 0.0590715 0.05047 0.00860159 0.00116792 1.40916e-05 3.46867e-05 8.88856e-05 0 12.48868751525879 15.78971481323242 25.2349739074707
0.99892 1.00165 0.6441 0.0590473 0.0504686 0.00857864 0.00109474 1.457e-05 3.61693e-05 8.89101e-05 0 12.48846340179443 15.79667663574219 25.23432350158691
0.998908 1.00162 0.644092 0.0590489 0.0504938 0.00855515 0.00100356 1.49212e-05 3.48108e-05 8.8516e-05 0 12.48830032348633 15.80379772186279 25.24688148498535
0.998952 1.00163 0.64406 0.0590467 0.0505143 0.00853232 0.00118169 1.3742e-05 3.54994e-05 0.000117743 0 12.48885536193848 15.81057739257812 25.25716590881348
0.99891 1.00161 0.644088 0.0589744 0.0504605 0.00851394 0.000985986 1.48413e-05 3.47343e-05 0.000155886 0 12.48833656311035 15.81625652313232 25.23026084899902
0.998937 1.00157 0.644035 0.058969 0.050477 0.00849201 0.000958831 1.41367e-05 3.29149e-05 0.000196448 0 12.48866271972656 15.822829246521 25.23847007751465
0.998924 1.00163 0.644088 0.058961 0.0504915 0.00846943 0.000926506 1.44772e-05 3.55694e-05 0.000196112 0 12.48850250244141 15.82971477508545 25.24575233459473
0.998905 1.00165 0.64412 0.05892 0.0504722 0.00844779 0.00096322 1.49813e-05 3.65377e-05 0.000203444 0 12.48827934265137 15.83633899688721 25.23608589172363
0.998974 1.00159 0.644009 0.0589552 0.0505302 0.00842501 0.000906614 1.31675e-05 3.35381e-05 0.00016711 0 12.48912715911865 15.84308338165283 25.26506423950195
0.998998 1.00156 0.643969 0.058983 0.0505787 0.00840432 0.000848112 1.25628e-05 3.24513e-05 0.000123989 0 12.48943519592285 15.84933471679688 25.28936004638672
0.99899 1.0016 0.644003 0.0589489 0.05057 0.0083789 0.000861669 1.27465e-05 3.41783e-05 6.37602e-05 0 12.48934173583984 15.857102394104 25.28500747680664
0.998916 1.0016 0.644077 0.0589226 0.0505641 0.00835851 0.000829409 1.46811e-05 3.43613e-05 6.37811e-05 0 12.48841190338135 15.86352157592773 25.28205680847168
0.998959 1.00158 0.644022 0.0588743 0.050538 0.00833636 0.000812258 1.356e-05 3.34225e-05 5.32599e-05 0 12.4889440536499 15.87018871307373 25.26899719238281
0.999009 1.00157 0.643962 0.0588679 0.0505521 0.00831578 0.000784361 1.22698e-05 3.26958e-05 2.193e-05 0 12.4895658493042 15.87635898590088 25.27605247497559
0.998998 1.00153 0.643953 0.0588477 0.050552 0.00829574 0.000769228 1.25607e-05 3.13887e-05 4.90642e-05 0 12.48942184448242 15.88253498077393 25.27600288391113
0.998998 1.00155 0.64396 0.0588232 0.0505508 0.00827247 0.0008611 1.25395e-05 3.19293e-05 5.47796e-05 0 12.48943042755127 15.88966751098633 25.2753791809082
0.998995 1.00156 0.643974 0.0588391 0.0505912 0.00824791 0.00081598 1.26312e-05 3.25645e-05 5.61221e-05 0 12.48938655853271 15.89723014831543 25.29557800292969
0.998993 1.00158 0.643987 0.0588233 0.0505959 0.00822739 0.000786705 1.26687e-05 3.33187e-05 8.16711e-05 0 12.48936939239502 15.90355205535889 25.29795074462891
0.999019 1.00154 0.643933 0.0588221 0.0506181 0.008204 0.000749606 1.20378e-05 3.14405e-05 8.83848e-05 0 12.48968696594238 15.91069793701172 25.30903434753418
0.999063 1.00147 0.643851 0.058809 0.0506315 0.0081775 0.000966719 1.09717e-05 2.90213e-05 7.11362e-05 0 12.49025344848633 15.91876792907715 25.31575393676758
0.999019 1.00156 0.643952 0.0587557 0.0505991 0.00815661 0.000857276 1.20281e-05 3.2659e-05 5.71577e-05 0 12.48969745635986 15.92533874511719 25.29952812194824
0.999001 1.00154 0.643951 0.0587488 0.0506177 0.00813113 0.000816251 1.24774e-05 3.15056e-05 4.41627e-05 0 12.48947238922119 15.93326568603516 25.3088321685791
0.999047 1.00152 0.643898 0.058742 0.0506348 0.00810724 0.00078467 1.13481e-05 3.09543e-05 1.97461e-05 0 12.4900484085083 15.94055271148682 25.31737899780273
0.999087 1.00149 0.643837 0.0587518 0.0506668 0.008085 0.000828309 1.04308e-05 2.95061e-05 5.91542e-05 0 12.49053859710693 15.94736289978027 25.3333740234375
0.999088 1.00149 0.643837 0.0587152 0.0506543 0.00806081 0.000779892 1.03998e-05 2.96022e-05 5.42894e-05 0 12.49055194854736 15.95488929748535 25.32718086242676
0.999064 1.00149 0.64386 0.0587248 0.0506879 0.00803684 0.000760536 1.09527e-05 2.95768e-05 5.03896e-05 0 12.49025821685791 15.96240234375 25.34395980834961
0.999069 1.00148 0.64385 0.0587493 0.0507338 0.00801547 0.00079041 1.08424e-05 2.9257e-05 0.000145294 0 12.49031162261963 15.96905899047852 25.36690521240234
0.999112 1.00148 0.643809 0.05871 0.0507177 0.00799222 0.000734285 9.8545e-06 2.93347e-05 0.000107841 0 12.49086093902588 15.97621440887451 25.35886192321777
0.999109 1.00144 0.643788 0.0587197 0.050748 0.00797174 0.000714108 9.93554e-06 2.78567e-05 5.94645e-05 0 12.49081516265869 15.98263168334961 25.37396812438965
0.999103 1.00145 0.643798 0.0586812 0.0507281 0.00795309 0.000895328 1.00669e-05 2.81073e-05 0.000148158 0 12.49074172973633 15.98848438262939 25.36405372619629
0.999124 1.00146 0.643781 0.0586702 0.0507363 0.00793391 0.000928006 9.59655e-06 2.83028e-05 0.000188054 0 12.49100399017334 15.99443626403809 25.36813354492188
0.999192 1.00144 0.643705 0.0587746 0.0508631 0.00791146 0.0015514 8.16742e-06 2.77032e-05 0.000226876 0 12.49185562133789 16.0013370513916 25.43152809143066
0.999086 1.0015 0.643848 0.0586853 0.0507865 0.00789877 0.00103657 1.04454e-05 3.01989e-05 0.000269334 0 12.49053478240967 16.00557518005371 25.39325141906738
0.999099 1.00147 0.643815 0.0587026 0.0508239 0.00787873 0.00123148 1.01472e-05 2.88966e-05 8.94752e-05 0 12.49068355560303 16.01184463500977 25.41195678710938
0.999149 1.00143 0.643742 0.0586831 0.050821 0.00786214 0.0010133 9.05893e-06 2.7438e-05 0.000137297 0 12.49131774902344 16.01695251464844 25.41049385070801
0.999185 1.00137 0.643665 0.0587004 0.0508544 0.00784601 0.0010159 8.29979e-06 2.49912e-05 0.000160101 0 12.49177265167236 16.02194595336914 25.42717361450195
0.999187 1.0014 0.643681 0.0586779 0.0508499 0.00782805 0.000923476 8.26615e-06 2.60165e-05 0.000114051 0 12.49179458618164 16.02760314941406 25.4249210357666
0.999159 1.00141 0.643716 0.0586911 0.0508818 0.00780927 0.00115152 8.84786e-06 2.64641e-05 0.000272088 0 12.49144458770752 16.03360557556152 25.44093322753906
0.99909 1.00139 0.643772 0.0586376 0.0508432 0.00779445 0.00115518 1.03503e-05 2.58341e-05 0.000243929 0 12.49058532714844 16.03846549987793 25.42158699035645
0.999183 1.00137 0.64367 0.0587984 0.0510276 0.00777086 0.00118574 8.3463e-06 2.5149e-05 0.000248764 0 12.49175262451172 16.04571342468262 25.51379013061523
0.999228 1.00137 0.643622 0.0587897 0.051032 0.00775765 0.00104496 7.44987e-06 2.48887e-05 0.000135009 0 12.49230766296387 16.04977798461914 25.51601791381836
0.999299 1.00135 0.643544 0.0587138 0.0509731 0.0077407 0.000967298 6.14582e-06 2.4355e-05 0.000195365 0 12.49319648742676 16.05499267578125 25.48651504516602
0.999249 1.00129 0.64355 0.0586725 0.0509466 0.00772594 0.00136581 7.04581e-06 2.20407e-05 0.0002805 0 12.49258327484131 16.05980682373047 25.47329330444336
0.999241 1.00132 0.64358 0.0586034 0.0508926 0.00771085 0.00113654 7.19594e-06 2.32719e-05 0.00025618 0 12.49247455596924 16.06463050842285 25.44628524780273
0.999199 1.00138 0.643661 0.0585695 0.0508687 0.00770077 0.00101219 8.02371e-06 2.55236e-05 0.00022539 0 12.49194431304932 16.06794357299805 25.43435478210449
0.999228 1.00136 0.643617 0.0586118 0.0509244 0.00768745 0.00100418 7.45232e-06 2.46009e-05 6.58425e-05 0 12.49231147766113 16.07211112976074 25.4621753692627
0.999262 1.00128 0.643531 0.0586014 0.0509248 0.0076766 0.00155767 6.80628e-06 2.17275e-05 0.000210028 0 12.49274158477783 16.07549095153809 25.4624137878418
0.99928 1.00126 0.643503 0.0585983 0.050936 0.00766232 0.00134081 6.48175e-06 2.11373e-05 0.000127908 0 12.49295234680176 16.07999801635742 25.468017578125
0.999275 1.0013 0.643533 0.0585554 0.0509068 0.00764858 0.00116186 6.5709e-06 2.25061e-05 0.000113749 0 12.49289226531982 16.08439445495605 25.45340156555176
0.999231 1.00133 0.643599 0.0585871 0.0509519 0.00763527 0.00105743 7.39051e-06 2.37499e-05 9.00573e-05 0 12.49235439300537 16.08877182006836 25.47593116760254
0.999266 1.00131 0.643549 0.0586002 0.0509848 0.00761533 0.00121472 6.74201e-06 2.28531e-05 0.000148182 0 12.49277591705322 16.09506225585938 25.49242210388184
0.99923 1.0013 0.643576 0.0585655 0.0509605 0.00760497 0.00105473 7.42097e-06 2.2447e-05 0.000204592 0 12.49233055114746 16.09846496582031 25.48027420043945
0.999308 1.00127 0.643483 0.0585795 0.0509913 0.00758821 0.000979311 5.98821e-06 2.15341e-05 0.000200137 0 12.49330234527588 16.10363960266113 25.49564743041992
