A/A0 V/V0 Vr eb eb_bend eb_ad ea ega ev ek ee
1 1.00092 0.642589 0.109093 0.0496849 0.0594082 0.000367957 0 1.12357e-05 7.05323e-10 0
1.00125 1.00131 0.641631 0.107103 0.0497291 0.0573738 0.000452836 1.96615e-05 2.27502e-05 0.000410894 0
1.00197 1.00017 0.640222 0.105353 0.04981 0.0555434 0.000808768 4.83705e-05 4.07809e-07 0.000403521 0
1.00235 0.999685 0.639539 0.10396 0.0498539 0.0541066 0.00112696 6.92555e-05 1.322e-06 0.000381778 0
1.00228 0.999787 0.63967 0.102765 0.0499087 0.0528559 0.0013646 6.5238e-05 6.03944e-07 0.000435656 0
1.00199 1.00009 0.640149 0.101824 0.0499721 0.0518519 0.00126598 4.94425e-05 1.15953e-07 0.000369908 0
1.00168 1.00036 0.640616 0.100977 0.0500481 0.0509289 0.00153491 3.54164e-05 1.7701e-06 0.000352066 0
1.00146 1.00047 0.640899 0.100194 0.0500953 0.0500986 0.00146981 2.65665e-05 2.93024e-06 0.0002627 0
1.00144 1.00034 0.64083 0.0993973 0.0501083 0.049289 0.00170059 2.6018e-05 1.52038e-06 0.000249033 0
1.00168 1.00017 0.640496 0.0986669 0.0501668 0.0485002 0.00182237 3.52293e-05 3.86433e-07 0.000211167 0
1.00177 1.00008 0.640346 0.097929 0.0502375 0.0476915 0.00217792 3.93156e-05 8.11785e-08 0.000287191 0
1.00179 0.999944 0.640243 0.0972316 0.0502411 0.0469905 0.00221076 4.0111e-05 4.19517e-08 0.000329556 0
1.00174 1.00005 0.640366 0.0965364 0.0502263 0.0463101 0.00197562 3.76877e-05 3.81619e-08 0.000396201 0
1.00165 1.00001 0.640426 0.0959062 0.0502588 0.0456474 0.00232332 3.38757e-05 2.30028e-09 0.000372054 0
1.00167 1.00002 0.640409 0.0952675 0.0502686 0.0449988 0.00209951 3.47286e-05 4.03699e-09 0.00033894 0
1.00133 0.999992 0.640716 0.094814 0.0505274 0.0442865 0.00551563 2.21162e-05 8.38209e-10 0.00116999 0
1.00138 1.00025 0.640836 0.0942043 0.0504223 0.043782 0.00339555 2.36694e-05 8.15645e-07 0.0007232 0
1.00133 1.0002 0.640846 0.0935796 0.0502986 0.043281 0.00268822 2.21617e-05 5.14717e-07 0.000496671 0
1.0014 1.00017 0.640763 0.092947 0.0502794 0.0426676 0.00244253 2.44848e-05 3.80815e-07 0.000506185 0
1.00141 1.00001 0.640651 0.0923918 0.0503265 0.0420653 0.00241883 2.47594e-05 4.43378e-10 0.000411556 0
1.00138 1.00009 0.640727 0.0917501 0.0502526 0.0414975 0.00218498 2.3882e-05 9.93036e-08 0.000502512 0
1.00129 1.0003 0.640949 0.0911577 0.0502065 0.0409512 0.00195817 2.07876e-05 1.16331e-06 0.00031685 0
1.00111 1.00013 0.641014 0.0905767 0.0501915 0.0403852 0.00258213 1.5369e-05 2.09253e-07 0.000418128 0
1.00115 1.00025 0.641051 0.0899764 0.0501617 0.0398147 0.00275242 1.66066e-05 8.29337e-07 0.000423137 0
1.00108 1.00027 0.641135 0.0893308 0.0500977 0.039233 0.00273999 1.45324e-05 9.55438e-07 0.000430158 0
1.00105 1.00033 0.641203 0.0887582 0.0500349 0.0387233 0.00207532 1.3774e-05 1.46614e-06 0.000303227 0
1.00101 1.00036 0.641257 0.0882596 0.0500292 0.0382304 0.00195862 1.27453e-05 1.69375e-06 0.000303937 0
