A/A0 V/V0 Vr eb eb_bend eb_ad ea ega ev ek ee  h0 h1 h2
1 1.00092 0.642589 0.109093 0.0496849 0.0594082 0.000367957 0 1.12357e-05 7.05323e-10 0 12.5019588470459 7.345518589019775 24.84242057800293
1.00091 1.00145 0.642056 0.107847 0.0496597 0.0581872 0.000377615 1.03478e-05 2.8133e-05 0.000182227 0 12.51333236694336 7.480143547058105 24.82984924316406
1.00154 1.00065 0.640937 0.106832 0.0497154 0.0571166 0.00049106 2.96503e-05 5.65337e-06 0.00017209 0 12.52120876312256 7.600635051727295 24.85771751403809
1.00204 1.00017 0.640151 0.105946 0.049752 0.0561936 0.000679465 5.20011e-05 3.9261e-07 0.000140398 0 12.52746105194092 7.705813407897949 24.87596130371094
1.00227 0.99994 0.63978 0.105116 0.0497649 0.0553511 0.00078942 6.45127e-05 4.82201e-08 0.000125995 0 12.53036499023438 7.804105281829834 24.88244247436523
1.00222 0.999977 0.63985 0.104433 0.0497626 0.0546708 0.00088775 6.17812e-05 7.32565e-09 0.000130929 0 12.52975082397461 7.885591983795166 24.88127326965332
1.00208 1.00017 0.640113 0.10381 0.0497968 0.0540129 0.00102385 5.40537e-05 3.95254e-07 0.000152354 0 12.52795505523682 7.965504169464111 24.89838600158691
1.00182 1.00034 0.640468 0.103203 0.049866 0.0533369 0.00131882 4.13737e-05 1.52363e-06 0.000174856 0 12.52470207214355 8.048825263977051 24.9330005645752
1.00164 1.00042 0.640693 0.10267 0.0498941 0.0527756 0.0011806 3.37351e-05 2.40793e-06 0.000100485 0 12.52250671386719 8.118141174316406 24.9470272064209
1.00158 1.00042 0.640756 0.102162 0.0499207 0.0522413 0.00119678 3.10301e-05 2.36723e-06 6.94645e-05 0 12.52166652679443 8.183807373046875 24.96037292480469
1.00165 1.00026 0.640582 0.101672 0.0499582 0.0517133 0.00142293 3.41272e-05 9.33054e-07 7.74597e-05 0 12.52261257171631 8.248103141784668 24.9791145324707
1.00178 1.00017 0.640396 0.101195 0.0499817 0.051213 0.00166561 3.96991e-05 3.78049e-07 8.52037e-05 0 12.524245262146 8.30898380279541 24.99085235595703
1.00187 1.0001 0.640267 0.100758 0.0500009 0.0507568 0.00152387 4.37417e-05 1.32338e-07 7.49002e-05 0 12.52534484863281 8.364945411682129 25.00042724609375
1.00188 1.00003 0.640209 0.10036 0.0500197 0.05034 0.00151379 4.43606e-05 1.12535e-08 7.53863e-05 0 12.52549934387207 8.416732788085938 25.00984001159668
1.00188 1.00006 0.64023 0.0999997 0.0500588 0.0499409 0.00155926 4.43633e-05 5.11743e-08 9.96642e-05 0 12.52551174163818 8.466608047485352 25.02939987182617
1.00184 1.00008 0.640287 0.0996167 0.0500546 0.0495621 0.00194813 4.21234e-05 8.19389e-08 0.000117669 0 12.52490997314453 8.514426231384277 25.02729225158691
1.00183 1.00006 0.640276 0.0992364 0.0500682 0.0491682 0.00180332 4.20939e-05 4.96679e-08 0.000107935 0 12.52490043640137 8.564022064208984 25.03413772583008
1.00186 1.00002 0.640229 0.0988819 0.050082 0.0487999 0.00181161 4.32081e-05 7.28325e-09 8.44844e-05 0 12.52520656585693 8.610428810119629 25.04099273681641
1.00181 1.00005 0.640288 0.0985289 0.0500904 0.0484385 0.00180914 4.11206e-05 3.01546e-08 6.27657e-05 0 12.52464294433594 8.656572341918945 25.04519081115723
1.00175 0.999934 0.640276 0.0981936 0.0501401 0.0480534 0.00303736 3.82983e-05 5.76973e-08 0.000101736 0 12.52384090423584 8.706014633178711 25.07007598876953
1.00169 1.00006 0.640413 0.0978205 0.0501656 0.0476548 0.00212608 3.58534e-05 5.22876e-08 0.000107924 0 12.52313709259033 8.757336616516113 25.08280944824219
1.00171 1.0001 0.640423 0.0974659 0.0501728 0.0472931 0.00197496 3.63497e-05 1.22192e-07 8.5544e-05 0 12.52327823638916 8.803715705871582 25.08641242980957
1.00166 1.00011 0.64048 0.0970949 0.0501603 0.0469346 0.00200486 3.42566e-05 1.64618e-07 0.000115604 0 12.5226583480835 8.850220680236816 25.08015632629395
1.00169 1.00004 0.640402 0.0967357 0.0501553 0.0465804 0.00196715 3.5731e-05 2.23687e-08 0.000105109 0 12.52309894561768 8.895829200744629 25.0776538848877
1.00171 1.00003 0.640374 0.0964194 0.0501838 0.0462356 0.00201431 3.65829e-05 9.91233e-09 8.3572e-05 0 12.52334880828857 8.94049072265625 25.09187507629395
1.00171 1.00003 0.640374 0.0960491 0.0501459 0.0459031 0.001862 3.6601e-05 1.0795e-08 5.75058e-05 0 12.52336120605469 8.983823776245117 25.07296562194824
1.00168 1.00002 0.640398 0.095745 0.0501681 0.0455769 0.00233214 3.52822e-05 5.34208e-09 8.91184e-05 0 12.52295875549316 9.026686668395996 25.08401870727539
1.00158 0.999977 0.640465 0.0954378 0.0502203 0.0452175 0.00415453 3.12606e-05 7.15833e-09 0.00044519 0 12.52172660827637 9.074454307556152 25.11017227172852
1.00144 1 0.64062 0.0951763 0.0502789 0.0448974 0.00367374 2.57794e-05 7.28042e-14 0.000213704 0 12.51991271972656 9.117507934570312 25.13944816589355
1.00143 1.00012 0.640701 0.0949224 0.0503162 0.0446062 0.0035427 2.55342e-05 1.8323e-07 0.000203147 0 12.5198335647583 9.156046867370605 25.15809440612793
1.00134 1.00015 0.64081 0.0947826 0.0504956 0.044287 0.00383255 2.24208e-05 3.07498e-07 0.00021485 0 12.51870250701904 9.198943138122559 25.2477970123291
1.00137 1.00021 0.640818 0.0942733 0.0502627 0.0440106 0.0029603 2.34307e-05 5.85517e-07 0.000176843 0 12.51907062530518 9.235566139221191 25.13135719299316
1.00145 1.00008 0.64066 0.0939622 0.0502141 0.0437481 0.00240775 2.62923e-05 9.56427e-08 9.02749e-05 0 12.52009105682373 9.270136833190918 25.1070613861084
1.0014 0.999993 0.640647 0.0936204 0.0502196 0.0434008 0.0033625 2.4613e-05 6.35495e-10 0.000191486 0 12.51950550079346 9.316960334777832 25.10979270935059
1.00149 1.00004 0.640591 0.0932972 0.0501764 0.0431208 0.00233647 2.7791e-05 1.86193e-08 0.000134183 0 12.52060508728027 9.354101181030273 25.08819389343262
1.00138 1.00008 0.640723 0.0930836 0.0502691 0.0428145 0.00262223 2.39262e-05 9.24671e-08 0.000149461 0 12.51924991607666 9.396062850952148 25.13454818725586
1.0014 1.00006 0.640693 0.0926894 0.0501707 0.0425187 0.00253546 2.44583e-05 4.67507e-08 0.000159084 0 12.51944446563721 9.436041831970215 25.08538246154785
1.00143 1.00006 0.640664 0.0923819 0.0501742 0.0422076 0.00224884 2.55254e-05 4.68752e-08 0.000137957 0 12.51982688903809 9.478128433227539 25.08709526062012
1.00138 1.00013 0.640759 0.0920575 0.0501405 0.041917 0.00197444 2.37919e-05 2.34066e-07 0.000132894 0 12.51921463012695 9.518060684204102 25.07024002075195
1.0013 1.00013 0.640836 0.0917957 0.0501721 0.0416236 0.0021361 2.10712e-05 2.30431e-07 0.000134542 0 12.51819133758545 9.558671951293945 25.0860710144043
1.00131 1.00019 0.640861 0.0914668 0.050128 0.0413388 0.00214114 2.15384e-05 4.94008e-07 0.000130669 0 12.51836204528809 9.597707748413086 25.06400680541992
1.00126 1.00017 0.640897 0.0911991 0.050158 0.0410411 0.00251999 1.99124e-05 3.95952e-07 0.00014558 0 12.51774406433105 9.639026641845703 25.07900810241699
1.00121 1.00011 0.640908 0.0908696 0.0501128 0.0407569 0.00264893 1.8258e-05 1.60084e-07 0.000176682 0 12.51707077026367 9.678644180297852 25.05638694763184
1.00113 1.00017 0.641024 0.0906072 0.0501668 0.0404404 0.00295997 1.59599e-05 3.97892e-07 0.000131365 0 12.51609230041504 9.723006248474121 25.08341979980469
1.00115 1.00023 0.641045 0.0902507 0.0501017 0.040149 0.002327 1.65021e-05 7.26795e-07 0.000124797 0 12.51631259918213 9.763495445251465 25.05081367492676
1.00111 1.00026 0.641099 0.0899998 0.0501801 0.0398197 0.00245839 1.53415e-05 8.74149e-07 0.000162396 0 12.51581192016602 9.809793472290039 25.09002876281738
1.00107 1.00026 0.641141 0.0896522 0.0500954 0.0395568 0.00217902 1.42196e-05 9.07186e-07 0.000101251 0 12.51528167724609 9.846928596496582 25.04767990112305
1.00105 1.0003 0.641184 0.0893555 0.0500704 0.039285 0.00196638 1.37288e-05 1.18986e-06 9.97014e-05 0 12.51506423950195 9.885316848754883 25.03522872924805
1.00105 1.00033 0.641206 0.0890933 0.0500805 0.0390127 0.00185345 1.3749e-05 1.48834e-06 9.10463e-05 0 12.51507568359375 9.923801422119141 25.04025840759277
1.00106 1.00028 0.64116 0.0887947 0.0500467 0.0387481 0.00173429 1.39667e-05 1.0114e-06 0.000111763 0 12.51517772674561 9.961296081542969 25.02334785461426
1.00106 1.00025 0.641139 0.0885014 0.0500318 0.0384696 0.00230835 1.41361e-05 8.45408e-07 0.000150538 0 12.5152645111084 10.00089263916016 25.0158863067627
1.00104 1.00032 0.641203 0.088229 0.0500535 0.0381756 0.00240036 1.36286e-05 1.39503e-06 0.000127572 0 12.51501655578613 10.04300880432129 25.02672958374023
1.00101 1.00028 0.641205 0.0879168 0.0499901 0.0379266 0.00204566 1.2867e-05 1.06165e-06 9.35983e-05 0 12.5146484375 10.07886791229248 24.99506759643555
1.001 1.00033 0.641251 0.0876306 0.0499588 0.0376718 0.00196661 1.25227e-05 1.47848e-06 9.75243e-05 0 12.51447486877441 10.11559391021729 24.97943305969238
1.00101 1.00031 0.641232 0.0873546 0.0499349 0.0374197 0.00183353 1.27024e-05 1.31424e-06 9.87217e-05 0 12.51456165313721 10.15193462371826 24.96745109558105
1.00098 1.00034 0.641278 0.0871288 0.0499634 0.0371653 0.00191103 1.19984e-05 1.57629e-06 0.00010728 0 12.51421070098877 10.18893718719482 24.98171043395996
1.00088 1.00029 0.641335 0.0868977 0.0499978 0.0368999 0.00278214 9.763e-06 1.10698e-06 0.00012291 0 12.51301002502441 10.22802543640137 24.99888038635254
1.00094 1.00033 0.641304 0.0865697 0.0499171 0.0366526 0.00229685 1.10881e-05 1.43335e-06 0.000108087 0 12.51373100280762 10.26377582550049 24.95855712890625
1.00091 1.00029 0.64131 0.0863047 0.0499001 0.0364046 0.00221962 1.03817e-05 1.12674e-06 7.70921e-05 0 12.51334857940674 10.3002233505249 24.95003318786621
1.00084 1.00046 0.641486 0.086072 0.0499054 0.0361666 0.00235833 8.79311e-06 2.77796e-06 0.000150521 0 12.51244640350342 10.33554935455322 24.95268630981445
1.00083 1.0003 0.641395 0.0858405 0.0499094 0.0359311 0.00298317 8.54867e-06 1.17493e-06 0.000113153 0 12.51228904724121 10.37028980255127 24.95470809936523
1.00066 1.00045 0.641653 0.085627 0.0499401 0.0356869 0.00343436 5.46377e-06 2.71002e-06 0.000274791 0 12.51022243499756 10.40725994110107 24.97006607055664
1.00076 1.00039 0.641517 0.08534 0.0498608 0.0354792 0.00312821 7.21213e-06 1.9959e-06 0.000138891 0 12.5114631652832 10.43753719329834 24.93038368225098
1.00075 1.00045 0.641566 0.0851006 0.049857 0.0352436 0.00274878 6.98456e-06 2.64458e-06 0.000136996 0 12.51130962371826 10.47262763977051 24.92848777770996
1.0007 1.00044 0.641613 0.0848288 0.0497967 0.0350321 0.00302182 6.04073e-06 2.57457e-06 0.000101472 0 12.51064395904541 10.50445079803467 24.89834785461426
1.00061 1.00054 0.641757 0.0845738 0.0497842 0.0347896 0.00337663 4.64854e-06 3.83977e-06 0.000179151 0 12.50958251953125 10.541184425354 24.89207649230957
1.00068 1.00041 0.641614 0.0843354 0.0497623 0.0345731 0.002889 5.7321e-06 2.28671e-06 0.000126066 0 12.51043033599854 10.57334613800049 24.88115310668945
1.00071 1.00045 0.641601 0.0841261 0.0497709 0.0343552 0.00285129 6.36394e-06 2.67396e-06 0.000109748 0 12.51087474822998 10.60597896575928 24.88545227050781
1.00067 1.00041 0.641621 0.0838699 0.0497334 0.0341365 0.00284617 5.60144e-06 2.28291e-06 0.000114366 0 12.51033496856689 10.63925552368164 24.86672401428223
1.00068 1.00044 0.641627 0.0836398 0.0497236 0.0339162 0.00268967 5.79299e-06 2.57977e-06 9.9873e-05 0 12.51047325134277 10.67259311676025 24.86181259155273
1.00065 1.00038 0.641618 0.0833854 0.0496761 0.0337092 0.00284612 5.31923e-06 1.95275e-06 7.86493e-05 0 12.51012325286865 10.70420551300049 24.83805084228516
1.00061 1.00051 0.641738 0.0831346 0.0496491 0.0334854 0.0028066 4.6657e-06 3.4347e-06 9.83464e-05 0 12.50960159301758 10.73856639862061 24.82456970214844
1.00061 1.0005 0.641733 0.0829031 0.0496239 0.0332792 0.00262524 4.64368e-06 3.31181e-06 0.000111173 0 12.50958156585693 10.77014350891113 24.81196975708008
1.0006 1.00049 0.641738 0.0826566 0.0495829 0.0330737 0.00236018 4.48738e-06 3.20208e-06 6.80466e-05 0 12.50944423675537 10.80173969268799 24.79144668579102
1.00059 1.0005 0.64175 0.0824498 0.0495904 0.0328593 0.00263147 4.40967e-06 3.35364e-06 8.01288e-05 0 12.50938034057617 10.83477115631104 24.79521369934082
1.00059 1.00049 0.641742 0.0822071 0.0495454 0.0326617 0.00237604 4.37955e-06 3.15542e-06 8.12247e-05 0 12.50936317443848 10.86531639099121 24.77266883850098
1.00056 1.00044 0.641739 0.0819838 0.0495292 0.0324546 0.00264024 3.96442e-06 2.56175e-06 8.07403e-05 0 12.50900745391846 10.89754867553711 24.76458168029785
1.00054 1.00052 0.641813 0.0817446 0.0494719 0.0322727 0.00226623 3.64099e-06 3.58457e-06 5.57191e-05 0 12.50870704650879 10.92593669891357 24.7359504699707
1.00056 1.0005 0.641789 0.0815311 0.0494464 0.0320847 0.00226146 3.85278e-06 3.38039e-06 6.34514e-05 0 12.50890445709229 10.95516967773438 24.72319984436035
1.00055 1.0005 0.641791 0.0813209 0.0494269 0.0318939 0.00210976 3.74159e-06 3.27361e-06 5.79806e-05 0 12.50879573822021 10.98502922058105 24.71345329284668
1.00047 1.00051 0.641875 0.0811333 0.0494186 0.0317147 0.00228102 2.74986e-06 3.44812e-06 8.12719e-05 0 12.50782489776611 11.01351642608643 24.70928955078125
1.00047 1.00056 0.641903 0.0809347 0.0494054 0.0315293 0.00209853 2.79186e-06 4.14017e-06 9.27621e-05 0 12.5078706741333 11.04265785217285 24.70272254943848
1.00046 1.00053 0.641898 0.0807624 0.049439 0.0313234 0.00279961 2.61436e-06 3.71054e-06 0.000164162 0 12.50768375396729 11.07520008087158 24.71952438354492
1.00045 1.00053 0.641908 0.0804824 0.0493434 0.031139 0.00249261 2.55104e-06 3.80041e-06 0.000127229 0 12.50759887695312 11.10440444946289 24.67170143127441
1.00039 1.00058 0.641998 0.0802771 0.0493338 0.0309432 0.00258583 1.8889e-06 4.47799e-06 9.59564e-05 0 12.50682163238525 11.13578224182129 24.66691207885742
1.00035 1.00054 0.642011 0.0800541 0.0492917 0.0307625 0.0025111 1.5131e-06 3.88477e-06 8.18921e-05 0 12.50631332397461 11.16475105285645 24.64582252502441
1.00039 1.00061 0.64202 0.0798296 0.0492492 0.0305804 0.00233678 1.89084e-06 5.02956e-06 8.50172e-05 0 12.5068187713623 11.1936149597168 24.62459945678711
1.00037 1.00059 0.642022 0.07964 0.0492384 0.0304016 0.002229 1.6945e-06 4.59225e-06 0.000129825 0 12.50657367706299 11.22235107421875 24.61920166015625
1.00035 1.00065 0.642078 0.0794442 0.0492198 0.0302243 0.00217971 1.55766e-06 5.66454e-06 0.000126223 0 12.50637626647949 11.25089454650879 24.60989761352539
1.00033 1.00063 0.64208 0.0792865 0.0492378 0.0300486 0.0021001 1.39901e-06 5.24391e-06 9.09172e-05 0 12.50613594055176 11.27928066253662 24.6189136505127
1.00036 1.00064 0.642061 0.0790376 0.0491682 0.0298694 0.00213063 1.66271e-06 5.50955e-06 0.000164377 0 12.50652313232422 11.30807971954346 24.58411598205566
1.00031 1.00061 0.642093 0.07883 0.0491357 0.0296943 0.00197638 1.22722e-06 5.041e-06 0.000200568 0 12.50587368011475 11.33669376373291 24.56781959533691
1.0003 1.00063 0.642116 0.0786626 0.0491474 0.0295153 0.00190126 1.14309e-06 5.37633e-06 9.6234e-05 0 12.50574207305908 11.36583805084229 24.57369422912598
1.00029 1.00063 0.64213 0.0785395 0.0492 0.0293395 0.00196709 1.03729e-06 5.36316e-06 5.84951e-05 0 12.5055627822876 11.39455413818359 24.60000419616699
1.00029 1.00068 0.642156 0.0782163 0.0490474 0.0291688 0.00183654 1.06408e-06 6.19729e-06 7.29486e-05 0 12.50560092926025 11.42242813110352 24.52371788024902
1.00018 1.00072 0.642286 0.0780846 0.0490887 0.0289958 0.00281991 4.19484e-07 6.92975e-06 0.000152931 0 12.50426006317139 11.45130920410156 24.54434013366699
1.00019 1.00068 0.642255 0.0778329 0.0489997 0.0288333 0.00232195 4.56868e-07 6.23334e-06 7.95952e-05 0 12.50435733795166 11.47798347473145 24.49984550476074
1.00021 1.00067 0.642222 0.0776664 0.0490045 0.028662 0.00215166 5.68558e-07 5.9088e-06 6.69363e-05 0 12.50462818145752 11.50613594055176 24.50222969055176
1.00021 1.00067 0.642235 0.0775047 0.0490095 0.0284952 0.00216151 5.255e-07 6.04613e-06 8.43177e-05 0 12.50452136993408 11.53374671936035 24.50474739074707
1.00016 1.0007 0.642296 0.0773089 0.0489834 0.0283254 0.00220276 3.18493e-07 6.5374e-06 0.000108769 0 12.50395393371582 11.56212329864502 24.4917163848877
1.00018 1.00078 0.642332 0.0771114 0.0489468 0.0281646 0.00209422 3.83991e-07 8.1138e-06 0.000117104 0 12.50415229797363 11.58879852294922 24.47338676452637
1.00016 1.00073 0.642312 0.0769096 0.0489064 0.0280032 0.00199826 3.31365e-07 7.13e-06 0.000146711 0 12.50398921966553 11.61578273773193 24.45320129394531
1.00017 1.00075 0.642318 0.0766351 0.0487924 0.0278427 0.00196175 3.49459e-07 7.42319e-06 0.000237067 0 12.50405120849609 11.64262199401855 24.39619064331055
1.00013 1.00073 0.642348 0.0766201 0.048931 0.0276891 0.00213233 1.9703e-07 7.11378e-06 0.000197022 0 12.5035285949707 11.66857624053955 24.46549415588379
1.00013 1.00076 0.64237 0.0763292 0.0487837 0.0275456 0.00198384 1.95494e-07 7.79028e-06 0.000192328 0 12.50352478027344 11.69272041320801 24.39182090759277
1.00016 1.0008 0.642361 0.0761687 0.0487777 0.027391 0.00195505 3.2471e-07 8.63185e-06 0.000122011 0 12.50397682189941 11.71862888336182 24.38886260986328
1.00002 1.00076 0.642466 0.0759504 0.0487237 0.0272267 0.00312626 7.44047e-09 7.75077e-06 0.000298177 0 12.50226306915283 11.74705982208252 24.36185836791992
1.0001 1.00077 0.642391 0.0757926 0.0487197 0.0270729 0.00247127 1.35971e-07 7.81883e-06 0.000282916 0 12.50326538085938 11.7727632522583 24.35983085632324
1.00007 1.00079 0.642439 0.0756137 0.0486846 0.026929 0.00223858 6.62889e-08 8.40816e-06 0.000165843 0 12.50285911560059 11.79739952087402 24.34230804443359
1.00006 1.00081 0.642462 0.0753999 0.0486174 0.0267825 0.00227548 4.20773e-08 8.69934e-06 0.000123489 0 12.50268363952637 11.82246589660645 24.30870819091797
0.999992 1.00083 0.642543 0.0751867 0.0485505 0.0266362 0.00246896 8.0155e-10 9.28448e-06 0.000166714 0 12.50186347961426 11.84778785705566 24.2752571105957
1.00002 1.00083 0.64252 0.0749904 0.0484951 0.0264953 0.00220492 2.9379e-09 9.26957e-06 9.76556e-05 0 12.50214672088623 11.87184238433838 24.24753952026367
0.999986 1.0008 0.642531 0.0748307 0.0484753 0.0263554 0.00220433 2.60699e-09 8.63977e-06 6.75881e-05 0 12.50178337097168 11.89603042602539 24.23764228820801
0.999985 1.00083 0.642547 0.0746632 0.0484504 0.0262128 0.00206317 2.7755e-09 9.18519e-06 6.99351e-05 0 12.5017671585083 11.92062091827393 24.22519493103027
0.999981 1.00086 0.642569 0.0744916 0.0484167 0.0260749 0.00196007 4.33512e-09 9.81785e-06 6.7087e-05 0 12.50172996520996 11.94447612762451 24.20833587646484
0.999958 1.00089 0.642609 0.0742837 0.0483443 0.0259394 0.00186533 2.18251e-08 1.04706e-05 6.44575e-05 0 12.50144386291504 11.96807956695557 24.17213249206543
0.999951 1.00085 0.642595 0.0741427 0.0483379 0.0258047 0.00188427 3.02727e-08 9.70904e-06 7.72695e-05 0 12.50133800506592 11.99151420593262 24.16897010803223
0.999889 1.0009 0.642685 0.0739586 0.0482927 0.0256659 0.00191343 1.55032e-07 1.07903e-05 0.000146783 0 12.50057411193848 12.01597213745117 24.1463565826416
0.99993 1.00086 0.642619 0.0738068 0.0482766 0.0255302 0.00188748 6.0961e-08 9.84004e-06 0.000187934 0 12.50108814239502 12.03950023651123 24.1383056640625
0.999899 1.00085 0.642644 0.073645 0.0482386 0.0254064 0.00178214 1.28556e-07 9.67301e-06 0.000186019 0 12.50069332122803 12.06132221221924 24.11930274963379
0.999924 1.0009 0.642651 0.0734998 0.0482225 0.0252773 0.00169345 7.31161e-08 1.07935e-05 7.08213e-05 0 12.50100612640381 12.08388900756836 24.11127281188965
0.999843 1.00085 0.642695 0.0733582 0.0482057 0.0251526 0.00294122 3.06683e-07 9.58786e-06 0.000127145 0 12.49999618530273 12.10619068145752 24.10280990600586
0.999865 1.00094 0.642733 0.0732 0.048176 0.025024 0.00218776 2.28033e-07 1.17624e-05 0.000114985 0 12.50026416778564 12.12878608703613 24.0880012512207
0.999859 1.00093 0.642734 0.0729975 0.0480982 0.0248993 0.0020868 2.49252e-07 1.15694e-05 0.000109128 0 12.50019359588623 12.15086555480957 24.04909133911133
0.999844 1.00098 0.64278 0.0728815 0.0481094 0.0247721 0.00198086 3.05961e-07 1.28036e-05 9.80055e-05 0 12.5000057220459 12.17350101470947 24.05472373962402
0.999845 1.00095 0.642758 0.0727121 0.0480651 0.0246471 0.00183377 2.99272e-07 1.19868e-05 0.000146788 0 12.50001907348633 12.19572448730469 24.03253173828125
0.999813 1.00099 0.642818 0.072604 0.04808 0.024524 0.00171595 4.35292e-07 1.31667e-05 9.08665e-05 0 12.49962329864502 12.21781253814697 24.04001426696777
0.999824 1.00087 0.642727 0.072401 0.0480032 0.0243979 0.00239365 3.87955e-07 1.0064e-05 0.000180278 0 12.49975395202637 12.24029541015625 24.00157356262207
0.999715 1.00104 0.642945 0.072236 0.0479527 0.0242832 0.00189131 1.01866e-06 1.45052e-05 9.09363e-05 0 12.49839401245117 12.26130962371826 23.97636985778809
0.999723 1.001 0.642909 0.072056 0.0479035 0.0241525 0.00202461 9.6243e-07 1.33127e-05 0.000164258 0 12.49849224090576 12.28476238250732 23.95174217224121
0.999751 1.00099 0.642877 0.0718991 0.0478634 0.0240357 0.00185855 7.75851e-07 1.31221e-05 0.00013544 0 12.49884700775146 12.30566883087158 23.93169593811035
0.999717 1.001 0.642917 0.0717271 0.0478089 0.0239182 0.00174538 1.00193e-06 1.34103e-05 9.09076e-05 0 12.49842166900635 12.3270263671875 23.90445327758789
0.999713 1.00098 0.642907 0.0716366 0.0478399 0.0237968 0.00213668 1.02992e-06 1.28454e-05 0.0001223 0 12.49836444854736 12.34902286529541 23.91994857788086
0.999663 1.00103 0.642986 0.0714125 0.0477245 0.0236881 0.00194066 1.41709e-06 1.41562e-05 6.51414e-05 0 12.4977502822876 12.36895275115967 23.86223793029785
0.999681 1.00103 0.642972 0.0712464 0.0476761 0.0235702 0.00220608 1.27455e-06 1.4261e-05 8.2229e-05 0 12.49797439575195 12.39029502868652 23.83806419372559
0.999679 1.00102 0.642966 0.0710826 0.0476309 0.0234517 0.00184679 1.28812e-06 1.39448e-05 7.11846e-05 0 12.49795532226562 12.41189384460449 23.81544303894043
0.999633 1.00106 0.643037 0.0709425 0.0475961 0.0233465 0.00171848 1.68497e-06 1.51059e-05 5.81224e-05 0 12.49736499786377 12.43132591247559 23.79802131652832
0.999644 1.00102 0.642998 0.0709355 0.0477015 0.023234 0.00187811 1.58454e-06 1.38735e-05 8.22583e-05 0 12.49750709533691 12.4518871307373 23.85074424743652
0.999624 1.00112 0.643079 0.070711 0.0475911 0.02312 0.00193607 1.76599e-06 1.66165e-05 0.000126943 0 12.49725532531738 12.47289848327637 23.7955322265625
0.999614 1.00104 0.643037 0.070538 0.0475227 0.0230153 0.00256022 1.86152e-06 1.43112e-05 0.00033184 0 12.49713134765625 12.49220657348633 23.76137351989746
0.999556 1.0011 0.643137 0.0704916 0.0475775 0.0229141 0.00198695 2.46846e-06 1.62493e-05 0.00010688 0 12.49640083312988 12.51109600067139 23.78874015808105
0.999562 1.00111 0.643133 0.0703425 0.0475325 0.02281 0.00183068 2.40272e-06 1.63069e-05 0.000201927 0 12.49647617340088 12.53033828735352 23.76626014709473
0.999576 1.00107 0.643099 0.0701524 0.0474417 0.0227106 0.00169335 2.24574e-06 1.53995e-05 0.000126067 0 12.49666213989258 12.54867362976074 23.72087097167969
0.999583 1.00114 0.643135 0.0699976 0.0473904 0.0226072 0.00161316 2.16904e-06 1.73877e-05 6.17236e-05 0 12.49674606323242 12.56784725189209 23.69519996643066
0.999564 1.00115 0.643162 0.0697957 0.0472874 0.0225083 0.00154668 2.38052e-06 1.77772e-05 8.87899e-05 0 12.49650764465332 12.58632469177246 23.64372062683105
0.999532 1.00114 0.64318 0.06975 0.0473488 0.0224012 0.00246677 2.73563e-06 1.72061e-05 0.000144354 0 12.4961109161377 12.60642337799072 23.67441558837891
0.999485 1.00109 0.643197 0.0695742 0.0472679 0.0223063 0.00275337 3.32194e-06 1.58562e-05 0.000216392 0 12.49551391601562 12.6243724822998 23.63392639160156
0.999494 1.00116 0.643236 0.0694448 0.047222 0.0222228 0.00279196 3.20673e-06 1.80681e-05 0.000121643 0 12.49562358856201 12.63997650146484 23.61096572875977
0.999503 1.00116 0.643226 0.0693009 0.0471615 0.0221394 0.0023656 3.08493e-06 1.80755e-05 8.5381e-05 0 12.49574947357178 12.65557670593262 23.58073806762695
0.999481 1.00119 0.643266 0.0691646 0.047113 0.0220516 0.00216438 3.37086e-06 1.89565e-05 6.22492e-05 0 12.49547004699707 12.67218589782715 23.5565185546875
0.999489 1.00119 0.643257 0.0690381 0.0470743 0.0219638 0.00198789 3.26748e-06 1.88923e-05 4.91905e-05 0 12.49557113647461 12.68869781494141 23.53713226318359
0.999478 1.00121 0.643282 0.0689233 0.0470472 0.0218761 0.00186353 3.40015e-06 1.96171e-05 5.83432e-05 0 12.49544715881348 12.70529747009277 23.52361679077148
0.999474 1.00122 0.643289 0.0687996 0.0470103 0.0217892 0.00179481 3.46303e-06 1.97747e-05 6.18684e-05 0 12.49538135528564 12.72173309326172 23.50516700744629
0.999502 1.00121 0.643256 0.0686846 0.0469807 0.0217039 0.00199586 3.0947e-06 1.95154e-05 6.24302e-05 0 12.49573612213135 12.73777866363525 23.49034881591797
0.999482 1.00123 0.643293 0.0685717 0.0469515 0.0216202 0.00193958 3.36081e-06 2.03461e-05 6.42289e-05 0 12.49548435211182 12.75375080108643 23.47574806213379
0.999453 1.00126 0.64334 0.0684536 0.0469155 0.0215382 0.00189517 3.74619e-06 2.1349e-05 9.21027e-05 0 12.49512004852295 12.76949787139893 23.45775604248047
0.999432 1.00124 0.643345 0.0683968 0.0469386 0.0214582 0.00192504 4.03371e-06 2.05744e-05 8.41948e-05 0 12.49485969543457 12.78482818603516 23.46930313110352
0.999452 1.00122 0.643312 0.0683021 0.0469248 0.0213773 0.00175181 3.74876e-06 1.98651e-05 8.28622e-05 0 12.49512481689453 12.80017566680908 23.46239280700684
0.99944 1.00126 0.643352 0.0681883 0.0468872 0.0213011 0.00171112 3.92185e-06 2.1342e-05 0.000126287 0 12.49495315551758 12.81479358673096 23.4435920715332
0.999303 1.00142 0.643583 0.0680894 0.0468605 0.0212289 0.00228655 6.07303e-06 2.67985e-05 0.000255123 0 12.49324798583984 12.82920360565186 23.43027687072754
0.999476 1.00118 0.643261 0.0679554 0.0467986 0.0211568 0.00194544 3.43712e-06 1.84705e-05 0.000178482 0 12.49539852142334 12.84234619140625 23.3992862701416
0.9992 1.00135 0.643638 0.0678969 0.0468066 0.0210903 0.00264038 8.00131e-06 2.42488e-05 0.000162209 0 12.49195671081543 12.85623931884766 23.40328788757324
0.999415 1.00134 0.643426 0.06778 0.0467667 0.0210132 0.00253417 4.28182e-06 2.40352e-05 0.000148021 0 12.49464797973633 12.8702220916748 23.38337516784668
0.999351 1.00128 0.64345 0.0676867 0.0467384 0.0209482 0.00245121 5.26233e-06 2.19687e-05 0.000132531 0 12.49384689331055 12.88301849365234 23.36920738220215
0.999336 1.00135 0.643509 0.0675994 0.0467193 0.0208802 0.00225861 5.51114e-06 2.44196e-05 9.98467e-05 0 12.49366664886475 12.89622497558594 23.3596363067627
0.999393 1.00129 0.643411 0.0674904 0.0466751 0.0208153 0.00214061 4.6039e-06 2.20753e-05 8.19235e-05 0 12.49436855316162 12.90854263305664 23.33753395080566
0.99931 1.00129 0.64349 0.0674771 0.0467218 0.0207553 0.00262135 5.94436e-06 2.20355e-05 0.000157742 0 12.49333763122559 12.92051792144775 23.36089324951172
0.999135 1.00147 0.643781 0.0673944 0.0466993 0.0206951 0.00334429 9.36409e-06 2.89181e-05 0.000182574 0 12.49114036560059 12.93289947509766 23.34965133666992
0.999396 1.00128 0.643404 0.067315 0.0466827 0.0206323 0.00412639 4.55822e-06 2.18471e-05 0.000174656 0 12.49440479278564 12.94405841827393 23.34137725830078
0.999217 1.00133 0.643607 0.0672127 0.0466249 0.0205877 0.00288894 7.66418e-06 2.3469e-05 0.000144815 0 12.49217414855957 12.95345401763916 23.31247329711914
0.999313 1.00141 0.643567 0.0671271 0.0465946 0.0205325 0.00261426 5.89673e-06 2.64815e-05 0.000146261 0 12.49337291717529 12.96383190155029 23.29732322692871
0.999331 1.00123 0.643438 0.0670992 0.0466193 0.0204799 0.0024396 5.59619e-06 2.03356e-05 0.000183963 0 12.49359607696533 12.97402381896973 23.30964469909668
0.999199 1.00148 0.643726 0.0670425 0.0466016 0.0204409 0.00289943 8.02719e-06 2.93675e-05 0.000283908 0 12.49194049835205 12.982177734375 23.30081558227539
0.999369 1.00129 0.643438 0.0669513 0.0465563 0.020395 0.00252309 4.98292e-06 2.22147e-05 0.000219379 0 12.49407482147217 12.99047660827637 23.2781810760498
0.999256 1.00141 0.643627 0.0668418 0.0464854 0.0203564 0.00233181 6.92572e-06 2.6708e-05 0.000334885 0 12.49265670776367 12.9984769821167 23.24270057678223
0.999409 1.00143 0.643489 0.0668907 0.0465857 0.020305 0.00236006 4.36732e-06 2.72911e-05 0.000111644 0 12.49456596374512 13.00792980194092 23.29284858703613
0.999325 1.00147 0.643594 0.0666826 0.046418 0.0202646 0.00216709 5.69051e-06 2.87941e-05 0.000294709 0 12.49351787567139 13.01619911193848 23.20901489257812
0.999357 1.00138 0.643506 0.0667443 0.0465294 0.0202149 0.00217165 5.17175e-06 2.53462e-05 9.19885e-05 0 12.4939136505127 13.02584457397461 23.26472854614258
0.999147 1.00137 0.643704 0.0666483 0.0464767 0.0201716 0.00416929 9.08673e-06 2.51514e-05 0.000516738 0 12.49129676818848 13.0351734161377 23.23834800720215
0.999266 1.00144 0.64363 0.066543 0.046413 0.02013 0.0029852 6.73523e-06 2.75192e-05 0.000380489 0 12.49278163909912 13.0429105758667 23.20649528503418
0.999181 1.00139 0.64368 0.0665445 0.0464405 0.020104 0.00361899 8.38326e-06 2.56218e-05 0.000348857 0 12.49172306060791 13.04836750030518 23.22025108337402
0.99935 1.00141 0.643534 0.0665223 0.0464571 0.0200652 0.0027698 5.28437e-06 2.66213e-05 0.000205621 0 12.4938268661499 13.05535221099854 23.22854995727539
0.999173 1.00149 0.643754 0.0664963 0.0464512 0.0200451 0.00295384 8.54902e-06 2.95474e-05 0.000237334 0 12.49162197113037 13.05999660491943 23.22560691833496
0.999404 1.00134 0.643436 0.0664051 0.046395 0.0200101 0.00253175 4.44097e-06 2.39826e-05 0.00013147 0 12.49450302124023 13.06600952148438 23.19750595092773
0.99926 1.00157 0.643726 0.066386 0.0463941 0.0199919 0.00216557 6.85352e-06 3.3074e-05 0.000115671 0 12.49271011352539 13.07017707824707 23.19707298278809
0.999413 1.00144 0.643488 0.0663475 0.0463905 0.0199571 0.00208746 4.3056e-06 2.75033e-05 0.000133222 0 12.49462127685547 13.07645606994629 23.19523239135742
0.999362 1.00152 0.643592 0.0663339 0.0464005 0.0199334 0.00192975 5.09503e-06 3.08015e-05 0.00015688 0 12.49397754669189 13.08133983612061 23.20023536682129
0.999408 1.00149 0.64353 0.0662573 0.0463481 0.0199092 0.00279157 4.37909e-06 2.9776e-05 0.000227376 0 12.494553565979 13.08595561981201 23.1740665435791
0.999345 1.00151 0.643604 0.0662763 0.0463903 0.0198861 0.00221914 5.35977e-06 3.05855e-05 0.00026379 0 12.49377155303955 13.09077835083008 23.19512939453125
0.999439 1.00146 0.643476 0.0662649 0.0463991 0.0198657 0.00205485 3.93401e-06 2.8279e-05 0.000170359 0 12.49495887756348 13.09443473815918 23.19956588745117
0.999465 1.00152 0.643489 0.0662165 0.0463637 0.0198527 0.00192838 3.5825e-06 3.06384e-05 8.38977e-05 0 12.49526596069336 13.09690570831299 23.18185424804688
0.999465 1.00155 0.643513 0.0661926 0.0463507 0.0198419 0.00198382 3.57214e-06 3.21895e-05 5.59547e-05 0 12.49527549743652 13.09907627105713 23.17535400390625
0.999502 1.0015 0.643444 0.0661841 0.0463542 0.0198299 0.00186945 3.09866e-06 3.00781e-05 2.9152e-05 0 12.49574089050293 13.10129165649414 23.17707252502441
0.999498 1.00153 0.643468 0.0661798 0.0463572 0.0198226 0.00186406 3.15539e-06 3.12972e-05 3.67725e-05 0 12.49567985534668 13.10276794433594 23.17862892150879
0.999536 1.00152 0.643421 0.0661674 0.0463515 0.019816 0.00178374 2.69292e-06 3.06398e-05 2.82763e-05 0 12.49616241455078 13.103928565979 23.17573547363281
0.999499 1.00155 0.643476 0.0661689 0.0463563 0.0198125 0.00186196 3.13564e-06 3.18933e-05 3.93864e-05 0 12.49569606781006 13.10475635528564 23.17815971374512
0.999569 1.00152 0.643389 0.0661659 0.0463603 0.0198056 0.00177294 2.32482e-06 3.06597e-05 1.77782e-05 0 12.49656772613525 13.10586547851562 23.18011474609375
0.999537 1.00155 0.643442 0.0661735 0.04637 0.0198035 0.00170525 2.67721e-06 3.20585e-05 1.70494e-05 0 12.49618053436279 13.10640144348145 23.18500137329102
0.999607 1.00159 0.643401 0.0661853 0.0463907 0.0197947 0.0020127 1.93111e-06 3.3787e-05 0.000118454 0 12.4970531463623 13.10788536071777 23.19534111022949
0.999613 1.00154 0.643363 0.0661777 0.0463883 0.0197894 0.00203348 1.87098e-06 3.17083e-05 0.000252261 0 12.49713134765625 13.10889625549316 23.19413757324219
0.999565 1.00155 0.643412 0.0661711 0.0463839 0.0197873 0.00183215 2.36166e-06 3.18897e-05 0.000272193 0 12.4965238571167 13.10950946807861 23.19193267822266
0.999597 1.00152 0.643362 0.0662381 0.0464558 0.0197824 0.00175194 2.03115e-06 3.06607e-05 0.000162276 0 12.49692153930664 13.11036682128906 23.22788047790527
0.999617 1.00157 0.643375 0.0663054 0.0465251 0.0197803 0.00168398 1.83268e-06 3.27305e-05 0.000245196 0 12.49717712402344 13.1107006072998 23.2625617980957
0.999611 1.00154 0.643366 0.0662755 0.0464963 0.0197792 0.00161525 1.88931e-06 3.17876e-05 0.000127456 0 12.49709892272949 13.11093139648438 23.2481861114502
0.999608 1.00154 0.643367 0.0662509 0.0464716 0.0197794 0.00167462 1.91885e-06 3.16602e-05 7.75402e-05 0 12.49705982208252 13.1109094619751 23.23577880859375
0.999617 1.00154 0.643358 0.0662025 0.0464266 0.0197758 0.00159451 1.8328e-06 3.16036e-05 4.17028e-05 0 12.49717044830322 13.11158180236816 23.21330261230469
0.99961 1.00152 0.643355 0.0661553 0.0463801 0.0197752 0.00175233 1.90553e-06 3.10053e-05 0.000111757 0 12.49707984924316 13.11172294616699 23.19004821777344
0.999605 1.00152 0.643354 0.0661721 0.0463956 0.0197764 0.00158866 1.95032e-06 3.06672e-05 8.47002e-05 0 12.49701976776123 13.11151123046875 23.19782447814941
0.999617 1.00155 0.643364 0.0661281 0.0463506 0.0197775 0.00152828 1.83771e-06 3.20169e-05 3.93246e-05 0 12.49717044830322 13.11124324798584 23.17532348632812
0.999623 1.00153 0.643347 0.0661284 0.0463511 0.0197773 0.00147426 1.78123e-06 3.12834e-05 3.72986e-05 0 12.497239112854 13.11127185821533 23.17556953430176
0.999606 1.00154 0.643367 0.0661221 0.0463447 0.0197774 0.00143689 1.94019e-06 3.15004e-05 2.5654e-05 0 12.49703121185303 13.11131763458252 23.17237663269043
0.999634 1.00155 0.643349 0.066128 0.0463532 0.0197748 0.00141112 1.67916e-06 3.20593e-05 4.62209e-05 0 12.49737930297852 13.11172962188721 23.17658996582031
0.999622 1.00154 0.643353 0.0661353 0.0463612 0.019774 0.00139842 1.78671e-06 3.16372e-05 3.57464e-05 0 12.49723529815674 13.11191654205322 23.18061256408691
0.999615 1.00153 0.643354 0.0661404 0.0463672 0.0197731 0.00137678 1.8487e-06 3.12942e-05 3.61154e-05 0 12.49715137481689 13.11212825775146 23.18361663818359
0.999617 1.00151 0.643337 0.0661667 0.0463942 0.0197725 0.00136083 1.8323e-06 3.02808e-05 6.60708e-05 0 12.49717807769775 13.11224555969238 23.19712066650391
0.999585 1.00151 0.643367 0.066137 0.0463617 0.0197752 0.00153926 2.14866e-06 3.02549e-05 0.000264052 0 12.49677181243896 13.11183452606201 23.18086814880371
0.999547 1.00152 0.643411 0.0661455 0.0463674 0.0197781 0.00160247 2.56309e-06 3.07425e-05 0.000322723 0 12.49629688262939 13.11140537261963 23.18370056152344
0.999608 1.00157 0.643388 0.0661421 0.0463658 0.0197763 0.0013976 1.91644e-06 3.30602e-05 0.00037179 0 12.4970645904541 13.11153030395508 23.18292999267578
0.999634 1.00153 0.643333 0.0662057 0.0464345 0.0197712 0.00141013 1.67632e-06 3.10954e-05 0.000318101 0 12.49738025665283 13.11244106292725 23.21727561950684
0.999602 1.00156 0.643382 0.0662521 0.046482 0.0197701 0.00134884 1.9758e-06 3.22694e-05 0.000245584 0 12.49698734283447 13.11276435852051 23.2409839630127
0.999642 1.00153 0.643329 0.0662719 0.0465063 0.0197656 0.00134428 1.60471e-06 3.12932e-05 7.89918e-05 0 12.49748802185059 13.11351203918457 23.25313568115234
0.999639 1.00153 0.643331 0.0661821 0.0464179 0.0197643 0.00137939 1.63217e-06 3.12215e-05 0.00010732 0 12.49744319915771 13.11379718780518 23.20893478393555
0.999613 1.00156 0.643372 0.0661319 0.0463673 0.0197646 0.00129873 1.87309e-06 3.22972e-05 0.000116378 0 12.49712657928467 13.11382961273193 23.18364906311035
0.999634 1.00154 0.64334 0.0661622 0.0464001 0.0197621 0.001264 1.67545e-06 3.14913e-05 0.000104649 0 12.4973840713501 13.11424732208252 23.20006561279297
0.999625 1.00153 0.643347 0.0661665 0.046404 0.0197625 0.00122345 1.75387e-06 3.14365e-05 8.94231e-05 0 12.49728298187256 13.1141996383667 23.20200538635254
0.999641 1.00155 0.643338 0.0661421 0.0463817 0.0197605 0.00132059 1.60994e-06 3.1863e-05 6.74185e-05 0 12.49748039245605 13.11454296112061 23.19083023071289
0.999641 1.00155 0.643341 0.0661206 0.0463608 0.0197598 0.001263 1.6086e-06 3.20249e-05 3.29028e-05 0 12.49747276306152 13.11467170715332 23.18037414550781
0.999638 1.00153 0.643333 0.0661251 0.0463668 0.0197583 0.00119806 1.63585e-06 3.13596e-05 1.30623e-05 0 12.49744319915771 13.11498737335205 23.18340110778809
0.999654 1.00154 0.643323 0.0661119 0.0463559 0.0197561 0.00117342 1.49945e-06 3.16817e-05 1.52737e-05 0 12.497633934021 13.1153621673584 23.17793083190918
0.999646 1.00156 0.643346 0.06613 0.046375 0.0197551 0.00113198 1.56318e-06 3.26539e-05 3.64468e-05 0 12.49753856658936 13.1155891418457 23.18749046325684
0.999651 1.00153 0.643322 0.0661759 0.0464224 0.0197535 0.00111828 1.5194e-06 3.14289e-05 2.93891e-05 0 12.49760150909424 13.11588287353516 23.21120643615723
0.999649 1.00153 0.643321 0.0662064 0.0464555 0.0197509 0.00112566 1.53787e-06 3.12321e-05 4.6153e-05 0 12.49757957458496 13.11642456054688 23.22775077819824
0.999662 1.00156 0.643326 0.0661985 0.0464478 0.0197508 0.00107899 1.42713e-06 3.23774e-05 4.95161e-05 0 12.4977331161499 13.11639595031738 23.22387504577637
0.999637 1.00152 0.643323 0.0661902 0.0464391 0.0197511 0.00104653 1.64572e-06 3.06431e-05 5.35309e-05 0 12.49742698669434 13.11643028259277 23.21955108642578
0.999659 1.00156 0.643329 0.066187 0.0464369 0.0197501 0.00101791 1.45126e-06 3.23827e-05 6.99011e-05 0 12.49770545959473 13.11654376983643 23.21845626831055
0.999651 1.00152 0.64331 0.0661954 0.046447 0.0197484 0.00104431 1.52657e-06 3.06412e-05 8.7598e-05 0 12.49758338928223 13.11690998077393 23.22348213195801
0.999659 1.00156 0.643334 0.0662187 0.0464699 0.0197488 0.00104617 1.45459e-06 3.26756e-05 9.47242e-05 0 12.49769306182861 13.11678981781006 23.23496246337891
0.999655 1.00152 0.643309 0.0662461 0.0464996 0.0197465 0.000988141 1.48471e-06 3.08517e-05 0.000132766 0 12.49765396118164 13.11725997924805 23.2497615814209
0.999674 1.00156 0.643314 0.0662718 0.0465253 0.0197464 0.000962872 1.3309e-06 3.23058e-05 9.33378e-05 0 12.49788951873779 13.11720657348633 23.26266670227051
0.999659 1.00151 0.643298 0.0662599 0.0465145 0.0197455 0.000919918 1.45049e-06 3.04166e-05 9.60167e-05 0 12.49770069122314 13.11746120452881 23.25722694396973
0.999673 1.00156 0.643319 0.0662907 0.0465463 0.0197444 0.000898709 1.33828e-06 3.25743e-05 0.000165733 0 12.49786853790283 13.1176061630249 23.27314758300781
0.999668 1.00157 0.643327 0.0662543 0.04651 0.0197443 0.000869388 1.38164e-06 3.27803e-05 0.000210591 0 12.49780464172363 13.11766815185547 23.25502014160156
0.999668 1.00153 0.643301 0.0661746 0.0464329 0.0197418 0.00158192 1.37839e-06 3.1107e-05 0.000308784 0 12.49780559539795 13.11815166473389 23.21643829345703
0.999625 1.00153 0.643347 0.0661944 0.0464522 0.0197422 0.00116838 1.75829e-06 3.13922e-05 0.000259458 0 12.49727821350098 13.11822509765625 23.2260799407959
0.999661 1.00153 0.643307 0.0662437 0.046508 0.0197357 0.00116206 1.43433e-06 3.11052e-05 0.000194135 0 12.49772644042969 13.11936664581299 23.25399017333984
0.999675 1.00156 0.643312 0.0662571 0.046521 0.0197361 0.00105745 1.31959e-06 3.22809e-05 0.000114884 0 12.49789810180664 13.1192455291748 23.2605037689209
0.999653 1.00154 0.643322 0.0661841 0.0464467 0.0197374 0.00103773 1.50529e-06 3.15653e-05 0.00020504 0 12.49762153625488 13.11908149719238 23.22333526611328
0.999658 1.00151 0.643298 0.0661909 0.0464528 0.0197381 0.000981127 1.46109e-06 3.0352e-05 0.000274315 0 12.49768161773682 13.11891937255859 23.22636413574219
0.999648 1.00153 0.643321 0.0661634 0.0464219 0.0197415 0.000940199 1.54607e-06 3.11754e-05 0.000152022 0 12.49757099151611 13.11828422546387 23.21094703674316
0.999674 1.00153 0.643298 0.0661665 0.0464264 0.0197401 0.000907976 1.33159e-06 3.12703e-05 8.91561e-05 0 12.49787712097168 13.11847114562988 23.21318244934082
0.999662 1.00155 0.643324 0.0661681 0.0464286 0.0197395 0.000876148 1.43028e-06 3.22013e-05 7.79796e-05 0 12.49773406982422 13.11864185333252 23.21430969238281
0.999679 1.00156 0.643309 0.0661202 0.0463827 0.0197375 0.000848217 1.28974e-06 3.23011e-05 9.0888e-05 0 12.49793910980225 13.1189603805542 23.19136428833008
0.999655 1.00152 0.643308 0.0661857 0.0464499 0.0197358 0.000827969 1.48971e-06 3.07679e-05 6.96462e-05 0 12.49764823913574 13.11939811706543 23.22494697570801
0.999668 1.00154 0.643308 0.0661487 0.0464138 0.0197349 0.000844895 1.37502e-06 3.15861e-05 0.000103135 0 12.49781131744385 13.11951923370361 23.20690155029297
0.999666 1.00154 0.643314 0.0661053 0.0463707 0.0197346 0.000812901 1.39492e-06 3.18372e-05 0.000239642 0 12.49778366088867 13.11957836151123 23.18534088134766
0.999629 1.00158 0.643372 0.0661362 0.0463999 0.0197363 0.000876526 1.72443e-06 3.32867e-05 0.000242285 0 12.49731636047363 13.11939811706543 23.1999397277832
0.999682 1.00155 0.643305 0.0661666 0.0464319 0.0197346 0.000825465 1.26635e-06 3.22494e-05 0.000248769 0 12.49797916412354 13.11951446533203 23.21596336364746
0.999663 1.00152 0.643298 0.066164 0.0464281 0.0197358 0.000835827 1.42129e-06 3.06483e-05 0.000185182 0 12.49774932861328 13.11936187744141 23.21406745910645
0.99966 1.00155 0.643324 0.0661666 0.0464315 0.019735 0.000762799 1.44275e-06 3.21106e-05 0.000153756 0 12.49771499633789 13.11951541900635 23.21575355529785
0.999657 1.00153 0.643317 0.0661118 0.0463788 0.019733 0.000755918 1.4722e-06 3.14343e-05 0.000175617 0 12.49766731262207 13.11993217468262 23.18936729431152
0.999664 1.00154 0.64331 0.0660915 0.0463602 0.0197313 0.000731618 1.41226e-06 3.1462e-05 0.000115191 0 12.49775123596191 13.12025833129883 23.18011665344238
0.999667 1.00155 0.643317 0.0661043 0.0463749 0.0197293 0.000718889 1.38992e-06 3.20606e-05 7.62523e-05 0 12.4977970123291 13.12063598632812 23.18745803833008
0.999666 1.00153 0.643302 0.0660969 0.0463695 0.0197274 0.000697874 1.39637e-06 3.10716e-05 4.11643e-05 0 12.49778175354004 13.12103939056396 23.18475341796875
0.999674 1.00155 0.643307 0.0661172 0.0463915 0.0197257 0.000690631 1.32772e-06 3.18679e-05 2.19442e-05 0 12.49788284301758 13.1213264465332 23.19575309753418
0.999675 1.00153 0.643297 0.0661007 0.0463767 0.0197241 0.000681328 1.3195e-06 3.13402e-05 2.0873e-05 0 12.49790000915527 13.12164688110352 23.1883487701416
0.999672 1.00154 0.643302 0.0660841 0.046361 0.0197231 0.000665279 1.34432e-06 3.14489e-05 3.44324e-05 0 12.49787139892578 13.12185478210449 23.18051528930664
0.999675 1.00154 0.643301 0.0660744 0.046353 0.0197214 0.000664162 1.32197e-06 3.15357e-05 6.47621e-05 0 12.49789142608643 13.12217712402344 23.17650985717773
0.999643 1.00155 0.643337 0.0660778 0.0463564 0.0197214 0.000863361 1.593e-06 3.18811e-05 5.9503e-05 0 12.49749851226807 13.12230587005615 23.17821311950684
0.999666 1.00153 0.643304 0.0660752 0.0463539 0.0197214 0.000833657 1.39191e-06 3.12423e-05 3.25088e-05 0 12.49779605865479 13.12222003936768 23.17693710327148
0.999644 1.00154 0.643334 0.0660687 0.0463457 0.019723 0.000748396 1.58129e-06 3.17994e-05 1.33469e-05 0 12.49750804901123 13.12197113037109 23.17284774780273
0.99966 1.00154 0.643315 0.0660666 0.0463456 0.019721 0.000709804 1.44558e-06 3.15352e-05 1.28148e-05 0 12.49770450592041 13.12231826782227 23.17280387878418
0.999662 1.00154 0.643315 0.0660596 0.0463415 0.019718 0.000683149 1.42978e-06 3.16508e-05 1.20845e-05 0 12.49773502349854 13.12290191650391 23.1707592010498
0.999656 1.00155 0.643325 0.0660594 0.0463442 0.0197152 0.000710303 1.47564e-06 3.19282e-05 6.09475e-06 0 12.49766635894775 13.12348365783691 23.1721076965332
0.999676 1.00154 0.643299 0.0660702 0.0463581 0.0197122 0.000678744 1.31315e-06 3.151e-05 1.81218e-05 0 12.49790382385254 13.12402057647705 23.17902183532715
0.999671 1.00156 0.643316 0.0660747 0.0463631 0.0197117 0.00064862 1.35597e-06 3.22876e-05 6.74243e-05 0 12.49783325195312 13.12412452697754 23.18152618408203
0.999671 1.00154 0.643306 0.066066 0.0463547 0.0197113 0.000648235 1.35575e-06 3.16037e-05 6.59114e-05 0 12.49783992767334 13.12419700622559 23.17734909057617
0.99967 1.00154 0.643304 0.0660701 0.0463595 0.0197106 0.000626408 1.36072e-06 3.14402e-05 3.53195e-05 0 12.49783229827881 13.12432956695557 23.17971801757812
0.999677 1.00154 0.643297 0.0660627 0.0463535 0.0197092 0.000646613 1.30593e-06 3.14445e-05 2.94611e-05 0 12.49792289733887 13.12461090087891 23.17675018310547
0.999681 1.00155 0.643301 0.0660537 0.046346 0.0197077 0.000616713 1.27249e-06 3.1931e-05 3.18925e-05 0 12.49797630310059 13.1248836517334 23.17300033569336
0.999674 1.00154 0.643302 0.066068 0.046362 0.019706 0.000604448 1.32845e-06 3.15831e-05 4.63223e-05 0 12.49788665771484 13.12524032592773 23.18099212646484
0.999662 1.00153 0.643308 0.0660547 0.0463499 0.0197048 0.000602685 1.42552e-06 3.12313e-05 1.37614e-05 0 12.49772644042969 13.12553787231445 23.17495727539062
0.999676 1.00154 0.643303 0.0660528 0.0463504 0.0197024 0.000612851 1.31127e-06 3.17486e-05 1.54035e-05 0 12.49790573120117 13.12595462799072 23.17520523071289
0.999675 1.00153 0.643298 0.066051 0.0463498 0.0197012 0.000588478 1.31828e-06 3.14177e-05 1.00143e-05 0 12.49789428710938 13.12617969512939 23.17491149902344
0.999672 1.00154 0.643303 0.0660476 0.0463472 0.0197004 0.000575488 1.34103e-06 3.15358e-05 7.3786e-06 0 12.49786186218262 13.12637519836426 23.17360305786133
0.999678 1.00153 0.643293 0.0660551 0.046356 0.019699 0.000589324 1.29885e-06 3.12236e-05 1.18356e-05 0 12.49792671203613 13.12661933898926 23.17801856994629
0.999674 1.00155 0.643308 0.0660474 0.0463499 0.0196976 0.000566979 1.33153e-06 3.19243e-05 7.5487e-06 0 12.49787902832031 13.12692928314209 23.17494010925293
0.999683 1.00153 0.643289 0.066052 0.0463573 0.0196947 0.000596817 1.25587e-06 3.12681e-05 1.22801e-05 0 12.4979944229126 13.12746429443359 23.17868232727051
0.999671 1.00152 0.643296 0.0660485 0.0463547 0.0196938 0.000575306 1.34962e-06 3.10075e-05 8.29109e-06 0 12.49784469604492 13.12769412994385 23.17734909057617
0.99967 1.00155 0.643311 0.066044 0.0463518 0.0196922 0.000557277 1.35948e-06 3.18911e-05 7.32923e-06 0 12.49784088134766 13.12799644470215 23.17590713500977
0.999684 1.00153 0.643287 0.0660442 0.046355 0.0196891 0.000573881 1.24816e-06 3.12082e-05 6.61904e-06 0 12.49800872802734 13.12856483459473 23.17750930786133
0.999668 1.00154 0.643308 0.0660414 0.0463539 0.0196875 0.000546754 1.37795e-06 3.1603e-05 4.44285e-06 0 12.4978141784668 13.12895393371582 23.17694091796875
0.999683 1.00154 0.643292 0.0660424 0.0463574 0.0196849 0.000779425 1.25299e-06 3.15088e-05 1.31449e-05 0 12.49800395965576 13.12940692901611 23.1787166595459
0.999676 1.00154 0.643303 0.0660411 0.0463577 0.0196834 0.000612447 1.30979e-06 3.17788e-05 7.14076e-06 0 12.49791431427002 13.12973594665527 23.17884826660156
0.999682 1.00154 0.643294 0.0660385 0.0463563 0.0196822 0.00062477 1.26811e-06 3.14914e-05 7.96e-06 0 12.49798679351807 13.12996101379395 23.17816734313965
0.99968 1.00153 0.643294 0.0660367 0.0463554 0.0196813 0.000593027 1.28256e-06 3.1426e-05 4.9162e-06 0 12.49794864654541 13.1301441192627 23.17769622802734
0.999675 1.00154 0.643302 0.0660407 0.0463613 0.0196794 0.00065518 1.31873e-06 3.16296e-05 8.13569e-06 0 12.49789905548096 13.13054466247559 23.18064880371094
0.999682 1.00154 0.643293 0.0660339 0.0463578 0.0196761 0.000599184 1.26573e-06 3.1464e-05 7.78487e-06 0 12.4979772567749 13.13117599487305 23.17889404296875
0.999682 1.00154 0.643293 0.0660521 0.0463794 0.0196727 0.000576044 1.26348e-06 3.14577e-05 9.97283e-06 0 12.49798774719238 13.1318416595459 23.18970108032227
0.99969 1.00155 0.643294 0.0660446 0.0463749 0.0196696 0.000562059 1.20033e-06 3.20257e-05 5.42911e-05 0 12.49808597564697 13.1324291229248 23.18745231628418
0.999703 1.00151 0.643255 0.0661063 0.0464401 0.0196663 0.000611671 1.10589e-06 3.0365e-05 7.6327e-06 0 12.49824237823486 13.13305854797363 23.22003555297852
0.999689 1.00153 0.643283 0.066106 0.0464429 0.0196631 0.000589199 1.2127e-06 3.12433e-05 3.27989e-05 0 12.49806880950928 13.13372993469238 23.22145080566406
0.999683 1.00155 0.643299 0.066164 0.0465046 0.0196594 0.00095382 1.25607e-06 3.19547e-05 0.000140635 0 12.49800300598145 13.13450622558594 23.25231170654297
0.999696 1.00159 0.643311 0.0661325 0.0464769 0.0196556 0.000843961 1.15263e-06 3.35428e-05 0.00024457 0 12.49816417694092 13.13521194458008 23.23845291137695
0.999658 1.00151 0.643297 0.0662362 0.0465834 0.0196528 0.000812164 1.46271e-06 3.02472e-05 0.000122583 0 12.49767971038818 13.13591575622559 23.29169464111328
0.999701 1.00152 0.643267 0.0662435 0.0465958 0.0196478 0.000763998 1.11603e-06 3.09898e-05 0.000168495 0 12.49822235107422 13.13674640655518 23.29788780212402
0.999654 1.00158 0.64335 0.0660794 0.04643 0.0196494 0.000892191 1.49789e-06 3.33889e-05 0.00054887 0 12.49763488769531 13.13659954071045 23.2149715423584
0.999658 1.00148 0.643277 0.0662137 0.0465672 0.0196465 0.000782022 1.46032e-06 2.90757e-05 0.000170193 0 12.49769401550293 13.13717079162598 23.2835807800293
0.999662 1.00151 0.643298 0.0661316 0.0464855 0.0196461 0.00073326 1.42915e-06 3.0542e-05 0.000172003 0 12.49773120880127 13.13722229003906 23.24274826049805
0.999683 1.00158 0.643323 0.0660848 0.0464414 0.0196434 0.00071395 1.25309e-06 3.3514e-05 0.000354513 0 12.49800205230713 13.13767719268799 23.22066879272461
0.999655 1.00154 0.643319 0.0661011 0.0464587 0.0196424 0.000750765 1.48905e-06 3.14825e-05 0.000239941 0 12.49764347076416 13.13800716400146 23.22934532165527
0.999665 1.00152 0.643299 0.0662171 0.0465794 0.0196377 0.000704747 1.40235e-06 3.08362e-05 0.000132172 0 12.49777984619141 13.13890075683594 23.28970718383789
0.999676 1.00156 0.643311 0.0661069 0.0464706 0.0196363 0.000675402 1.31178e-06 3.22996e-05 0.000184544 0 12.49790573120117 13.13913345336914 23.23531341552734
0.999653 1.00153 0.643316 0.0660298 0.0463946 0.0196352 0.000657391 1.50738e-06 3.11719e-05 0.000227915 0 12.49761772155762 13.1394510269165 23.19732666015625
0.99969 1.00157 0.643306 0.0660574 0.0464275 0.0196298 0.000644049 1.20474e-06 3.27611e-05 9.75714e-05 0 12.49808311462402 13.14036750793457 23.21376037597656
0.999667 1.00153 0.643301 0.0661427 0.0465136 0.0196291 0.000682364 1.38363e-06 3.11217e-05 3.62124e-05 0 12.49779796600342 13.14060401916504 23.25678825378418
0.999681 1.00153 0.643289 0.0660333 0.0464065 0.0196269 0.000669062 1.27435e-06 3.11292e-05 0.000180674 0 12.49797344207764 13.14099025726318 23.20322608947754
0.999584 1.00145 0.643335 0.0660788 0.0464517 0.0196271 0.000850047 2.16433e-06 2.81959e-05 0.00014755 0 12.4967565536499 13.14132022857666 23.22582817077637
0.999679 1.00155 0.643307 0.0661547 0.0465344 0.0196203 0.000845826 1.29045e-06 3.21876e-05 3.31005e-05 0 12.49794101715088 13.14230442047119 23.26717758178711
0.999651 1.00158 0.643351 0.0661066 0.0464858 0.0196207 0.000778772 1.52146e-06 3.3337e-05 5.45626e-05 0 12.49759006500244 13.14233684539795 23.24293327331543
0.999668 1.00156 0.643323 0.0660595 0.0464421 0.0196174 0.000787256 1.37564e-06 3.25679e-05 0.000119679 0 12.49780559539795 13.14292907714844 23.22105979919434
0.999649 1.00151 0.643309 0.0660354 0.0464199 0.0196155 0.00074498 1.54307e-06 3.04906e-05 0.000104297 0 12.49757289886475 13.1433744430542 23.20993423461914
0.999606 1.00174 0.643499 0.0661418 0.0465305 0.0196113 0.00118806 1.94141e-06 4.04844e-05 9.5608e-05 0 12.49703216552734 13.14439010620117 23.2652587890625
0.999659 1.00141 0.643232 0.0660639 0.0464529 0.0196109 0.000988167 1.45115e-06 2.64092e-05 3.90512e-05 0 12.49769973754883 13.14426231384277 23.22647285461426
0.999612 1.00161 0.643407 0.0660189 0.0464057 0.0196132 0.000903126 1.88673e-06 3.45036e-05 2.66638e-05 0 12.49710941314697 13.1439790725708 23.20283889770508
0.999651 1.00152 0.643312 0.0660281 0.0464205 0.0196076 0.00106892 1.51905e-06 3.0843e-05 4.46295e-05 0 12.49759483337402 13.14494609832764 23.21022033691406
0.999612 1.00153 0.643355 0.0659986 0.046393 0.0196057 0.000945602 1.88436e-06 3.10873e-05 2.42672e-05 0 12.49710750579834 13.14549541473389 23.19649505615234
0.99961 1.00154 0.643362 0.0660178 0.0464156 0.0196022 0.00109439 1.89724e-06 3.14864e-05 4.2015e-05 0 12.49708461761475 13.14619445800781 23.20778846740723
0.999634 1.00153 0.643334 0.0659894 0.0463892 0.0196002 0.000983811 1.67529e-06 3.11709e-05 1.97788e-05 0 12.49738216400146 13.14648818969727 23.1945858001709
0.999611 1.00156 0.643375 0.0659804 0.0463803 0.0196001 0.000913826 1.89316e-06 3.23431e-05 1.14806e-05 0 12.49710178375244 13.14660549163818 23.1901683807373
0.999478 1.00154 0.643492 0.0660369 0.0464312 0.0196056 0.00146288 3.40145e-06 3.16673e-05 8.66925e-05 0 12.49544143676758 13.14602375030518 23.21561050415039
0.999623 1.00153 0.643347 0.0660057 0.0464089 0.0195968 0.00105492 1.77861e-06 3.12648e-05 1.99265e-05 0 12.4972448348999 13.1472053527832 23.20444869995117
0.99961 1.00156 0.643375 0.0659797 0.0463842 0.0195955 0.000993532 1.89706e-06 3.23206e-05 2.37516e-05 0 12.49708843231201 13.14753818511963 23.19210624694824
0.999622 1.00155 0.643358 0.0659768 0.0463866 0.0195902 0.000964453 1.78206e-06 3.19759e-05 9.53053e-06 0 12.49724292755127 13.14855003356934 23.19329643249512
0.999622 1.00153 0.643349 0.0659756 0.0463912 0.0195845 0.00094717 1.7866e-06 3.13557e-05 7.71586e-06 0 12.49723529815674 13.14968013763428 23.19558143615723
0.999622 1.00155 0.643358 0.0659698 0.04639 0.0195798 0.000906329 1.78178e-06 3.19729e-05 5.56644e-06 0 12.49723529815674 13.15061569213867 23.19498634338379
0.999636 1.00153 0.643335 0.0659696 0.046394 0.0195756 0.000869275 1.65731e-06 3.12973e-05 6.68224e-06 0 12.49740695953369 13.15141487121582 23.19700050354004
0.999632 1.00153 0.64334 0.0659877 0.0464151 0.0195725 0.000866 1.69665e-06 3.13999e-05 1.91082e-05 0 12.49735450744629 13.15203094482422 23.20756721496582
0.999644 1.00153 0.643327 0.0659734 0.0464048 0.0195686 0.000822291 1.58141e-06 3.13028e-05 3.11265e-05 0 12.49751377105713 13.15276622772217 23.20240592956543
0.999652 1.00155 0.643328 0.0659652 0.0464005 0.0195647 0.00079347 1.51036e-06 3.18789e-05 1.20222e-05 0 12.49760913848877 13.15352344512939 23.20025253295898
0.99965 1.00153 0.643323 0.0659845 0.0464235 0.0195609 0.000771345 1.52955e-06 3.14209e-05 4.43117e-06 0 12.49759101867676 13.15427589416504 23.21174049377441
0.999655 1.00155 0.643329 0.0660146 0.0464579 0.0195568 0.000784484 1.49202e-06 3.21041e-05 6.79927e-06 0 12.49763488769531 13.15509510040283 23.22894096374512
0.999652 1.00154 0.643325 0.0659872 0.0464342 0.0195531 0.000752817 1.51813e-06 3.16356e-05 1.65599e-05 0 12.49760627746582 13.15584087371826 23.21707344055176
0.999654 1.00155 0.643329 0.065968 0.0464193 0.0195487 0.000742173 1.49944e-06 3.20216e-05 4.74747e-05 0 12.49763488769531 13.15670013427734 23.20965576171875
0.999658 1.00153 0.643314 0.0659727 0.0464288 0.0195439 0.000727185 1.45985e-06 3.13328e-05 8.09609e-05 0 12.49769020080566 13.157639503479 23.21442413330078
0.999655 1.00155 0.643326 0.0660154 0.0464752 0.0195402 0.000699715 1.48999e-06 3.18911e-05 5.27803e-05 0 12.49764060974121 13.15840625762939 23.23759269714355
0.999675 1.00154 0.643302 0.0660227 0.0464878 0.0195349 0.000691649 1.32455e-06 3.15796e-05 2.19004e-05 0 12.49789905548096 13.15938186645508 23.24391746520996
0.999645 1.00153 0.643325 0.0659775 0.0464437 0.0195338 0.000701069 1.57916e-06 3.12046e-05 0.000120499 0 12.49751567840576 13.1597318649292 23.22187423706055
0.999663 1.00157 0.643335 0.0659818 0.0464527 0.0195291 0.000686839 1.42322e-06 3.29963e-05 0.000178581 0 12.49774265289307 13.16060066223145 23.22637557983398
0.99966 1.00155 0.643321 0.065992 0.046466 0.0195259 0.000688359 1.44319e-06 3.19056e-05 8.39136e-05 0 12.49771404266357 13.1612377166748 23.23300933837891
0.999661 1.00155 0.643324 0.0659589 0.0464366 0.0195224 0.000687464 1.43725e-06 3.21749e-05 0.000142869 0 12.49771785736084 13.16194248199463 23.2182559967041
0.999658 1.00155 0.643322 0.0659639 0.046445 0.0195189 0.000693866 1.46131e-06 3.18512e-05 9.58158e-05 0 12.49768924713135 13.1626558303833 23.22252464294434
0.999664 1.00153 0.643306 0.0659846 0.046469 0.0195156 0.000656501 1.41118e-06 3.12298e-05 4.42755e-05 0 12.49774551391602 13.16329765319824 23.2345085144043
0.999644 1.00154 0.643332 0.0659607 0.0464487 0.0195119 0.000655101 1.58346e-06 3.16662e-05 3.11563e-05 0 12.49751472473145 13.16409683227539 23.22436141967773
0.999673 1.00153 0.643299 0.0659764 0.0464691 0.0195073 0.000703048 1.33505e-06 3.13549e-05 2.50077e-05 0 12.49787330627441 13.16491413116455 23.23455047607422
0.999664 1.00156 0.643324 0.0659444 0.0464406 0.0195038 0.000651626 1.40841e-06 3.23531e-05 2.27891e-05 0 12.49776744842529 13.16565036773682 23.22032165527344
0.999655 1.00153 0.643315 0.0659449 0.0464435 0.0195013 0.000634862 1.4894e-06 3.12313e-05 3.8728e-05 0 12.49764442443848 13.16617393493652 23.22175979614258
0.999661 1.00155 0.64332 0.0659281 0.0464309 0.0194972 0.000650251 1.43438e-06 3.19034e-05 8.03015e-05 0 12.49772357940674 13.1669750213623 23.2154369354248
0.999659 1.00154 0.643318 0.0659415 0.0464477 0.0194938 0.000639362 1.45742e-06 3.16074e-05 5.63083e-05 0 12.49769973754883 13.1676778793335 23.22383689880371
0.999664 1.00156 0.643324 0.0659357 0.046446 0.0194896 0.000602186 1.41215e-06 3.23417e-05 0.000111345 0 12.49776935577393 13.16848754882812 23.22302627563477
0.999573 1.00156 0.643412 0.0660542 0.0465628 0.0194914 0.000847667 2.28406e-06 3.23404e-05 0.00011704 0 12.49661445617676 13.16849040985107 23.28139305114746
0.999527 1.00147 0.643402 0.066101 0.0466172 0.0194838 0.00139905 2.79551e-06 2.89213e-05 9.47391e-05 0 12.49604415893555 13.17017936706543 23.3085823059082
0.999638 1.00155 0.643347 0.0659752 0.046494 0.0194811 0.00103639 1.64035e-06 3.21929e-05 0.000247825 0 12.49742317199707 13.17029190063477 23.24701499938965
0.999605 1.00157 0.643392 0.0659877 0.0465069 0.0194808 0.000923155 1.95304e-06 3.30364e-05 5.52819e-05 0 12.49702262878418 13.17047691345215 23.25342178344727
0.999611 1.00153 0.643358 0.0659932 0.0465159 0.0194773 0.000941151 1.89255e-06 3.12655e-05 4.7655e-05 0 12.49709320068359 13.17116737365723 23.25795555114746
0.999613 1.00156 0.643376 0.0659471 0.0464753 0.0194718 0.000864786 1.87614e-06 3.24973e-05 1.82523e-05 0 12.49712371826172 13.17224502563477 23.23764610290527
0.999639 1.00155 0.643341 0.0659615 0.0464962 0.0194652 0.000819715 1.63156e-06 3.18746e-05 9.93052e-06 0 12.49743747711182 13.17347621917725 23.24811363220215
0.999624 1.00154 0.643355 0.0659316 0.0464708 0.0194607 0.000782847 1.77154e-06 3.18133e-05 9.32632e-06 0 12.49725246429443 13.1744270324707 23.23542213439941
0.99964 1.00154 0.643339 0.065904 0.0464481 0.0194559 0.000752838 1.62438e-06 3.17966e-05 3.032e-05 0 12.49744510650635 13.17532825469971 23.22403717041016
0.999626 1.00155 0.643353 0.0659092 0.0464575 0.0194518 0.000900452 1.74763e-06 3.18787e-05 4.88107e-05 0 12.49728393554688 13.17621803283691 23.22872924804688
0.999663 1.00154 0.643312 0.0659109 0.0464644 0.0194465 0.000869468 1.41744e-06 3.15499e-05 6.20237e-05 0 12.49775314331055 13.17711734771729 23.23219299316406
0.999618 1.00154 0.64336 0.0658972 0.0464516 0.0194456 0.000805272 1.82397e-06 3.18296e-05 7.7374e-05 0 12.49719524383545 13.17748260498047 23.22582626342773
0.999633 1.00153 0.643339 0.0659027 0.0464619 0.0194408 0.000769509 1.68258e-06 3.13843e-05 3.29439e-05 0 12.49737739562988 13.17838287353516 23.23091888427734
0.999641 1.00156 0.64335 0.0659361 0.0465007 0.0194354 0.000747489 1.61289e-06 3.26113e-05 1.55514e-05 0 12.49746704101562 13.17942714691162 23.25034141540527
0.999626 1.00153 0.643346 0.065918 0.0464871 0.0194309 0.000759705 1.74528e-06 3.14222e-05 1.90697e-05 0 12.49728679656982 13.1804027557373 23.24357986450195
0.999643 1.00155 0.643338 0.0659113 0.0464866 0.0194247 0.000745092 1.59542e-06 3.19537e-05 6.1539e-05 0 12.49749565124512 13.18157005310059 23.24328994750977
0.999636 1.00153 0.643336 0.0659191 0.0464993 0.0194198 0.000716775 1.65522e-06 3.13946e-05 7.89282e-05 0 12.49740791320801 13.18258285522461 23.24965858459473
0.999639 1.00155 0.643344 0.0659162 0.0465014 0.0194149 0.00072514 1.627e-06 3.20873e-05 7.83023e-05 0 12.49744415283203 13.18356895446777 23.25068664550781
0.999636 1.00154 0.64334 0.0659206 0.0465103 0.0194103 0.000708993 1.65318e-06 3.16949e-05 9.55229e-05 0 12.49740886688232 13.18448543548584 23.25512313842773
0.999636 1.00155 0.643344 0.0658974 0.0464919 0.0194055 0.000688224 1.65576e-06 3.19151e-05 6.42556e-05 0 12.49740600585938 13.18546199798584 23.24592399597168
0.999644 1.00156 0.643346 0.0659128 0.0465123 0.0194005 0.000703107 1.58875e-06 3.25257e-05 8.83682e-05 0 12.49750137329102 13.18643188476562 23.25615692138672
0.999632 1.00154 0.643344 0.0659058 0.0465106 0.0193953 0.00068376 1.68905e-06 3.16901e-05 4.26783e-05 0 12.49736595153809 13.18752002716064 23.25528144836426
0.999648 1.00157 0.643348 0.0659296 0.0465405 0.0193891 0.000682416 1.54874e-06 3.29299e-05 3.78067e-05 0 12.49755191802979 13.18869590759277 23.27024841308594
0.999626 1.00152 0.643335 0.0659215 0.0465384 0.0193831 0.00068367 1.74694e-06 3.07457e-05 2.43768e-05 0 12.49729156494141 13.18998908996582 23.26922225952148
0.999653 1.00155 0.643333 0.0659545 0.0465776 0.0193769 0.000671216 1.50436e-06 3.22477e-05 2.00555e-05 0 12.49762535095215 13.19113349914551 23.28882598876953
0.999644 1.00154 0.643335 0.0659355 0.0465642 0.0193713 0.000658188 1.58537e-06 3.1805e-05 2.36254e-05 0 12.49751091003418 13.19228935241699 23.2820987701416
0.999654 1.00153 0.643317 0.0659179 0.0465521 0.0193658 0.000646239 1.49797e-06 3.12541e-05 4.73198e-05 0 12.49762535095215 13.19335556030273 23.27605819702148
0.999645 1.00154 0.643333 0.0658912 0.0465311 0.0193601 0.000639269 1.57583e-06 3.17712e-05 5.97334e-05 0 12.49752426147461 13.19453811645508 23.26555252075195
0.999642 1.00155 0.643338 0.0658941 0.0465386 0.0193555 0.00222448 1.60307e-06 3.19002e-05 9.90747e-05 0 12.49748134613037 13.19546222686768 23.269287109375
0.999594 1.00148 0.64334 0.0659185 0.0465634 0.0193551 0.0010688 2.06498e-06 2.90834e-05 0.00013662 0 12.49688243865967 13.19572830200195 23.28166198730469
0.999551 1.00155 0.643426 0.0658649 0.0465105 0.0193544 0.000942113 2.51988e-06 3.19357e-05 8.03397e-05 0 12.49634647369385 13.19605541229248 23.25524520874023
0.999642 1.00153 0.643325 0.0658798 0.0465365 0.0193434 0.000877367 1.59799e-06 3.10622e-05 8.0413e-05 0 12.49748992919922 13.19790649414062 23.26822662353516
0.999586 1.00152 0.643372 0.0659017 0.0465624 0.0193393 0.000853008 2.13784e-06 3.06425e-05 8.22167e-05 0 12.49680614471436 13.19893550872803 23.28120613098145
0.999636 1.00156 0.643355 0.0659255 0.0465957 0.0193298 0.000818894 1.66066e-06 3.25848e-05 0.000119045 0 12.49740695953369 13.20065498352051 23.29783630371094
0.999618 1.00153 0.643353 0.0658879 0.0465647 0.0193232 0.00077741 1.82477e-06 3.13972e-05 0.000107995 0 12.49718570709229 13.20205307006836 23.28233909606934
0.999609 1.00156 0.643379 0.0658531 0.0465369 0.0193163 0.00101201 1.9092e-06 3.24697e-05 0.000110825 0 12.49707126617432 13.2034740447998 23.26843643188477
0.999603 1.00154 0.643374 0.0658492 0.04654 0.0193091 0.000879327 1.96591e-06 3.17958e-05 0.000108144 0 12.49700355529785 13.20493507385254 23.2700138092041
0.999637 1.00156 0.643355 0.0658396 0.0465379 0.0193017 0.000828247 1.65107e-06 3.26382e-05 8.65198e-05 0 12.49741554260254 13.20630645751953 23.26897430419922
0.999628 1.00151 0.643332 0.0658384 0.0465415 0.0192969 0.000794882 1.73266e-06 3.06246e-05 8.50535e-05 0 12.4973087310791 13.20729446411133 23.27074432373047
0.99963 1.00157 0.643368 0.0658761 0.046585 0.019291 0.00082794 1.70843e-06 3.30876e-05 7.11566e-05 0 12.4973316192627 13.20848083496094 23.29251670837402
0.999651 1.00156 0.64334 0.0658707 0.046587 0.0192837 0.000755478 1.52122e-06 3.25919e-05 5.79639e-05 0 12.49759769439697 13.20987033843994 23.29350090026855
0.999628 1.00152 0.643337 0.0658322 0.046554 0.0192782 0.000733425 1.72781e-06 3.09784e-05 6.11698e-05 0 12.49730968475342 13.21106624603271 23.27700614929199
0.99964 1.00156 0.643347 0.0658627 0.0465916 0.0192711 0.000722049 1.61746e-06 3.23685e-05 5.24394e-05 0 12.49746417999268 13.21245002746582 23.29580688476562
0.999636 1.00154 0.643338 0.0658349 0.0465708 0.0192641 0.00071165 1.6545e-06 3.15274e-05 7.4377e-05 0 12.49741363525391 13.21387672424316 23.2854118347168
0.999648 1.00157 0.643351 0.0658714 0.0466143 0.0192571 0.00072277 1.54926e-06 3.30943e-05 4.24097e-05 0 12.49755573272705 13.21524620056152 23.30717468261719
0.999634 1.00152 0.643331 0.0658336 0.0465828 0.0192508 0.000683371 1.67193e-06 3.09955e-05 1.79538e-05 0 12.49738883972168 13.21655559539795 23.2913990020752
0.999648 1.00156 0.643339 0.0658013 0.0465572 0.0192441 0.000671945 1.54793e-06 3.23464e-05 3.98555e-05 0 12.49755954742432 13.21783828735352 23.2785758972168
0.999634 1.00153 0.643333 0.0658102 0.0465721 0.0192381 0.000664687 1.67225e-06 3.10982e-05 4.79939e-05 0 12.49739265441895 13.21912002563477 23.28605079650879
0.999642 1.00155 0.643339 0.0657844 0.0465529 0.0192314 0.000653959 1.59855e-06 3.19933e-05 6.58532e-05 0 12.49749088287354 13.22043704986572 23.27648735046387
0.999635 1.00156 0.643353 0.0657955 0.0465706 0.0192249 0.000660385 1.66133e-06 3.24542e-05 0.000104821 0 12.49740695953369 13.22176742553711 23.28530502319336
0.99964 1.00153 0.643333 0.0657934 0.0465756 0.0192178 0.000639391 1.62473e-06 3.13889e-05 6.92145e-05 0 12.49745464324951 13.22317790985107 23.28779792785645
0.999644 1.00157 0.643353 0.0658363 0.0466255 0.0192108 0.000648891 1.58858e-06 3.29642e-05 5.24733e-05 0 12.4975004196167 13.22457408905029 23.31273651123047
0.999638 1.00154 0.643338 0.0658197 0.0466156 0.0192041 0.000628184 1.634e-06 3.16719e-05 3.80401e-05 0 12.49744129180908 13.22593975067139 23.30779457092285
0.999648 1.00157 0.643345 0.0658344 0.0466374 0.019197 0.000640695 1.54756e-06 3.27418e-05 4.7294e-05 0 12.4975643157959 13.22733497619629 23.31868934631348
0.999638 1.00154 0.643338 0.0658406 0.0466506 0.0191899 0.000617904 1.63768e-06 3.1676e-05 4.13167e-05 0 12.4974250793457 13.22880935668945 23.3253345489502
0.999651 1.00157 0.643347 0.0658059 0.0466223 0.0191836 0.000615097 1.52412e-06 3.30089e-05 8.90996e-05 0 12.49759674072266 13.23006629943848 23.31115913391113
0.999626 1.00151 0.643333 0.0657909 0.0466132 0.0191777 0.000607982 1.75139e-06 3.0555e-05 5.21026e-05 0 12.49728584289551 13.23132610321045 23.30659294128418
0.999647 1.00156 0.643344 0.0657961 0.0466262 0.0191699 0.000603798 1.56188e-06 3.25743e-05 4.87721e-05 0 12.49753570556641 13.23283195495605 23.31308174133301
0.999635 1.00154 0.643338 0.0657705 0.0466074 0.0191631 0.000598582 1.66391e-06 3.14505e-05 5.57017e-05 0 12.49740219116211 13.2342414855957 23.30369758605957
0.999646 1.00157 0.643348 0.0657804 0.0466248 0.0191556 0.000594389 1.56739e-06 3.28041e-05 5.33757e-05 0 12.49753761291504 13.2357177734375 23.31240653991699
0.999542 1.00146 0.643383 0.065798 0.0466434 0.0191546 0.000908758 2.62655e-06 2.86351e-05 9.91158e-05 0 12.4962272644043 13.2363109588623 23.32169532775879
0.999658 1.00154 0.643316 0.0657702 0.0466269 0.0191433 0.000766169 1.45941e-06 3.15089e-05 7.94475e-05 0 12.49768829345703 13.2381534576416 23.3134651184082
0.999586 1.00158 0.643411 0.0657965 0.0466555 0.019141 0.000740407 2.14245e-06 3.31194e-05 8.44094e-05 0 12.49679088592529 13.23889446258545 23.3277759552002
0.99964 1.00152 0.643323 0.0657595 0.0466284 0.0191311 0.000700789 1.62183e-06 3.08331e-05 9.94587e-05 0 12.49746417999268 13.24069118499756 23.314208984375
0.999609 1.00155 0.643374 0.0657873 0.0466625 0.0191249 0.000684008 1.90752e-06 3.2181e-05 7.77001e-05 0 12.49707317352295 13.2420654296875 23.33122062683105
0.999636 1.00155 0.643344 0.0657626 0.0466465 0.0191161 0.000664656 1.66032e-06 3.18849e-05 6.78529e-05 0 12.49739742279053 13.24374103546143 23.32325744628906
0.999623 1.00155 0.643361 0.0657649 0.0466557 0.0191092 0.000656517 1.77864e-06 3.21723e-05 5.91542e-05 0 12.49723720550537 13.24518203735352 23.3278694152832
0.999626 1.00154 0.643352 0.0657564 0.0466548 0.0191016 0.000643213 1.74417e-06 3.18329e-05 6.74262e-05 0 12.49728965759277 13.2466983795166 23.3274097442627
0.999629 1.00155 0.643354 0.0657297 0.0466363 0.0190933 0.000734377 1.71622e-06 3.21381e-05 0.000156136 0 12.49733066558838 13.2483549118042 23.31814575195312
0.999624 1.00155 0.643359 0.065737 0.0466516 0.0190854 0.000697957 1.77141e-06 3.20993e-05 0.000121954 0 12.49725151062012 13.24998474121094 23.3257884979248
0.999626 1.00155 0.643358 0.065731 0.0466545 0.0190765 0.000679579 1.74712e-06 3.22117e-05 0.000159511 0 12.49728775024414 13.25177764892578 23.32723617553711
0.999647 1.00158 0.643355 0.0657538 0.0466865 0.0190673 0.000764773 1.55786e-06 3.32852e-05 0.000100215 0 12.49754428863525 13.25356101989746 23.34325981140137
0.999637 1.00153 0.643335 0.0657501 0.0466916 0.0190585 0.000726708 1.64595e-06 3.13715e-05 9.18097e-05 0 12.49742889404297 13.25536918640137 23.34577369689941
0.999635 1.00158 0.643369 0.0657883 0.046738 0.0190503 0.000692447 1.66508e-06 3.34741e-05 0.000104129 0 12.49739360809326 13.25705623626709 23.36899757385254
0.99963 1.00151 0.643327 0.0657817 0.0467406 0.0190411 0.000684543 1.70801e-06 3.04647e-05 0.000149776 0 12.49734115600586 13.25892639160156 23.37028694152832
0.999636 1.00157 0.643362 0.0657399 0.0467053 0.0190347 0.000698969 1.66048e-06 3.30542e-05 0.000191043 0 12.49740409851074 13.26021289825439 23.35262298583984
0.999623 1.00156 0.643368 0.0657216 0.0466937 0.0190279 0.00065595 1.78015e-06 3.25999e-05 0.000218961 0 12.49724960327148 13.26163101196289 23.34683418273926
0.999625 1.00154 0.64335 0.0657543 0.0467355 0.0190188 0.000645627 1.76178e-06 3.1609e-05 0.000173305 0 12.49726963043213 13.26346874237061 23.36772727966309
0.999638 1.00155 0.643347 0.0657612 0.0467514 0.0190099 0.000790901 1.6398e-06 3.22122e-05 0.000192356 0 12.49742794036865 13.26523017883301 23.37567901611328
0.999616 1.00155 0.643368 0.0657219 0.0467192 0.0190027 0.000688543 1.83969e-06 3.22199e-05 0.000219697 0 12.49716854095459 13.26676559448242 23.35959815979004
0.99964 1.00155 0.643343 0.0657008 0.046707 0.0189938 0.000664168 1.62246e-06 3.20702e-05 0.000213721 0 12.49744987487793 13.26848220825195 23.35351181030273
0.999621 1.00156 0.643366 0.0657173 0.046731 0.0189863 0.000654836 1.8001e-06 3.23942e-05 0.000190069 0 12.49721240997314 13.27008724212646 23.36550331115723
0.999629 1.00154 0.643346 0.0657389 0.0467625 0.0189763 0.000646095 1.7226e-06 3.16155e-05 0.000197035 0 12.49731731414795 13.27205944061279 23.38128089904785
0.999622 1.00155 0.643358 0.0657024 0.0467335 0.0189689 0.00062764 1.78784e-06 3.19406e-05 0.000216399 0 12.49722480773926 13.27358913421631 23.36674308776855
0.999612 1.00154 0.643365 0.0657193 0.0467596 0.0189597 0.000625917 1.87782e-06 3.17825e-05 0.000185694 0 12.49711418151855 13.27548408508301 23.37978744506836
0.999607 1.00154 0.643365 0.0656611 0.0467091 0.0189521 0.000615562 1.92714e-06 3.15082e-05 0.000191054 0 12.49705028533936 13.27707958221436 23.35454368591309
0.999648 1.00158 0.643353 0.0656942 0.0467529 0.0189413 0.000667506 1.55005e-06 3.32447e-05 0.000129333 0 12.49755859375 13.2791051864624 23.37644577026367
0.999581 1.00151 0.643373 0.0656451 0.0467095 0.0189355 0.000671668 2.19011e-06 3.04295e-05 0.000186799 0 12.49673461914062 13.28053379058838 23.3547477722168
0.999631 1.00157 0.643363 0.0656943 0.0467697 0.0189246 0.000608871 1.70073e-06 3.28496e-05 0.000234602 0 12.49734115600586 13.28255081176758 23.38484001159668
0.999579 1.00155 0.6434 0.0657094 0.0467973 0.0189121 0.00072946 2.21204e-06 3.19791e-05 0.00013921 0 12.4967041015625 13.28530216217041 23.39867210388184
0.999626 1.00155 0.643354 0.0657881 0.046887 0.0189012 0.000676294 1.74963e-06 3.19417e-05 9.26739e-05 0 12.49728012084961 13.28734683990479 23.44348526000977
0.999614 1.00154 0.643359 0.0657294 0.0468398 0.0188895 0.00064869 1.86735e-06 3.14502e-05 8.41096e-05 0 12.4971342086792 13.28976535797119 23.41992568969727
0.999622 1.00155 0.64336 0.0656683 0.046788 0.0188803 0.000634485 1.79016e-06 3.20171e-05 0.000121534 0 12.49722480773926 13.29158878326416 23.39400291442871
0.99962 1.00159 0.643386 0.0656211 0.0467512 0.0188699 0.000620189 1.802e-06 3.36738e-05 8.553e-05 0 12.49721336364746 13.29371929168701 23.37560272216797
0.999603 1.00153 0.643366 0.0655747 0.0467133 0.0188613 0.000609233 1.97078e-06 3.12598e-05 5.8875e-05 0 12.49699783325195 13.29551982879639 23.35666275024414
0.999611 1.00155 0.643372 0.0655693 0.0467181 0.0188512 0.000599048 1.89403e-06 3.21454e-05 2.58539e-05 0 12.49709606170654 13.29756259918213 23.35904502868652
0.999615 1.00157 0.643382 0.0655778 0.0467364 0.0188413 0.000590795 1.85522e-06 3.30395e-05 1.58916e-05 0 12.49714279174805 13.29955577850342 23.36823272705078
0.999606 1.00155 0.643377 0.0655419 0.0467099 0.018832 0.000580885 1.94297e-06 3.21288e-05 2.57398e-05 0 12.49703502655029 13.30148315429688 23.35494804382324
0.99961 1.00155 0.643373 0.0655474 0.0467261 0.0188212 0.000573645 1.90634e-06 3.21164e-05 5.79413e-06 0 12.49708080291748 13.30367279052734 23.36306381225586
0.999599 1.00155 0.643383 0.0655448 0.046733 0.0188118 0.000693381 2.01214e-06 3.21353e-05 4.38923e-05 0 12.49693965911865 13.30563259124756 23.36648178100586
0.999596 1.00155 0.643388 0.0655489 0.0467471 0.0188018 0.000592783 2.03921e-06 3.22285e-05 2.4444e-05 0 12.49690628051758 13.30767345428467 23.37356376647949
0.9996 1.00155 0.643379 0.0655294 0.0467376 0.0187918 0.000581353 2.0022e-06 3.18978e-05 3.42247e-05 0 12.49696063995361 13.3097095489502 23.36881065368652
0.999603 1.00155 0.643381 0.0655641 0.0467832 0.0187809 0.000775724 1.97498e-06 3.21857e-05 1.72119e-05 0 12.49699878692627 13.31191158294678 23.3916072845459
0.999609 1.00156 0.643379 0.0655108 0.0467403 0.0187705 0.000712871 1.91455e-06 3.24403e-05 6.26427e-05 0 12.49706363677979 13.31400775909424 23.37014579772949
0.999595 1.00159 0.643409 0.0655404 0.0467806 0.0187598 0.000676469 2.05018e-06 3.35932e-05 1.5187e-05 0 12.49690437316895 13.31625747680664 23.39029312133789
0.999603 1.00154 0.64337 0.0655081 0.0467584 0.0187496 0.000634918 1.9732e-06 3.14914e-05 7.11068e-05 0 12.49698829650879 13.31829357147217 23.37922668457031
0.999609 1.0016 0.643403 0.0655275 0.0467888 0.0187387 0.000641622 1.90797e-06 3.41111e-05 9.90942e-05 0 12.49707221984863 13.32050704956055 23.3943977355957
0.999605 1.00156 0.643383 0.0655351 0.0468078 0.0187273 0.000848935 1.94725e-06 3.25226e-05 4.40743e-05 0 12.49703216552734 13.32283973693848 23.4039134979248
0.999583 1.00156 0.643403 0.0654962 0.0467774 0.0187187 0.000742766 2.17747e-06 3.23811e-05 7.08571e-05 0 12.49673748016357 13.32468414306641 23.38871383666992
0.999594 1.00154 0.643382 0.0654921 0.0467851 0.018707 0.00167018 2.06466e-06 3.17326e-05 4.94924e-05 0 12.49688339233398 13.3270320892334 23.39252090454102
0.999578 1.00157 0.643414 0.0654725 0.0467783 0.0186942 0.000987118 2.22422e-06 3.2808e-05 4.38036e-05 0 12.49667644500732 13.32972049713135 23.38916206359863
0.999616 1.00155 0.643366 0.065488 0.0468032 0.0186848 0.000892745 1.83883e-06 3.21403e-05 1.82504e-05 0 12.49715805053711 13.33150196075439 23.40161895751953
0.999559 1.00156 0.643425 0.0654717 0.0467971 0.0186746 0.000979814 2.43085e-06 3.23204e-05 4.67494e-05 0 12.49643993377686 13.33378887176514 23.3985424041748
0.999609 1.00154 0.643368 0.0654729 0.0468096 0.0186633 0.000861194 1.91308e-06 3.17526e-05 1.39629e-05 0 12.49706745147705 13.33591461181641 23.40481948852539
0.999582 1.00158 0.64342 0.0654627 0.0468093 0.0186533 0.000835262 2.18268e-06 3.34515e-05 2.55914e-05 0 12.49672794342041 13.33806037902832 23.40467262268066
0.999584 1.00155 0.643397 0.0654822 0.046841 0.0186412 0.000790339 2.15981e-06 3.21317e-05 6.89304e-05 0 12.49675846099854 13.34053516387939 23.42048835754395
0.999577 1.00154 0.643397 0.0654405 0.0468101 0.0186305 0.000761182 2.23295e-06 3.16613e-05 3.07743e-05 0 12.49667835235596 13.34275054931641 23.405029296875
0.999583 1.00156 0.643401 0.0654336 0.0468146 0.018619 0.000743769 2.17558e-06 3.22869e-05 9.16748e-06 0 12.49674701690674 13.34509181976318 23.40732192993164
0.999586 1.00156 0.643398 0.0654258 0.0468182 0.0186076 0.000727607 2.14504e-06 3.22732e-05 5.22817e-06 0 12.49678516387939 13.34739685058594 23.40907859802246
0.999579 1.00155 0.643404 0.0654186 0.046822 0.0185966 0.000713752 2.21557e-06 3.22179e-05 3.61072e-06 0 12.49670219421387 13.34968566894531 23.41100692749023
0.999564 1.00155 0.643417 0.065434 0.0468498 0.0185842 0.00104631 2.37813e-06 3.2143e-05 2.28298e-05 0 12.49649906158447 13.35229015350342 23.42488479614258
0.999587 1.00154 0.64339 0.0654139 0.0468429 0.018571 0.000909398 2.13189e-06 3.17937e-05 1.11158e-05 0 12.49680328369141 13.35490036010742 23.42142295837402
0.999559 1.00156 0.643428 0.0654017 0.0468414 0.0185604 0.00107786 2.4328e-06 3.25012e-05 1.7825e-05 0 12.49644088745117 13.35718631744385 23.42068862915039
0.999566 1.00156 0.643421 0.0653928 0.0468457 0.0185471 0.00090502 2.35623e-06 3.25054e-05 1.71184e-05 0 12.49653244018555 13.35989189147949 23.42285537719727
0.999576 1.00156 0.643412 0.0653991 0.0468634 0.0185357 0.000866651 2.2453e-06 3.25801e-05 2.95503e-05 0 12.49666690826416 13.36219596862793 23.43168830871582
0.999557 1.00157 0.643433 0.0653855 0.0468611 0.0185244 0.000927342 2.45271e-06 3.27608e-05 2.91068e-05 0 12.49642372131348 13.36458873748779 23.43054008483887
0.999581 1.00158 0.643419 0.065394 0.0468822 0.0185118 0.000829407 2.19339e-06 3.33261e-05 5.61402e-05 0 12.49672889709473 13.36707782745361 23.44111061096191
0.999567 1.00157 0.643427 0.0653788 0.0468782 0.0185006 0.000790089 2.34184e-06 3.29734e-05 9.20778e-05 0 12.49654579162598 13.36943244934082 23.4390983581543
0.999569 1.00154 0.643402 0.0653957 0.0469076 0.018488 0.000768497 2.32622e-06 3.14747e-05 1.85461e-05 0 12.49656867980957 13.37201023101807 23.45382499694824
0.999575 1.00159 0.64343 0.0653888 0.0469126 0.0184762 0.000753135 2.25703e-06 3.3657e-05 4.32146e-05 0 12.49665927886963 13.37442779541016 23.45632362365723
0.999563 1.00154 0.643412 0.0653529 0.0468886 0.0184643 0.00073746 2.38964e-06 3.17599e-05 6.44229e-05 0 12.49649810791016 13.37689971923828 23.44429016113281
0.999567 1.00158 0.643435 0.065355 0.0469032 0.0184517 0.000734859 2.34207e-06 3.34845e-05 7.65582e-05 0 12.49655246734619 13.37948894500732 23.45162582397461
0.999558 1.00155 0.643423 0.0653471 0.0469079 0.0184392 0.000723171 2.44751e-06 3.21022e-05 8.81093e-05 0 12.49641799926758 13.38209629058838 23.45395088195801
0.999543 1.00154 0.643431 0.0653349 0.0469083 0.0184265 0.000989236 2.61653e-06 3.17008e-05 0.000125887 0 12.49624061584473 13.38475608825684 23.45415496826172
0.999544 1.00156 0.643442 0.0653429 0.0469268 0.0184161 0.000939134 2.59538e-06 3.24926e-05 0.000111657 0 12.4962682723999 13.3869047164917 23.46341705322266
0.999533 1.00163 0.643497 0.0653954 0.0469902 0.0184052 0.00101988 2.72677e-06 3.54093e-05 0.000159866 0 12.49613094329834 13.38918972015381 23.49511337280273
0.999571 1.00162 0.643451 0.0653346 0.0469444 0.0183902 0.000975427 2.29737e-06 3.48505e-05 9.93937e-05 0 12.49660587310791 13.39211654663086 23.47220611572266
0.999521 1.00157 0.643473 0.0652959 0.0469156 0.0183803 0.000903155 2.87002e-06 3.30693e-05 8.47273e-05 0 12.49597358703613 13.39436626434326 23.45780181884766
0.999533 1.00154 0.64344 0.0653036 0.0469355 0.0183681 0.000860182 2.72223e-06 3.17021e-05 2.4785e-05 0 12.49612426757812 13.39682579040527 23.46771621704102
0.999538 1.00158 0.643459 0.065277 0.0469206 0.0183564 0.000844376 2.66813e-06 3.32579e-05 4.04363e-05 0 12.49617481231689 13.39924240112305 23.46031951904297
0.999532 1.00158 0.643464 0.0652656 0.0469213 0.0183442 0.000814667 2.73339e-06 3.31973e-05 3.24119e-05 0 12.49611759185791 13.40175914764404 23.46068572998047
0.999525 1.00155 0.643454 0.0652611 0.04693 0.0183311 0.000793751 2.82022e-06 3.20585e-05 1.12658e-05 0 12.49602890014648 13.40450096130371 23.46500968933105
0.999527 1.00158 0.643468 0.0652429 0.0469265 0.0183164 0.000800622 2.79743e-06 3.3145e-05 1.95665e-05 0 12.49604320526123 13.40752220153809 23.46326446533203
0.999536 1.00157 0.643456 0.0652366 0.0469337 0.0183029 0.000776513 2.68706e-06 3.29429e-05 9.87067e-06 0 12.496169090271 13.4102783203125 23.46685409545898
0.999524 1.00156 0.643462 0.0652258 0.046936 0.0182898 0.000758989 2.83751e-06 3.24966e-05 1.12237e-05 0 12.49600696563721 13.41302680969238 23.46797370910645
0.999525 1.00156 0.643463 0.0652221 0.0469467 0.0182755 0.000794248 2.82277e-06 3.26334e-05 2.0883e-05 0 12.49602031707764 13.41598701477051 23.47331619262695
