A/A0 V/V0 Vr eb eb_bend eb_ad ea ega ev ek ee
1 1.00092 0.642589 0.109093 0.0496849 0.0594082 0.000367957 0 1.12357e-05 7.05323e-10 0
1.00091 1.00145 0.642056 0.107847 0.0496597 0.0581872 0.000377615 1.03478e-05 2.8133e-05 0.000182227 0
1.00154 1.00065 0.640937 0.106832 0.0497154 0.0571166 0.00049106 2.96503e-05 5.65337e-06 0.00017209 0
1.00204 1.00017 0.640151 0.105946 0.049752 0.0561936 0.000679465 5.20011e-05 3.9261e-07 0.000140398 0
1.00227 0.99994 0.63978 0.105116 0.0497649 0.0553511 0.00078942 6.45127e-05 4.82201e-08 0.000125995 0
1.00222 0.999977 0.63985 0.104433 0.0497626 0.0546708 0.00088775 6.17812e-05 7.32565e-09 0.000130929 0
1.00208 1.00017 0.640113 0.10381 0.0497968 0.0540129 0.00102385 5.40537e-05 3.95254e-07 0.000152354 0
1.00182 1.00034 0.640468 0.103203 0.049866 0.0533369 0.00131882 4.13737e-05 1.52363e-06 0.000174856 0
1.00164 1.00042 0.640693 0.10267 0.0498941 0.0527756 0.0011806 3.37351e-05 2.40793e-06 0.000100485 0
1.00158 1.00042 0.640756 0.102162 0.0499207 0.0522413 0.00119678 3.10301e-05 2.36723e-06 6.94645e-05 0
1.00165 1.00026 0.640582 0.101672 0.0499582 0.0517133 0.00142293 3.41272e-05 9.33054e-07 7.74597e-05 0
1.00178 1.00017 0.640396 0.101195 0.0499817 0.051213 0.00166561 3.96991e-05 3.78049e-07 8.52037e-05 0
1.00187 1.0001 0.640267 0.100758 0.0500009 0.0507568 0.00152387 4.37417e-05 1.32338e-07 7.49002e-05 0
1.00188 1.00003 0.640209 0.10036 0.0500197 0.05034 0.00151379 4.43606e-05 1.12535e-08 7.53863e-05 0
1.00188 1.00006 0.64023 0.0999997 0.0500588 0.0499409 0.00155926 4.43633e-05 5.11743e-08 9.96642e-05 0
1.00184 1.00008 0.640287 0.0996167 0.0500546 0.0495621 0.00194813 4.21234e-05 8.19389e-08 0.000117669 0
1.00183 1.00006 0.640276 0.0992364 0.0500682 0.0491682 0.00180332 4.20939e-05 4.96679e-08 0.000107935 0
1.00186 1.00002 0.640229 0.0988819 0.050082 0.0487999 0.00181161 4.32081e-05 7.28325e-09 8.44844e-05 0
1.00181 1.00005 0.640288 0.0985289 0.0500904 0.0484385 0.00180914 4.11206e-05 3.01546e-08 6.27657e-05 0
1.00175 0.999934 0.640276 0.0981936 0.0501401 0.0480534 0.00303736 3.82983e-05 5.76973e-08 0.000101736 0
1.00169 1.00006 0.640413 0.0978205 0.0501656 0.0476548 0.00212608 3.58534e-05 5.22876e-08 0.000107924 0
1.00171 1.0001 0.640423 0.0974659 0.0501728 0.0472931 0.00197496 3.63497e-05 1.22192e-07 8.5544e-05 0
1.00166 1.00011 0.64048 0.0970949 0.0501603 0.0469346 0.00200486 3.42566e-05 1.64618e-07 0.000115604 0
1.00169 1.00004 0.640402 0.0967357 0.0501553 0.0465804 0.00196715 3.5731e-05 2.23687e-08 0.000105109 0
1.00171 1.00003 0.640374 0.0964194 0.0501838 0.0462356 0.00201431 3.65829e-05 9.91233e-09 8.3572e-05 0
