A/A0 V/V0 Vr eb eb_bend eb_ad ea ega ev ek ee  h0 h1 h2
1 1.00032 0.642203 0.111098 0.0495561 0.0615419 0.000329511 0 1.33674e-06 1.89175e-08 0 12.54967498779297 7.076537132263184 24.77803230285645
1.00118 1.00094 0.641471 0.110322 0.0495696 0.0607521 0.000367156 1.73389e-05 1.18209e-05 7.15364e-05 0 12.55436611175537 7.085186958312988 24.77127265930176
1.00178 1.00053 0.640634 0.109697 0.049595 0.0601015 0.000400137 3.95998e-05 3.79286e-06 2.40318e-05 0 12.55697631835938 7.092993259429932 24.77059936523438
1.00168 1.00068 0.640822 0.109168 0.0495742 0.0595941 0.000415997 3.52916e-05 6.16355e-06 1.00913e-05 0 12.56441783905029 7.157880306243896 24.7848014831543
1.0016 1.00066 0.640887 0.108711 0.0495881 0.0591228 0.000442727 3.21205e-05 5.88492e-06 2.50997e-05 0 12.5719690322876 7.227919101715088 24.79749870300293
1.00172 1.0005 0.640667 0.108256 0.0496143 0.0586412 0.000467951 3.71467e-05 3.36462e-06 2.9643e-05 0 12.57071113586426 7.286736011505127 24.787109375
1.00182 1.00039 0.640501 0.107819 0.049637 0.0581817 0.000498694 4.16887e-05 2.08967e-06 5.24615e-05 0 12.56974601745605 7.341489315032959 24.79401969909668
1.00186 1.00034 0.640429 0.107383 0.0496446 0.0577384 0.000623214 4.34874e-05 1.54962e-06 2.61414e-05 0 12.57125568389893 7.396294116973877 24.80715179443359
1.0019 1.00028 0.640352 0.107001 0.0496878 0.057313 0.000658689 4.52904e-05 1.02135e-06 7.10421e-05 0 12.57254409790039 7.448903560638428 24.81848526000977
1.00193 1.00022 0.640286 0.106586 0.0496857 0.0568999 0.000779809 4.67617e-05 6.49258e-07 5.20478e-05 0 12.57304191589355 7.50025463104248 24.82228660583496
1.00197 1.00015 0.640205 0.106213 0.049701 0.0565125 0.000748377 4.87496e-05 3.19273e-07 5.22156e-05 0 12.57352352142334 7.549710750579834 24.84393119812012
1.00201 1.0001 0.64013 0.105845 0.0497168 0.0561283 0.000921083 5.08513e-05 1.33805e-07 5.48093e-05 0 12.57389831542969 7.597966194152832 24.84283828735352
1.00204 1.00005 0.640076 0.105501 0.0497455 0.0557554 0.000895612 5.21191e-05 3.76675e-08 5.43074e-05 0 12.57442092895508 7.643320083618164 24.85048294067383
1.00206 1.00003 0.640036 0.105161 0.0497634 0.0553974 0.000884505 5.33495e-05 9.09809e-09 5.53305e-05 0 12.57492828369141 7.688413143157959 24.85839080810547
1.00207 1 0.640008 0.104844 0.0497907 0.0550537 0.0010074 5.39337e-05 2.98495e-12 6.08375e-05 0 12.57526016235352 7.732437133789062 24.87274742126465
1.00207 0.999986 0.64 0.104518 0.0497993 0.0547191 0.000997588 5.39304e-05 2.69354e-09 4.89933e-05 0 12.5755615234375 7.774877071380615 24.88172149658203
1.00208 0.999955 0.639971 0.104203 0.0498201 0.0543827 0.00111343 5.44344e-05 2.65806e-08 4.72248e-05 0 12.5756893157959 7.815794467926025 24.89535903930664
1.00207 0.999958 0.639981 0.103924 0.0498598 0.0540639 0.00107223 5.39701e-05 2.41209e-08 5.73529e-05 0 12.57567596435547 7.855838775634766 24.89968872070312
1.00205 0.99995 0.639996 0.103645 0.0498942 0.0537513 0.00111696 5.2889e-05 3.36694e-08 7.27328e-05 0 12.57581615447998 7.896150588989258 24.91003227233887
1.00205 0.999936 0.639987 0.103334 0.0498792 0.0534552 0.00111221 5.28949e-05 5.45981e-08 4.56364e-05 0 12.57569789886475 7.934581756591797 24.92988586425781
1.00206 0.999931 0.639977 0.103073 0.0499075 0.0531652 0.000996039 5.32442e-05 6.43441e-08 5.23775e-05 0 12.57544231414795 7.972482681274414 24.94710540771484
1.00205 0.99993 0.639983 0.102796 0.0499181 0.052878 0.000994343 5.28974e-05 6.48564e-08 7.50082e-05 0 12.57545280456543 8.008328437805176 24.93957710266113
1.00204 0.999933 0.639993 0.102555 0.0499504 0.0526047 0.000951759 5.24789e-05 6.08904e-08 5.96299e-05 0 12.57553768157959 8.043496131896973 24.95376777648926
1.00203 0.99992 0.640001 0.102282 0.0499448 0.0523376 0.00123508 5.16376e-05 8.49067e-08 4.85443e-05 0 12.5754280090332 8.078503608703613 24.95904159545898
1.00196 0.999958 0.640087 0.102022 0.0499646 0.0520571 0.00131934 4.84101e-05 2.32706e-08 5.71175e-05 0 12.57533931732178 8.111926078796387 24.97521018981934
1.00198 0.999934 0.640055 0.101772 0.0499593 0.0518128 0.0012614 4.92321e-05 5.87316e-08 5.04207e-05 0 12.57513809204102 8.144716262817383 24.97245216369629
1.00195 0.999957 0.640098 0.101543 0.0499775 0.0515656 0.00121579 4.77866e-05 2.4713e-08 5.62561e-05 0 12.57431221008301 8.179550170898438 24.98227882385254
1.00195 0.999947 0.640091 0.101311 0.0499858 0.0513253 0.0011527 4.77997e-05 3.74951e-08 9.27159e-05 0 12.57451248168945 8.209500312805176 24.97961044311523
1.00195 0.999944 0.640087 0.101101 0.050011 0.05109 0.00108727 4.79415e-05 4.21014e-08 0.000112437 0 12.57418155670166 8.240169525146484 24.98876762390137
1.00194 0.99995 0.640106 0.100873 0.0500146 0.0508582 0.00116596 4.71456e-05 3.28819e-08 5.69669e-05 0 12.57417106628418 8.269863128662109 24.9929141998291
1.00192 0.999949 0.640119 0.100631 0.050001 0.0506302 0.0013314 4.64567e-05 3.5088e-08 3.27774e-05 0 12.57420253753662 8.298992156982422 25.00550079345703
1.00189 0.999966 0.640165 0.100434 0.0500304 0.0504032 0.00126858 4.47106e-05 1.5139e-08 3.78298e-05 0 12.57400417327881 8.327884674072266 25.00730133056641
1.00189 0.999959 0.640159 0.100218 0.0500376 0.0501808 0.00130208 4.47875e-05 2.27911e-08 4.08167e-05 0 12.57381439208984 8.356353759765625 25.00050163269043
1.00185 0.999982 0.640209 0.100018 0.0500502 0.049968 0.00136483 4.30224e-05 4.46851e-09 6.57699e-05 0 12.57335567474365 8.384885787963867 25.01522636413574
1.00185 0.999975 0.640209 0.0998047 0.0500436 0.0497612 0.00130724 4.28322e-05 8.56065e-09 4.25374e-05 0 12.57336902618408 8.412665367126465 25.01880836486816
1.00186 0.999957 0.640184 0.099611 0.0500531 0.0495579 0.00124718 4.35018e-05 2.49122e-08 3.71302e-05 0 12.57290458679199 8.439557075500488 25.02507972717285
1.00184 0.999974 0.640213 0.099412 0.0500537 0.0493583 0.00133457 4.26288e-05 8.8734e-09 6.23664e-05 0 12.57285308837891 8.465557098388672 25.02179527282715
1.00184 0.999971 0.640212 0.0992389 0.0500788 0.0491601 0.00129926 4.25749e-05 1.12434e-08 5.60865e-05 0 12.57304286956787 8.491042137145996 25.02655220031738
1.00178 0.999988 0.640279 0.0990122 0.0500584 0.0489538 0.00156961 3.98882e-05 2.07926e-09 2.59367e-05 0 12.57280254364014 8.516308784484863 25.02685356140137
1.00172 0.999943 0.640309 0.09882 0.0500643 0.0487556 0.00201642 3.72293e-05 4.33603e-08 3.81312e-05 0 12.57278823852539 8.541350364685059 25.03942108154297
1.00177 0.999957 0.640271 0.0986279 0.050054 0.0485739 0.00173228 3.93397e-05 2.45912e-08 5.88341e-05 0 12.57204151153564 8.567824363708496 25.02920913696289
1.00172 1.00001 0.640351 0.0984251 0.0500459 0.0483792 0.00194466 3.71528e-05 5.88253e-10 1.11402e-05 0 12.57129192352295 8.593340873718262 25.03217697143555
1.00174 0.999973 0.640312 0.0982412 0.0500479 0.0481932 0.00196266 3.79458e-05 9.87042e-09 9.07667e-06 0 12.5718822479248 8.616129875183105 25.02702331542969
1.00175 0.999948 0.640287 0.0980548 0.0500411 0.0480136 0.00177755 3.83562e-05 3.66831e-08 5.03088e-05 0 12.57126045227051 8.641221046447754 25.02292060852051
1.00175 0.999986 0.640306 0.0978999 0.050055 0.0478448 0.00156567 3.85839e-05 2.58332e-09 6.30182e-05 0 12.57148551940918 8.664851188659668 25.02393531799316
1.00176 0.999983 0.6403 0.097724 0.0500545 0.0476695 0.00147407 3.87708e-05 3.99219e-09 2.92962e-05 0 12.57159996032715 8.687722206115723 25.02058982849121
1.00173 1 0.640344 0.0975307 0.0500392 0.0474915 0.00150487 3.74184e-05 2.6123e-10 2.44717e-05 0 12.57169055938721 8.709314346313477 25.02749061584473
1.00172 0.999996 0.640343 0.0973491 0.0500337 0.0473154 0.00142389 3.72027e-05 1.76304e-10 8.80095e-06 0 12.57172870635986 8.731783866882324 25.02723503112793
1.00171 1 0.640362 0.0971956 0.0500577 0.047138 0.00149531 3.65318e-05 5.59576e-11 3.26157e-05 0 12.57133960723877 8.754834175109863 25.01960563659668
1.0017 1.00002 0.640382 0.0970209 0.0500578 0.046963 0.00146249 3.61038e-05 4.45442e-09 4.69584e-05 0 12.5712718963623 8.77754020690918 25.0168628692627
1.00164 1.00003 0.640444 0.0968581 0.0500693 0.0467888 0.00159546 3.38589e-05 1.6119e-08 2.94402e-05 0 12.57105922698975 8.800521850585938 25.02885627746582
1.00166 1.00002 0.640417 0.0966706 0.0500539 0.0466167 0.00150886 3.47252e-05 7.84854e-09 1.51508e-05 0 12.57095623016357 8.823193550109863 25.02890396118164
1.06265 0.952424 0.558185 0.886941 0.835172 0.0517682 0.642324 0.0492634 0.0303737 6.27934 0 12.57029342651367 8.846075057983398 25.0346622467041
1.00861 0.995686 0.63106 0.31282 0.263615 0.0492046 0.0601629 0.000930882 0.000249732 0.0718814 0 12.57056140899658 8.868257522583008 25.02694320678711
0.998387 1.00287 0.645406 0.214934 0.16395 0.0509842 0.0390729 3.26543e-05 0.00011085 0.0125007 0 13.33594799041748 7.834434032440186 417.5857238769531
0.996847 1.00318 0.647103 0.171478 0.119308 0.0521704 0.0278148 0.000124784 0.000136068 0.0057473 0 12.6577730178833 8.493776321411133 131.8075256347656
0.997173 1.00316 0.646771 0.15588 0.104507 0.051373 0.0158006 0.000100294 0.000134179 0.00240442 0 12.5294189453125 8.334683418273926 81.97483825683594
0.99785 1.00269 0.645808 0.150322 0.0989169 0.051405 0.0122546 5.80059e-05 9.70336e-05 0.00267605 0 12.51010799407959 8.198372840881348 59.65380477905273
0.998245 1.0026 0.645368 0.145855 0.0944562 0.0513989 0.00954276 3.8668e-05 9.06935e-05 0.00245766 0 12.51419734954834 8.294300079345703 52.25338363647461
0.998324 1.0027 0.645358 0.142741 0.0915004 0.0512402 0.00822387 3.52515e-05 9.81573e-05 0.00200602 0 12.52270126342773 8.286056518554688 49.45845031738281
0.998348 1.00271 0.645338 0.14032 0.0893524 0.0509677 0.00728324 3.42434e-05 9.85443e-05 0.00177843 0 12.52765464782715 8.284295082092285 47.22804641723633
0.998335 1.00278 0.645398 0.138485 0.0878456 0.0506394 0.00674686 3.47942e-05 0.000103956 0.00170735 0 12.52863597869873 8.303401947021484 45.75019454956055
0.998156 1.00286 0.64562 0.137101 0.0867293 0.0503716 0.0061609 4.26602e-05 0.000109636 0.0017176 0 12.5289478302002 8.336987495422363 44.67617416381836
0.998322 1.00279 0.645417 0.135532 0.0854669 0.0500655 0.00584234 3.53504e-05 0.000104607 0.00171835 0 12.52878570556641 8.377817153930664 43.92280960083008
0.998396 1.00271 0.645292 0.134914 0.0849005 0.0500139 0.00520037 3.22963e-05 9.86033e-05 0.00176587 0 12.52653980255127 8.412284851074219 43.36465072631836
0.998589 1.00263 0.645054 0.133854 0.0841354 0.0497183 0.00519308 2.4976e-05 9.28938e-05 0.00174334 0 12.52860736846924 8.449459075927734 42.73345947265625
0.99868 1.00263 0.644965 0.132681 0.0832979 0.0493833 0.00479955 2.18766e-05 9.27784e-05 0.00171865 0 12.52953433990479 8.455453872680664 42.45026397705078
0.998713 1.00263 0.644932 0.131616 0.0826686 0.0489477 0.00479883 2.07852e-05 9.27041e-05 0.00173812 0 12.53197765350342 8.491287231445312 42.06771087646484
0.998756 1.00259 0.644863 0.130708 0.0821739 0.0485341 0.00463507 1.94234e-05 8.97541e-05 0.00172661 0 12.53309440612793 8.532841682434082 41.64899444580078
0.998728 1.00253 0.644857 0.129501 0.0813656 0.0481349 0.00457496 2.03071e-05 8.621e-05 0.00174917 0 12.53351402282715 8.587630271911621 41.33427810668945
0.998787 1.00248 0.644762 0.129152 0.0816194 0.0475328 0.00472697 1.84755e-05 8.22361e-05 0.00170172 0 12.53406238555908 8.63980770111084 41.08694839477539
0.998858 1.0024 0.644641 0.128603 0.0813464 0.0472562 0.00474596 1.63611e-05 7.6974e-05 0.00174788 0 12.53372573852539 8.69078540802002 40.68285751342773
0.998638 1.00273 0.645068 0.133616 0.0843134 0.0493029 0.00528238 2.32767e-05 9.9749e-05 0.00257703 0 12.5344352722168 8.767471313476562 40.80968856811523
0.99858 1.00244 0.644937 0.130136 0.0816834 0.048453 0.00557285 2.53094e-05 7.96131e-05 0.00184669 0 12.53533363342285 8.802614212036133 40.67320251464844
0.998627 1.00249 0.644927 0.129027 0.0808412 0.048186 0.00507256 2.36516e-05 8.32846e-05 0.00173272 0 12.53259086608887 8.543227195739746 42.15671157836914
0.998756 1.0025 0.64481 0.128314 0.0802829 0.0480316 0.00573204 1.94267e-05 8.40391e-05 0.001732 0 12.53183460235596 8.651177406311035 40.84172058105469
0.998754 1.00247 0.64479 0.127784 0.0799086 0.0478756 0.00481679 1.94832e-05 8.1856e-05 0.00178109 0 12.53241539001465 8.684885025024414 40.42057800292969
0.998653 1.0025 0.644908 0.127054 0.0793872 0.0476664 0.00498628 2.27754e-05 8.39313e-05 0.00175269 0 12.53406715393066 8.703802108764648 40.14138412475586
0.998823 1.00242 0.64469 0.126402 0.078926 0.0474758 0.00457723 1.73777e-05 7.85092e-05 0.00181356 0 12.53405094146729 8.72374153137207 39.9543342590332
0.998809 1.00238 0.644678 0.126613 0.0794201 0.0471927 0.0045484 1.77954e-05 7.58671e-05 0.00177115 0 12.5327787399292 8.751166343688965 39.69356155395508
0.998855 1.00235 0.644615 0.125954 0.0789026 0.0470514 0.00424301 1.64525e-05 7.4045e-05 0.00177716 0 12.534912109375 8.774585723876953 39.46296310424805
0.998857 1.0024 0.644644 0.125865 0.0787749 0.0470906 0.00414473 1.6385e-05 7.71674e-05 0.00171883 0 12.53472328186035 8.81108570098877 39.71005249023438
0.998816 1.00238 0.644675 0.125279 0.0783031 0.046976 0.00405654 1.75988e-05 7.62202e-05 0.0016865 0 12.53530979156494 8.829014778137207 39.4512825012207
0.998879 1.00234 0.644585 0.124752 0.0778774 0.0468745 0.00401164 1.57739e-05 7.33825e-05 0.00179486 0 12.53533840179443 8.823944091796875 39.38739013671875
0.998889 1.00227 0.644529 0.125067 0.0783526 0.0467141 0.00424025 1.54942e-05 6.88937e-05 0.00178729 0 12.53481960296631 8.838993072509766 39.15155792236328
0.999 1.00225 0.64441 0.124454 0.077827 0.0466266 0.00437236 1.25376e-05 6.79014e-05 0.00173165 0 12.53560733795166 8.851719856262207 38.93870544433594
0.999023 1.00221 0.644364 0.123914 0.0774723 0.0464414 0.00441305 1.19912e-05 6.5643e-05 0.00167572 0 12.53573608398438 8.87242317199707 39.17626190185547
0.999032 1.00222 0.644363 0.123495 0.0772175 0.0462772 0.00432582 1.1749e-05 6.63684e-05 0.00168675 0 12.53713035583496 8.883090019226074 38.9134635925293
0.999038 1.00218 0.644331 0.123065 0.0769861 0.0460786 0.00425331 1.16235e-05 6.38819e-05 0.00168052 0 12.53741645812988 8.906965255737305 38.73616790771484
0.998984 1.00219 0.64439 0.122823 0.0768682 0.0459545 0.00452713 1.2942e-05 6.46403e-05 0.00181393 0 12.53754425048828 8.928263664245605 38.60874176025391
