A/A0 V/V0 Vr eb eb_bend eb_ad ea ega ev ek ee
1 1.00032 0.642203 0.111098 0.0495561 0.0615419 0.000329511 0 1.33674e-06 7.56699e-10 0
1.00125 0.99972 0.64062 0.107624 0.0500454 0.0575782 0.00114462 1.95651e-05 1.0554e-06 0.00824889 0
1.00366 0.998234 0.637361 0.103349 0.0519479 0.0514016 0.0051112 0.000168413 4.18431e-05 0.0222355 0
1.00615 0.997182 0.634328 0.100666 0.0543567 0.0463097 0.0122763 0.00047502 0.000106544 0.0394316 0
1.00469 0.998365 0.636467 0.0991926 0.0564265 0.0427662 0.0243887 0.000276186 3.58521e-05 0.08317 0
1.00046 1.00104 0.642218 0.100603 0.060117 0.0404863 0.0471097 2.69786e-06 1.43836e-05 0.142948 0
0.995515 1.00419 0.649048 0.104187 0.0661064 0.0380803 0.0972971 0.000252433 0.000235045 0.266808 0
0.995118 1.0023 0.648218 0.115981 0.0811738 0.0348069 0.179537 0.000299149 7.09638e-05 0.500058 0
0.996831 0.999587 0.644797 0.138495 0.107832 0.0306634 0.300899 0.000126023 2.28742e-06 0.914551 0
0.997001 0.999838 0.644794 0.177122 0.149548 0.0275745 0.439807 0.000112836 3.54017e-07 1.44118 0
0.994695 0.997863 0.64576 0.236451 0.211066 0.025385 0.588678 0.000353189 6.1311e-05 2.13924 0
0.9972 1.00066 0.64513 0.360258 0.338753 0.0215052 0.763388 9.83556e-05 5.81334e-06 2.75602 0
1.00537 1.00167 0.637923 0.499159 0.481747 0.0174115 0.847043 0.000362246 3.73377e-05 3.52849 0
1.0095 1.00134 0.633805 0.663707 0.649392 0.0143142 0.887269 0.00113273 2.39941e-05 3.99324 0
1.01171 1.00653 0.635008 0.801491 0.790321 0.0111708 0.888972 0.00172086 0.000572851 4.36475 0
1.02086 0.994391 0.618932 0.964034 0.953614 0.0104198 0.900987 0.00546074 0.000422213 4.60395 0
1.02379 0.99291 0.615356 1.04622 1.03794 0.00828294 0.957203 0.00710431 0.00067459 4.98538 0
1.0177 0.995352 0.622415 1.2057 1.19783 0.00786379 0.940696 0.00393302 0.000289921 5.21243 0
1.01342 0.996067 0.626811 1.3258 1.31764 0.00816823 0.958836 0.0022615 0.000207564 5.3392 0
1.01864 0.994138 0.620802 1.36217 1.3559 0.00627184 1.01871 0.00435846 0.000461094 5.59184 0
1.02018 0.99778 0.621665 1.42724 1.41951 0.00772557 1.02166 0.0051094 6.61203e-05 5.82762 0
1.02438 0.997041 0.617385 1.39965 1.39437 0.00528251 1.0466 0.00746012 0.000117464 5.96464 0
1.03415 0.994738 0.607255 1.5061 1.50019 0.00590543 1.04471 0.0146317 0.000371566 5.93354 0
1.02493 0.994772 0.615489 1.49343 1.4876 0.00582864 1.01229 0.0077972 0.000366723 6.09081 0
1.03161 0.997572 0.611228 1.4456 1.43848 0.0071248 1.07262 0.0125427 7.91378e-05 6.23509 0
1.03205 0.99063 0.606594 1.52135 1.5167 0.0046528 1.08306 0.0128878 0.00117815 5.96183 0
1.02866 0.992666 0.610842 1.45927 1.4531 0.00616857 1.03208 0.0103102 0.000721736 6.092 0
1.02713 1.00484 0.61972 1.48722 1.48113 0.00609312 1.0219 0.00923542 0.000314503 6.02347 0
1.03333 0.988964 0.604446 1.48274 1.47482 0.00791219 1.08641 0.0139402 0.00163443 6.03811 0
1.0247 0.991999 0.613974 1.472 1.46388 0.00811699 1.03174 0.00765764 0.000859122 6.20956 0
1.03573 1.00301 0.610902 1.42982 1.42452 0.00529775 1.02825 0.0160216 0.000121815 6.22653 0
1.03184 0.988019 0.605173 1.44163 1.43296 0.00867202 1.08148 0.0127249 0.00192635 6.28936 0
1.03606 0.992877 0.60444 1.47138 1.46334 0.00803091 1.01944 0.0163191 0.000680782 6.17935 0
1.03602 1.00317 0.61074 1.43337 1.42709 0.00627868 1.05302 0.0162827 0.00013469 6.14518 0
1.02916 0.98625 0.606453 1.59806 1.5907 0.00735317 1.0507 0.0106717 0.00253716 6.24876 0
1.03493 0.991864 0.604815 1.74046 1.7363 0.00415584 1.10156 0.0153086 0.000888379 6.5299 0
1.04014 0.993067 0.601004 1.81382 1.80456 0.00926435 1.12116 0.0202176 0.000644964 6.59135 0
1.04388 0.985159 0.593015 1.81813 1.81356 0.00457062 1.13802 0.0241634 0.00295562 6.74816 0
1.04451 0.997391 0.599837 1.81474 1.81387 0.000871413 1.24675 0.0248598 9.13281e-05 6.94964 0
1.0351 0.997945 0.608374 1.97911 1.97354 0.00556608 1.24258 0.0154577 5.66821e-05 7.75684 0
1.04149 0.982926 0.59371 2.06065 2.05413 0.00651811 1.23414 0.0216011 0.00391189 7.99138 0
1.05216 1.00378 0.59711 2.17648 2.16993 0.00654635 1.23464 0.0341404 0.000192221 8.13425 0
1.0356 0.996841 0.607258 2.10246 2.06922 0.0332397 1.22744 0.0159041 0.000133885 8.04133 0
1.03789 0.989546 0.600819 2.14342 2.13404 0.00938478 1.28686 0.0180176 0.0014666 8.02095 0
1.04115 0.99209 0.59954 2.20375 2.18917 0.014577 1.38643 0.021247 0.000839557 8.60319 0
1.05379 0.989857 0.587456 2.34711 2.34147 0.00564152 1.48803 0.0363126 0.00138059 8.78614 0
1.0539 0.985557 0.584814 2.52405 2.51518 0.00886727 1.48178 0.0364593 0.00279931 8.66891 0
1.05952 0.976505 0.574836 2.60175 2.57802 0.0237307 1.54628 0.0444637 0.00740759 9.67358 0
1.05686 0.980534 0.57939 2.56568 2.55196 0.0137234 1.53242 0.0405757 0.00508465 9.6808 0
1.0736 0.985057 0.568502 2.57369 2.56191 0.0117796 1.65219 0.0679814 0.00299662 9.98146 0
1.06276 0.974745 0.57118 2.78049 2.74844 0.0320441 1.50181 0.0494317 0.00855909 10.6567 0
1.08315 0.979794 0.558001 2.75472 2.74319 0.0115308 1.72718 0.0867752 0.00547857 10.315 0
1.07241 0.977734 0.56522 2.94177 2.9363 0.00546488 1.78889 0.0657925 0.00665277 11.6061 0
1.09572 0.971236 0.54364 3.00893 2.99366 0.015268 1.90853 0.114982 0.0111024 11.6228 0
1.08324 0.96737 0.550858 3.08718 3.03487 0.0523133 1.72154 0.0869572 0.0142879 12.0833 0
1.09626 0.963069 0.538672 3.3793 3.34054 0.0387604 1.82469 0.116276 0.0183022 12.1211 0
1.08219 0.963448 0.549422 3.52579 3.52548 0.00031277 1.84179 0.0847811 0.0179286 12.6976 0
1.10752 0.961966 0.529868 3.59417 3.59253 0.00164085 2.10919 0.14508 0.019412 12.647 0
1.1018 0.95404 0.529599 3.73427 3.71013 0.0241422 1.93261 0.130058 0.0283457 13.6693 0
1.11446 0.952173 0.51958 3.74947 3.72781 0.0216576 2.02638 0.164423 0.0306955 14.3657 0
1.12202 0.954367 0.515523 4.15842 4.0773 0.0811233 2.07855 0.186859 0.0279436 14.1772 0
1.14185 0.949753 0.499726 4.15921 4.14942 0.00978998 2.46347 0.252515 0.033881 15.1233 0
1.13591 0.941383 0.499212 4.49292 4.47317 0.0197476 2.36918 0.231815 0.046108 16.0518 0
1.14225 0.939001 0.493811 4.35508 4.34735 0.00772671 2.49569 0.253935 0.0499317 16.5169 0
1.13869 0.934411 0.493701 4.59645 4.58616 0.0102979 2.35958 0.241396 0.0577283 16.8031 0
1.15712 0.92604 0.477638 4.45099 4.4369 0.0140892 2.40071 0.309797 0.0734043 18.9315 0
1.16142 0.922336 0.473085 4.9316 4.8226 0.108995 2.49384 0.327006 0.08094 18.9803 0
1.19503 0.914219 0.449281 4.97444 4.97104 0.00339751 2.64463 0.477338 0.0987428 18.2075 0
1.18867 0.908945 0.450279 5.12415 5.12319 0.00095979 2.59548 0.446709 0.11126 19.1745 0
1.18911 0.898699 0.444953 5.12161 5.1019 0.0197133 2.57035 0.448822 0.137707 20.5463 0
1.20096 0.881784 0.430135 5.50105 5.48331 0.0177407 2.78007 0.506811 0.187533 22.5986 0
1.21767 0.888519 0.424527 5.20625 5.20371 0.00253343 2.71931 0.594621 0.166775 20.8404 0
1.20637 0.8964 0.434326 5.57935 5.55467 0.0246829 2.76811 0.534481 0.144027 21.7277 0
1.21076 0.876841 0.422541 5.58486 5.58368 0.00118254 2.81844 0.557451 0.203543 22.2931 0
1.21761 0.866586 0.414079 5.82844 5.82784 0.000597721 2.91639 0.594288 0.238852 22.2933 0
1.28911 0.844439 0.370399 6.749 6.73446 0.0145407 12.2251 1.04894 0.324735 64.9114 0
1.3466 0.840925 0.345489 7.47757 7.46261 0.0149561 15.1421 1.50761 0.33957 85.7621 0
1.41677 0.782154 0.297769 9.10773 9.02165 0.0860794 26.9203 2.17981 0.636834 123.912 0
1.48047 0.77063 0.274651 8.09223 8.07938 0.0128588 43.2248 2.89711 0.70599 233.99 0
1.9447 0.628984 0.1489 8.52818 8.46274 0.0654456 230.014 11.2 1.8472 1036.89 0
-nan -nan -nan -nan -nan -nan -nan -nan -nan -nan -nan
-nan -nan -nan -nan -nan -nan -nan -nan -nan -nan -nan
