A/A0 V/V0 Vr eb eb_bend eb_ad ea ega ev ek ee  h0 h1 h2
1 1.00032 0.642203 0.111098 0.0495561 0.0615419 0.000329511 0 1.33674e-06 7.56699e-10 0 12.54967498779297 7.076537132263184 24.77803230285645
1.00078 1.00137 0.642127 0.11009 0.0495931 0.0604969 0.000320134 7.61993e-06 2.50546e-05 0.000328183 0 12.55945682525635 7.189643383026123 24.79655456542969
1.0013 1.00138 0.641633 0.109081 0.0496751 0.0594055 0.000370381 2.12614e-05 2.55404e-05 0.000393127 0 12.56600284576416 7.310976505279541 24.83754539489746
1.00156 1.0008 0.641006 0.108123 0.0497118 0.0584115 0.000448618 3.07305e-05 8.50619e-06 0.000433501 0 12.56931114196777 7.423963069915771 24.85587692260742
1.00183 1.00026 0.640407 0.107235 0.049747 0.0574875 0.000636944 4.21279e-05 9.13614e-07 0.000472907 0 12.57266235351562 7.529748916625977 24.87348747253418
1.00209 0.99998 0.639976 0.10645 0.049811 0.0566388 0.000746529 5.5019e-05 5.33295e-09 0.000545187 0 12.57595920562744 7.627609729766846 24.9055118560791
1.00229 0.999814 0.639682 0.10578 0.0499136 0.0558659 0.000863262 6.58036e-05 4.62693e-07 0.000412179 0 12.57841110229492 7.717670440673828 24.95682907104492
1.0024 0.999715 0.639516 0.105025 0.0498698 0.0551551 0.000927832 7.20963e-05 1.09242e-06 0.000485556 0 12.57974529266357 7.801544666290283 24.93485450744629
1.00242 0.99967 0.639463 0.104408 0.0499117 0.0544965 0.000968562 7.36989e-05 1.45728e-06 0.000484545 0 12.58008766174316 7.880250930786133 24.95582389831543
1.00239 0.999673 0.639499 0.103793 0.0499225 0.0538705 0.00109028 7.15091e-05 1.43633e-06 0.000566044 0 12.57963085174561 7.955901622772217 24.96127319335938
1.00229 0.999733 0.639627 0.10329 0.0500056 0.0532845 0.00113121 6.59938e-05 9.58965e-07 0.000546031 0 12.57845783233643 8.027495384216309 25.00280570983887
1.0022 0.999814 0.639769 0.102761 0.0500195 0.0527411 0.0010108 6.06989e-05 4.62667e-07 0.000530612 0 12.57727336883545 8.094265937805176 25.00979232788086
1.00207 0.99989 0.639943 0.102329 0.0501123 0.0522165 0.00171928 5.36727e-05 1.61856e-07 0.000410799 0 12.57562065124512 8.159317016601562 25.05608940124512
1.00192 1.00004 0.640184 0.10181 0.0501051 0.0517048 0.00129249 4.60541e-05 1.90143e-08 0.000468263 0 12.57370662689209 8.223214149475098 25.05252838134766
1.00182 1.0001 0.640316 0.101336 0.0500962 0.0512398 0.00108896 4.15529e-05 1.37299e-07 0.000465767 0 12.57250595092773 8.281279563903809 25.0480842590332
1.00172 1.00015 0.640439 0.100882 0.0501018 0.0507799 0.0010679 3.73025e-05 2.97975e-07 0.000522929 0 12.57131195068359 8.33896541595459 25.0509147644043
1.00165 1.00017 0.640521 0.100524 0.0501989 0.0503251 0.00132202 3.42883e-05 3.88901e-07 0.000419773 0 12.57040691375732 8.396116256713867 25.09944343566895
1.00162 1.0002 0.640571 0.10012 0.0502323 0.0498876 0.00150687 3.28557e-05 5.18981e-07 0.00039888 0 12.56998252868652 8.451115608215332 25.11612129211426
1.00162 1.00017 0.640554 0.0996726 0.050194 0.0494786 0.00139371 3.2976e-05 4.07539e-07 0.000434076 0 12.5700216293335 8.502521514892578 25.09700584411621
1.00167 1.00012 0.640477 0.099311 0.0502289 0.0490821 0.00134163 3.48064e-05 1.95272e-07 0.000399784 0 12.57057571411133 8.552324295043945 25.11446380615234
1.00165 1.0001 0.640479 0.0989544 0.0502749 0.0486795 0.00161322 3.42002e-05 1.40779e-07 0.000417785 0 12.57038116455078 8.603443145751953 25.1374626159668
1.00171 1.00001 0.640366 0.0985696 0.0502762 0.0482933 0.00170231 3.65633e-05 1.10459e-09 0.000446146 0 12.57110404968262 8.652253150939941 25.13809585571289
1.00168 1.00001 0.640394 0.0981562 0.0502339 0.0479222 0.00164021 3.53739e-05 1.63274e-09 0.000520587 0 12.57073974609375 8.699855804443359 25.1169605255127
1.00176 0.999964 0.640283 0.0977317 0.0501576 0.0475741 0.00146475 3.90228e-05 1.73884e-08 0.000698577 0 12.57180595397949 8.744009971618652 25.07884216308594
1.00174 1 0.640324 0.0974461 0.0502284 0.0472177 0.00167346 3.82015e-05 2.18921e-11 0.000629004 0 12.57154941558838 8.789997100830078 25.11422729492188
1.00175 0.999956 0.64029 0.0971581 0.0502831 0.046875 0.00161639 3.84352e-05 2.5946e-08 0.000479328 0 12.5716438293457 8.834256172180176 25.14154815673828
1.0017 0.999985 0.64036 0.0967601 0.0502192 0.046541 0.00148896 3.61212e-05 3.20326e-09 0.000503385 0 12.57095241546631 8.877904891967773 25.10959434509277
1.00168 0.999997 0.640381 0.0964394 0.0502271 0.0462123 0.0014743 3.55198e-05 1.28532e-10 0.000446396 0 12.57077884674072 8.92076587677002 25.11358261108398
1.00165 0.999995 0.640413 0.0960216 0.0501305 0.0458912 0.0013641 3.40801e-05 2.87259e-10 0.00064571 0 12.57036113739014 8.962908744812012 25.06524848937988
1.00164 0.999994 0.640424 0.0957597 0.0501938 0.0455659 0.00170572 3.35713e-05 4.65395e-10 0.000628246 0 12.57019805908203 9.005630493164062 25.09686088562012
1.00161 1.00003 0.640471 0.0954986 0.0502514 0.0452472 0.00154662 3.25701e-05 1.1911e-08 0.000484995 0 12.56989765167236 9.04769229888916 25.12569999694824
1.00158 1.00004 0.640511 0.0951434 0.0502088 0.0449346 0.00169906 3.12083e-05 2.36375e-08 0.000512981 0 12.56947803497314 9.089153289794922 25.10440444946289
1.00155 1.00005 0.640546 0.0948538 0.0502235 0.0446303 0.00171785 2.99678e-05 3.19105e-08 0.000566537 0 12.56905937194824 9.129651069641113 25.11170196533203
1.00153 1.00008 0.640579 0.0945414 0.0502092 0.0443322 0.00151482 2.93134e-05 7.67206e-08 0.000547314 0 12.5688648223877 9.16936206817627 25.1046199798584
1.00152 1.00006 0.640575 0.0942338 0.050194 0.0440398 0.00175085 2.9026e-05 4.47252e-08 0.000515076 0 12.56876659393311 9.208403587341309 25.09702110290527
1.00148 1.0001 0.640639 0.0939223 0.0501711 0.0437513 0.00156999 2.75681e-05 1.30892e-07 0.000426304 0 12.56827449798584 9.247214317321777 25.08551979064941
1.00147 1.0001 0.64065 0.0935909 0.050124 0.0434669 0.00148287 2.70808e-05 1.26372e-07 0.000410105 0 12.56809997558594 9.285469055175781 25.06199836730957
1.00146 1.0001 0.640665 0.0932903 0.0501097 0.0431807 0.00170505 2.66643e-05 1.43782e-07 0.000390029 0 12.56797122955322 9.324071884155273 25.05483055114746
1.0014 1.00012 0.64073 0.0929829 0.0500896 0.0428933 0.00165311 2.46025e-05 1.89623e-07 0.000368497 0 12.56723499298096 9.363234519958496 25.04475021362305
1.00143 1.00009 0.64069 0.092696 0.050076 0.0426199 0.00173053 2.55332e-05 1.20954e-07 0.000319746 0 12.5675745010376 9.400129318237305 25.03800964355469
1.00139 1.0001 0.640734 0.0924362 0.0500864 0.0423498 0.00222273 2.40925e-05 1.42662e-07 0.000366751 0 12.56704902648926 9.437090873718262 25.04322814941406
1.00134 1.0002 0.640841 0.0921274 0.050041 0.0420864 0.00191775 2.23844e-05 5.14396e-07 0.0003324 0 12.56642913818359 9.473304748535156 25.02045631408691
1.00138 1.00012 0.640755 0.0918666 0.0500421 0.0418245 0.00185799 2.37486e-05 1.96191e-07 0.00029243 0 12.56693172454834 9.50890064239502 25.02103042602539
1.00135 1.00011 0.64077 0.0916092 0.0500409 0.0415684 0.0017376 2.29121e-05 1.57849e-07 0.00029227 0 12.56661510467529 9.544196128845215 25.02046394348145
1.00136 1.00012 0.640776 0.0913168 0.0500025 0.0413143 0.00158376 2.30723e-05 2.06606e-07 0.000329495 0 12.56667613983154 9.579155921936035 25.00123977661133
1.00135 1.00012 0.640779 0.0911621 0.0500988 0.0410632 0.00154264 2.29074e-05 1.97867e-07 0.000254884 0 12.56661319732666 9.613846778869629 25.04944801330566
1.0013 1.00015 0.640851 0.0908138 0.0500108 0.040803 0.00178186 2.10955e-05 3.10357e-07 0.000386539 0 12.56593799591064 9.650211334228516 25.00542259216309
1.00131 1.00017 0.640852 0.0905683 0.0500169 0.0405514 0.00158083 2.13795e-05 3.74182e-07 0.000321388 0 12.56605911254883 9.685112953186035 25.00844764709473
1.0013 1.00015 0.640844 0.0902941 0.0499843 0.0403098 0.0014841 2.12561e-05 2.97646e-07 0.000328439 0 12.56599521636963 9.71882438659668 24.99216461181641
1.00126 1.00014 0.640879 0.0900926 0.0500227 0.0400699 0.00170605 1.99688e-05 2.76475e-07 0.000277075 0 12.56549549102783 9.752574920654297 25.01135063171387
1.0012 1.00016 0.640951 0.089806 0.0499836 0.0398224 0.0019221 1.80376e-05 3.51729e-07 0.000281878 0 12.56471347808838 9.787623405456543 24.99178695678711
1.00122 1.00014 0.640913 0.0895539 0.0499686 0.0395853 0.00187273 1.87934e-05 2.65268e-07 0.00022974 0 12.56503391265869 9.820826530456543 24.98431205749512
1.00111 1.00017 0.641043 0.0893134 0.0499669 0.0393465 0.00256159 1.54924e-05 4.04344e-07 0.000300577 0 12.56362056732178 9.85515022277832 24.98343658447266
1.00115 1.0002 0.641024 0.0890755 0.0499559 0.0391196 0.00200803 1.65106e-05 5.26961e-07 0.000299251 0 12.56407642364502 9.887049674987793 24.97791862487793
1.00113 1.00023 0.641063 0.08884 0.0499506 0.0388893 0.00191896 1.59001e-05 6.94104e-07 0.000268944 0 12.56379699707031 9.919834136962891 24.97531127929688
1.00108 1.0003 0.641156 0.0885859 0.0499276 0.0386583 0.00196095 1.45085e-05 1.17748e-06 0.000286472 0 12.56317806243896 9.952983856201172 24.96378135681152
1.00112 1.00023 0.641078 0.0883518 0.049922 0.0384298 0.00177943 1.56054e-05 7.36805e-07 0.000271006 0 12.56366348266602 9.985386848449707 24.96098899841309
1.00108 1.00021 0.641094 0.0881503 0.0499472 0.0382031 0.0025819 1.46876e-05 5.88195e-07 0.000329138 0 12.5632495880127 10.0180139541626 24.97359085083008
1.00107 1.00025 0.641135 0.0879554 0.0499728 0.0379825 0.00221913 1.43002e-05 8.53333e-07 0.000275314 0 12.56307220458984 10.04976940155029 24.98640441894531
1.00107 1.00022 0.641112 0.087664 0.0499012 0.0377628 0.00207302 1.44084e-05 6.60144e-07 0.000328933 0 12.56310653686523 10.08138751983643 24.95060157775879
1.00095 1.00022 0.641229 0.0874404 0.0498981 0.0375423 0.00240155 1.13386e-05 6.71712e-07 0.000259803 0 12.56158638000488 10.11388492584229 24.94905471801758
1.00101 1.00023 0.641173 0.087204 0.0498581 0.0373459 0.00208626 1.28393e-05 6.94189e-07 0.000222736 0 12.56236457824707 10.14199447631836 24.92905807495117
1.00101 1.00025 0.641187 0.0869763 0.0498374 0.0371389 0.00205546 1.28656e-05 8.42792e-07 0.000217124 0 12.56238174438477 10.17202758789062 24.91869354248047
1.00097 1.00027 0.641239 0.0867662 0.0498329 0.0369333 0.00241013 1.1792e-05 9.57564e-07 0.000223395 0 12.56184959411621 10.20220279693604 24.91646766662598
1.00097 1.00028 0.641247 0.0865587 0.0498298 0.0367289 0.00222134 1.17711e-05 1.03705e-06 0.000308599 0 12.56182479858398 10.23204040527344 24.91489791870117
1.00098 1.00029 0.641243 0.0863414 0.0498133 0.0365281 0.00197175 1.19834e-05 1.09204e-06 0.000225215 0 12.56192779541016 10.26139354705811 24.90666007995605
1.00096 1.0003 0.641273 0.0861371 0.0498079 0.0363292 0.00217671 1.14624e-05 1.20842e-06 0.000246043 0 12.56166553497314 10.29071235656738 24.90397262573242
1.00089 1.00034 0.64136 0.085927 0.0497934 0.0361336 0.00193257 1.00278e-05 1.57833e-06 0.000268739 0 12.56089401245117 10.31985855102539 24.89672088623047
1.00094 1.0003 0.641289 0.0857579 0.0498135 0.0359444 0.00176171 1.10788e-05 1.21547e-06 0.000236749 0 12.56145095825195 10.34753513336182 24.90670585632324
1.00091 1.00032 0.64133 0.0855461 0.0497968 0.0357493 0.00175835 1.04315e-05 1.40255e-06 0.000260425 0 12.56112003326416 10.37654590606689 24.89838027954102
1.0009 1.00035 0.641353 0.0853801 0.0498221 0.035558 0.00160857 1.02342e-05 1.61089e-06 0.000281077 0 12.56099987030029 10.40497875213623 24.91103744506836
1.0009 1.00034 0.64135 0.0852067 0.0498421 0.0353645 0.00152292 1.02201e-05 1.55724e-06 0.000272033 0 12.56099128723145 10.43376350402832 24.92108917236328
1.00087 1.00033 0.641374 0.0849253 0.0497523 0.035173 0.00178464 9.45278e-06 1.41998e-06 0.000337495 0 12.56056308746338 10.46253871917725 24.87615966796875
1.00083 1.00037 0.641444 0.0847235 0.0497409 0.0349826 0.0016988 8.56077e-06 1.85019e-06 0.000308266 0 12.56003093719482 10.49120903015137 24.87040710449219
1.0008 1.00038 0.641474 0.0845171 0.0497221 0.034795 0.00171528 8.07837e-06 1.96964e-06 0.000310121 0 12.55973815917969 10.5194845199585 24.86103630065918
1.00081 1.00041 0.64149 0.084348 0.0497337 0.0346143 0.00162569 8.13821e-06 2.29243e-06 0.000251996 0 12.55977153778076 10.54665660858154 24.86687278747559
1.00081 1.00037 0.641459 0.0841522 0.0497231 0.0344291 0.00162357 8.27239e-06 1.88047e-06 0.00031206 0 12.5598669052124 10.57453060150146 24.86154365539551
1.00078 1.0004 0.64151 0.0839217 0.0496798 0.0342419 0.00168996 7.57468e-06 2.16122e-06 0.00037285 0 12.55942344665527 10.60304164886475 24.83992385864258
1.00076 1.00036 0.6415 0.0837897 0.0497357 0.034054 0.00173837 7.275e-06 1.75862e-06 0.000322192 0 12.55924129486084 10.63158512115479 24.8678150177002
1.00075 1.00041 0.641538 0.0835547 0.049687 0.0338677 0.00176088 7.12412e-06 2.24844e-06 0.000384897 0 12.55911827087402 10.65996170043945 24.84347915649414
1.00075 1.0004 0.64154 0.0834354 0.0497517 0.0336837 0.00178628 6.99879e-06 2.18307e-06 0.00029616 0 12.55905437469482 10.68805027008057 24.87584686279297
1.00073 1.00044 0.641585 0.0831835 0.0496809 0.0335026 0.00154708 6.61963e-06 2.62505e-06 0.000340905 0 12.55878734588623 10.71585369110107 24.84042549133301
1.00072 1.00042 0.641582 0.0829451 0.0496227 0.0333223 0.00193496 6.46179e-06 2.42162e-06 0.000442298 0 12.55869388580322 10.74349689483643 24.81136703491211
1.00067 1.00047 0.641657 0.0827319 0.0495891 0.0331428 0.00156027 5.61978e-06 2.95627e-06 0.000487383 0 12.55805778503418 10.77135372161865 24.79457473754883
1.00068 1.00046 0.641644 0.0825827 0.0496197 0.0329631 0.00148162 5.74449e-06 2.83111e-06 0.000433687 0 12.55816555023193 10.79899883270264 24.80985450744629
1.00067 1.00047 0.641657 0.0824037 0.0496231 0.0327806 0.00148655 5.57947e-06 2.9176e-06 0.000406353 0 12.55802917480469 10.82724857330322 24.81154251098633
1.00066 1.00046 0.641659 0.0821911 0.0495928 0.0325983 0.00170104 5.48114e-06 2.83538e-06 0.000384599 0 12.55797290802002 10.8555269241333 24.79640007019043
1.00063 1.00047 0.641696 0.0819546 0.0495311 0.0324235 0.00196761 4.93749e-06 2.92127e-06 0.000415926 0 12.557541847229 10.88286304473877 24.76556015014648
1.00059 1.0005 0.641758 0.0818473 0.0495973 0.03225 0.00176197 4.32579e-06 3.40732e-06 0.00035185 0 12.55703449249268 10.91008758544922 24.79863357543945
1.0006 1.0005 0.641741 0.0815849 0.0495058 0.0320791 0.00195986 4.56834e-06 3.3693e-06 0.000607589 0 12.55724143981934 10.93673038482666 24.75294494628906
1.00058 1.00051 0.641772 0.0815518 0.0496453 0.0319065 0.00168919 4.22528e-06 3.5497e-06 0.000461806 0 12.55693817138672 10.96385383605957 24.82262229919434
1.00053 1.00051 0.641818 0.0813018 0.049563 0.0317388 0.00176794 3.54223e-06 3.53705e-06 0.000585853 0 12.55633449554443 10.99043083190918 24.78148078918457
1.00054 1.00052 0.641808 0.0812287 0.0496573 0.0315713 0.00205146 3.70296e-06 3.56735e-06 0.00057109 0 12.55650424957275 11.01674938201904 24.82869911193848
1.00054 1.00054 0.64183 0.0809407 0.0495377 0.0314029 0.00181787 3.62792e-06 3.92732e-06 0.000647108 0 12.55641460418701 11.04338073730469 24.76885795593262
1.00054 1.00053 0.641824 0.0807484 0.0495119 0.0312365 0.00168057 3.60047e-06 3.75101e-06 0.000462665 0 12.55638885498047 11.0697135925293 24.75590896606445
1.00048 1.00052 0.641869 0.0805253 0.0494536 0.0310717 0.00272781 2.89009e-06 3.56059e-06 0.000674537 0 12.55569076538086 11.09613800048828 24.72676086425781
1.00047 1.00063 0.641953 0.08042 0.0495062 0.0309138 0.00213843 2.74367e-06 5.28422e-06 0.000476257 0 12.55553531646729 11.12132740020752 24.75310707092285
1.00049 1.00056 0.641886 0.0801934 0.0494364 0.0307569 0.00192263 3.06493e-06 4.27218e-06 0.000660961 0 12.55587768554688 11.14622116088867 24.71819114685059
1.00047 1.00055 0.641908 0.0800356 0.0494356 0.0305999 0.0019256 2.71749e-06 4.13093e-06 0.000696216 0 12.55550765991211 11.17147731781006 24.71783638000488
1.00045 1.00056 0.641932 0.0799445 0.0495016 0.0304429 0.00171205 2.50821e-06 4.27731e-06 0.000521144 0 12.55530166625977 11.19673538208008 24.75078392028809
1.00042 1.00057 0.64196 0.0797978 0.0495113 0.0302865 0.00174202 2.21444e-06 4.32909e-06 0.000466274 0 12.55495643615723 11.22202587127686 24.75565147399902
1.00039 1.00058 0.641996 0.0794903 0.049356 0.0301342 0.00183818 1.94591e-06 4.57804e-06 0.000488978 0 12.55461502075195 11.24667167663574 24.67802238464355
1.00038 1.00063 0.642042 0.0792968 0.0493141 0.0299827 0.00179761 1.78849e-06 5.35868e-06 0.000401768 0 12.55442905426025 11.27122783660889 24.65704154968262
1.00037 1.0006 0.642029 0.0790776 0.049246 0.0298316 0.00158053 1.73168e-06 4.87302e-06 0.000405699 0 12.55433177947998 11.29574966430664 24.62296104431152
1.00038 1.0006 0.642016 0.0789422 0.0492614 0.0296808 0.00154788 1.84073e-06 4.83114e-06 0.000345668 0 12.55447864532471 11.3201789855957 24.63069915771484
1.00036 1.00062 0.642053 0.0787504 0.0492193 0.0295311 0.00144743 1.6247e-06 5.19289e-06 0.000413464 0 12.55417633056641 11.3446683883667 24.60963821411133
1.00035 1.00064 0.642079 0.0786435 0.0492648 0.0293786 0.00158798 1.49889e-06 5.53629e-06 0.000353715 0 12.55400085449219 11.36960887908936 24.63242149353027
1.00029 1.00064 0.642127 0.0783932 0.0491678 0.0292254 0.00191273 1.07626e-06 5.46174e-06 0.000599436 0 12.55334854125977 11.3949670791626 24.58391952514648
1.00031 1.00065 0.642124 0.0782544 0.0491775 0.029077 0.00170865 1.16813e-06 5.67418e-06 0.000478602 0 12.55349636077881 11.41925239562988 24.58870887756348
1.00031 1.00064 0.642108 0.0780787 0.0491476 0.0289311 0.00162832 1.23679e-06 5.48501e-06 0.000497194 0 12.55361175537109 11.44318866729736 24.57378005981445
1.0003 1.00067 0.642143 0.0779513 0.0491649 0.0287864 0.00166145 1.10087e-06 5.96398e-06 0.000580452 0 12.55338668823242 11.46711254119873 24.58246231079102
1.00026 1.00069 0.642188 0.0778345 0.0491906 0.0286439 0.00165728 8.6484e-07 6.32243e-06 0.000564883 0 12.55295944213867 11.49084854125977 24.59532928466797
1.00027 1.0007 0.642191 0.0776208 0.0491178 0.028503 0.00153263 8.89181e-07 6.51781e-06 0.000611545 0 12.55302333831787 11.51418876647949 24.55892944335938
